price_open,price_high,price_low,price_close,timestamp,date
3.12267e-05,3.12267e-05,3.12267e-05,3.12267e-05,1676046420,2023-02-10T16:27:00
3.91026e-05,3.91026e-05,3.91026e-05,3.91026e-05,1675892100,2023-02-08T21:35:00
3.89523e-05,3.89523e-05,3.89523e-05,3.89523e-05,1673746260,2023-01-15T01:31:00
3.46796e-05,3.46796e-05,3.46796e-05,3.46796e-05,1673500020,2023-01-12T05:07:00
3.02485e-05,3.02485e-05,3.02485e-05,3.02485e-05,1672218060,2022-12-28T09:01:00
3.10339e-05,3.10339e-05,3.10339e-05,3.10339e-05,1671534840,2022-12-20T11:14:00
3.55226e-05,3.55226e-05,3.55226e-05,3.55226e-05,1664878140,2022-10-04T10:09:00
3.5374e-05,3.5374e-05,3.5374e-05,3.5374e-05,1664153340,2022-09-26T00:49:00
4.13279e-05,4.13279e-05,4.13279e-05,4.13279e-05,1663341660,2022-09-16T15:21:00
4.42943e-05,4.42943e-05,4.42943e-05,4.42943e-05,1663324740,2022-09-16T10:39:00
4.62986e-05,4.62986e-05,4.62986e-05,4.62986e-05,1663304340,2022-09-16T04:59:00
5.02711e-05,5.02711e-05,5.02711e-05,5.02711e-05,1663249380,2022-09-15T13:43:00
4.94889e-05,4.94889e-05,4.94889e-05,4.94889e-05,1663232940,2022-09-15T09:09:00
5.27352e-05,5.27352e-05,5.27352e-05,5.27352e-05,1662894060,2022-09-11T11:01:00
5.32396e-05,5.32396e-05,5.32396e-05,5.32396e-05,1662621120,2022-09-08T07:12:00
6.28265e-05,6.28265e-05,6.28265e-05,6.28265e-05,1661227080,2022-08-23T03:58:00
8.1318e-05,8.1318e-05,8.1318e-05,8.1318e-05,1660673700,2022-08-16T18:15:00
8.29684e-05,8.29684e-05,8.29684e-05,8.29684e-05,1660556160,2022-08-15T09:36:00
8.6777e-05,8.6777e-05,8.6777e-05,8.6777e-05,1660355460,2022-08-13T01:51:00
7.71906e-05,7.71906e-05,7.71906e-05,7.71906e-05,1659816540,2022-08-06T20:09:00
7.72402e-05,7.72402e-05,7.72402e-05,7.72402e-05,1659654060,2022-08-04T23:01:00
8.39861e-05,8.39861e-05,8.39861e-05,8.39861e-05,1659563340,2022-08-03T21:49:00
7.798e-05,7.798e-05,7.798e-05,7.798e-05,1659542220,2022-08-03T15:57:00
7.66508e-05,7.66508e-05,7.66508e-05,7.66508e-05,1659321420,2022-08-01T02:37:00
7.40341e-05,7.40341e-05,7.40341e-05,7.40341e-05,1659087660,2022-07-29T09:41:00
7.46509e-05,7.46509e-05,7.46509e-05,7.46509e-05,1659061620,2022-07-29T02:27:00
7.12196e-05,7.12196e-05,7.12196e-05,7.12196e-05,1658999220,2022-07-28T09:07:00
6.8939e-05,6.8939e-05,6.8939e-05,6.8939e-05,1658909940,2022-07-27T08:19:00
5.71835e-05,5.71835e-05,5.71835e-05,5.71835e-05,1658635200,2022-07-24T04:00:00
5.84695e-05,5.84695e-05,5.84695e-05,5.84695e-05,1658511540,2022-07-22T17:39:00
4.72848e-05,4.72848e-05,4.72848e-05,4.72848e-05,1657324320,2022-07-08T23:52:00
3.91372e-05,3.91372e-05,3.91372e-05,3.91372e-05,1656556020,2022-06-30T02:27:00
4.53562e-05,4.53562e-05,4.53562e-05,4.53562e-05,1656373680,2022-06-27T23:48:00
5.17073e-05,5.17073e-05,5.17073e-05,5.17073e-05,1656292080,2022-06-27T01:08:00
5.18621e-05,5.18621e-05,5.18621e-05,5.18621e-05,1656285780,2022-06-26T23:23:00
5.79471e-05,5.79471e-05,5.79471e-05,5.79471e-05,1656283320,2022-06-26T22:42:00
6.32707e-05,6.32707e-05,6.32707e-05,6.32707e-05,1656086520,2022-06-24T16:02:00
6.22591e-05,6.22591e-05,6.22591e-05,6.22591e-05,1656086340,2022-06-24T15:59:00
6.76875e-05,6.76875e-05,6.76875e-05,6.76875e-05,1656037740,2022-06-24T02:29:00
7.33583e-05,7.33583e-05,7.33583e-05,7.33583e-05,1656004860,2022-06-23T17:21:00
7.44165e-05,7.44165e-05,7.44165e-05,7.44165e-05,1655957580,2022-06-23T04:13:00
7.18563e-05,7.18563e-05,7.18563e-05,7.18563e-05,1655934120,2022-06-22T21:42:00
7.10058e-05,7.10058e-05,7.10058e-05,7.10058e-05,1655934000,2022-06-22T21:40:00
7.34914e-05,7.34914e-05,7.34914e-05,7.34914e-05,1655909580,2022-06-22T14:53:00
7.22472e-05,7.22472e-05,7.22472e-05,7.22472e-05,1655909520,2022-06-22T14:52:00
7.12065e-05,7.12065e-05,7.12065e-05,7.12065e-05,1655872800,2022-06-22T04:40:00
7.5085e-05,7.5085e-05,7.5085e-05,7.5085e-05,1655872200,2022-06-22T04:30:00
8.4705e-05,8.4705e-05,8.4705e-05,8.4705e-05,1655871960,2022-06-22T04:26:00
8.61077e-05,8.61077e-05,8.61077e-05,8.61077e-05,1655649900,2022-06-19T14:45:00
8.42735e-05,8.42735e-05,8.42735e-05,8.42735e-05,1655649480,2022-06-19T14:38:00
9.55614e-05,9.55614e-05,9.55614e-05,9.55614e-05,1655579820,2022-06-18T19:17:00
0.000121898,0.000121898,0.000121898,0.000121898,1655578560,2022-06-18T18:56:00
0.00011951,0.00011951,0.00011951,0.00011951,1655578380,2022-06-18T18:53:00
0.000116516,0.000116516,0.000116516,0.000116516,1655578320,2022-06-18T18:52:00
0.000122736,0.000122736,0.000122736,0.000122736,1655543640,2022-06-18T09:14:00
0.000134145,0.000134145,0.000134145,0.000134145,1655464920,2022-06-17T11:22:00
0.000130161,0.000130161,0.000130161,0.000130161,1655433840,2022-06-17T02:44:00
0.000122549,0.000122549,0.000122549,0.000122549,1655403540,2022-06-16T18:19:00
0.000135431,0.000135431,0.000135431,0.000135431,1655394600,2022-06-16T15:50:00
0.000144886,0.000144886,0.000144886,0.000144886,1655358960,2022-06-16T05:56:00
0.000118403,0.000118403,0.000118403,0.000118403,1655157840,2022-06-13T22:04:00
0.00010091,0.00010091,0.00010091,0.00010091,1655157180,2022-06-13T21:53:00
7.00573e-05,7.97036e-05,7.00573e-05,7.97036e-05,1655155080,2022-06-13T21:18:00
5.63318e-05,5.63318e-05,5.63318e-05,5.63318e-05,1655085120,2022-06-13T01:52:00
6.35572e-05,6.35572e-05,6.35572e-05,6.35572e-05,1654995120,2022-06-12T00:52:00
6.26717e-05,6.26717e-05,6.26717e-05,6.26717e-05,1654973520,2022-06-11T18:52:00
0.000102447,0.000102447,0.000102447,0.000102447,1654973340,2022-06-11T18:49:00
0.000145651,0.000145651,0.000145651,0.000145651,1654923180,2022-06-11T04:53:00
0.000136285,0.000136285,0.000136285,0.000136285,1654878300,2022-06-10T16:25:00
0.00015593,0.00015593,0.00015593,0.00015593,1654872840,2022-06-10T14:54:00
0.000211356,0.000211356,0.000211356,0.000211356,1654846320,2022-06-10T07:32:00
0.000252213,0.000252213,0.000252213,0.000252213,1654730340,2022-06-08T23:19:00
0.00022913,0.00022913,0.00022913,0.00022913,1654728960,2022-06-08T22:56:00
0.000231106,0.000231106,0.000231106,0.000231106,1654708200,2022-06-08T17:10:00
0.00027181,0.00027181,0.00027181,0.00027181,1654662120,2022-06-08T04:22:00
0.000262897,0.000262897,0.000262897,0.000262897,1654606560,2022-06-07T12:56:00
0.000277534,0.000277534,0.000277534,0.000277534,1654555140,2022-06-06T22:39:00
0.000294228,0.000294228,0.000294228,0.000294228,1654541520,2022-06-06T18:52:00
0.000296458,0.000296458,0.000296458,0.000296458,1654453980,2022-06-05T18:33:00
0.000280542,0.000280542,0.000280542,0.000280542,1654287120,2022-06-03T20:12:00
0.000287687,0.000287687,0.000287687,0.000287687,1654123980,2022-06-01T22:53:00
0.000310765,0.000310765,0.000310765,0.000310765,1654099020,2022-06-01T15:57:00
0.000376429,0.000376429,0.000376429,0.000376429,1654091340,2022-06-01T13:49:00
0.000385594,0.000385594,0.000385594,0.000385594,1654070100,2022-06-01T07:55:00
0.000267279,0.000267279,0.000267279,0.000267279,1654069500,2022-06-01T07:45:00
0.000220119,0.000220119,0.000220119,0.000220119,1654066740,2022-06-01T06:59:00
0.000250593,0.000250593,0.000250593,0.000250593,1654011780,2022-05-31T15:43:00
0.000271426,0.000271426,0.000271426,0.000271426,1654011720,2022-05-31T15:42:00
0.000286101,0.000286101,0.000286101,0.000286101,1654003800,2022-05-31T13:30:00
0.000302054,0.000302054,0.000302054,0.000302054,1653991920,2022-05-31T10:12:00
0.000301779,0.000301779,0.000301779,0.000301779,1653989520,2022-05-31T09:32:00
9.91797e-05,9.91797e-05,9.91797e-05,9.91797e-05,1653864960,2022-05-29T22:56:00
0.000100672,0.000100672,0.000100672,0.000100672,1653353700,2022-05-24T00:55:00
9.95259e-05,9.95259e-05,9.95259e-05,9.95259e-05,1653151560,2022-05-21T16:46:00
0.000106981,0.000106981,0.000106981,0.000106981,1652729160,2022-05-16T19:26:00
0.000118155,0.000118155,0.000118155,0.000118155,1652567340,2022-05-14T22:29:00
0.000126292,0.000126292,0.000126292,0.000126292,1652383860,2022-05-12T19:31:00
0.000168756,0.000168756,0.000168756,0.000168756,1651948920,2022-05-07T18:42:00
0.000174017,0.000174017,0.000174017,0.000174017,1651300320,2022-04-30T06:32:00
0.000190857,0.000190857,0.000190857,0.000190857,1651256580,2022-04-29T18:23:00
0.000201574,0.000201574,0.000201574,0.000201574,1651159860,2022-04-28T15:31:00
0.000176972,0.000176972,0.000176972,0.000176972,1651056780,2022-04-27T10:53:00
0.000164443,0.000164443,0.000164443,0.000164443,1651055400,2022-04-27T10:30:00
0.000171111,0.000171111,0.000171111,0.000171111,1650978120,2022-04-26T13:02:00
0.000176323,0.000176323,0.000176323,0.000176323,1650899700,2022-04-25T15:15:00
0.000183901,0.000183901,0.000183901,0.000183901,1650686700,2022-04-23T04:05:00
0.000174067,0.000174067,0.000174067,0.000174067,1650677340,2022-04-23T01:29:00
0.000174423,0.000174423,0.000174423,0.000174423,1650640920,2022-04-22T15:22:00
0.000190889,0.000190889,0.000190889,0.000190889,1650453180,2022-04-20T11:13:00
0.000179908,0.000179908,0.000179908,0.000179908,1650452040,2022-04-20T10:54:00
0.000153019,0.000153019,0.000153019,0.000153019,1650326580,2022-04-19T00:03:00
0.000139479,0.000139479,0.000139479,0.000139479,1650324360,2022-04-18T23:26:00
0.000149646,0.000149646,0.000149646,0.000149646,1650285060,2022-04-18T12:31:00
0.000183193,0.000183193,0.000183193,0.000183193,1650268320,2022-04-18T07:52:00
0.000842512,0.000842512,0.000842512,0.000842512,1650217260,2022-04-17T17:41:00
0.000207872,0.000207872,0.000207872,0.000207872,1649996340,2022-04-15T04:19:00
0.000219526,0.000219526,0.000219526,0.000219526,1649907960,2022-04-14T03:46:00
0.000208602,0.000208602,0.000208602,0.000208602,1649844060,2022-04-13T10:01:00
0.000200315,0.000200315,0.000200315,0.000200315,1649838480,2022-04-13T08:28:00
0.00020943,0.00020943,0.00020943,0.00020943,1649685960,2022-04-11T14:06:00
0.000229345,0.000229345,0.000229345,0.000229345,1649655120,2022-04-11T05:32:00
0.000239013,0.000239013,0.000239013,0.000239013,1649654760,2022-04-11T05:26:00
0.000231892,0.000231892,0.000231892,0.000231892,1649654580,2022-04-11T05:23:00
0.000227025,0.000227025,0.000227025,0.000227025,1649639280,2022-04-11T01:08:00
0.000237204,0.000237204,0.000237204,0.000237204,1649576700,2022-04-10T07:45:00
0.000247867,0.000247867,0.000247867,0.000247867,1649500560,2022-04-09T10:36:00
0.000263012,0.000263012,0.000263012,0.000263012,1649123880,2022-04-05T01:58:00
0.000265178,0.000265178,0.000265178,0.000265178,1649097180,2022-04-04T18:33:00
0.000294405,0.000294405,0.000294405,0.000294405,1649078100,2022-04-04T13:15:00
0.000269651,0.000269651,0.000269651,0.000269651,1649055900,2022-04-04T07:05:00
0.000244471,0.000244471,0.000244471,0.000244471,1649026920,2022-04-03T23:02:00
0.000253756,0.000253756,0.000253756,0.000253756,1649010000,2022-04-03T18:20:00
0.000264295,0.000264295,0.000264295,0.000264295,1648901100,2022-04-02T12:05:00
0.000269768,0.000269768,0.000269768,0.000269768,1648859040,2022-04-02T00:24:00
0.000272437,0.000272437,0.000272437,0.000272437,1648792920,2022-04-01T06:02:00
0.000303847,0.000303847,0.000303847,0.000303847,1648709880,2022-03-31T06:58:00
0.000285587,0.000285587,0.000285587,0.000285587,1648675860,2022-03-30T21:31:00
0.000254194,0.000254194,0.000254194,0.000254194,1648602780,2022-03-30T01:13:00
0.000262321,0.000262321,0.000262321,0.000262321,1648593120,2022-03-29T22:32:00
0.000279139,0.000279139,0.000279139,0.000279139,1648538220,2022-03-29T07:17:00
0.000306876,0.000306876,0.000306876,0.000306876,1648538040,2022-03-29T07:14:00
0.000281782,0.000281782,0.000281782,0.000281782,1648537980,2022-03-29T07:13:00
0.000252033,0.000252033,0.000252033,0.000252033,1648536840,2022-03-29T06:54:00
0.000255055,0.000255055,0.000255055,0.000255055,1648407360,2022-03-27T18:56:00
0.000265075,0.000265075,0.000265075,0.000265075,1648403940,2022-03-27T17:59:00
0.000259767,0.000259767,0.000259767,0.000259767,1648377960,2022-03-27T10:46:00
0.000261632,0.000261632,0.000261632,0.000261632,1648375740,2022-03-27T10:09:00
0.000269571,0.000269571,0.000269571,0.000269571,1648374960,2022-03-27T09:56:00
0.000289725,0.000289725,0.000289725,0.000289725,1648342740,2022-03-27T00:59:00
0.000291554,0.000291554,0.000291554,0.000291554,1648294320,2022-03-26T11:32:00
0.000239057,0.000239057,0.000239057,0.000239057,1648283160,2022-03-26T08:26:00
0.000209632,0.000209632,0.000209632,0.000209632,1648211520,2022-03-25T12:32:00
0.000226187,0.000226187,0.000226187,0.000226187,1648170360,2022-03-25T01:06:00
0.000235409,0.000235409,0.000235409,0.000235409,1648034580,2022-03-23T11:23:00
0.000235508,0.000235508,0.000235508,0.000235508,1648012200,2022-03-23T05:10:00
0.000234069,0.000234069,0.000234069,0.000234069,1648002420,2022-03-23T02:27:00
0.000263675,0.000263675,0.000263675,0.000263675,1647975960,2022-03-22T19:06:00
0.000302829,0.000302829,0.000302829,0.000302829,1647935460,2022-03-22T07:51:00
0.000310721,0.000310721,0.000310721,0.000310721,1647930540,2022-03-22T06:29:00
0.000328156,0.000328156,0.000328156,0.000328156,1647927720,2022-03-22T05:42:00
0.000297688,0.000297688,0.000297688,0.000297688,1647922320,2022-03-22T04:12:00
0.000254999,0.000254999,0.000254999,0.000254999,1647898560,2022-03-21T21:36:00
0.000240945,0.000240945,0.000240945,0.000240945,1647879780,2022-03-21T16:23:00
0.000208298,0.000208298,0.000208298,0.000208298,1647847980,2022-03-21T07:33:00
0.000219371,0.000219371,0.000219371,0.000219371,1647845880,2022-03-21T06:58:00
0.000184343,0.000184343,0.000184343,0.000184343,1647836220,2022-03-21T04:17:00
0.000178153,0.000178153,0.000178153,0.000178153,1647835800,2022-03-21T04:10:00
0.000188483,0.000188483,0.000188483,0.000188483,1647815460,2022-03-20T22:31:00
0.000194406,0.000194406,0.000194406,0.000194406,1647788700,2022-03-20T15:05:00
0.000192453,0.000192453,0.000192453,0.000192453,1647783240,2022-03-20T13:34:00
0.000208762,0.000208762,0.000208762,0.000208762,1647782220,2022-03-20T13:17:00
0.000240937,0.000240937,0.000240937,0.000240937,1647766200,2022-03-20T08:50:00
0.000243691,0.000243691,0.000243691,0.000243691,1647763260,2022-03-20T08:01:00
0.000250981,0.000250981,0.000250981,0.000250981,1647762060,2022-03-20T07:41:00
0.000257773,0.000257773,0.000257773,0.000257773,1647754380,2022-03-20T05:33:00
0.00026564,0.00026564,0.00026564,0.00026564,1647710220,2022-03-19T17:17:00
0.00026916,0.00026916,0.00026916,0.00026916,1647698400,2022-03-19T14:00:00
0.000283033,0.000283033,0.000283033,0.000283033,1647679140,2022-03-19T08:39:00
0.000294625,0.000294625,0.000294625,0.000294625,1647670200,2022-03-19T06:10:00
0.000277434,0.000277434,0.000277434,0.000277434,1647662520,2022-03-19T04:02:00
0.000264807,0.000264807,0.000264807,0.000264807,1647661740,2022-03-19T03:49:00
0.000268768,0.000268768,0.000268768,0.000268768,1647661620,2022-03-19T03:47:00
0.000280982,0.000280982,0.000280982,0.000280982,1647654180,2022-03-19T01:43:00
0.000263565,0.000263565,0.000263565,0.000263565,1647567300,2022-03-18T01:35:00
0.000261994,0.000261994,0.000261994,0.000261994,1647566700,2022-03-18T01:25:00
0.000295118,0.000295118,0.000295118,0.000295118,1647535260,2022-03-17T16:41:00
0.00030409,0.00030409,0.00030409,0.00030409,1647524160,2022-03-17T13:36:00
0.000275881,0.000275881,0.000275881,0.000275881,1647496620,2022-03-17T05:57:00
0.000270432,0.000270432,0.000270432,0.000270432,1647490320,2022-03-17T04:12:00
0.000281639,0.000281639,0.000281639,0.000281639,1647485760,2022-03-17T02:56:00
0.000296073,0.000296073,0.000296073,0.000296073,1647479580,2022-03-17T01:13:00
0.000323382,0.000323382,0.000323382,0.000323382,1647420300,2022-03-16T08:45:00
0.00034736,0.00034736,0.00034736,0.00034736,1647407100,2022-03-16T05:05:00
0.000337409,0.000337409,0.000337409,0.000337409,1647402960,2022-03-16T03:56:00
0.000299983,0.000299983,0.000299983,0.000299983,1647400500,2022-03-16T03:15:00
0.000252231,0.000252231,0.000252231,0.000252231,1647384420,2022-03-15T22:47:00
0.000231588,0.000231588,0.000231588,0.000231588,1647371820,2022-03-15T19:17:00
0.000238301,0.000238301,0.000238301,0.000238301,1647364680,2022-03-15T17:18:00
0.000228401,0.000228401,0.000228401,0.000228401,1647348660,2022-03-15T12:51:00
0.000206797,0.000206797,0.000206797,0.000206797,1647273000,2022-03-14T15:50:00
0.00019036,0.00019036,0.00019036,0.00019036,1647190380,2022-03-13T16:53:00
0.000178191,0.000178191,0.000178191,0.000178191,1647184980,2022-03-13T15:23:00
0.00019571,0.00019571,0.00019571,0.00019571,1647164880,2022-03-13T09:48:00
0.000214127,0.000214127,0.000214127,0.000214127,1647124800,2022-03-12T22:40:00
0.000204594,0.000204594,0.000204594,0.000204594,1647015060,2022-03-11T16:11:00
0.000194773,0.000194773,0.000194773,0.000194773,1647012240,2022-03-11T15:24:00
0.000207074,0.000207074,0.000207074,0.000207074,1647005880,2022-03-11T13:38:00
0.000214119,0.000214119,0.000214119,0.000214119,1646997600,2022-03-11T11:20:00
0.00022633,0.00022633,0.00022633,0.00022633,1646808060,2022-03-09T06:41:00
0.000226059,0.000226059,0.000226059,0.000226059,1646583540,2022-03-06T16:19:00
0.000229485,0.000229485,0.000229485,0.000229485,1646574780,2022-03-06T13:53:00
0.000241579,0.000241579,0.000241579,0.000241579,1646535960,2022-03-06T03:06:00
0.00023926,0.00023926,0.00023926,0.00023926,1646503080,2022-03-05T17:58:00
0.000224486,0.000224486,0.000224486,0.000224486,1646494380,2022-03-05T15:33:00
0.000220275,0.000220275,0.000220275,0.000220275,1646491500,2022-03-05T14:45:00
0.000182858,0.000182858,0.000182858,0.000182858,1646487180,2022-03-05T13:33:00
0.000156472,0.000156472,0.000156472,0.000156472,1646485560,2022-03-05T13:06:00
0.000176709,0.000176709,0.000176709,0.000176709,1646476800,2022-03-05T10:40:00
0.000199536,0.000199536,0.000199536,0.000199536,1646455380,2022-03-05T04:43:00
0.000199345,0.000199345,0.000199345,0.000199345,1646449620,2022-03-05T03:07:00
0.000187217,0.000187217,0.000187217,0.000187217,1646429160,2022-03-04T21:26:00
0.000170889,0.000170889,0.000170889,0.000170889,1646425860,2022-03-04T20:31:00
0.000174028,0.000174028,0.000174028,0.000174028,1646418000,2022-03-04T18:20:00
0.000203839,0.000203839,0.000203839,0.000203839,1646414040,2022-03-04T17:14:00
0.000241611,0.000241611,0.000241611,0.000241611,1646364720,2022-03-04T03:32:00
0.000231561,0.000231561,0.000231561,0.000231561,1646343360,2022-03-03T21:36:00
0.000217765,0.000217765,0.000217765,0.000217765,1646283900,2022-03-03T05:05:00
0.000225665,0.000225665,0.000225665,0.000225665,1646128440,2022-03-01T09:54:00
0.000247375,0.000247375,0.000247375,0.000247375,1646121120,2022-03-01T07:52:00
0.000258016,0.000258016,0.000258016,0.000258016,1646076780,2022-02-28T19:33:00
0.000258666,0.000258666,0.000258666,0.000258666,1645936500,2022-02-27T04:35:00
0.000274172,0.000274172,0.000274172,0.000274172,1645907880,2022-02-26T20:38:00
0.000264178,0.000264178,0.000264178,0.000264178,1645901520,2022-02-26T18:52:00
0.000249253,0.000249253,0.000249253,0.000249253,1645860480,2022-02-26T07:28:00
0.000242371,0.000242371,0.000242371,0.000242371,1645797300,2022-02-25T13:55:00
0.000223896,0.000223896,0.000223896,0.000223896,1645724280,2022-02-24T17:38:00
0.000236112,0.000236112,0.000236112,0.000236112,1645627500,2022-02-23T14:45:00
0.000219612,0.000219612,0.000219612,0.000219612,1645617180,2022-02-23T11:53:00
0.000224385,0.000224385,0.000224385,0.000224385,1645521600,2022-02-22T09:20:00
0.00021741,0.00021741,0.00021741,0.00021741,1645517820,2022-02-22T08:17:00
0.000194753,0.000194753,0.000194753,0.000194753,1645504440,2022-02-22T04:34:00
0.00020215,0.00020215,0.00020215,0.00020215,1645499340,2022-02-22T03:09:00
0.000209558,0.000209558,0.000209558,0.000209558,1645400940,2022-02-20T23:49:00
0.000206622,0.000206622,0.000206622,0.000206622,1645314120,2022-02-19T23:42:00
0.000202849,0.000202849,0.000202849,0.000202849,1645232220,2022-02-19T00:57:00
0.000205667,0.000205667,0.000205667,0.000205667,1645231260,2022-02-19T00:41:00
0.000221667,0.000221667,0.000221667,0.000221667,1645217640,2022-02-18T20:54:00
0.000222375,0.000222375,0.000222375,0.000222375,1645152240,2022-02-18T02:44:00
0.000208904,0.000208904,0.000208904,0.000208904,1645095360,2022-02-17T10:56:00
0.000219871,0.000219871,0.000219871,0.000219871,1645022220,2022-02-16T14:37:00
0.000219415,0.000219415,0.000219415,0.000219415,1644938640,2022-02-15T15:24:00
0.000199914,0.000199914,0.000199914,0.000199914,1644893160,2022-02-15T02:46:00
0.000199786,0.000199786,0.000199786,0.000199786,1644876540,2022-02-14T22:09:00
0.0002085,0.0002085,0.0002085,0.0002085,1644849960,2022-02-14T14:46:00
0.000206645,0.000206645,0.000206645,0.000206645,1644804180,2022-02-14T02:03:00
0.000213253,0.000213253,0.000213253,0.000213253,1644799080,2022-02-14T00:38:00
0.000224842,0.000224842,0.000224842,0.000224842,1644773700,2022-02-13T17:35:00
0.000236113,0.000236113,0.000236113,0.000236113,1644731940,2022-02-13T05:59:00
0.000217186,0.000217186,0.000217186,0.000217186,1644666720,2022-02-12T11:52:00
0.000215462,0.000215462,0.000215462,0.000215462,1644658260,2022-02-12T09:31:00
0.000236511,0.000236511,0.000236511,0.000236511,1644565680,2022-02-11T07:48:00
0.000241806,0.000241806,0.000241806,0.000241806,1644562800,2022-02-11T07:00:00
0.00029541,0.00029541,0.00029541,0.00029541,1644511800,2022-02-10T16:50:00
0.00023417,0.00023417,0.00023417,0.00023417,1644494580,2022-02-10T12:03:00
0.000251856,0.000251856,0.000251856,0.000251856,1644480300,2022-02-10T08:05:00
0.000241194,0.000241194,0.000241194,0.000241194,1644480060,2022-02-10T08:01:00
0.000215023,0.000215023,0.000215023,0.000215023,1644340740,2022-02-08T17:19:00
0.000216814,0.000216814,0.000216814,0.000216814,1644214320,2022-02-07T06:12:00
0.000215146,0.000215146,0.000215146,0.000215146,1644207600,2022-02-07T04:20:00
0.000216827,0.000216827,0.000216827,0.000216827,1644201960,2022-02-07T02:46:00
0.000212748,0.000212748,0.000212748,0.000212748,1644199200,2022-02-07T02:00:00
0.000237872,0.000237872,0.000237872,0.000237872,1644132000,2022-02-06T07:20:00
0.000256528,0.000256528,0.000256528,0.000256528,1644124860,2022-02-06T05:21:00
0.000277372,0.000277372,0.000277372,0.000277372,1644064380,2022-02-05T12:33:00
0.000269314,0.000269314,0.000269314,0.000269314,1644061680,2022-02-05T11:48:00
0.000241674,0.000241674,0.000241674,0.000241674,1644056400,2022-02-05T10:20:00
0.000256972,0.000256972,0.000256972,0.000256972,1644017400,2022-02-04T23:30:00
0.000252525,0.000252525,0.000252525,0.000252525,1644010260,2022-02-04T21:31:00
0.000231585,0.000231585,0.000231585,0.000231585,1644003840,2022-02-04T19:44:00
0.000239136,0.000239136,0.000239136,0.000239136,1644003540,2022-02-04T19:39:00
0.00023074,0.00023074,0.00023074,0.00023074,1643992560,2022-02-04T16:36:00
0.000207041,0.000207041,0.000207041,0.000207041,1643982540,2022-02-04T13:49:00
0.000199573,0.000199573,0.000199573,0.000199573,1643869080,2022-02-03T06:18:00
0.000204764,0.000204764,0.000204764,0.000204764,1643866740,2022-02-03T05:39:00
0.000211542,0.000211542,0.000211542,0.000211542,1643828340,2022-02-02T18:59:00
0.000197247,0.000197247,0.000197247,0.000197247,1643803620,2022-02-02T12:07:00
0.00017527,0.00017527,0.00017527,0.00017527,1643800920,2022-02-02T11:22:00
0.000185707,0.000185707,0.000185707,0.000185707,1643782920,2022-02-02T06:22:00
0.00020455,0.00020455,0.00020455,0.00020455,1643743260,2022-02-01T19:21:00
0.000220512,0.000220512,0.000220512,0.000220512,1643719260,2022-02-01T12:41:00
0.000213475,0.000213475,0.000213475,0.000213475,1643630220,2022-01-31T11:57:00
0.000235214,0.000235214,0.000235214,0.000235214,1643623440,2022-01-31T10:04:00
0.000227456,0.000227456,0.000227456,0.000227456,1643618640,2022-01-31T08:44:00
0.000199825,0.000199825,0.000199825,0.000199825,1643611320,2022-01-31T06:42:00
0.000200725,0.000200725,0.000200725,0.000200725,1643531940,2022-01-30T08:39:00
0.000180798,0.000180798,0.000180798,0.000180798,1643511780,2022-01-30T03:03:00
0.000175608,0.000175608,0.000175608,0.000175608,1643500140,2022-01-29T23:49:00
0.000211925,0.000211925,0.000211925,0.000211925,1643491560,2022-01-29T21:26:00
0.000241516,0.000241516,0.000241516,0.000241516,1643486820,2022-01-29T20:07:00
0.000209368,0.000209368,0.000209368,0.000209368,1643423460,2022-01-29T02:31:00
0.000185134,0.000185134,0.000185134,0.000185134,1643414940,2022-01-29T00:09:00
0.000191979,0.000191979,0.000191979,0.000191979,1643405400,2022-01-28T21:30:00
0.000195802,0.000195802,0.000195802,0.000195802,1643400720,2022-01-28T20:12:00
0.000186397,0.000186397,0.000186397,0.000186397,1643262780,2022-01-27T05:53:00
0.000168166,0.000168166,0.000168166,0.000168166,1643255820,2022-01-27T03:57:00
0.000166459,0.000166459,0.000166459,0.000166459,1643137020,2022-01-25T18:57:00
0.000180948,0.000180948,0.000180948,0.000180948,1643122020,2022-01-25T14:47:00
0.000192589,0.000192589,0.000192589,0.000192589,1643075820,2022-01-25T01:57:00
0.000182484,0.000182484,0.000182484,0.000182484,1643052480,2022-01-24T19:28:00
0.000179434,0.000179434,0.000179434,0.000179434,1642993260,2022-01-24T03:01:00
0.000158304,0.000158304,0.000158304,0.000158304,1642931340,2022-01-23T09:49:00
0.000145378,0.000145378,0.000145378,0.000145378,1642901160,2022-01-23T01:26:00
0.000164213,0.000164213,0.000164213,0.000164213,1642895160,2022-01-22T23:46:00
0.000193484,0.000193484,0.000193484,0.000193484,1642853160,2022-01-22T12:06:00
0.000243701,0.000243701,0.000243701,0.000243701,1642842660,2022-01-22T09:11:00
0.000262532,0.000262532,0.000262532,0.000262532,1642835940,2022-01-22T07:19:00
0.000221143,0.000221143,0.000221143,0.000221143,1642815420,2022-01-22T01:37:00
0.00023258,0.00023258,0.00023258,0.00023258,1642754580,2022-01-21T08:43:00
0.000255345,0.000255345,0.000255345,0.000255345,1642679100,2022-01-20T11:45:00
0.000250739,0.000250739,0.000250739,0.000250739,1642672440,2022-01-20T09:54:00
0.000252118,0.000252118,0.000252118,0.000252118,1642659060,2022-01-20T06:11:00
0.000244271,0.000244271,0.000244271,0.000244271,1642646160,2022-01-20T02:36:00
0.000236665,0.000236665,0.000236665,0.000236665,1642645140,2022-01-20T02:19:00
0.000223807,0.000223807,0.000223807,0.000223807,1642641420,2022-01-20T01:17:00
0.000262221,0.000262221,0.000262221,0.000262221,1642641180,2022-01-20T01:13:00
0.000292205,0.000292205,0.000292205,0.000292205,1642640880,2022-01-20T01:08:00
0.000266296,0.000266296,0.000266296,0.000266296,1642640340,2022-01-20T00:59:00
0.000250086,0.000250086,0.000250086,0.000250086,1642635660,2022-01-19T23:41:00
0.000239948,0.000239948,0.000239948,0.000239948,1642621200,2022-01-19T19:40:00
0.00022756,0.00022756,0.00022756,0.00022756,1642620780,2022-01-19T19:33:00
0.000212969,0.000212969,0.000212969,0.000212969,1642602780,2022-01-19T14:33:00
0.000226262,0.000226262,0.000226262,0.000226262,1642584240,2022-01-19T09:24:00
0.000254085,0.000254085,0.000254085,0.000254085,1642574940,2022-01-19T06:49:00
0.000240355,0.000240355,0.000240355,0.000240355,1642570140,2022-01-19T05:29:00
0.000220553,0.000220553,0.000220553,0.000220553,1642537620,2022-01-18T20:27:00
0.000186649,0.000186649,0.000186649,0.000186649,1642493820,2022-01-18T08:17:00
0.000191936,0.000191936,0.000191936,0.000191936,1642468800,2022-01-18T01:20:00
0.000196453,0.000196453,0.000196453,0.000196453,1642451040,2022-01-17T20:24:00
0.000178711,0.000178711,0.000178711,0.000178711,1642450620,2022-01-17T20:17:00
0.000177931,0.000177931,0.000177931,0.000177931,1642443360,2022-01-17T18:16:00
0.000179552,0.000179552,0.000179552,0.000179552,1642421700,2022-01-17T12:15:00
0.000190728,0.000190728,0.000190728,0.000190728,1642393740,2022-01-17T04:29:00
0.000212641,0.000212641,0.000212641,0.000212641,1642313820,2022-01-16T06:17:00
0.00022669,0.00022669,0.00022669,0.00022669,1642313400,2022-01-16T06:10:00
0.000224067,0.000224067,0.000224067,0.000224067,1642283160,2022-01-15T21:46:00
0.000217939,0.000217939,0.000217939,0.000217939,1642219800,2022-01-15T04:10:00
0.000183786,0.000183786,0.000183786,0.000183786,1642103280,2022-01-13T19:48:00
0.000181607,0.000181607,0.000181607,0.000181607,1642037220,2022-01-13T01:27:00
0.000206042,0.000206042,0.000206042,0.000206042,1641881520,2022-01-11T06:12:00
0.000225112,0.000225112,0.000225112,0.000225112,1641791820,2022-01-10T05:17:00
0.000214078,0.000214078,0.000214078,0.000214078,1641721260,2022-01-09T09:41:00
0.000229414,0.000229414,0.000229414,0.000229414,1641709320,2022-01-09T06:22:00
0.000241761,0.000241761,0.000241761,0.000241761,1641701220,2022-01-09T04:07:00
0.000247491,0.000247491,0.000247491,0.000247491,1641689880,2022-01-09T00:58:00
0.000240555,0.000240555,0.000240555,0.000240555,1641685140,2022-01-08T23:39:00
0.000233886,0.000233886,0.000233886,0.000233886,1641678840,2022-01-08T21:54:00
0.000235837,0.000235837,0.000235837,0.000235837,1641644580,2022-01-08T12:23:00
0.000229596,0.000229596,0.000229596,0.000229596,1641623280,2022-01-08T06:28:00
0.000233337,0.000233337,0.000233337,0.000233337,1641607200,2022-01-08T02:00:00
0.000228196,0.000228196,0.000228196,0.000228196,1641536940,2022-01-07T06:29:00
0.000236884,0.000236884,0.000236884,0.000236884,1641464640,2022-01-06T10:24:00
0.00020018,0.00020018,0.00020018,0.00020018,1641463800,2022-01-06T10:10:00
0.000193908,0.000193908,0.000193908,0.000193908,1641462660,2022-01-06T09:51:00
0.000222545,0.000222545,0.000222545,0.000222545,1641448680,2022-01-06T05:58:00
0.000244702,0.000244702,0.000244702,0.000244702,1641388560,2022-01-05T13:16:00
0.000232317,0.000232317,0.000232317,0.000232317,1641387960,2022-01-05T13:06:00
0.000235038,0.000235038,0.000235038,0.000235038,1641375480,2022-01-05T09:38:00
0.000252761,0.000252761,0.000252761,0.000252761,1641360240,2022-01-05T05:24:00
0.0002458,0.0002458,0.0002458,0.0002458,1641351900,2022-01-05T03:05:00
0.000259831,0.000259831,0.000259831,0.000259831,1641287040,2022-01-04T09:04:00
0.000273104,0.000273104,0.000273104,0.000273104,1641282420,2022-01-04T07:47:00
0.000283569,0.000283569,0.000283569,0.000283569,1641268860,2022-01-04T04:01:00
0.000287911,0.000287911,0.000287911,0.000287911,1641260160,2022-01-04T01:36:00
0.00030536,0.00030536,0.00030536,0.00030536,1641247380,2022-01-03T22:03:00
0.000428073,0.000428073,0.000364741,0.000364741,1641244980,2022-01-03T21:23:00
0.000415009,0.000415009,0.000415009,0.000415009,1641244860,2022-01-03T21:21:00
0.000383566,0.000383566,0.000383566,0.000383566,1641244560,2022-01-03T21:16:00
0.000378246,0.000378246,0.000378246,0.000378246,1641243960,2022-01-03T21:06:00
0.000372381,0.000372381,0.000372381,0.000372381,1641243240,2022-01-03T20:54:00
0.000447056,0.000447056,0.000447056,0.000447056,1641240480,2022-01-03T20:08:00
0.000497727,0.000497727,0.000497727,0.000497727,1641240120,2022-01-03T20:02:00
0.000467609,0.000467609,0.000467609,0.000467609,1641240000,2022-01-03T20:00:00
0.000478431,0.000478431,0.000478431,0.000478431,1641239880,2022-01-03T19:58:00
0.000541415,0.000541415,0.000541415,0.000541415,1641239040,2022-01-03T19:44:00
0.000604163,0.000604163,0.000604163,0.000604163,1641238980,2022-01-03T19:43:00
0.0005736,0.0005736,0.0005736,0.0005736,1641237540,2022-01-03T19:19:00
0.000571985,0.000571985,0.000571985,0.000571985,1641237480,2022-01-03T19:18:00
0.000537955,0.000537955,0.000537955,0.000537955,1641237360,2022-01-03T19:16:00
0.00047488,0.00047488,0.00047488,0.00047488,1641237180,2022-01-03T19:13:00
0.000479257,0.000523184,0.000479257,0.000523184,1641236940,2022-01-03T19:09:00
0.000492449,0.000492449,0.000492449,0.000492449,1641236880,2022-01-03T19:08:00
0.00040322,0.00040322,0.00040322,0.00040322,1641236700,2022-01-03T19:05:00
0.000391919,0.000391919,0.000391919,0.000391919,1641232080,2022-01-03T17:48:00
0.000403399,0.000403399,0.000403399,0.000403399,1641231420,2022-01-03T17:37:00
0.000398361,0.000398361,0.000398361,0.000398361,1641229680,2022-01-03T17:08:00
0.000390579,0.000390579,0.000390579,0.000390579,1641226980,2022-01-03T16:23:00
0.000365907,0.000365907,0.000365907,0.000365907,1641226620,2022-01-03T16:17:00
0.000371193,0.000371193,0.000371193,0.000371193,1641225480,2022-01-03T15:58:00
0.000394626,0.000394626,0.000394626,0.000394626,1641223920,2022-01-03T15:32:00
0.00041249,0.00041249,0.00041249,0.00041249,1641220800,2022-01-03T14:40:00
0.000408886,0.000408886,0.000408886,0.000408886,1641220560,2022-01-03T14:36:00
0.000417429,0.000417429,0.000417429,0.000417429,1641219840,2022-01-03T14:24:00
0.000405325,0.000405325,0.000405325,0.000405325,1641218460,2022-01-03T14:01:00
0.000379134,0.000379134,0.000379134,0.000379134,1641215940,2022-01-03T13:19:00
0.000392068,0.000392068,0.000392068,0.000392068,1641214080,2022-01-03T12:48:00
0.000400301,0.000400301,0.000400301,0.000400301,1641213420,2022-01-03T12:37:00
0.000383655,0.000383655,0.000383655,0.000383655,1641211500,2022-01-03T12:05:00
0.000376016,0.000376016,0.000376016,0.000376016,1641210540,2022-01-03T11:49:00
0.000398882,0.000398882,0.000398882,0.000398882,1641210060,2022-01-03T11:41:00
0.00039203,0.00039203,0.00039203,0.00039203,1641204060,2022-01-03T10:01:00
0.000373358,0.000373358,0.000373358,0.000373358,1641178620,2022-01-03T02:57:00
0.000402656,0.000402656,0.000402656,0.000402656,1641178140,2022-01-03T02:49:00
0.0004432,0.0004432,0.0004432,0.0004432,1641169560,2022-01-03T00:26:00
0.000438572,0.000438572,0.000438572,0.000438572,1641160440,2022-01-02T21:54:00
0.000350175,0.000350175,0.000350175,0.000350175,1641159900,2022-01-02T21:45:00
0.000300927,0.000300927,0.000300927,0.000300927,1641132180,2022-01-02T14:03:00
0.000302088,0.000302088,0.000302088,0.000302088,1641120900,2022-01-02T10:55:00
0.0003227,0.0003227,0.0003227,0.0003227,1641112740,2022-01-02T08:39:00
0.000338206,0.000338206,0.000338206,0.000338206,1641109440,2022-01-02T07:44:00
0.000317343,0.000317343,0.000317343,0.000317343,1641106500,2022-01-02T06:55:00
0.000295479,0.000295479,0.000295479,0.000295479,1641099480,2022-01-02T04:58:00
0.000285653,0.000285653,0.000285653,0.000285653,1641095400,2022-01-02T03:50:00
0.000279724,0.000279724,0.000279724,0.000279724,1641094200,2022-01-02T03:30:00
0.000271507,0.000271507,0.000271507,0.000271507,1641093600,2022-01-02T03:20:00
0.000312008,0.000312008,0.000312008,0.000312008,1641082320,2022-01-02T00:12:00
0.000336919,0.000336919,0.000336919,0.000336919,1641069660,2022-01-01T20:41:00
0.000304631,0.000304631,0.000304631,0.000304631,1641058740,2022-01-01T17:39:00
0.00033567,0.00033567,0.00033567,0.00033567,1641058620,2022-01-01T17:37:00
0.000391951,0.000391951,0.000391951,0.000391951,1641045600,2022-01-01T14:00:00
0.000408781,0.000408781,0.000408781,0.000408781,1641045480,2022-01-01T13:58:00
0.000424382,0.000424382,0.000424382,0.000424382,1641041220,2022-01-01T12:47:00
0.000377579,0.000377579,0.000377579,0.000377579,1641040560,2022-01-01T12:36:00
0.000332067,0.000332067,0.000332067,0.000332067,1641039480,2022-01-01T12:18:00
0.000320537,0.000320537,0.000320537,0.000320537,1641038100,2022-01-01T11:55:00
0.000302588,0.000302588,0.000302588,0.000302588,1641037260,2022-01-01T11:41:00
0.000309327,0.000309327,0.000309327,0.000309327,1641035820,2022-01-01T11:17:00
0.000328895,0.000328895,0.000328895,0.000328895,1641035400,2022-01-01T11:10:00
0.000356723,0.000356723,0.000356723,0.000356723,1641030480,2022-01-01T09:48:00
0.000379584,0.000379584,0.000379584,0.000379584,1641029880,2022-01-01T09:38:00
0.000367356,0.000367356,0.000367356,0.000367356,1641028080,2022-01-01T09:08:00
0.000363935,0.000363935,0.000363935,0.000363935,1641027480,2022-01-01T08:58:00
0.000364479,0.000364479,0.000364479,0.000364479,1641026280,2022-01-01T08:38:00
0.000361915,0.000361915,0.000361915,0.000361915,1641026220,2022-01-01T08:37:00
0.000386641,0.000386641,0.000384382,0.000384382,1641024720,2022-01-01T08:12:00
0.000387543,0.000387543,0.000387543,0.000387543,1641024240,2022-01-01T08:04:00
0.000387828,0.000387828,0.000387828,0.000387828,1641023940,2022-01-01T07:59:00
0.000361585,0.000361585,0.000361585,0.000361585,1641022500,2022-01-01T07:35:00
0.000341208,0.000341208,0.000341208,0.000341208,1641022380,2022-01-01T07:33:00
0.000337197,0.000337197,0.000337197,0.000337197,1641022320,2022-01-01T07:32:00
0.000376567,0.000376567,0.000376567,0.000376567,1641022080,2022-01-01T07:28:00
0.000413724,0.000413724,0.000413724,0.000413724,1641021780,2022-01-01T07:23:00
0.000419108,0.000419108,0.000419108,0.000419108,1641016200,2022-01-01T05:50:00
0.000422618,0.000422618,0.000422618,0.000422618,1641009480,2022-01-01T03:58:00
0.000404893,0.000404893,0.000404893,0.000404893,1641008760,2022-01-01T03:46:00
0.000408241,0.000408241,0.000408241,0.000408241,1641008580,2022-01-01T03:43:00
0.000471123,0.000471123,0.000471123,0.000471123,1641004680,2022-01-01T02:38:00
0.000516336,0.000516336,0.000516336,0.000516336,1641001440,2022-01-01T01:44:00
0.00049294,0.00049294,0.00049294,0.00049294,1640996880,2022-01-01T00:28:00
0.000489865,0.000489865,0.000489865,0.000489865,1640996280,2022-01-01T00:18:00
0.000512534,0.000512534,0.000512534,0.000512534,1640995200,2022-01-01T00:00:00
0.000537052,0.000537052,0.000537052,0.000537052,1640992560,2021-12-31T23:16:00
0.000549148,0.000549148,0.000549148,0.000549148,1640991780,2021-12-31T23:03:00
0.000561701,0.000561701,0.000561701,0.000561701,1640988660,2021-12-31T22:11:00
0.000613728,0.000613728,0.000613728,0.000613728,1640987940,2021-12-31T21:59:00
0.000643673,0.000643673,0.000643673,0.000643673,1640987640,2021-12-31T21:54:00
0.000581393,0.000581393,0.000581393,0.000581393,1640987400,2021-12-31T21:50:00
0.000507958,0.000507958,0.000507958,0.000507958,1640986320,2021-12-31T21:32:00
0.000462717,0.000462717,0.000462717,0.000462717,1640985780,2021-12-31T21:23:00
0.000467843,0.000467843,0.000467843,0.000467843,1640983680,2021-12-31T20:48:00
0.000457673,0.000457673,0.000457673,0.000457673,1640982240,2021-12-31T20:24:00
0.000415865,0.000415865,0.000415865,0.000415865,1640979540,2021-12-31T19:39:00
0.000417952,0.000417952,0.000417952,0.000417952,1640979240,2021-12-31T19:34:00
0.00044582,0.00044582,0.00044582,0.00044582,1640978940,2021-12-31T19:29:00
0.000436285,0.000436285,0.000436285,0.000436285,1640977920,2021-12-31T19:12:00
0.000422152,0.000422152,0.000422152,0.000422152,1640976540,2021-12-31T18:49:00
0.000456145,0.000456145,0.000456145,0.000456145,1640974800,2021-12-31T18:20:00
0.000498632,0.000498632,0.000498632,0.000498632,1640974740,2021-12-31T18:19:00
0.000476772,0.000476772,0.000476772,0.000476772,1640973540,2021-12-31T17:59:00
0.000431935,0.000431935,0.000431935,0.000431935,1640973120,2021-12-31T17:52:00
0.000418669,0.000418669,0.000418669,0.000418669,1640972460,2021-12-31T17:41:00
0.000391486,0.000391486,0.000391486,0.000391486,1640972100,2021-12-31T17:35:00
0.0003688,0.0003688,0.0003688,0.0003688,1640971920,2021-12-31T17:32:00
0.000342519,0.000354661,0.000342519,0.000354661,1640971800,2021-12-31T17:30:00
0.000417241,0.000417241,0.000371836,0.000371836,1640971620,2021-12-31T17:27:00
0.000436433,0.000436433,0.000436433,0.000436433,1640969220,2021-12-31T16:47:00
0.000441748,0.000441748,0.000441748,0.000441748,1640968680,2021-12-31T16:38:00
0.000414386,0.000414386,0.000414386,0.000414386,1640966940,2021-12-31T16:09:00
0.000380451,0.000394018,0.000380451,0.000394018,1640963400,2021-12-31T15:10:00
0.000392298,0.000392298,0.000392298,0.000392298,1640963340,2021-12-31T15:09:00
0.000399755,0.000399755,0.000399755,0.000399755,1640960400,2021-12-31T14:20:00
0.000362948,0.000362948,0.000362948,0.000362948,1640960340,2021-12-31T14:19:00
0.000371221,0.000371221,0.000371221,0.000371221,1640960160,2021-12-31T14:16:00
0.000402394,0.000402394,0.000402394,0.000402394,1640959620,2021-12-31T14:07:00
0.000420266,0.000420266,0.000420266,0.000420266,1640959200,2021-12-31T14:00:00
0.00042157,0.00042157,0.00042157,0.00042157,1640959140,2021-12-31T13:59:00
0.000383706,0.000383706,0.000383706,0.000383706,1640958600,2021-12-31T13:50:00
0.000428673,0.000428673,0.000388527,0.000388527,1640958540,2021-12-31T13:49:00
0.000449618,0.000449618,0.000449618,0.000449618,1640958120,2021-12-31T13:42:00
0.000446355,0.000446355,0.000446355,0.000446355,1640957580,2021-12-31T13:33:00
0.000412967,0.000412967,0.000412967,0.000412967,1640954820,2021-12-31T12:47:00
0.000402924,0.000402924,0.000402924,0.000402924,1640954400,2021-12-31T12:40:00
0.000425728,0.000425728,0.000425728,0.000425728,1640954160,2021-12-31T12:36:00
0.000453525,0.000453525,0.000453525,0.000453525,1640953440,2021-12-31T12:24:00
0.000461123,0.000461123,0.000461123,0.000461123,1640952840,2021-12-31T12:14:00
0.000426962,0.000426962,0.000426962,0.000426962,1640952480,2021-12-31T12:08:00
0.000390224,0.000390224,0.000390224,0.000390224,1640952300,2021-12-31T12:05:00
0.000397112,0.000397112,0.000397112,0.000397112,1640952240,2021-12-31T12:04:00
0.000435474,0.000435474,0.000435474,0.000435474,1640952120,2021-12-31T12:02:00
0.000440267,0.000440267,0.000440267,0.000440267,1640951640,2021-12-31T11:54:00
0.000469758,0.000469758,0.000469758,0.000469758,1640951520,2021-12-31T11:52:00
0.000493242,0.000493242,0.000493242,0.000493242,1640951460,2021-12-31T11:51:00
0.000483831,0.000483831,0.000483831,0.000483831,1640951280,2021-12-31T11:48:00
0.000483119,0.000483119,0.000483119,0.000483119,1640950920,2021-12-31T11:42:00
0.000442489,0.000442489,0.000442489,0.000442489,1640950620,2021-12-31T11:37:00
0.000402242,0.000402242,0.000402242,0.000402242,1640950500,2021-12-31T11:35:00
0.000423101,0.000423101,0.000423101,0.000423101,1640950440,2021-12-31T11:34:00
0.000478605,0.000478605,0.000478605,0.000478605,1640949060,2021-12-31T11:11:00
0.000472082,0.000472082,0.000472082,0.000472082,1640948880,2021-12-31T11:08:00
0.000476691,0.000476691,0.000476691,0.000476691,1640948580,2021-12-31T11:03:00
0.000491615,0.000491615,0.000491615,0.000491615,1640948280,2021-12-31T10:58:00
0.000486551,0.000486551,0.000486551,0.000486551,1640947200,2021-12-31T10:40:00
0.000509697,0.000509697,0.000509697,0.000509697,1640947140,2021-12-31T10:39:00
0.000516317,0.000516317,0.000516317,0.000516317,1640947080,2021-12-31T10:38:00
0.000515393,0.000515393,0.000515393,0.000515393,1640946660,2021-12-31T10:31:00
0.000492332,0.000492332,0.000492332,0.000492332,1640946540,2021-12-31T10:29:00
0.000510339,0.000510339,0.000510339,0.000510339,1640946480,2021-12-31T10:28:00
0.000582709,0.000582709,0.000582709,0.000582709,1640945640,2021-12-31T10:14:00
0.000643021,0.000643021,0.000607766,0.000607766,1640945160,2021-12-31T10:06:00
0.000630344,0.000630344,0.000630344,0.000630344,1640945040,2021-12-31T10:04:00
0.000547063,0.000547063,0.000547063,0.000547063,1640944800,2021-12-31T10:00:00
0.000489408,0.000489408,0.000489408,0.000489408,1640944740,2021-12-31T09:59:00
0.000473908,0.000473908,0.000461419,0.000461419,1640944620,2021-12-31T09:57:00
0.00045577,0.000478715,0.00045577,0.000478715,1640944200,2021-12-31T09:50:00
0.000542976,0.000542976,0.000542976,0.000542976,1640944140,2021-12-31T09:49:00
0.000654377,0.000654377,0.000654377,0.000654377,1640943900,2021-12-31T09:45:00
0.0006924,0.0006924,0.0006924,0.0006924,1640943780,2021-12-31T09:43:00
0.000725757,0.000725757,0.000725757,0.000725757,1640943660,2021-12-31T09:41:00
0.000759276,0.000759276,0.000759276,0.000759276,1640942760,2021-12-31T09:26:00
0.000780408,0.000780408,0.000780408,0.000780408,1640942700,2021-12-31T09:25:00
0.000766116,0.000766116,0.000766116,0.000766116,1640941920,2021-12-31T09:12:00
0.000750971,0.000750971,0.000750971,0.000750971,1640941860,2021-12-31T09:11:00
0.000732804,0.000732804,0.000732804,0.000732804,1640941440,2021-12-31T09:04:00
0.000703863,0.000703863,0.000703863,0.000703863,1640940720,2021-12-31T08:52:00
0.000678652,0.000678652,0.000678652,0.000678652,1640940660,2021-12-31T08:51:00
0.00068494,0.00068494,0.00068494,0.00068494,1640940540,2021-12-31T08:49:00
0.000794565,0.000794565,0.000794565,0.000794565,1640940420,2021-12-31T08:47:00
0.000831739,0.000831739,0.000831739,0.000831739,1640940300,2021-12-31T08:45:00
0.000850661,0.000870527,0.000847501,0.000847501,1640940240,2021-12-31T08:44:00
0.000856989,0.000856989,0.000856989,0.000856989,1640940180,2021-12-31T08:43:00
0.00083808,0.00083808,0.000824692,0.000824692,1640940120,2021-12-31T08:42:00
0.000834748,0.00083769,0.000834748,0.00083769,1640940060,2021-12-31T08:41:00
0.00080933,0.00080933,0.00080933,0.00080933,1640940000,2021-12-31T08:40:00
0.00081316,0.000973912,0.00081316,0.000908266,1640939940,2021-12-31T08:39:00
0.000827575,0.000827575,0.000827575,0.000827575,1640939880,2021-12-31T08:38:00
0.000858595,0.000868151,0.000858595,0.000868151,1640939820,2021-12-31T08:37:00
0.000866669,0.000866669,0.000836639,0.000836639,1640939760,2021-12-31T08:36:00
0.000881809,0.000881809,0.000881809,0.000881809,1640939700,2021-12-31T08:35:00
0.00102405,0.00102405,0.000862825,0.000862825,1640939640,2021-12-31T08:34:00
0.00107252,0.0011036,0.00107252,0.0011036,1640939580,2021-12-31T08:33:00
0.000959997,0.00101167,0.000959997,0.00101167,1640939460,2021-12-31T08:31:00
0.00094185,0.00094185,0.00094185,0.00094185,1640939400,2021-12-31T08:30:00
0.0010685,0.0010685,0.0010685,0.0010685,1640939340,2021-12-31T08:29:00
0.00105052,0.00130537,0.00105052,0.00130537,1640939280,2021-12-31T08:28:00
0.00101989,0.00102883,0.00101989,0.00102883,1640939220,2021-12-31T08:27:00
0.00118584,0.00118584,0.000970112,0.000970112,1640939160,2021-12-31T08:26:00
0.00103562,0.00103562,0.00103562,0.00103562,1640939100,2021-12-31T08:25:00
0.000898747,0.000898747,0.000898747,0.000898747,1640939040,2021-12-31T08:24:00
0.000913166,0.000928306,0.000906059,0.000906059,1640938920,2021-12-31T08:22:00
0.000974824,0.000974824,0.000974824,0.000974824,1640938860,2021-12-31T08:21:00
0.00104068,0.00104068,0.000978413,0.00101636,1640938800,2021-12-31T08:20:00
0.00104839,0.00104839,0.00103807,0.00103807,1640938740,2021-12-31T08:19:00
0.00102818,0.00102818,0.000998488,0.000998488,1640938680,2021-12-31T08:18:00
0.000974739,0.000998135,0.000974739,0.000998135,1640938620,2021-12-31T08:17:00
0.00108697,0.00114413,0.00108697,0.00114413,1640938560,2021-12-31T08:16:00
0.00117863,0.00117863,0.00114058,0.00114058,1640938500,2021-12-31T08:15:00
0.0011128,0.00113608,0.0011128,0.00113423,1640938440,2021-12-31T08:14:00
0.00104553,0.0011264,0.00104553,0.0011264,1640938380,2021-12-31T08:13:00
0.0012849,0.0012849,0.00114135,0.00123721,1640938320,2021-12-31T08:12:00
0.00134718,0.00134718,0.0011746,0.00124804,1640938260,2021-12-31T08:11:00
0.00128059,0.00128059,0.00120789,0.00120789,1640938200,2021-12-31T08:10:00
0.00104917,0.00118092,0.00100746,0.00107289,1640938140,2021-12-31T08:09:00
0.00108126,0.00113771,0.00108126,0.00113701,1640938080,2021-12-31T08:08:00
0.00115864,0.00115864,0.00105981,0.00105981,1640938020,2021-12-31T08:07:00
0.00114301,0.00114301,0.00093754,0.00093754,1640937960,2021-12-31T08:06:00
0.00101851,0.00101851,0.00101851,0.00101851,1640937900,2021-12-31T08:05:00
0.000933866,0.000933866,0.000933866,0.000933866,1640937840,2021-12-31T08:04:00
0.000824863,0.000867786,0.000824863,0.000867786,1640937780,2021-12-31T08:03:00
0.000772199,0.000772199,0.000772199,0.000772199,1640937720,2021-12-31T08:02:00
0.000741171,0.000741171,0.000741171,0.000741171,1640937660,2021-12-31T08:01:00
0.000787062,0.000787062,0.000741896,0.000741896,1640937540,2021-12-31T07:59:00
0.000799635,0.000803896,0.000799635,0.000803896,1640937420,2021-12-31T07:57:00
0.000802321,0.000802321,0.000802321,0.000802321,1640937300,2021-12-31T07:55:00
0.000780602,0.000780602,0.000780602,0.000780602,1640937240,2021-12-31T07:54:00
0.000791494,0.000791494,0.000769554,0.000769554,1640937180,2021-12-31T07:53:00
0.000951742,0.000951742,0.000905402,0.000905402,1640937120,2021-12-31T07:52:00
0.000897262,0.000897262,0.000897262,0.000897262,1640937060,2021-12-31T07:51:00
0.000923199,0.000923199,0.000923199,0.000923199,1640937000,2021-12-31T07:50:00
0.000818725,0.000892945,0.000818725,0.000892945,1640936820,2021-12-31T07:47:00
0.000809215,0.000809215,0.000809215,0.000809215,1640936640,2021-12-31T07:44:00
0.000763663,0.000786042,0.000763663,0.000786042,1640936580,2021-12-31T07:43:00
0.000788934,0.000788934,0.000788934,0.000788934,1640936460,2021-12-31T07:41:00
0.000820351,0.000820351,0.000820351,0.000820351,1640936400,2021-12-31T07:40:00
0.000891213,0.000891213,0.000848488,0.000848488,1640936340,2021-12-31T07:39:00
0.000958522,0.000958522,0.000958522,0.000958522,1640936220,2021-12-31T07:37:00
0.000938818,0.000992583,0.000938818,0.000992583,1640936160,2021-12-31T07:36:00
0.000906313,0.000906313,0.000906313,0.000906313,1640936040,2021-12-31T07:34:00
0.000834912,0.000834912,0.000834912,0.000834912,1640935740,2021-12-31T07:29:00
0.000776651,0.000776651,0.000776651,0.000776651,1640935500,2021-12-31T07:25:00
0.000787964,0.000787964,0.000787964,0.000787964,1640935260,2021-12-31T07:21:00
0.00084628,0.00084628,0.00084628,0.00084628,1640935200,2021-12-31T07:20:00
0.000812806,0.000812806,0.000812806,0.000812806,1640935020,2021-12-31T07:17:00
0.000748945,0.000748945,0.000748945,0.000748945,1640934660,2021-12-31T07:11:00
0.000774545,0.000774545,0.000774545,0.000774545,1640934120,2021-12-31T07:02:00
0.000833931,0.000833931,0.000833931,0.000833931,1640934060,2021-12-31T07:01:00
0.000892958,0.000892958,0.000892958,0.000892958,1640933880,2021-12-31T06:58:00
0.00077695,0.00077695,0.00077695,0.00077695,1640933760,2021-12-31T06:56:00
0.000738519,0.000738519,0.000738519,0.000738519,1640933280,2021-12-31T06:48:00
0.000695468,0.000695468,0.000695468,0.000695468,1640933160,2021-12-31T06:46:00
0.000702673,0.000702673,0.000702673,0.000702673,1640932860,2021-12-31T06:41:00
0.000685669,0.000685669,0.000685669,0.000685669,1640932500,2021-12-31T06:35:00
0.000716155,0.000716155,0.000716155,0.000716155,1640932020,2021-12-31T06:27:00
0.00078961,0.00078961,0.00078961,0.00078961,1640931660,2021-12-31T06:21:00
0.000813193,0.000813193,0.000813193,0.000813193,1640931540,2021-12-31T06:19:00
0.000807344,0.000807344,0.000807344,0.000807344,1640931420,2021-12-31T06:17:00
0.000856056,0.000856056,0.000839597,0.000839597,1640931060,2021-12-31T06:11:00
0.000839719,0.000839719,0.000839719,0.000839719,1640930940,2021-12-31T06:09:00
0.000783481,0.000783481,0.000783481,0.000783481,1640930760,2021-12-31T06:06:00
0.000714765,0.000714765,0.000714765,0.000714765,1640930580,2021-12-31T06:03:00
0.000643801,0.000643801,0.000643801,0.000643801,1640930400,2021-12-31T06:00:00
0.000661943,0.000661943,0.000661943,0.000661943,1640930160,2021-12-31T05:56:00
0.000730575,0.000730575,0.000730575,0.000730575,1640929800,2021-12-31T05:50:00
0.000781113,0.000781113,0.000781113,0.000781113,1640929140,2021-12-31T05:39:00
0.000826527,0.000826527,0.000826527,0.000826527,1640927160,2021-12-31T05:06:00
0.000864636,0.000864636,0.000864636,0.000864636,1640926800,2021-12-31T05:00:00
0.000848883,0.000848883,0.000848883,0.000848883,1640926680,2021-12-31T04:58:00
0.000761719,0.000761719,0.000761719,0.000761719,1640925900,2021-12-31T04:45:00
0.000765847,0.000765847,0.000765847,0.000765847,1640925120,2021-12-31T04:32:00
0.000795639,0.000795639,0.000795639,0.000795639,1640925000,2021-12-31T04:30:00
0.000753112,0.000753112,0.000753112,0.000753112,1640924580,2021-12-31T04:23:00
0.000689477,0.000689477,0.000689477,0.000689477,1640924340,2021-12-31T04:19:00
0.000712231,0.000712231,0.000712231,0.000712231,1640924040,2021-12-31T04:14:00
0.000761461,0.000761461,0.000761461,0.000761461,1640922840,2021-12-31T03:54:00
0.000815032,0.000815032,0.000815032,0.000815032,1640921460,2021-12-31T03:31:00
0.000851094,0.000851094,0.000851094,0.000851094,1640918760,2021-12-31T02:46:00
0.000790473,0.000790473,0.000790473,0.000790473,1640918160,2021-12-31T02:36:00
0.000833595,0.000833595,0.000833595,0.000833595,1640917380,2021-12-31T02:23:00
0.000893745,0.000893745,0.000893745,0.000893745,1640917200,2021-12-31T02:20:00
0.000888973,0.000888973,0.000871118,0.000871118,1640916300,2021-12-31T02:05:00
0.000907712,0.000907712,0.000907712,0.000907712,1640916180,2021-12-31T02:03:00
0.000852837,0.000852837,0.000852837,0.000852837,1640916000,2021-12-31T02:00:00
0.000774604,0.000774604,0.000774604,0.000774604,1640914500,2021-12-31T01:35:00
0.000790325,0.000790325,0.000790325,0.000790325,1640913540,2021-12-31T01:19:00
0.000760106,0.000760106,0.000760106,0.000760106,1640912160,2021-12-31T00:56:00
0.000755156,0.000755156,0.000755156,0.000755156,1640912040,2021-12-31T00:54:00
0.000770846,0.000770846,0.000770846,0.000770846,1640911980,2021-12-31T00:53:00
0.000746764,0.000746764,0.000746764,0.000746764,1640904960,2021-12-30T22:56:00
0.000749306,0.000749306,0.000749306,0.000749306,1640900640,2021-12-30T21:44:00
0.000790705,0.000790705,0.000790705,0.000790705,1640896380,2021-12-30T20:33:00
0.000765403,0.000765403,0.000765403,0.000765403,1640895120,2021-12-30T20:12:00
0.000687225,0.000687225,0.000687225,0.000687225,1640893680,2021-12-30T19:48:00
0.000648233,0.000648233,0.000648233,0.000648233,1640892180,2021-12-30T19:23:00
0.000638788,0.000638788,0.000638788,0.000638788,1640891880,2021-12-30T19:18:00
0.00061302,0.00061302,0.00061302,0.00061302,1640891640,2021-12-30T19:14:00
0.000587801,0.000587801,0.000587801,0.000587801,1640891520,2021-12-30T19:12:00
0.000618864,0.000618864,0.000618864,0.000618864,1640891160,2021-12-30T19:06:00
0.000665965,0.000665965,0.000665965,0.000665965,1640891040,2021-12-30T19:04:00
0.000649054,0.000649054,0.000649054,0.000649054,1640890860,2021-12-30T19:01:00
0.000690343,0.000690343,0.000690343,0.000690343,1640890440,2021-12-30T18:54:00
0.000754569,0.000754569,0.000754569,0.000754569,1640890200,2021-12-30T18:50:00
0.000761745,0.000761745,0.000761745,0.000761745,1640890080,2021-12-30T18:48:00
0.0007204,0.0007204,0.0007204,0.0007204,1640889720,2021-12-30T18:42:00
0.000659572,0.000659572,0.000659572,0.000659572,1640889240,2021-12-30T18:34:00
0.000677626,0.000677626,0.000677626,0.000677626,1640888220,2021-12-30T18:17:00
0.000760287,0.000760287,0.000760287,0.000760287,1640887620,2021-12-30T18:07:00
0.000798772,0.000798772,0.000798772,0.000798772,1640886240,2021-12-30T17:44:00
0.000757869,0.000757869,0.000757869,0.000757869,1640884980,2021-12-30T17:23:00
0.000727387,0.000727387,0.000727387,0.000727387,1640881380,2021-12-30T16:23:00
0.000705608,0.000705608,0.000705608,0.000705608,1640880660,2021-12-30T16:11:00
0.000706921,0.000706921,0.000706921,0.000706921,1640879940,2021-12-30T15:59:00
0.000711571,0.000711571,0.000711571,0.000711571,1640879280,2021-12-30T15:48:00
0.000671302,0.000671302,0.000671302,0.000671302,1640875800,2021-12-30T14:50:00
0.000606149,0.000606149,0.000606149,0.000606149,1640875620,2021-12-30T14:47:00
0.000602356,0.000602356,0.000602356,0.000602356,1640875200,2021-12-30T14:40:00
0.000613979,0.000613979,0.000613979,0.000613979,1640875020,2021-12-30T14:37:00
0.000590528,0.000590528,0.000590528,0.000590528,1640874780,2021-12-30T14:33:00
0.000639269,0.000639269,0.000639269,0.000639269,1640874720,2021-12-30T14:32:00
0.000734668,0.000734668,0.000734668,0.000734668,1640874600,2021-12-30T14:30:00
0.000829999,0.000829999,0.000829999,0.000829999,1640873220,2021-12-30T14:07:00
0.000859802,0.000859802,0.000859802,0.000859802,1640871840,2021-12-30T13:44:00
0.00084176,0.00084176,0.00084176,0.00084176,1640871660,2021-12-30T13:41:00
0.00084058,0.00084058,0.00084058,0.00084058,1640870580,2021-12-30T13:23:00
0.000805991,0.000805991,0.000805991,0.000805991,1640870040,2021-12-30T13:14:00
0.000767588,0.000767588,0.000767588,0.000767588,1640869260,2021-12-30T13:01:00
0.000717109,0.000717109,0.000717109,0.000717109,1640866980,2021-12-30T12:23:00
0.0006932,0.0006932,0.0006932,0.0006932,1640866440,2021-12-30T12:14:00
0.000762917,0.000762917,0.000762917,0.000762917,1640866200,2021-12-30T12:10:00
0.00082573,0.00082573,0.00082573,0.00082573,1640866020,2021-12-30T12:07:00
0.000797985,0.000797985,0.000797985,0.000797985,1640864700,2021-12-30T11:45:00
0.000775246,0.000775246,0.000775246,0.000775246,1640864580,2021-12-30T11:43:00
0.000717341,0.000717341,0.000717341,0.000717341,1640862120,2021-12-30T11:02:00
0.000731716,0.000731716,0.000731716,0.000731716,1640859660,2021-12-30T10:21:00
0.000832691,0.000832691,0.000832691,0.000832691,1640859180,2021-12-30T10:13:00
0.000820527,0.000820527,0.000820527,0.000820527,1640858460,2021-12-30T10:01:00
0.000763212,0.000763212,0.000763212,0.000763212,1640856300,2021-12-30T09:25:00
0.00080943,0.00080943,0.00080943,0.00080943,1640852640,2021-12-30T08:24:00
0.000845593,0.000845593,0.000845593,0.000845593,1640852580,2021-12-30T08:23:00
0.000754692,0.000754692,0.000754692,0.000754692,1640848500,2021-12-30T07:15:00
0.000700301,0.000700301,0.000700301,0.000700301,1640848080,2021-12-30T07:08:00
0.000679317,0.000679317,0.000679317,0.000679317,1640846820,2021-12-30T06:47:00
0.000642437,0.000642437,0.000642437,0.000642437,1640842500,2021-12-30T05:35:00
0.00066398,0.00066398,0.00066398,0.00066398,1640842080,2021-12-30T05:28:00
0.00077018,0.00077018,0.00077018,0.00077018,1640841600,2021-12-30T05:20:00
0.000825236,0.000825236,0.000825236,0.000825236,1640841540,2021-12-30T05:19:00
0.000677244,0.000729022,0.000677244,0.000729022,1640841180,2021-12-30T05:13:00
0.000697549,0.000697549,0.000697549,0.000697549,1640840040,2021-12-30T04:54:00
0.000732631,0.000732631,0.000732631,0.000732631,1640839980,2021-12-30T04:53:00
0.000790464,0.000790464,0.000790464,0.000790464,1640838480,2021-12-30T04:28:00
0.000819929,0.000819929,0.000819929,0.000819929,1640831040,2021-12-30T02:24:00
0.000840165,0.000840165,0.000840165,0.000840165,1640830260,2021-12-30T02:11:00
0.000794146,0.000794146,0.000794146,0.000794146,1640830140,2021-12-30T02:09:00
0.000826245,0.000826245,0.000826245,0.000826245,1640828460,2021-12-30T01:41:00
0.00087706,0.00087706,0.00087706,0.00087706,1640827200,2021-12-30T01:20:00
0.00080843,0.00080843,0.00080843,0.00080843,1640822340,2021-12-29T23:59:00
0.000829659,0.000829659,0.000829659,0.000829659,1640822220,2021-12-29T23:57:00
0.000799584,0.000799584,0.000799584,0.000799584,1640821860,2021-12-29T23:51:00
0.0006532,0.0006532,0.0006532,0.0006532,1640820420,2021-12-29T23:27:00
0.000602242,0.000602242,0.000602242,0.000602242,1640819700,2021-12-29T23:15:00
0.000547274,0.000547274,0.000547274,0.000547274,1640819400,2021-12-29T23:10:00
0.000669913,0.000669913,0.000669913,0.000669913,1640819220,2021-12-29T23:07:00
0.00088946,0.00088946,0.00088946,0.00088946,1640816520,2021-12-29T22:22:00
0.000840981,0.000840981,0.000840981,0.000840981,1640814780,2021-12-29T21:53:00
0.000778236,0.000778236,0.000778236,0.000778236,1640814000,2021-12-29T21:40:00
0.000741638,0.000741638,0.000741638,0.000741638,1640813220,2021-12-29T21:27:00
0.000837325,0.000837325,0.000837325,0.000837325,1640813160,2021-12-29T21:26:00
0.00100842,0.00100842,0.00100842,0.00100842,1640808840,2021-12-29T20:14:00
0.000951349,0.000951349,0.000951349,0.000951349,1640808360,2021-12-29T20:06:00
0.000865619,0.000865619,0.000865619,0.000865619,1640802660,2021-12-29T18:31:00
0.000913093,0.000913093,0.000913093,0.000913093,1640795940,2021-12-29T16:39:00
0.00096359,0.00096359,0.00096359,0.00096359,1640795580,2021-12-29T16:33:00
0.000862019,0.000862019,0.000862019,0.000862019,1640792400,2021-12-29T15:40:00
0.000802519,0.000802519,0.000802519,0.000802519,1640788980,2021-12-29T14:43:00
0.000863809,0.000863809,0.000863809,0.000863809,1640784840,2021-12-29T13:34:00
0.000910184,0.000910184,0.000910184,0.000910184,1640781180,2021-12-29T12:33:00
0.000874691,0.000874691,0.000874691,0.000874691,1640781120,2021-12-29T12:32:00
0.000868852,0.000868852,0.000868852,0.000868852,1640778960,2021-12-29T11:56:00
0.000893865,0.000893865,0.000893865,0.000893865,1640775420,2021-12-29T10:57:00
0.000858379,0.000858379,0.000858379,0.000858379,1640756400,2021-12-29T05:40:00
0.000789032,0.000789032,0.000789032,0.000789032,1640756040,2021-12-29T05:34:00
0.000894752,0.000894752,0.000894752,0.000894752,1640755200,2021-12-29T05:20:00
0.000859414,0.000859414,0.000859414,0.000859414,1640755020,2021-12-29T05:17:00
0.000994064,0.000994064,0.000994064,0.000994064,1640754900,2021-12-29T05:15:00
0.000980012,0.000980012,0.000980012,0.000980012,1640754600,2021-12-29T05:10:00
0.000986279,0.000986279,0.000986279,0.000986279,1640754000,2021-12-29T05:00:00
0.00101135,0.00101135,0.00101135,0.00101135,1640752500,2021-12-29T04:35:00
0.000942146,0.000942146,0.000942146,0.000942146,1640750700,2021-12-29T04:05:00
0.00087804,0.00087804,0.00087804,0.00087804,1640750280,2021-12-29T03:58:00
0.000913823,0.000913823,0.000913823,0.000913823,1640748120,2021-12-29T03:22:00
0.000983635,0.000983635,0.000983635,0.000983635,1640748000,2021-12-29T03:20:00
0.000924207,0.000924207,0.000924207,0.000924207,1640747700,2021-12-29T03:15:00
0.000828027,0.000828027,0.000828027,0.000828027,1640745900,2021-12-29T02:45:00
0.000867718,0.000867718,0.000867718,0.000867718,1640742060,2021-12-29T01:41:00
0.000873958,0.000873958,0.000873958,0.000873958,1640741700,2021-12-29T01:35:00
0.000785024,0.000785024,0.000785024,0.000785024,1640740860,2021-12-29T01:21:00
0.000819245,0.000819245,0.000819245,0.000819245,1640737740,2021-12-29T00:29:00
0.000851784,0.000851784,0.000851784,0.000851784,1640737680,2021-12-29T00:28:00
0.000780646,0.000780646,0.000780646,0.000780646,1640735460,2021-12-28T23:51:00
0.000784891,0.000784891,0.000784891,0.000784891,1640734380,2021-12-28T23:33:00
0.000820162,0.000820162,0.000820162,0.000820162,1640734080,2021-12-28T23:28:00
0.000823066,0.000823066,0.000823066,0.000823066,1640732340,2021-12-28T22:59:00
0.000841996,0.000841996,0.000841996,0.000841996,1640731860,2021-12-28T22:51:00
0.000835161,0.000835161,0.000835161,0.000835161,1640729340,2021-12-28T22:09:00
0.000842565,0.000842565,0.000842565,0.000842565,1640724000,2021-12-28T20:40:00
0.000895716,0.000895716,0.000895716,0.000895716,1640721900,2021-12-28T20:05:00
0.000853569,0.000853569,0.000853569,0.000853569,1640721360,2021-12-28T19:56:00
0.000863662,0.000863662,0.000863662,0.000863662,1640721120,2021-12-28T19:52:00
0.000891738,0.000891738,0.000891738,0.000891738,1640713620,2021-12-28T17:47:00
0.000919945,0.000919945,0.000919945,0.000919945,1640709840,2021-12-28T16:44:00
0.000872647,0.000872647,0.000872647,0.000872647,1640709780,2021-12-28T16:43:00
0.000776716,0.000776716,0.000776716,0.000776716,1640709060,2021-12-28T16:31:00
0.000843306,0.000843306,0.000843306,0.000843306,1640707080,2021-12-28T15:58:00
0.000864889,0.000864889,0.000864889,0.000864889,1640703540,2021-12-28T14:59:00
0.000828752,0.000828752,0.000828752,0.000828752,1640703300,2021-12-28T14:55:00
0.000775228,0.000775228,0.000775228,0.000775228,1640702580,2021-12-28T14:43:00
0.000825056,0.000825056,0.000825056,0.000825056,1640702040,2021-12-28T14:34:00
0.000830839,0.000830839,0.000830839,0.000830839,1640701860,2021-12-28T14:31:00
0.000721453,0.000721453,0.000721453,0.000721453,1640701380,2021-12-28T14:23:00
0.000739123,0.000739123,0.000739123,0.000739123,1640701200,2021-12-28T14:20:00
0.000808282,0.000808282,0.000808282,0.000808282,1640699580,2021-12-28T13:53:00
0.000793148,0.000793148,0.000793148,0.000793148,1640698260,2021-12-28T13:31:00
0.000765314,0.000765314,0.000765314,0.000765314,1640697900,2021-12-28T13:25:00
0.000719708,0.000719708,0.000719708,0.000719708,1640696160,2021-12-28T12:56:00
0.000682366,0.000682366,0.000682366,0.000682366,1640695500,2021-12-28T12:45:00
0.000658795,0.000658795,0.000658795,0.000658795,1640695380,2021-12-28T12:43:00
0.000618091,0.000618091,0.000618091,0.000618091,1640695200,2021-12-28T12:40:00
0.000617423,0.000617423,0.000617423,0.000617423,1640695080,2021-12-28T12:38:00
0.000651524,0.000651524,0.000651524,0.000651524,1640695020,2021-12-28T12:37:00
0.000826913,0.000826913,0.000826913,0.000826913,1640694120,2021-12-28T12:22:00
0.000826743,0.000826743,0.000826743,0.000826743,1640693340,2021-12-28T12:09:00
0.000803598,0.000803598,0.000803598,0.000803598,1640692920,2021-12-28T12:02:00
0.000838328,0.000838328,0.000838328,0.000838328,1640692680,2021-12-28T11:58:00
0.000875518,0.000875518,0.000875518,0.000875518,1640692500,2021-12-28T11:55:00
0.000904713,0.000904713,0.000904713,0.000904713,1640692200,2021-12-28T11:50:00
0.00090693,0.00090693,0.00090693,0.00090693,1640691960,2021-12-28T11:46:00
0.00090277,0.00090277,0.00090277,0.00090277,1640691840,2021-12-28T11:44:00
0.000918618,0.000918618,0.000918618,0.000918618,1640691300,2021-12-28T11:35:00
0.000925482,0.000925482,0.000925482,0.000925482,1640691120,2021-12-28T11:32:00
0.000911522,0.000911522,0.000911522,0.000911522,1640690940,2021-12-28T11:29:00
0.000873732,0.000873732,0.000873732,0.000873732,1640690880,2021-12-28T11:28:00
0.000870563,0.000870563,0.000870563,0.000870563,1640690820,2021-12-28T11:27:00
0.000940572,0.000940572,0.000940572,0.000940572,1640690700,2021-12-28T11:25:00
0.00102788,0.00102788,0.00102788,0.00102788,1640690640,2021-12-28T11:24:00
0.00102588,0.00102588,0.00102588,0.00102588,1640690400,2021-12-28T11:20:00
0.0010099,0.0010099,0.0010099,0.0010099,1640690340,2021-12-28T11:19:00
0.000980373,0.000980373,0.000980373,0.000980373,1640690220,2021-12-28T11:17:00
0.000957896,0.000957896,0.000957896,0.000957896,1640689800,2021-12-28T11:10:00
0.000909735,0.000909735,0.000909735,0.000909735,1640689680,2021-12-28T11:08:00
0.00087807,0.00087807,0.00087807,0.00087807,1640689620,2021-12-28T11:07:00
0.000903918,0.000903918,0.000903918,0.000903918,1640689320,2021-12-28T11:02:00
0.000920459,0.000920459,0.000920459,0.000920459,1640689200,2021-12-28T11:00:00
0.000893853,0.000893853,0.000893853,0.000893853,1640688780,2021-12-28T10:53:00
0.000881875,0.000881875,0.000881875,0.000881875,1640688480,2021-12-28T10:48:00
0.000836836,0.000836836,0.000836836,0.000836836,1640688300,2021-12-28T10:45:00
0.000813372,0.000813372,0.000813372,0.000813372,1640687940,2021-12-28T10:39:00
0.000855454,0.000855454,0.000855454,0.000855454,1640687880,2021-12-28T10:38:00
0.00089265,0.00089265,0.00089265,0.00089265,1640687760,2021-12-28T10:36:00
0.000904235,0.000904235,0.000904235,0.000904235,1640687100,2021-12-28T10:25:00
0.00088599,0.00088599,0.00088599,0.00088599,1640686440,2021-12-28T10:14:00
0.000923826,0.000923826,0.000923826,0.000923826,1640685780,2021-12-28T10:03:00
0.000986388,0.000986388,0.000986388,0.000986388,1640685540,2021-12-28T09:59:00
0.000979859,0.000979859,0.000979859,0.000979859,1640685300,2021-12-28T09:55:00
0.00093635,0.00093635,0.00093635,0.00093635,1640685240,2021-12-28T09:54:00
0.000890824,0.000890824,0.000890824,0.000890824,1640685000,2021-12-28T09:50:00
0.000916813,0.000916813,0.000916813,0.000916813,1640684940,2021-12-28T09:49:00
0.000987409,0.000987409,0.000987409,0.000987409,1640684820,2021-12-28T09:47:00
0.00111242,0.00111242,0.00111242,0.00111242,1640684760,2021-12-28T09:46:00
0.000864242,0.000864242,0.000864242,0.000864242,1640684340,2021-12-28T09:39:00
0.000976807,0.000976807,0.000976807,0.000976807,1640684220,2021-12-28T09:37:00
0.000847245,0.000847245,0.000847245,0.000847245,1640682360,2021-12-28T09:06:00
0.00087855,0.00087855,0.00087855,0.00087855,1640682060,2021-12-28T09:01:00
0.000949048,0.000949048,0.000949048,0.000949048,1640681100,2021-12-28T08:45:00
0.00103441,0.00103441,0.00103441,0.00103441,1640680920,2021-12-28T08:42:00
0.000977222,0.000977222,0.000977222,0.000977222,1640680680,2021-12-28T08:38:00
0.000936099,0.000936099,0.000936099,0.000936099,1640680380,2021-12-28T08:33:00
0.000918687,0.000918687,0.000918687,0.000918687,1640679060,2021-12-28T08:11:00
0.000922919,0.000922919,0.00088851,0.00088851,1640678580,2021-12-28T08:03:00
0.00101722,0.00101722,0.00101722,0.00101722,1640678220,2021-12-28T07:57:00
0.000893717,0.000893717,0.000893717,0.000893717,1640678160,2021-12-28T07:56:00
0.000934594,0.000934594,0.000934594,0.000934594,1640678100,2021-12-28T07:55:00
0.00100709,0.00100709,0.00100709,0.00100709,1640677920,2021-12-28T07:52:00
0.00104601,0.00108569,0.00104601,0.00108569,1640677740,2021-12-28T07:49:00
0.000967167,0.000967167,0.000967167,0.000967167,1640676660,2021-12-28T07:31:00
0.000912166,0.000912166,0.000912166,0.000912166,1640675580,2021-12-28T07:13:00
0.000898509,0.000898509,0.000898509,0.000898509,1640675400,2021-12-28T07:10:00
0.000938988,0.000938988,0.000938988,0.000938988,1640675280,2021-12-28T07:08:00
0.00098867,0.00098867,0.00098867,0.00098867,1640674740,2021-12-28T06:59:00
0.000944899,0.000944899,0.000944899,0.000944899,1640674620,2021-12-28T06:57:00
0.000877721,0.000903491,0.000877721,0.000903491,1640674200,2021-12-28T06:50:00
0.000849834,0.000849834,0.000849834,0.000849834,1640674140,2021-12-28T06:49:00
0.0008236,0.0008236,0.0008236,0.0008236,1640673540,2021-12-28T06:39:00
0.000868943,0.000868943,0.000868943,0.000868943,1640673360,2021-12-28T06:36:00
0.000924404,0.000924404,0.000924404,0.000924404,1640672700,2021-12-28T06:25:00
0.000883033,0.000883033,0.000883033,0.000883033,1640672640,2021-12-28T06:24:00
0.000912456,0.000912456,0.000912456,0.000912456,1640672580,2021-12-28T06:23:00
0.000973334,0.000973334,0.000973334,0.000973334,1640672280,2021-12-28T06:18:00
0.00089611,0.00089611,0.00089611,0.00089611,1640672160,2021-12-28T06:16:00
0.000853715,0.000853715,0.000853715,0.000853715,1640672040,2021-12-28T06:14:00
0.000852506,0.000852506,0.000852506,0.000852506,1640671560,2021-12-28T06:06:00
0.000801857,0.000801857,0.000801857,0.000801857,1640671500,2021-12-28T06:05:00
0.000869499,0.000869499,0.000869499,0.000869499,1640671440,2021-12-28T06:04:00
0.00100324,0.00100324,0.00100324,0.00100324,1640670720,2021-12-28T05:52:00
0.00103557,0.00103557,0.00103557,0.00103557,1640670360,2021-12-28T05:46:00
0.000992271,0.000992271,0.000992271,0.000992271,1640669880,2021-12-28T05:38:00
0.000971614,0.000971614,0.000971614,0.000971614,1640669280,2021-12-28T05:28:00
0.000958107,0.000958107,0.000958107,0.000958107,1640669160,2021-12-28T05:26:00
0.000909213,0.000909213,0.000909213,0.000909213,1640667720,2021-12-28T05:02:00
0.000881926,0.000881926,0.000881926,0.000881926,1640667360,2021-12-28T04:56:00
0.000846854,0.000846854,0.000846854,0.000846854,1640665800,2021-12-28T04:30:00
0.000829258,0.000829258,0.000829258,0.000829258,1640664000,2021-12-28T04:00:00
0.000812557,0.000812557,0.000812557,0.000812557,1640663820,2021-12-28T03:57:00
0.000796888,0.000796888,0.000796888,0.000796888,1640663400,2021-12-28T03:50:00
0.000788232,0.000788232,0.000788232,0.000788232,1640663280,2021-12-28T03:48:00
0.000765819,0.000765819,0.000765819,0.000765819,1640662380,2021-12-28T03:33:00
0.000736391,0.000736391,0.000736391,0.000736391,1640662200,2021-12-28T03:30:00
0.000749402,0.000749402,0.000749402,0.000749402,1640661840,2021-12-28T03:24:00
0.000825125,0.000825125,0.000800542,0.000800542,1640661480,2021-12-28T03:18:00
0.000806164,0.000806164,0.000806164,0.000806164,1640661420,2021-12-28T03:17:00
0.000834597,0.000834597,0.000834597,0.000834597,1640660880,2021-12-28T03:08:00
0.000870041,0.000870041,0.000870041,0.000870041,1640658660,2021-12-28T02:31:00
0.000862447,0.000862447,0.000862447,0.000862447,1640655960,2021-12-28T01:46:00
0.000903108,0.000903108,0.000903108,0.000903108,1640655840,2021-12-28T01:44:00
0.000967027,0.000967027,0.000967027,0.000967027,1640655540,2021-12-28T01:39:00
0.000963144,0.000963144,0.000963144,0.000963144,1640655360,2021-12-28T01:36:00
0.000901176,0.000901176,0.000901176,0.000901176,1640654400,2021-12-28T01:20:00
0.000940002,0.000940002,0.000940002,0.000940002,1640653200,2021-12-28T01:00:00
0.000999839,0.000999839,0.000999839,0.000999839,1640653140,2021-12-28T00:59:00
0.00101069,0.00101069,0.00101069,0.00101069,1640652780,2021-12-28T00:53:00
0.00101542,0.00101542,0.00101542,0.00101542,1640652240,2021-12-28T00:44:00
0.000944299,0.000944299,0.000944299,0.000944299,1640652180,2021-12-28T00:43:00
0.00087418,0.00087418,0.00087418,0.00087418,1640649960,2021-12-28T00:06:00
0.000726823,0.000859878,0.000726823,0.000859878,1640649480,2021-12-27T23:58:00
0.000615635,0.000701212,0.000615635,0.000701212,1640649420,2021-12-27T23:57:00
0.000562626,0.000562626,0.000562626,0.000562626,1640649360,2021-12-27T23:56:00
0.000550115,0.000550115,0.000519862,0.000519862,1640649300,2021-12-27T23:55:00
0.000671887,0.000671887,0.000605209,0.000605209,1640649240,2021-12-27T23:54:00
0.000675404,0.000675404,0.000675404,0.000675404,1640649120,2021-12-27T23:52:00
0.000936573,0.000936573,0.000687288,0.000687288,1640649060,2021-12-27T23:51:00
0.00107473,0.00107473,0.00107473,0.00107473,1640648820,2021-12-27T23:47:00
0.00104338,0.00104338,0.00104338,0.00104338,1640648280,2021-12-27T23:38:00
0.00107898,0.00107898,0.00107898,0.00107898,1640645100,2021-12-27T22:45:00
0.00111618,0.00111618,0.00111618,0.00111618,1640644740,2021-12-27T22:39:00
0.0011477,0.0011477,0.00110259,0.00110259,1640644560,2021-12-27T22:36:00
0.00122703,0.00122703,0.00122703,0.00122703,1640644440,2021-12-27T22:34:00
0.00125014,0.00125014,0.00125014,0.00125014,1640644320,2021-12-27T22:32:00
0.00119021,0.00119021,0.00119021,0.00119021,1640644080,2021-12-27T22:28:00
0.00113466,0.00113466,0.00113466,0.00113466,1640643960,2021-12-27T22:26:00
0.00110123,0.00110123,0.00110123,0.00110123,1640643900,2021-12-27T22:25:00
0.00112128,0.00112128,0.00112128,0.00112128,1640643300,2021-12-27T22:15:00
0.00114238,0.00114238,0.00114238,0.00114238,1640643060,2021-12-27T22:11:00
0.00109532,0.00109532,0.00109532,0.00109532,1640642640,2021-12-27T22:04:00
0.00106647,0.00106647,0.00106647,0.00106647,1640642520,2021-12-27T22:02:00
0.00101819,0.00101819,0.00101819,0.00101819,1640642340,2021-12-27T21:59:00
0.000967375,0.000967375,0.000967375,0.000967375,1640641800,2021-12-27T21:50:00
0.000950763,0.000950763,0.000950763,0.000950763,1640641560,2021-12-27T21:46:00
0.000909417,0.000909417,0.000909417,0.000909417,1640641500,2021-12-27T21:45:00
0.000918859,0.000918859,0.000918859,0.000918859,1640641140,2021-12-27T21:39:00
0.00100317,0.00100317,0.000979049,0.000979049,1640641080,2021-12-27T21:38:00
0.00104289,0.00104289,0.00104289,0.00104289,1640641020,2021-12-27T21:37:00
0.00106314,0.00106314,0.00106314,0.00106314,1640640720,2021-12-27T21:32:00
0.00103165,0.00103165,0.00103165,0.00103165,1640640600,2021-12-27T21:30:00
0.000977259,0.000977259,0.000977259,0.000977259,1640639940,2021-12-27T21:19:00
0.000927527,0.000927527,0.000927527,0.000927527,1640639820,2021-12-27T21:17:00
0.000893127,0.000893127,0.000893127,0.000893127,1640639520,2021-12-27T21:12:00
0.000942518,0.000942518,0.000942518,0.000942518,1640639460,2021-12-27T21:11:00
0.00107452,0.00107452,0.00107452,0.00107452,1640638980,2021-12-27T21:03:00
0.001184,0.001184,0.001184,0.001184,1640638440,2021-12-27T20:54:00
0.00122749,0.00122749,0.00122749,0.00122749,1640638020,2021-12-27T20:47:00
0.00115821,0.00115821,0.00115821,0.00115821,1640637840,2021-12-27T20:44:00
0.00114161,0.00114161,0.00111856,0.00111856,1640637780,2021-12-27T20:43:00
0.00111689,0.00111689,0.00111689,0.00111689,1640637720,2021-12-27T20:42:00
0.00103853,0.00103853,0.00103853,0.00103853,1640637660,2021-12-27T20:41:00
0.00108194,0.00108194,0.00108194,0.00108194,1640637600,2021-12-27T20:40:00
0.00119373,0.00119373,0.00119373,0.00119373,1640637540,2021-12-27T20:39:00
0.00112622,0.0011633,0.00112622,0.0011633,1640637240,2021-12-27T20:34:00
0.00113707,0.00113707,0.00113707,0.00113707,1640637060,2021-12-27T20:31:00
0.00127498,0.00127498,0.00127498,0.00127498,1640636940,2021-12-27T20:29:00
0.00148638,0.00148638,0.00148638,0.00148638,1640636820,2021-12-27T20:27:00
0.00164464,0.00164464,0.00164464,0.00164464,1640636100,2021-12-27T20:15:00
0.00189591,0.00189591,0.00185225,0.00185225,1640635920,2021-12-27T20:12:00
0.00184779,0.00184779,0.00184779,0.00184779,1640635620,2021-12-27T20:07:00
0.0018044,0.0018044,0.0018044,0.0018044,1640635380,2021-12-27T20:03:00
0.00199452,0.00199452,0.00199452,0.00199452,1640635020,2021-12-27T19:57:00
0.00161993,0.00161993,0.00161993,0.00161993,1640633880,2021-12-27T19:38:00
0.00160286,0.00160286,0.00160286,0.00160286,1640633460,2021-12-27T19:31:00
0.00167604,0.00167604,0.00167604,0.00167604,1640632260,2021-12-27T19:11:00
0.00171776,0.00171776,0.00171776,0.00171776,1640632080,2021-12-27T19:08:00
0.00185907,0.00185907,0.00185907,0.00185907,1640629080,2021-12-27T18:18:00
0.00186271,0.00186271,0.00186271,0.00186271,1640625660,2021-12-27T17:21:00
0.00183189,0.00183189,0.00183189,0.00183189,1640624040,2021-12-27T16:54:00
0.00184148,0.00184148,0.00184148,0.00184148,1640622780,2021-12-27T16:33:00
0.00173107,0.00173107,0.00173107,0.00173107,1640621340,2021-12-27T16:09:00
0.00173195,0.00173195,0.00173195,0.00173195,1640615580,2021-12-27T14:33:00
0.00175811,0.00175811,0.00175811,0.00175811,1640611860,2021-12-27T13:31:00
0.00168939,0.00168939,0.00168939,0.00168939,1640611440,2021-12-27T13:24:00
0.00164708,0.00164708,0.00164708,0.00164708,1640611080,2021-12-27T13:18:00
0.00162846,0.00162846,0.00162846,0.00162846,1640611020,2021-12-27T13:17:00
0.001651,0.001651,0.001651,0.001651,1640610540,2021-12-27T13:09:00
0.00174521,0.00174521,0.00174521,0.00174521,1640609640,2021-12-27T12:54:00
0.00169649,0.00169649,0.00169649,0.00169649,1640609280,2021-12-27T12:48:00
0.00165984,0.00165984,0.00165984,0.00165984,1640609220,2021-12-27T12:47:00
0.00171904,0.00171904,0.00171904,0.00171904,1640608920,2021-12-27T12:42:00
0.00179667,0.00179667,0.00179667,0.00179667,1640608860,2021-12-27T12:41:00
0.00176968,0.00176968,0.00176968,0.00176968,1640608800,2021-12-27T12:40:00
0.00175445,0.00175445,0.00175445,0.00175445,1640608500,2021-12-27T12:35:00
0.00181867,0.00181867,0.00181867,0.00181867,1640608320,2021-12-27T12:32:00
0.00203849,0.00203849,0.00203849,0.00203849,1640608140,2021-12-27T12:29:00
0.00195725,0.00195725,0.00195725,0.00195725,1640608020,2021-12-27T12:27:00
0.00173346,0.00173346,0.00173346,0.00173346,1640607240,2021-12-27T12:14:00
0.00163148,0.00163148,0.00163148,0.00163148,1640607000,2021-12-27T12:10:00
0.00153046,0.00153046,0.00153046,0.00153046,1640606700,2021-12-27T12:05:00
0.00147968,0.00147968,0.00147968,0.00147968,1640605920,2021-12-27T11:52:00
0.00132887,0.00143014,0.00132887,0.00143014,1640604960,2021-12-27T11:36:00
0.00122502,0.00122502,0.00122502,0.00122502,1640603880,2021-12-27T11:18:00
0.00115893,0.00115893,0.00115893,0.00115893,1640600220,2021-12-27T10:17:00
0.00113908,0.00113908,0.00113908,0.00113908,1640599920,2021-12-27T10:12:00
0.00109245,0.00109245,0.00109245,0.00109245,1640597520,2021-12-27T09:32:00
0.00101198,0.00101198,0.00101198,0.00101198,1640596560,2021-12-27T09:16:00
0.000996483,0.000996483,0.000996483,0.000996483,1640581080,2021-12-27T04:58:00
0.00101318,0.00101318,0.00101318,0.00101318,1640575500,2021-12-27T03:25:00
0.000967923,0.000967923,0.000967923,0.000967923,1640571180,2021-12-27T02:13:00
0.000963367,0.000963367,0.000963367,0.000963367,1640569500,2021-12-27T01:45:00
0.000978992,0.000978992,0.000978992,0.000978992,1640569440,2021-12-27T01:44:00
0.000982521,0.000982521,0.000982521,0.000982521,1640562720,2021-12-26T23:52:00
0.00100088,0.00100088,0.00100088,0.00100088,1640561700,2021-12-26T23:35:00
0.00100221,0.00100221,0.00100221,0.00100221,1640554080,2021-12-26T21:28:00
0.00101463,0.00101463,0.00101463,0.00101463,1640549760,2021-12-26T20:16:00
0.000980782,0.000980782,0.000980782,0.000980782,1640542320,2021-12-26T18:12:00
0.00101032,0.00101032,0.00101032,0.00101032,1640525040,2021-12-26T13:24:00
0.00106515,0.00106515,0.00106515,0.00106515,1640519580,2021-12-26T11:53:00
0.00106514,0.00106514,0.00106514,0.00106514,1640511780,2021-12-26T09:43:00
0.001053,0.001053,0.001053,0.001053,1640511600,2021-12-26T09:40:00
0.00100511,0.00100511,0.00100511,0.00100511,1640509680,2021-12-26T09:08:00
0.000882193,0.000902553,0.000882193,0.000902553,1640503980,2021-12-26T07:33:00
0.00092763,0.00092763,0.00092763,0.00092763,1640500680,2021-12-26T06:38:00
0.000951552,0.000951552,0.000951552,0.000951552,1640485440,2021-12-26T02:24:00
0.000958594,0.000958594,0.000958594,0.000958594,1640485140,2021-12-26T02:19:00
0.00100921,0.00100921,0.00100921,0.00100921,1640484300,2021-12-26T02:05:00
0.0010254,0.0010254,0.0010254,0.0010254,1640479200,2021-12-26T00:40:00
0.00095964,0.00095964,0.00095964,0.00095964,1640466600,2021-12-25T21:10:00
0.000988645,0.000988645,0.000988645,0.000988645,1640464500,2021-12-25T20:35:00
0.0010102,0.0010102,0.0010102,0.0010102,1640460840,2021-12-25T19:34:00
0.000989698,0.000989698,0.000989698,0.000989698,1640458740,2021-12-25T18:59:00
0.00102818,0.00102818,0.00102818,0.00102818,1640457660,2021-12-25T18:41:00
0.0010649,0.0010649,0.0010649,0.0010649,1640451660,2021-12-25T17:01:00
0.00110061,0.00110061,0.00110061,0.00110061,1640432580,2021-12-25T11:43:00
0.00107353,0.00107353,0.00107353,0.00107353,1640427420,2021-12-25T10:17:00
0.000974305,0.000974305,0.000974305,0.000974305,1640424420,2021-12-25T09:27:00
0.00152632,0.00152632,0.00152632,0.00152632,1640410440,2021-12-25T05:34:00
0.00155093,0.00155093,0.00155093,0.00155093,1640401980,2021-12-25T03:13:00
0.00163054,0.00163054,0.00163054,0.00163054,1640397420,2021-12-25T01:57:00
0.00165354,0.00165354,0.00165354,0.00165354,1640395620,2021-12-25T01:27:00
0.00159411,0.00159411,0.00159411,0.00159411,1640394660,2021-12-25T01:11:00
0.00116404,0.00116404,0.00116404,0.00116404,1640390100,2021-12-24T23:55:00
0.00122014,0.00122014,0.00122014,0.00122014,1640389260,2021-12-24T23:41:00
0.00107644,0.00107644,0.00107644,0.00107644,1640389080,2021-12-24T23:38:00
0.00164461,0.00164461,0.00164461,0.00164461,1640384580,2021-12-24T22:23:00
0.00141521,0.00141521,0.00141521,0.00141521,1640375160,2021-12-24T19:46:00
0.00102054,0.00102054,0.00102054,0.00102054,1640359680,2021-12-24T15:28:00
0.000943136,0.000943136,0.000943136,0.000943136,1640359320,2021-12-24T15:22:00
0.000923319,0.000923319,0.000923319,0.000923319,1640352600,2021-12-24T13:30:00
0.000929468,0.000929468,0.000929468,0.000929468,1640342880,2021-12-24T10:48:00
0.000919106,0.000919106,0.000919106,0.000919106,1640341620,2021-12-24T10:27:00
0.000945515,0.000945515,0.000945515,0.000945515,1640340660,2021-12-24T10:11:00
0.000969957,0.000969957,0.000969957,0.000969957,1640340480,2021-12-24T10:08:00
0.00105207,0.00105207,0.00105207,0.00105207,1640329620,2021-12-24T07:07:00
0.00114292,0.00114292,0.00114292,0.00114292,1640328360,2021-12-24T06:46:00
0.0010497,0.0010497,0.0010497,0.0010497,1640323320,2021-12-24T05:22:00
0.000994098,0.000994098,0.000994098,0.000994098,1640319540,2021-12-24T04:19:00
0.00104327,0.00104327,0.00104327,0.00104327,1640317380,2021-12-24T03:43:00
0.00106566,0.00106566,0.00106566,0.00106566,1640290920,2021-12-23T20:22:00
0.000999002,0.000999002,0.000999002,0.000999002,1640261820,2021-12-23T12:17:00
0.00107487,0.00107487,0.00107487,0.00107487,1640260680,2021-12-23T11:58:00
0.00121664,0.00121664,0.00121664,0.00121664,1640249100,2021-12-23T08:45:00
0.00119267,0.00119267,0.00119267,0.00119267,1640247780,2021-12-23T08:23:00
0.00118573,0.00118573,0.00118573,0.00118573,1640242860,2021-12-23T07:01:00
0.00125238,0.00125238,0.00125238,0.00125238,1640235360,2021-12-23T04:56:00
0.00114482,0.00114482,0.00114482,0.00114482,1640232840,2021-12-23T04:14:00
0.00105616,0.00105616,0.00105616,0.00105616,1640220480,2021-12-23T00:48:00
0.00115569,0.00115569,0.00115569,0.00115569,1640217840,2021-12-23T00:04:00
0.00124448,0.00124448,0.00124448,0.00124448,1640213160,2021-12-22T22:46:00
0.00114066,0.00114066,0.00114066,0.00114066,1640212560,2021-12-22T22:36:00
0.000947474,0.000947474,0.000947474,0.000947474,1640204820,2021-12-22T20:27:00
0.000929912,0.000929912,0.000929912,0.000929912,1640203860,2021-12-22T20:11:00
0.0010374,0.0010374,0.0010374,0.0010374,1640191440,2021-12-22T16:44:00
0.00107014,0.00107014,0.00107014,0.00107014,1640188020,2021-12-22T15:47:00
0.00104271,0.00104271,0.00104271,0.00104271,1640187480,2021-12-22T15:38:00
0.00110075,0.00110075,0.00110075,0.00110075,1640182080,2021-12-22T14:08:00
0.00117976,0.00117976,0.00117976,0.00117976,1640179320,2021-12-22T13:22:00
0.001203,0.001203,0.001203,0.001203,1640164920,2021-12-22T09:22:00
0.00114302,0.00114302,0.00114302,0.00114302,1640153340,2021-12-22T06:09:00
0.00112826,0.00112826,0.00112826,0.00112826,1640152740,2021-12-22T05:59:00
0.00116329,0.00116329,0.00116329,0.00116329,1640149980,2021-12-22T05:13:00
0.00121881,0.00121881,0.00121881,0.00121881,1640148000,2021-12-22T04:40:00
0.00121038,0.00121038,0.00121038,0.00121038,1640146320,2021-12-22T04:12:00
0.000998283,0.000998283,0.000998283,0.000998283,1640142600,2021-12-22T03:10:00
0.0008658,0.0008658,0.0008658,0.0008658,1640140200,2021-12-22T02:30:00
0.000904215,0.000904215,0.000904215,0.000904215,1640133420,2021-12-22T00:37:00
0.000946392,0.000946392,0.000946392,0.000946392,1640110380,2021-12-21T18:13:00
0.000958745,0.000958745,0.000958745,0.000958745,1640107980,2021-12-21T17:33:00
0.000924987,0.000924987,0.000924987,0.000924987,1640104200,2021-12-21T16:30:00
0.000924898,0.000924898,0.000924898,0.000924898,1640101920,2021-12-21T15:52:00
0.000937853,0.000937853,0.000937853,0.000937853,1640094780,2021-12-21T13:53:00
0.000906673,0.000906673,0.000906673,0.000906673,1640093700,2021-12-21T13:35:00
0.000967114,0.000967114,0.000967114,0.000967114,1640091900,2021-12-21T13:05:00
0.00101573,0.00101573,0.00101573,0.00101573,1640086500,2021-12-21T11:35:00
0.00101394,0.00103488,0.00101394,0.00103488,1640086380,2021-12-21T11:33:00
0.00106313,0.00106313,0.00106313,0.00106313,1640086140,2021-12-21T11:29:00
0.00121552,0.00121552,0.00121552,0.00121552,1640085960,2021-12-21T11:26:00
0.00105548,0.00105548,0.00105548,0.00105548,1640085480,2021-12-21T11:18:00
0.00109292,0.00109292,0.00109292,0.00109292,1640085000,2021-12-21T11:10:00
0.0011468,0.0011468,0.0011468,0.0011468,1640083680,2021-12-21T10:48:00
0.00109807,0.00109807,0.00109807,0.00109807,1640082840,2021-12-21T10:34:00
0.00103901,0.00103901,0.00103901,0.00103901,1640081160,2021-12-21T10:06:00
0.000981625,0.000981625,0.000981625,0.000981625,1640081100,2021-12-21T10:05:00
0.000948881,0.000948881,0.000948881,0.000948881,1640078040,2021-12-21T09:14:00
0.000920147,0.000920147,0.000920147,0.000920147,1640072160,2021-12-21T07:36:00
0.000886167,0.000886167,0.000886167,0.000886167,1640071260,2021-12-21T07:21:00
0.000869059,0.000869059,0.000869059,0.000869059,1640068680,2021-12-21T06:38:00
0.000898311,0.000898311,0.000898311,0.000898311,1640068020,2021-12-21T06:27:00
0.000836334,0.000836334,0.000836334,0.000836334,1640067780,2021-12-21T06:23:00
0.000890879,0.000890879,0.000890879,0.000890879,1640067240,2021-12-21T06:14:00
0.000875818,0.000875818,0.000875818,0.000875818,1640056500,2021-12-21T03:15:00
0.00090026,0.00090026,0.00090026,0.00090026,1640053620,2021-12-21T02:27:00
0.000997863,0.000997863,0.000997863,0.000997863,1640049000,2021-12-21T01:10:00
0.00105861,0.00105861,0.00105861,0.00105861,1640035440,2021-12-20T21:24:00
0.000977425,0.000977425,0.000977425,0.000977425,1640022600,2021-12-20T17:50:00
0.000907662,0.000907662,0.000907662,0.000907662,1640017260,2021-12-20T16:21:00
0.000964683,0.000964683,0.000964683,0.000964683,1640014560,2021-12-20T15:36:00
0.00102757,0.00102757,0.00102757,0.00102757,1640013720,2021-12-20T15:22:00
0.000960929,0.000960929,0.000960929,0.000960929,1640003340,2021-12-20T12:29:00
0.000890564,0.000890564,0.000890564,0.000890564,1640003220,2021-12-20T12:27:00
0.000908731,0.000908731,0.000908731,0.000908731,1640000460,2021-12-20T11:41:00
0.000917033,0.000917033,0.000917033,0.000917033,1639993920,2021-12-20T09:52:00
0.000915337,0.000915337,0.000915337,0.000915337,1639992960,2021-12-20T09:36:00
0.000971879,0.000971879,0.000971879,0.000971879,1639989120,2021-12-20T08:32:00
0.000963514,0.000963514,0.000963514,0.000963514,1639987080,2021-12-20T07:58:00
0.00102877,0.00102877,0.00102877,0.00102877,1639986000,2021-12-20T07:40:00
0.00113027,0.00113027,0.00113027,0.00113027,1639984320,2021-12-20T07:12:00
0.000990182,0.000990182,0.000990182,0.000990182,1639974000,2021-12-20T04:20:00
0.000946449,0.000946449,0.000946449,0.000946449,1639957800,2021-12-19T23:50:00
0.000893935,0.000893935,0.000893935,0.000893935,1639957080,2021-12-19T23:38:00
0.000904923,0.000904923,0.000904923,0.000904923,1639954140,2021-12-19T22:49:00
0.000875463,0.000875463,0.000875463,0.000875463,1639951140,2021-12-19T21:59:00
0.00093234,0.00093234,0.00093234,0.00093234,1639949880,2021-12-19T21:38:00
0.000981599,0.000981599,0.000981599,0.000981599,1639939260,2021-12-19T18:41:00
0.000922939,0.000922939,0.000922939,0.000922939,1639930440,2021-12-19T16:14:00
0.000956873,0.000956873,0.000956873,0.000956873,1639929660,2021-12-19T16:01:00
0.00102742,0.00102742,0.00102742,0.00102742,1639929540,2021-12-19T15:59:00
0.000973296,0.000973296,0.000973296,0.000973296,1639929060,2021-12-19T15:51:00
0.000965025,0.000965025,0.000965025,0.000965025,1639928880,2021-12-19T15:48:00
0.00108307,0.00108307,0.00108307,0.00108307,1639926780,2021-12-19T15:13:00
0.00113658,0.00113658,0.00113658,0.00113658,1639926060,2021-12-19T15:01:00
0.00110446,0.00110446,0.00110446,0.00110446,1639925340,2021-12-19T14:49:00
0.00107789,0.00107789,0.00107789,0.00107789,1639918740,2021-12-19T12:59:00
0.00107551,0.00107551,0.00107551,0.00107551,1639917180,2021-12-19T12:33:00
0.00110668,0.00110668,0.00110668,0.00110668,1639916280,2021-12-19T12:18:00
0.00108415,0.00108415,0.00108415,0.00108415,1639913580,2021-12-19T11:33:00
0.00103114,0.00103114,0.00103114,0.00103114,1639913280,2021-12-19T11:28:00
0.000984599,0.000984599,0.000984599,0.000984599,1639911720,2021-12-19T11:02:00
0.000991676,0.000991676,0.000991676,0.000991676,1639910280,2021-12-19T10:38:00
0.00102992,0.00102992,0.00102992,0.00102992,1639901100,2021-12-19T08:05:00
0.000976507,0.000976507,0.000976507,0.000976507,1639897980,2021-12-19T07:13:00
0.00106121,0.00106121,0.00106121,0.00106121,1639897200,2021-12-19T07:00:00
0.00127159,0.00127159,0.00127159,0.00127159,1639895700,2021-12-19T06:35:00
0.00128112,0.00128112,0.00128112,0.00128112,1639895280,2021-12-19T06:28:00
0.00117521,0.00117521,0.00117521,0.00117521,1639894860,2021-12-19T06:21:00
0.00110671,0.00110671,0.00110671,0.00110671,1639894740,2021-12-19T06:19:00
0.00107405,0.00107405,0.00107405,0.00107405,1639888020,2021-12-19T04:27:00
0.00108826,0.00108826,0.00108826,0.00108826,1639886820,2021-12-19T04:07:00
0.0011167,0.0011167,0.0011167,0.0011167,1639881120,2021-12-19T02:32:00
0.00119855,0.00119855,0.00119855,0.00119855,1639879980,2021-12-19T02:13:00
0.000938302,0.000938302,0.000938302,0.000938302,1639879920,2021-12-19T02:12:00
0.00083935,0.00083935,0.00083935,0.00083935,1639879680,2021-12-19T02:08:00
0.000921391,0.000921391,0.000921391,0.000921391,1639879020,2021-12-19T01:57:00
0.00105865,0.00105865,0.00105865,0.00105865,1639874340,2021-12-19T00:39:00
0.00106114,0.00108279,0.00106114,0.00108279,1639874040,2021-12-19T00:34:00
0.00101839,0.00101839,0.00101839,0.00101839,1639873500,2021-12-19T00:25:00
0.00104428,0.00104428,0.00104428,0.00104428,1639871580,2021-12-18T23:53:00
0.00107158,0.00107158,0.00107158,0.00107158,1639870140,2021-12-18T23:29:00
0.00112273,0.00112273,0.00112273,0.00112273,1639867620,2021-12-18T22:47:00
0.00116297,0.00116297,0.00116297,0.00116297,1639867560,2021-12-18T22:46:00
0.00112023,0.00112023,0.00112023,0.00112023,1639867380,2021-12-18T22:43:00
0.00112422,0.00112422,0.00112422,0.00112422,1639866960,2021-12-18T22:36:00
0.00108799,0.00108799,0.00108799,0.00108799,1639865940,2021-12-18T22:19:00
0.00110176,0.00110176,0.00110176,0.00110176,1639864800,2021-12-18T22:00:00
0.00114447,0.00114447,0.00114447,0.00114447,1639863180,2021-12-18T21:33:00
0.0011308,0.0011308,0.0011308,0.0011308,1639860180,2021-12-18T20:43:00
0.00111789,0.00111789,0.00111789,0.00111789,1639858800,2021-12-18T20:20:00
0.00108182,0.00108182,0.00108182,0.00108182,1639854540,2021-12-18T19:09:00
0.000992347,0.000992347,0.000992347,0.000992347,1639854000,2021-12-18T19:00:00
0.000993281,0.000993281,0.000993281,0.000993281,1639853760,2021-12-18T18:56:00
0.00103086,0.00103086,0.00103086,0.00103086,1639847820,2021-12-18T17:17:00
0.00104341,0.00104341,0.00104341,0.00104341,1639843140,2021-12-18T15:59:00
0.00109283,0.00109283,0.00109283,0.00109283,1639842180,2021-12-18T15:43:00
0.00107618,0.00107618,0.00107618,0.00107618,1639841400,2021-12-18T15:30:00
0.00100747,0.00100747,0.00100747,0.00100747,1639840140,2021-12-18T15:09:00
0.00104954,0.00104954,0.00104954,0.00104954,1639840020,2021-12-18T15:07:00
0.00112389,0.00112389,0.00112389,0.00112389,1639838880,2021-12-18T14:48:00
0.00112742,0.00112742,0.00112742,0.00112742,1639838460,2021-12-18T14:41:00
0.00109065,0.00109065,0.00109065,0.00109065,1639820340,2021-12-18T09:39:00
0.0010594,0.0010594,0.0010594,0.0010594,1639818480,2021-12-18T09:08:00
0.00107897,0.00107897,0.00107897,0.00107897,1639813560,2021-12-18T07:46:00
0.00103881,0.00103881,0.00103881,0.00103881,1639811280,2021-12-18T07:08:00
0.000977888,0.000977888,0.000977888,0.000977888,1639810920,2021-12-18T07:02:00
0.00100568,0.00100568,0.00100568,0.00100568,1639810560,2021-12-18T06:56:00
0.00107349,0.00107349,0.00107349,0.00107349,1639809780,2021-12-18T06:43:00
0.00102895,0.00102895,0.00102895,0.00102895,1639807500,2021-12-18T06:05:00
0.00101013,0.00101013,0.00101013,0.00101013,1639807260,2021-12-18T06:01:00
0.00106873,0.00106873,0.00106873,0.00106873,1639805160,2021-12-18T05:26:00
0.00110886,0.00110886,0.00110886,0.00110886,1639798500,2021-12-18T03:35:00
0.00106866,0.00106866,0.00106866,0.00106866,1639790820,2021-12-18T01:27:00
0.00101222,0.00101222,0.00101222,0.00101222,1639790760,2021-12-18T01:26:00
0.00113117,0.00113117,0.00113117,0.00113117,1639785300,2021-12-17T23:55:00
0.00112058,0.00112058,0.00112058,0.00112058,1639785120,2021-12-17T23:52:00
0.00105698,0.00105698,0.00105698,0.00105698,1639773960,2021-12-17T20:46:00
0.00113026,0.00113026,0.00113026,0.00113026,1639773780,2021-12-17T20:43:00
0.000992661,0.000992661,0.000992661,0.000992661,1639772820,2021-12-17T20:27:00
0.00105538,0.00105538,0.00105538,0.00105538,1639770120,2021-12-17T19:42:00
0.00114058,0.00114058,0.00114058,0.00114058,1639769160,2021-12-17T19:26:00
0.00108452,0.00108452,0.00108452,0.00108452,1639766880,2021-12-17T18:48:00
0.00099575,0.00099575,0.00099575,0.00099575,1639766700,2021-12-17T18:45:00
0.000945018,0.000945018,0.000945018,0.000945018,1639764180,2021-12-17T18:03:00
0.000906234,0.000906234,0.000906234,0.000906234,1639764060,2021-12-17T18:01:00
0.000871234,0.000871234,0.000871234,0.000871234,1639763880,2021-12-17T17:58:00
0.000982363,0.000982363,0.000982363,0.000982363,1639763580,2021-12-17T17:53:00
0.00116009,0.00116009,0.00116009,0.00116009,1639763340,2021-12-17T17:49:00
0.00120912,0.00120912,0.00120912,0.00120912,1639759440,2021-12-17T16:44:00
0.00119962,0.00119962,0.00119962,0.00119962,1639758360,2021-12-17T16:26:00
0.00107427,0.00107427,0.00107427,0.00107427,1639753920,2021-12-17T15:12:00
0.0010457,0.0010457,0.0010457,0.0010457,1639753680,2021-12-17T15:08:00
0.00115312,0.00115312,0.00115312,0.00115312,1639751100,2021-12-17T14:25:00
0.00121629,0.00121629,0.00121629,0.00121629,1639747320,2021-12-17T13:22:00
0.00123554,0.00123554,0.00123554,0.00123554,1639743900,2021-12-17T12:25:00
0.00120201,0.00120201,0.00120201,0.00120201,1639743420,2021-12-17T12:17:00
0.00115701,0.00115701,0.00115701,0.00115701,1639742340,2021-12-17T11:59:00
0.00110475,0.00110475,0.00110475,0.00110475,1639739700,2021-12-17T11:15:00
0.00106521,0.00106521,0.00106521,0.00106521,1639735140,2021-12-17T09:59:00
0.00101831,0.00101831,0.00101831,0.00101831,1639734360,2021-12-17T09:46:00
0.00106559,0.00106559,0.00106559,0.00106559,1639734120,2021-12-17T09:42:00
0.00112654,0.00112654,0.00112654,0.00112654,1639733400,2021-12-17T09:30:00
0.00109647,0.00109647,0.00109647,0.00109647,1639731660,2021-12-17T09:01:00
0.00108751,0.00108751,0.00108751,0.00108751,1639731240,2021-12-17T08:54:00
0.00118703,0.00118703,0.00118703,0.00118703,1639729560,2021-12-17T08:26:00
0.00135247,0.00135247,0.00135247,0.00135247,1639728420,2021-12-17T08:07:00
0.00129835,0.00129835,0.00129835,0.00129835,1639728180,2021-12-17T08:03:00
0.00120447,0.00120447,0.00120447,0.00120447,1639727220,2021-12-17T07:47:00
0.0012237,0.0012237,0.0012237,0.0012237,1639722300,2021-12-17T06:25:00
0.00118736,0.00118736,0.00118736,0.00118736,1639715220,2021-12-17T04:27:00
0.00115085,0.00115085,0.00115085,0.00115085,1639707960,2021-12-17T02:26:00
0.00119477,0.00119477,0.00119477,0.00119477,1639707840,2021-12-17T02:24:00
0.0012863,0.0012863,0.0012863,0.0012863,1639704480,2021-12-17T01:28:00
0.00127466,0.00127466,0.00127466,0.00127466,1639702680,2021-12-17T00:58:00
0.00123077,0.00123077,0.00123077,0.00123077,1639702560,2021-12-17T00:56:00
0.00119476,0.00119476,0.00119476,0.00119476,1639699380,2021-12-17T00:03:00
0.00121197,0.00121197,0.00121197,0.00121197,1639696620,2021-12-16T23:17:00
0.00110521,0.00121325,0.00110521,0.00121325,1639691940,2021-12-16T21:59:00
0.00100608,0.00100608,0.00100608,0.00100608,1639690620,2021-12-16T21:37:00
0.00100725,0.00100725,0.00100725,0.00100725,1639683360,2021-12-16T19:36:00
0.00103241,0.00103241,0.00103241,0.00103241,1639680840,2021-12-16T18:54:00
0.00114314,0.00114314,0.00114314,0.00114314,1639670340,2021-12-16T15:59:00
0.00125913,0.00125913,0.00125913,0.00125913,1639670220,2021-12-16T15:57:00
0.0011749,0.0011749,0.0011749,0.0011749,1639670040,2021-12-16T15:54:00
0.00105952,0.00109878,0.00105952,0.00109878,1639661760,2021-12-16T13:36:00
0.00108664,0.00108664,0.00108664,0.00108664,1639655160,2021-12-16T11:46:00
0.0012387,0.0012387,0.0012387,0.0012387,1639654920,2021-12-16T11:42:00
0.00137633,0.00137633,0.00137633,0.00137633,1639653660,2021-12-16T11:21:00
0.0014414,0.0014414,0.0014414,0.0014414,1639653060,2021-12-16T11:11:00
0.0016227,0.0016227,0.0016227,0.0016227,1639652700,2021-12-16T11:05:00
0.00115549,0.00115549,0.00115549,0.00115549,1639649160,2021-12-16T10:06:00
0.00119034,0.00119034,0.00119034,0.00119034,1639647900,2021-12-16T09:45:00
0.00120215,0.00120215,0.00120215,0.00120215,1639647780,2021-12-16T09:43:00
0.00113319,0.00113319,0.00113319,0.00113319,1639646340,2021-12-16T09:19:00
0.00109624,0.00109624,0.00109624,0.00109624,1639639680,2021-12-16T07:28:00
0.00107242,0.00107242,0.00107242,0.00107242,1639637340,2021-12-16T06:49:00
0.00107616,0.00107616,0.00107616,0.00107616,1639635720,2021-12-16T06:22:00
0.0010586,0.0010586,0.0010586,0.0010586,1639631520,2021-12-16T05:12:00
0.00111481,0.00111481,0.00111481,0.00111481,1639630080,2021-12-16T04:48:00
0.00124818,0.00124818,0.00120214,0.00120214,1639625520,2021-12-16T03:32:00
0.00128629,0.00128629,0.00128629,0.00128629,1639623660,2021-12-16T03:01:00
0.00131836,0.00131836,0.00131836,0.00131836,1639622880,2021-12-16T02:48:00
0.00120094,0.00120094,0.00120094,0.00120094,1639620840,2021-12-16T02:14:00
0.0010753,0.0010753,0.0010753,0.0010753,1639620300,2021-12-16T02:05:00
0.00116796,0.00116796,0.00116796,0.00116796,1639619760,2021-12-16T01:56:00
0.00121006,0.00121006,0.00121006,0.00121006,1639617840,2021-12-16T01:24:00
0.00110803,0.00110803,0.00110803,0.00110803,1639617720,2021-12-16T01:22:00
0.00106374,0.00106374,0.00106374,0.00106374,1639616700,2021-12-16T01:05:00
0.00117959,0.00117959,0.00117959,0.00117959,1639614660,2021-12-16T00:31:00
0.00101428,0.00101428,0.00101428,0.00101428,1639612560,2021-12-15T23:56:00
0.00100736,0.00100736,0.00100736,0.00100736,1639608240,2021-12-15T22:44:00
0.00103651,0.00103651,0.00103651,0.00103651,1639607460,2021-12-15T22:31:00
0.00119008,0.00119008,0.00119008,0.00119008,1639605900,2021-12-15T22:05:00
0.00119592,0.00119592,0.00119592,0.00119592,1639603500,2021-12-15T21:25:00
0.00110264,0.00110264,0.00110264,0.00110264,1639597380,2021-12-15T19:43:00
0.00110347,0.00110347,0.00110347,0.00110347,1639597320,2021-12-15T19:42:00
0.00107354,0.00107354,0.00107354,0.00107354,1639596540,2021-12-15T19:29:00
0.00105651,0.00105651,0.00105651,0.00105651,1639589400,2021-12-15T17:30:00
0.00111279,0.00111279,0.00111279,0.00111279,1639579860,2021-12-15T14:51:00
0.00119467,0.00119467,0.00119467,0.00119467,1639577640,2021-12-15T14:14:00
0.00122077,0.00122077,0.00122077,0.00122077,1639577160,2021-12-15T14:06:00
0.00115494,0.00115494,0.00115494,0.00115494,1639575480,2021-12-15T13:38:00
0.00116633,0.00116633,0.00116633,0.00116633,1639574220,2021-12-15T13:17:00
0.00120381,0.00120381,0.00120381,0.00120381,1639573260,2021-12-15T13:01:00
0.00116061,0.00116061,0.00116061,0.00116061,1639572900,2021-12-15T12:55:00
0.00112428,0.00112428,0.00112428,0.00112428,1639572240,2021-12-15T12:44:00
0.00109543,0.00109543,0.00109543,0.00109543,1639572120,2021-12-15T12:42:00
0.00109857,0.00109857,0.00109857,0.00109857,1639569660,2021-12-15T12:01:00
0.00111177,0.00111177,0.00111177,0.00111177,1639564620,2021-12-15T10:37:00
0.00113626,0.00113626,0.00113626,0.00113626,1639561560,2021-12-15T09:46:00
0.00112463,0.00112463,0.00112463,0.00112463,1639561260,2021-12-15T09:41:00
0.00111542,0.00111542,0.00111542,0.00111542,1639560240,2021-12-15T09:24:00
0.00123507,0.00123507,0.00123507,0.00123507,1639558020,2021-12-15T08:47:00
0.00129805,0.00129805,0.00129805,0.00129805,1639553520,2021-12-15T07:32:00
0.00134347,0.00134347,0.00134347,0.00134347,1639552380,2021-12-15T07:13:00
0.00140315,0.00140315,0.00140315,0.00140315,1639550520,2021-12-15T06:42:00
0.00155462,0.00155462,0.00155462,0.00155462,1639549320,2021-12-15T06:22:00
0.00156374,0.00156374,0.00156374,0.00156374,1639549260,2021-12-15T06:21:00
0.00140111,0.00140111,0.00140111,0.00140111,1639546680,2021-12-15T05:38:00
0.00129668,0.00129668,0.00129668,0.00129668,1639532700,2021-12-15T01:45:00
0.0012441,0.0012441,0.0012441,0.0012441,1639529640,2021-12-15T00:54:00
0.00132632,0.00132632,0.00132632,0.00132632,1639529580,2021-12-15T00:53:00
0.00139434,0.00139434,0.00139434,0.00139434,1639528980,2021-12-15T00:43:00
0.00137995,0.00137995,0.00137995,0.00137995,1639528320,2021-12-15T00:32:00
0.00138644,0.00138644,0.00138644,0.00138644,1639528200,2021-12-15T00:30:00
0.00133428,0.00133428,0.00133428,0.00133428,1639527480,2021-12-15T00:18:00
0.00123467,0.00123467,0.00123467,0.00123467,1639521720,2021-12-14T22:42:00
0.00114609,0.00114609,0.00114609,0.00114609,1639521120,2021-12-14T22:32:00
0.00108201,0.00108201,0.00108201,0.00108201,1639518600,2021-12-14T21:50:00
0.00101537,0.00101537,0.00101537,0.00101537,1639515540,2021-12-14T20:59:00
0.00102767,0.00102767,0.00102767,0.00102767,1639515360,2021-12-14T20:56:00
0.00104501,0.00104501,0.00104501,0.00104501,1639513140,2021-12-14T20:19:00
0.000996479,0.000996479,0.000996479,0.000996479,1639512960,2021-12-14T20:16:00
0.000948668,0.000948668,0.000948668,0.000948668,1639510800,2021-12-14T19:40:00
0.000909917,0.000909917,0.000909917,0.000909917,1639510680,2021-12-14T19:38:00
0.000842492,0.000842492,0.000842492,0.000842492,1639510500,2021-12-14T19:35:00
0.000919973,0.000919973,0.000919973,0.000919973,1639510440,2021-12-14T19:34:00
0.00107555,0.00107555,0.00107555,0.00107555,1639500420,2021-12-14T16:47:00
0.00103064,0.00103064,0.00103064,0.00103064,1639499700,2021-12-14T16:35:00
0.0010167,0.0010167,0.0010167,0.0010167,1639498440,2021-12-14T16:14:00
0.00114788,0.00114788,0.00102798,0.00102798,1639498380,2021-12-14T16:13:00
0.00109396,0.00109396,0.00109396,0.00109396,1639498200,2021-12-14T16:10:00
0.0012146,0.0012146,0.0012146,0.0012146,1639498080,2021-12-14T16:08:00
0.00115587,0.00115587,0.00115587,0.00115587,1639497780,2021-12-14T16:03:00
0.00116439,0.00116439,0.00116439,0.00116439,1639495680,2021-12-14T15:28:00
0.00121461,0.00121461,0.00121461,0.00121461,1639493280,2021-12-14T14:48:00
0.0011883,0.0011883,0.0011883,0.0011883,1639491600,2021-12-14T14:20:00
0.00109315,0.00109315,0.00109315,0.00109315,1639490700,2021-12-14T14:05:00
0.00102132,0.00102132,0.00102132,0.00102132,1639485540,2021-12-14T12:39:00
0.000984267,0.000984267,0.000984267,0.000984267,1639484880,2021-12-14T12:28:00
0.000966175,0.000966175,0.000966175,0.000966175,1639484700,2021-12-14T12:25:00
0.000993408,0.000993408,0.000993408,0.000993408,1639482900,2021-12-14T11:55:00
0.00105213,0.00105213,0.00105213,0.00105213,1639482300,2021-12-14T11:45:00
0.00111874,0.00111874,0.00111874,0.00111874,1639482120,2021-12-14T11:42:00
0.00125171,0.00125171,0.00125171,0.00125171,1639476540,2021-12-14T10:09:00
0.00121984,0.00121984,0.00121984,0.00121984,1639473840,2021-12-14T09:24:00
0.0012489,0.0012489,0.0012489,0.0012489,1639470180,2021-12-14T08:23:00
0.0013459,0.0013459,0.0013459,0.0013459,1639469940,2021-12-14T08:19:00
0.00139138,0.00139138,0.00139138,0.00139138,1639467780,2021-12-14T07:43:00
0.00157323,0.00157323,0.00157323,0.00157323,1639467720,2021-12-14T07:42:00
0.00143607,0.00143607,0.00143607,0.00143607,1639467480,2021-12-14T07:38:00
0.0012846,0.0012846,0.0012846,0.0012846,1639466220,2021-12-14T07:17:00
0.00118663,0.00118663,0.00118663,0.00118663,1639459680,2021-12-14T05:28:00
0.00116068,0.00116068,0.00116068,0.00116068,1639459080,2021-12-14T05:18:00
0.0013118,0.0013118,0.0013118,0.0013118,1639456620,2021-12-14T04:37:00
0.00139517,0.00139517,0.00139517,0.00139517,1639455060,2021-12-14T04:11:00
0.00146509,0.00146509,0.00146509,0.00146509,1639454220,2021-12-14T03:57:00
0.00161182,0.00161182,0.00161182,0.00161182,1639453500,2021-12-14T03:45:00
0.00124291,0.00124291,0.00124291,0.00124291,1639452900,2021-12-14T03:35:00
0.00117892,0.00117892,0.00117892,0.00117892,1639450080,2021-12-14T02:48:00
0.00116253,0.00116253,0.00116253,0.00116253,1639448940,2021-12-14T02:29:00
0.00121829,0.00121829,0.00121829,0.00121829,1639447500,2021-12-14T02:05:00
0.00122057,0.00122057,0.00122057,0.00122057,1639443840,2021-12-14T01:04:00
0.00107788,0.00107788,0.00107788,0.00107788,1639443300,2021-12-14T00:55:00
0.00100394,0.00100394,0.000940156,0.000940156,1639442700,2021-12-14T00:45:00
0.00114501,0.00114501,0.00114501,0.00114501,1639441800,2021-12-14T00:30:00
0.00117851,0.00117851,0.00117851,0.00117851,1639439100,2021-12-13T23:45:00
0.00121211,0.00121211,0.00121211,0.00121211,1639438860,2021-12-13T23:41:00
0.00126928,0.00126928,0.00126928,0.00126928,1639436160,2021-12-13T22:56:00
0.00127077,0.00127077,0.00127077,0.00127077,1639434060,2021-12-13T22:21:00
0.00119126,0.00119126,0.00119126,0.00119126,1639433280,2021-12-13T22:08:00
0.00115847,0.00115847,0.00115847,0.00115847,1639432920,2021-12-13T22:02:00
0.00116,0.00116,0.00116,0.00116,1639432020,2021-12-13T21:47:00
0.001167,0.001167,0.001167,0.001167,1639430160,2021-12-13T21:16:00
0.0012406,0.0012406,0.0012406,0.0012406,1639429020,2021-12-13T20:57:00
0.00124587,0.00124587,0.00124587,0.00124587,1639428600,2021-12-13T20:50:00
0.00124611,0.00124611,0.00124611,0.00124611,1639428180,2021-12-13T20:43:00
0.00129598,0.00129598,0.00129598,0.00129598,1639427460,2021-12-13T20:31:00
0.00132073,0.00132073,0.00132073,0.00132073,1639427280,2021-12-13T20:28:00
0.00132871,0.00132871,0.00132871,0.00132871,1639422900,2021-12-13T19:15:00
0.00133053,0.00133053,0.00133053,0.00133053,1639421340,2021-12-13T18:49:00
0.0013752,0.0013752,0.0013752,0.0013752,1639418160,2021-12-13T17:56:00
0.00136821,0.00136821,0.00136821,0.00136821,1639414980,2021-12-13T17:03:00
0.00133058,0.00133058,0.00133058,0.00133058,1639414920,2021-12-13T17:02:00
0.00127936,0.00127936,0.00127936,0.00127936,1639414440,2021-12-13T16:54:00
0.00122169,0.00122169,0.00122169,0.00122169,1639414380,2021-12-13T16:53:00
0.00114391,0.00114391,0.00114391,0.00114391,1639412760,2021-12-13T16:26:00
0.00119554,0.00119554,0.00119554,0.00119554,1639412700,2021-12-13T16:25:00
0.00142482,0.00142482,0.00142482,0.00142482,1639412040,2021-12-13T16:14:00
0.00160568,0.00160568,0.00160568,0.00160568,1639406700,2021-12-13T14:45:00
0.0015669,0.0015669,0.0015669,0.0015669,1639405800,2021-12-13T14:30:00
0.0015534,0.0015534,0.0015534,0.0015534,1639405200,2021-12-13T14:20:00
0.00168618,0.00168618,0.00168618,0.00168618,1639405140,2021-12-13T14:19:00
0.00177743,0.00177743,0.00177743,0.00177743,1639404180,2021-12-13T14:03:00
0.00176063,0.00176063,0.00176063,0.00176063,1639403760,2021-12-13T13:56:00
0.00184437,0.00184437,0.00184437,0.00184437,1639403700,2021-12-13T13:55:00
0.00190305,0.00190305,0.00190305,0.00190305,1639402440,2021-12-13T13:34:00
0.00180748,0.0018668,0.00180748,0.0018668,1639402200,2021-12-13T13:30:00
0.00179671,0.00179671,0.00179671,0.00179671,1639402140,2021-12-13T13:29:00
0.00189164,0.00189164,0.00189164,0.00189164,1639402020,2021-12-13T13:27:00
0.00194759,0.00194759,0.00194759,0.00194759,1639401960,2021-12-13T13:26:00
0.00192265,0.00192265,0.00192265,0.00192265,1639401720,2021-12-13T13:22:00
0.00203258,0.00203258,0.00203258,0.00203258,1639401420,2021-12-13T13:17:00
0.0020601,0.0020601,0.0020601,0.0020601,1639401360,2021-12-13T13:16:00
0.00199912,0.00199912,0.00199912,0.00199912,1639401180,2021-12-13T13:13:00
0.0019858,0.0019858,0.0019858,0.0019858,1639401120,2021-12-13T13:12:00
0.0019817,0.0019817,0.0019817,0.0019817,1639400940,2021-12-13T13:09:00
0.00197417,0.00197417,0.00197417,0.00197417,1639400820,2021-12-13T13:07:00
0.00198545,0.00198545,0.00198545,0.00198545,1639400760,2021-12-13T13:06:00
0.00196755,0.00196755,0.00196755,0.00196755,1639400220,2021-12-13T12:57:00
0.00194629,0.00194629,0.00194629,0.00194629,1639400040,2021-12-13T12:54:00
0.00235397,0.00235397,0.00235397,0.00235397,1639399800,2021-12-13T12:50:00
0.00185977,0.00185977,0.00185977,0.00185977,1639399440,2021-12-13T12:44:00
0.00191852,0.00191852,0.00191852,0.00191852,1639399260,2021-12-13T12:41:00
0.00182569,0.00182569,0.00182569,0.00182569,1639398900,2021-12-13T12:35:00
0.00179636,0.00179636,0.00179636,0.00179636,1639398600,2021-12-13T12:30:00
0.00181666,0.00181666,0.00181666,0.00181666,1639398480,2021-12-13T12:28:00
0.0019232,0.0019232,0.0019232,0.0019232,1639398420,2021-12-13T12:27:00
0.00201518,0.00201518,0.00201518,0.00201518,1639398240,2021-12-13T12:24:00
0.00190298,0.00190298,0.00190298,0.00190298,1639397820,2021-12-13T12:17:00
0.00187892,0.00187892,0.00187892,0.00187892,1639397760,2021-12-13T12:16:00
0.00191056,0.00191056,0.00191056,0.00191056,1639397580,2021-12-13T12:13:00
0.00193271,0.00193271,0.00193271,0.00193271,1639397400,2021-12-13T12:10:00
0.00187872,0.00187872,0.00187872,0.00187872,1639397040,2021-12-13T12:04:00
0.00181865,0.00181865,0.00181865,0.00181865,1639396920,2021-12-13T12:02:00
0.00180167,0.00180167,0.00180167,0.00180167,1639396800,2021-12-13T12:00:00
0.00185649,0.00185649,0.00185649,0.00185649,1639396740,2021-12-13T11:59:00
0.0019166,0.0019166,0.00185722,0.00185722,1639396680,2021-12-13T11:58:00
0.00196134,0.00196134,0.00196134,0.00196134,1639396620,2021-12-13T11:57:00
0.0019324,0.0019324,0.0019324,0.0019324,1639396560,2021-12-13T11:56:00
0.00173696,0.00173696,0.00173696,0.00173696,1639396500,2021-12-13T11:55:00
0.0017692,0.0017692,0.0017692,0.0017692,1639396320,2021-12-13T11:52:00
0.00173753,0.00173753,0.00173753,0.00173753,1639396140,2021-12-13T11:49:00
0.00167626,0.00167626,0.00167626,0.00167626,1639395780,2021-12-13T11:43:00
0.00162578,0.00162578,0.00162578,0.00162578,1639395660,2021-12-13T11:41:00
0.00162099,0.00162099,0.00162099,0.00162099,1639395420,2021-12-13T11:37:00
0.00155366,0.00155366,0.00155366,0.00155366,1639395180,2021-12-13T11:33:00
0.00144248,0.00147178,0.00144248,0.00147178,1639395060,2021-12-13T11:31:00
0.00141984,0.00141984,0.00141984,0.00141984,1639395000,2021-12-13T11:30:00
0.00131594,0.00136111,0.00131594,0.00136111,1639394940,2021-12-13T11:29:00
0.00137822,0.00137822,0.00137822,0.00137822,1639394820,2021-12-13T11:27:00
0.00148826,0.00148826,0.00146646,0.00146646,1639394460,2021-12-13T11:21:00
0.00146212,0.00146212,0.00146212,0.00146212,1639394160,2021-12-13T11:16:00
0.0014829,0.0014829,0.0014829,0.0014829,1639393980,2021-12-13T11:13:00
0.00152962,0.00152962,0.00152962,0.00152962,1639393440,2021-12-13T11:04:00
0.00156998,0.00156998,0.00156998,0.00156998,1639392900,2021-12-13T10:55:00
0.00155471,0.00155471,0.00155471,0.00155471,1639392540,2021-12-13T10:49:00
0.0015883,0.0015883,0.0015883,0.0015883,1639392120,2021-12-13T10:42:00
0.00164776,0.00164776,0.00164776,0.00164776,1639391640,2021-12-13T10:34:00
0.00159801,0.00159801,0.00159801,0.00159801,1639391460,2021-12-13T10:31:00
0.00153304,0.00154811,0.00153304,0.00154811,1639391400,2021-12-13T10:30:00
0.00151332,0.00151332,0.00151332,0.00151332,1639391040,2021-12-13T10:24:00
0.00154981,0.00154981,0.00154981,0.00154981,1639390980,2021-12-13T10:23:00
0.00161772,0.00161772,0.00161772,0.00161772,1639390920,2021-12-13T10:22:00
0.00157953,0.00157953,0.00157953,0.00157953,1639390860,2021-12-13T10:21:00
0.00156349,0.00156349,0.00155075,0.00155075,1639390800,2021-12-13T10:20:00
0.00158644,0.00158644,0.00158644,0.00158644,1639390740,2021-12-13T10:19:00
0.00162359,0.00162359,0.00162359,0.00162359,1639390560,2021-12-13T10:16:00
0.00162459,0.00162459,0.00162459,0.00162459,1639390380,2021-12-13T10:13:00
0.00165421,0.00165421,0.00165421,0.00165421,1639390320,2021-12-13T10:12:00
0.00170169,0.00170169,0.00170169,0.00170169,1639390260,2021-12-13T10:11:00
0.0017437,0.0017437,0.0017437,0.0017437,1639390200,2021-12-13T10:10:00
0.0018797,0.0018797,0.00182522,0.00182522,1639390080,2021-12-13T10:08:00
0.00182057,0.00182057,0.00182057,0.00182057,1639389900,2021-12-13T10:05:00
0.00176413,0.00176413,0.00176413,0.00176413,1639389720,2021-12-13T10:02:00
0.00166108,0.00168932,0.00166108,0.00168932,1639389600,2021-12-13T10:00:00
0.00165185,0.00165185,0.00165185,0.00165185,1639389240,2021-12-13T09:54:00
0.0016429,0.0016429,0.0016429,0.0016429,1639389180,2021-12-13T09:53:00
0.00162383,0.00162383,0.00162383,0.00162383,1639389060,2021-12-13T09:51:00
0.00160495,0.00160495,0.00160495,0.00160495,1639388520,2021-12-13T09:42:00
0.00158283,0.00158283,0.00158283,0.00158283,1639388340,2021-12-13T09:39:00
0.00159065,0.00159065,0.00159065,0.00159065,1639388040,2021-12-13T09:34:00
0.00163435,0.00163435,0.00163435,0.00163435,1639387440,2021-12-13T09:24:00
0.00160287,0.00160287,0.00160287,0.00160287,1639386840,2021-12-13T09:14:00
0.0015449,0.0015449,0.0015449,0.0015449,1639386780,2021-12-13T09:13:00
0.00151667,0.00151667,0.00151667,0.00151667,1639386720,2021-12-13T09:12:00
0.00151475,0.00151475,0.00151475,0.00151475,1639386480,2021-12-13T09:08:00
0.00149322,0.00149322,0.00149322,0.00149322,1639385700,2021-12-13T08:55:00
0.00150689,0.00150689,0.00150689,0.00150689,1639379640,2021-12-13T07:14:00
0.00150362,0.00150362,0.00150362,0.00150362,1639378500,2021-12-13T06:55:00
0.00151646,0.00151646,0.00151646,0.00151646,1639377720,2021-12-13T06:42:00
0.00156288,0.00156288,0.00156288,0.00156288,1639374840,2021-12-13T05:54:00
0.00150957,0.00150957,0.00150957,0.00150957,1639373220,2021-12-13T05:27:00
0.00143451,0.00143451,0.00143451,0.00143451,1639372440,2021-12-13T05:14:00
0.00141568,0.00141568,0.00141568,0.00141568,1639371480,2021-12-13T04:58:00
0.00144161,0.00144161,0.00144161,0.00144161,1639371240,2021-12-13T04:54:00
0.00141636,0.00141636,0.00141636,0.00141636,1639370460,2021-12-13T04:41:00
0.00135134,0.00135134,0.00135134,0.00135134,1639370160,2021-12-13T04:36:00
0.00145134,0.00145134,0.00145134,0.00145134,1639369440,2021-12-13T04:24:00
0.00159184,0.00159184,0.00159184,0.00159184,1639369260,2021-12-13T04:21:00
0.00153703,0.00153703,0.00153703,0.00153703,1639368060,2021-12-13T04:01:00
0.00147475,0.00147475,0.00147475,0.00147475,1639367580,2021-12-13T03:53:00
0.0014216,0.0014216,0.0014216,0.0014216,1639366800,2021-12-13T03:40:00
0.00136712,0.00136712,0.00136712,0.00136712,1639361580,2021-12-13T02:13:00
0.00137407,0.00137407,0.00137407,0.00137407,1639353960,2021-12-13T00:06:00
0.00135873,0.00135873,0.00135873,0.00135873,1639353000,2021-12-12T23:50:00
0.0013689,0.0013689,0.00133964,0.00133964,1639352280,2021-12-12T23:38:00
0.00142535,0.00142535,0.00142535,0.00142535,1639352220,2021-12-12T23:37:00
0.00147851,0.00147851,0.00147851,0.00147851,1639349580,2021-12-12T22:53:00
0.00149171,0.00149171,0.00149171,0.00149171,1639349340,2021-12-12T22:49:00
0.00149382,0.00149382,0.00149382,0.00149382,1639348560,2021-12-12T22:36:00
0.00150221,0.00150221,0.00150221,0.00150221,1639348500,2021-12-12T22:35:00
0.00148672,0.00148672,0.00148672,0.00148672,1639348200,2021-12-12T22:30:00
0.00150935,0.00150935,0.00150935,0.00150935,1639348140,2021-12-12T22:29:00
0.00157385,0.00157385,0.00157385,0.00157385,1639348020,2021-12-12T22:27:00
0.001632,0.001632,0.001632,0.001632,1639347660,2021-12-12T22:21:00
0.00159936,0.00159936,0.00159936,0.00159936,1639346160,2021-12-12T21:56:00
0.00156438,0.00156438,0.00156438,0.00156438,1639346100,2021-12-12T21:55:00
0.00156538,0.00156538,0.00156538,0.00156538,1639345980,2021-12-12T21:53:00
0.00155938,0.00155938,0.00155938,0.00155938,1639345920,2021-12-12T21:52:00
0.00156172,0.00156172,0.00156172,0.00156172,1639345860,2021-12-12T21:51:00
0.00153543,0.00153543,0.00153543,0.00153543,1639345800,2021-12-12T21:50:00
0.00143407,0.00143407,0.00143407,0.00143407,1639345560,2021-12-12T21:46:00
0.00131446,0.00131446,0.00131446,0.00131446,1639345500,2021-12-12T21:45:00
0.00131406,0.00131406,0.00131406,0.00131406,1639345440,2021-12-12T21:44:00
0.00165792,0.00165792,0.00147844,0.00147844,1639345260,2021-12-12T21:41:00
0.001653,0.001653,0.001653,0.001653,1639345140,2021-12-12T21:39:00
0.00164768,0.00164768,0.00164768,0.00164768,1639345020,2021-12-12T21:37:00
0.00168722,0.00168722,0.00168722,0.00168722,1639344840,2021-12-12T21:34:00
0.00167663,0.00167663,0.00167663,0.00167663,1639344780,2021-12-12T21:33:00
0.00164364,0.00164364,0.00164364,0.00164364,1639344660,2021-12-12T21:31:00
0.00165171,0.00165171,0.00165171,0.00165171,1639344480,2021-12-12T21:28:00
0.00170077,0.00170077,0.00170077,0.00170077,1639344300,2021-12-12T21:25:00
0.00178909,0.00178909,0.00168924,0.00168924,1639344180,2021-12-12T21:23:00
0.00176009,0.00176009,0.00176009,0.00176009,1639344120,2021-12-12T21:22:00
0.0016837,0.0016837,0.0016837,0.0016837,1639344060,2021-12-12T21:21:00
0.00165185,0.00165185,0.00165185,0.00165185,1639343520,2021-12-12T21:12:00
0.00161718,0.00161718,0.00161718,0.00161718,1639343460,2021-12-12T21:11:00
0.00159676,0.00159676,0.00159676,0.00159676,1639343400,2021-12-12T21:10:00
0.00160051,0.00160051,0.00160051,0.00160051,1639343340,2021-12-12T21:09:00
0.00158406,0.00158573,0.00158406,0.00158573,1639343100,2021-12-12T21:05:00
0.00158986,0.00158986,0.00158986,0.00158986,1639343040,2021-12-12T21:04:00
0.0016314,0.0016314,0.0016314,0.0016314,1639342260,2021-12-12T20:51:00
0.00155807,0.00159289,0.00155807,0.00159289,1639341720,2021-12-12T20:42:00
0.00164661,0.00164661,0.00164661,0.00164661,1639341600,2021-12-12T20:40:00
0.00168577,0.00168577,0.00168577,0.00168577,1639339380,2021-12-12T20:03:00
0.00166725,0.00166725,0.00166725,0.00166725,1639339200,2021-12-12T20:00:00
0.00169926,0.00169926,0.00169926,0.00169926,1639338900,2021-12-12T19:55:00
0.00165163,0.00165163,0.00165163,0.00165163,1639338480,2021-12-12T19:48:00
0.00162803,0.00162803,0.00162803,0.00162803,1639338120,2021-12-12T19:42:00
0.0017124,0.0017124,0.0017124,0.0017124,1639336980,2021-12-12T19:23:00
0.00175678,0.00175678,0.00175678,0.00175678,1639336860,2021-12-12T19:21:00
0.00176669,0.00176669,0.00176669,0.00176669,1639336620,2021-12-12T19:17:00
0.00172864,0.00172864,0.00172864,0.00172864,1639336140,2021-12-12T19:09:00
0.00171144,0.00171144,0.00171144,0.00171144,1639335300,2021-12-12T18:55:00
0.00172066,0.00172066,0.00172066,0.00172066,1639334580,2021-12-12T18:43:00
0.00168136,0.00168136,0.00168136,0.00168136,1639334460,2021-12-12T18:41:00
0.00164929,0.00164929,0.00164929,0.00164929,1639333140,2021-12-12T18:19:00
0.00161888,0.00161888,0.00161888,0.00161888,1639332360,2021-12-12T18:06:00
0.00164129,0.00164129,0.00164129,0.00164129,1639332180,2021-12-12T18:03:00
0.00172415,0.00172415,0.00172415,0.00172415,1639331220,2021-12-12T17:47:00
0.00190014,0.00190014,0.00190014,0.00190014,1639330980,2021-12-12T17:43:00
0.00175402,0.00175402,0.00175402,0.00175402,1639330620,2021-12-12T17:37:00
0.00179264,0.00179264,0.00179264,0.00179264,1639330500,2021-12-12T17:35:00
0.00171865,0.00171865,0.00171865,0.00171865,1639330320,2021-12-12T17:32:00
0.00162371,0.00164894,0.00162371,0.00164894,1639329780,2021-12-12T17:23:00
0.00161957,0.00161957,0.00161957,0.00161957,1639329360,2021-12-12T17:16:00
0.00162399,0.00162399,0.00162399,0.00162399,1639329120,2021-12-12T17:12:00
0.00165502,0.00165502,0.00165502,0.00165502,1639328520,2021-12-12T17:02:00
0.00172883,0.00172883,0.00172883,0.00172883,1639328340,2021-12-12T16:59:00
0.00172008,0.00172008,0.00172008,0.00172008,1639328160,2021-12-12T16:56:00
0.00176618,0.00176618,0.00176618,0.00176618,1639327500,2021-12-12T16:45:00
0.00188108,0.00188108,0.00183673,0.00183673,1639327200,2021-12-12T16:40:00
0.0018116,0.0018116,0.0018116,0.0018116,1639326780,2021-12-12T16:33:00
0.00180244,0.00180244,0.00180244,0.00180244,1639326300,2021-12-12T16:25:00
0.00183943,0.00183943,0.00183943,0.00183943,1639326120,2021-12-12T16:22:00
0.00184736,0.00184736,0.00184736,0.00184736,1639326000,2021-12-12T16:20:00
0.00180435,0.00180435,0.00180435,0.00180435,1639325760,2021-12-12T16:16:00
0.00176281,0.00176281,0.00176281,0.00176281,1639325520,2021-12-12T16:12:00
0.00173174,0.00173174,0.00173174,0.00173174,1639325160,2021-12-12T16:06:00
0.00188747,0.00188747,0.00170236,0.00170236,1639325040,2021-12-12T16:04:00
0.0019582,0.0019582,0.0019582,0.0019582,1639324980,2021-12-12T16:03:00
0.00201259,0.00201259,0.00201259,0.00201259,1639324920,2021-12-12T16:02:00
0.00158807,0.0018384,0.00158807,0.0018384,1639324860,2021-12-12T16:01:00
0.00161327,0.00161327,0.00158859,0.00158859,1639324680,2021-12-12T15:58:00
0.00153767,0.00153767,0.00153767,0.00153767,1639324620,2021-12-12T15:57:00
0.00140587,0.00140587,0.00140587,0.00140587,1639324440,2021-12-12T15:54:00
0.00133289,0.00133289,0.00133289,0.00133289,1639323840,2021-12-12T15:44:00
0.0013978,0.0013978,0.0013978,0.0013978,1639323600,2021-12-12T15:40:00
0.00148345,0.00148345,0.00148345,0.00148345,1639323480,2021-12-12T15:38:00
0.00139985,0.00139985,0.00139985,0.00139985,1639322940,2021-12-12T15:29:00
0.00135144,0.00135144,0.00135144,0.00135144,1639319820,2021-12-12T14:37:00
0.0013918,0.0013918,0.0013918,0.0013918,1639318920,2021-12-12T14:22:00
0.00142008,0.00142008,0.00142008,0.00142008,1639318740,2021-12-12T14:19:00
0.00142171,0.00142171,0.00142171,0.00142171,1639318500,2021-12-12T14:15:00
0.00138967,0.00138967,0.00138967,0.00138967,1639317060,2021-12-12T13:51:00
0.00131902,0.00131902,0.00131902,0.00131902,1639316820,2021-12-12T13:47:00
0.00125572,0.00125572,0.00125572,0.00125572,1639316760,2021-12-12T13:46:00
0.00125741,0.00125741,0.00125741,0.00125741,1639316640,2021-12-12T13:44:00
0.00124204,0.00124204,0.00124204,0.00124204,1639315620,2021-12-12T13:27:00
0.00124311,0.00124311,0.00124311,0.00124311,1639315560,2021-12-12T13:26:00
0.00124969,0.00124969,0.00124969,0.00124969,1639315140,2021-12-12T13:19:00
0.00121519,0.00121519,0.00121519,0.00121519,1639315020,2021-12-12T13:17:00
0.00116572,0.00116572,0.00116572,0.00116572,1639314480,2021-12-12T13:08:00
0.00122085,0.00122085,0.00122085,0.00122085,1639314180,2021-12-12T13:03:00
0.00133361,0.00133361,0.00133361,0.00133361,1639313760,2021-12-12T12:56:00
0.0013511,0.0013511,0.0013511,0.0013511,1639313700,2021-12-12T12:55:00
0.0013538,0.0013538,0.0013538,0.0013538,1639313460,2021-12-12T12:51:00
0.00134061,0.00134061,0.00134061,0.00134061,1639312800,2021-12-12T12:40:00
0.00133747,0.00133747,0.00133747,0.00133747,1639312260,2021-12-12T12:31:00
0.00131546,0.00131546,0.00131546,0.00131546,1639310700,2021-12-12T12:05:00
0.00125115,0.00125115,0.00125115,0.00125115,1639310580,2021-12-12T12:03:00
0.00119448,0.00119448,0.00119448,0.00119448,1639310160,2021-12-12T11:56:00
0.00131971,0.00131971,0.00131971,0.00131971,1639310100,2021-12-12T11:55:00
0.00149979,0.00149979,0.00149979,0.00149979,1639309740,2021-12-12T11:49:00
0.0015351,0.0015351,0.0015351,0.0015351,1639308240,2021-12-12T11:24:00
0.00159718,0.00159718,0.00159718,0.00159718,1639308180,2021-12-12T11:23:00
0.00168462,0.00168462,0.00161727,0.00161727,1639307760,2021-12-12T11:16:00
0.00178795,0.00178795,0.00178795,0.00178795,1639307640,2021-12-12T11:14:00
0.00168111,0.00168111,0.00168111,0.00168111,1639307580,2021-12-12T11:13:00
0.00138791,0.00138791,0.00138791,0.00138791,1639306320,2021-12-12T10:52:00
0.00131616,0.00131616,0.00131616,0.00131616,1639306140,2021-12-12T10:49:00
0.00138269,0.00138269,0.00138269,0.00138269,1639306020,2021-12-12T10:47:00
0.00137199,0.00137199,0.00137199,0.00137199,1639305960,2021-12-12T10:46:00
0.00132293,0.00132293,0.00132293,0.00132293,1639305000,2021-12-12T10:30:00
0.00129497,0.00129497,0.00129497,0.00129497,1639304940,2021-12-12T10:29:00
0.00135176,0.00135176,0.00135176,0.00135176,1639304880,2021-12-12T10:28:00
0.00141771,0.00141771,0.00141771,0.00141771,1639304580,2021-12-12T10:23:00
0.00159858,0.00159858,0.00146008,0.00146008,1639304400,2021-12-12T10:20:00
0.00152145,0.00152145,0.00152145,0.00152145,1639304340,2021-12-12T10:19:00
0.0013953,0.0013953,0.0013953,0.0013953,1639303800,2021-12-12T10:10:00
0.00141513,0.00141513,0.00141513,0.00141513,1639303740,2021-12-12T10:09:00
0.00148622,0.00148622,0.00148622,0.00148622,1639303380,2021-12-12T10:03:00
0.00145915,0.00145915,0.00145915,0.00145915,1639303200,2021-12-12T10:00:00
0.00137853,0.00137853,0.00137853,0.00137853,1639303080,2021-12-12T09:58:00
0.00136756,0.00136756,0.00136756,0.00136756,1639303020,2021-12-12T09:57:00
0.00137413,0.00137413,0.00137413,0.00137413,1639302960,2021-12-12T09:56:00
0.00138548,0.00138548,0.00138548,0.00138548,1639302900,2021-12-12T09:55:00
0.00148038,0.00148038,0.00148038,0.00148038,1639301400,2021-12-12T09:30:00
0.00160502,0.00160502,0.00160502,0.00160502,1639301340,2021-12-12T09:29:00
0.00156823,0.00156823,0.00156823,0.00156823,1639301280,2021-12-12T09:28:00
0.00153404,0.00153404,0.00153404,0.00153404,1639301100,2021-12-12T09:25:00
0.00152251,0.00152251,0.00152251,0.00152251,1639300860,2021-12-12T09:21:00
0.00157639,0.00157639,0.00157639,0.00157639,1639300740,2021-12-12T09:19:00
0.00162648,0.00162648,0.00162648,0.00162648,1639300680,2021-12-12T09:18:00
0.00167676,0.00167676,0.00167676,0.00167676,1639300500,2021-12-12T09:15:00
0.00154715,0.00154715,0.00154715,0.00154715,1639300440,2021-12-12T09:14:00
0.00134841,0.00134841,0.00134841,0.00134841,1639300380,2021-12-12T09:13:00
0.00129562,0.00129562,0.00129562,0.00129562,1639300260,2021-12-12T09:11:00
0.00121881,0.0012566,0.00121881,0.0012566,1639300140,2021-12-12T09:09:00
0.00142492,0.00144706,0.00142492,0.00144706,1639300080,2021-12-12T09:08:00
0.00142688,0.00142688,0.00142688,0.00142688,1639300020,2021-12-12T09:07:00
0.00144758,0.00144758,0.00144758,0.00144758,1639299900,2021-12-12T09:05:00
0.00142958,0.00142958,0.00142958,0.00142958,1639298220,2021-12-12T08:37:00
0.00135187,0.00135187,0.00135187,0.00135187,1639298040,2021-12-12T08:34:00
0.00130079,0.00130079,0.00130079,0.00130079,1639295340,2021-12-12T07:49:00
0.00129846,0.00129846,0.00129846,0.00129846,1639295160,2021-12-12T07:46:00
0.00135238,0.00135238,0.00135238,0.00135238,1639295040,2021-12-12T07:44:00
0.00141809,0.00141809,0.00141809,0.00141809,1639294860,2021-12-12T07:41:00
0.00143354,0.00143354,0.00143354,0.00143354,1639294740,2021-12-12T07:39:00
0.00139985,0.00139985,0.00139985,0.00139985,1639293660,2021-12-12T07:21:00
0.00142748,0.00142748,0.00138598,0.00138598,1639293600,2021-12-12T07:20:00
0.00146335,0.00146335,0.00146335,0.00146335,1639293360,2021-12-12T07:16:00
0.00146736,0.00146736,0.00146736,0.00146736,1639293060,2021-12-12T07:11:00
0.00144334,0.00144334,0.00144334,0.00144334,1639292880,2021-12-12T07:08:00
0.00141302,0.00141302,0.00141302,0.00141302,1639292820,2021-12-12T07:07:00
0.00146754,0.00146754,0.00146754,0.00146754,1639291680,2021-12-12T06:48:00
0.00144195,0.00144195,0.00144195,0.00144195,1639290840,2021-12-12T06:34:00
0.00137514,0.00137514,0.00137514,0.00137514,1639290780,2021-12-12T06:33:00
0.00134516,0.00134516,0.00134516,0.00134516,1639290660,2021-12-12T06:31:00
0.00135524,0.00135524,0.00135524,0.00135524,1639290180,2021-12-12T06:23:00
0.0014036,0.0014036,0.0014036,0.0014036,1639290120,2021-12-12T06:22:00
0.00144145,0.00144145,0.00144145,0.00144145,1639289820,2021-12-12T06:17:00
0.00149116,0.00149116,0.00149116,0.00149116,1639289700,2021-12-12T06:15:00
0.00148922,0.00149984,0.00148922,0.00149984,1639289340,2021-12-12T06:09:00
0.00161742,0.00161742,0.00161742,0.00161742,1639288980,2021-12-12T06:03:00
0.0017135,0.0017135,0.0017135,0.0017135,1639288920,2021-12-12T06:02:00
0.00155113,0.0016431,0.00155113,0.0016431,1639288740,2021-12-12T05:59:00
0.00149968,0.00149968,0.00149968,0.00149968,1639288680,2021-12-12T05:58:00
0.00146581,0.00146581,0.00146581,0.00146581,1639288620,2021-12-12T05:57:00
0.00147157,0.00147157,0.00147157,0.00147157,1639288440,2021-12-12T05:54:00
0.0015132,0.0015132,0.0015132,0.0015132,1639287240,2021-12-12T05:34:00
0.00146179,0.00148274,0.00146179,0.00148274,1639286580,2021-12-12T05:23:00
0.00151015,0.00151015,0.00151015,0.00151015,1639286520,2021-12-12T05:22:00
0.00136116,0.00169122,0.00136116,0.00169122,1639286340,2021-12-12T05:19:00
0.00130947,0.00130947,0.00130947,0.00130947,1639286160,2021-12-12T05:16:00
0.00130922,0.00130922,0.00130922,0.00130922,1639285740,2021-12-12T05:09:00
0.00131658,0.00131658,0.00131658,0.00131658,1639285620,2021-12-12T05:07:00
0.00141407,0.00141407,0.00141407,0.00141407,1639284240,2021-12-12T04:44:00
0.0014555,0.0014555,0.0014555,0.0014555,1639283640,2021-12-12T04:34:00
0.00143959,0.00143959,0.00143959,0.00143959,1639283100,2021-12-12T04:25:00
0.00142049,0.00142049,0.00142049,0.00142049,1639282920,2021-12-12T04:22:00
0.00141121,0.00141121,0.00141121,0.00141121,1639282260,2021-12-12T04:11:00
0.00144785,0.00144785,0.00144785,0.00144785,1639279860,2021-12-12T03:31:00
0.00144605,0.00144605,0.00144605,0.00144605,1639279080,2021-12-12T03:18:00
0.00151453,0.00151453,0.00151453,0.00151453,1639278960,2021-12-12T03:16:00
0.00160888,0.00160888,0.00160888,0.00160888,1639278840,2021-12-12T03:14:00
0.00152738,0.00152738,0.00152738,0.00152738,1639278720,2021-12-12T03:12:00
0.00140801,0.00140801,0.00140801,0.00140801,1639278600,2021-12-12T03:10:00
0.00132361,0.00132361,0.00132361,0.00132361,1639278300,2021-12-12T03:05:00
0.0013024,0.0013024,0.0013024,0.0013024,1639277460,2021-12-12T02:51:00
0.00125198,0.00125198,0.00125198,0.00125198,1639276800,2021-12-12T02:40:00
0.00121975,0.00121975,0.00121975,0.00121975,1639276740,2021-12-12T02:39:00
0.00125107,0.00125107,0.00125107,0.00125107,1639276140,2021-12-12T02:29:00
0.00124388,0.00124388,0.00124388,0.00124388,1639276020,2021-12-12T02:27:00
0.00116677,0.00116677,0.00116677,0.00116677,1639275000,2021-12-12T02:10:00
0.00115,0.00115,0.00115,0.00115,1639274820,2021-12-12T02:07:00
0.00120254,0.00120254,0.00120254,0.00120254,1639274640,2021-12-12T02:04:00
0.00129158,0.00129158,0.00129158,0.00129158,1639274160,2021-12-12T01:56:00
0.00133056,0.00133056,0.00133056,0.00133056,1639273560,2021-12-12T01:46:00
0.00129766,0.00129766,0.00129766,0.00129766,1639273140,2021-12-12T01:39:00
0.00131751,0.00131751,0.00131751,0.00131751,1639273020,2021-12-12T01:37:00
0.00128724,0.00128724,0.00128724,0.00128724,1639271880,2021-12-12T01:18:00
0.00122647,0.00122647,0.00122647,0.00122647,1639271640,2021-12-12T01:14:00
0.00121987,0.00121987,0.00121987,0.00121987,1639271040,2021-12-12T01:04:00
0.00126006,0.00126006,0.00126006,0.00126006,1639270380,2021-12-12T00:53:00
0.00127263,0.00127263,0.00127263,0.00127263,1639270200,2021-12-12T00:50:00
0.00130189,0.00130189,0.00130189,0.00130189,1639270140,2021-12-12T00:49:00
0.00133787,0.00133787,0.00133787,0.00133787,1639270080,2021-12-12T00:48:00
0.00130318,0.00130318,0.00130318,0.00130318,1639270020,2021-12-12T00:47:00
0.00127507,0.00127507,0.00127507,0.00127507,1639269960,2021-12-12T00:46:00
0.00123882,0.00123882,0.00123882,0.00123882,1639269900,2021-12-12T00:45:00
0.00125244,0.00125244,0.00125244,0.00125244,1639269660,2021-12-12T00:41:00
0.00120257,0.00120257,0.00120257,0.00120257,1639269420,2021-12-12T00:37:00
0.00107945,0.00107945,0.00107641,0.00107641,1639269300,2021-12-12T00:35:00
0.00110105,0.00110105,0.00110105,0.00110105,1639269180,2021-12-12T00:33:00
0.00115261,0.00115261,0.00115109,0.00115109,1639268940,2021-12-12T00:29:00
0.00105943,0.00105943,0.00105943,0.00105943,1639268820,2021-12-12T00:27:00
0.00101037,0.00101037,0.00101037,0.00101037,1639268760,2021-12-12T00:26:00
0.00107186,0.00107186,0.00107186,0.00107186,1639268640,2021-12-12T00:24:00
0.00114607,0.00114607,0.00114607,0.00114607,1639268460,2021-12-12T00:21:00
0.00106778,0.00106778,0.00106778,0.00106778,1639268160,2021-12-12T00:16:00
0.00111241,0.00111241,0.00111241,0.00111241,1639268040,2021-12-12T00:14:00
0.00129732,0.00129732,0.00129732,0.00129732,1639267320,2021-12-12T00:02:00
0.00149171,0.00149171,0.00149171,0.00149171,1639267080,2021-12-11T23:58:00
0.00160079,0.00160079,0.00160079,0.00160079,1639266840,2021-12-11T23:54:00
0.00151313,0.00151313,0.00151313,0.00151313,1639266720,2021-12-11T23:52:00
0.00143746,0.00143746,0.00143746,0.00143746,1639265640,2021-12-11T23:34:00
0.00151366,0.00151366,0.00151366,0.00151366,1639265340,2021-12-11T23:29:00
0.00143189,0.00143189,0.00143189,0.00143189,1639264860,2021-12-11T23:21:00
0.00151647,0.00151647,0.00151647,0.00151647,1639264680,2021-12-11T23:18:00
0.00164909,0.00164909,0.00164909,0.00164909,1639264440,2021-12-11T23:14:00
0.00157206,0.00157206,0.00157206,0.00157206,1639262640,2021-12-11T22:44:00
0.00155441,0.00155441,0.00154966,0.00154966,1639262460,2021-12-11T22:41:00
0.0017874,0.0017874,0.0017874,0.0017874,1639262340,2021-12-11T22:39:00
0.00200456,0.00200456,0.00191564,0.00191564,1639262220,2021-12-11T22:37:00
0.00198104,0.00198104,0.00198104,0.00198104,1639262160,2021-12-11T22:36:00
0.00171229,0.00171229,0.00171229,0.00171229,1639261860,2021-12-11T22:31:00
0.00162227,0.00162227,0.00162227,0.00162227,1639259880,2021-12-11T21:58:00
0.00159046,0.00159046,0.00159046,0.00159046,1639259340,2021-12-11T21:49:00
0.00157461,0.00157461,0.00154716,0.00155143,1639259220,2021-12-11T21:47:00
0.00150038,0.00150038,0.00150038,0.00150038,1639258980,2021-12-11T21:43:00
0.00141827,0.00141827,0.00141827,0.00141827,1639258800,2021-12-11T21:40:00
0.00126887,0.00131387,0.00126887,0.00131387,1639258740,2021-12-11T21:39:00
0.00134966,0.00134966,0.00134966,0.00134966,1639258680,2021-12-11T21:38:00
0.00138096,0.00138096,0.00138096,0.00138096,1639258500,2021-12-11T21:35:00
0.00141944,0.00141944,0.00141944,0.00141944,1639258440,2021-12-11T21:34:00
0.00153897,0.00153897,0.00153897,0.00153897,1639258260,2021-12-11T21:31:00
0.00164769,0.00164769,0.00164769,0.00164769,1639258200,2021-12-11T21:30:00
0.00163914,0.00163914,0.00163914,0.00163914,1639258080,2021-12-11T21:28:00
0.00150843,0.00150843,0.00150843,0.00150843,1639257360,2021-12-11T21:16:00
0.00146467,0.00146467,0.00146467,0.00146467,1639257300,2021-12-11T21:15:00
0.00150919,0.00150919,0.00150919,0.00150919,1639257240,2021-12-11T21:14:00
0.00160213,0.00160213,0.00160213,0.00160213,1639257120,2021-12-11T21:12:00
0.00169096,0.00169096,0.00169096,0.00169096,1639255560,2021-12-11T20:46:00
0.00168652,0.00168652,0.00168652,0.00168652,1639255320,2021-12-11T20:42:00
0.00156841,0.00156841,0.00156841,0.00156841,1639255080,2021-12-11T20:38:00
0.00144458,0.00144458,0.00144458,0.00144458,1639254600,2021-12-11T20:30:00
0.00145904,0.00145904,0.00145904,0.00145904,1639254360,2021-12-11T20:26:00
0.00153759,0.00153759,0.00153759,0.00153759,1639253760,2021-12-11T20:16:00
0.00153462,0.00153462,0.00153462,0.00153462,1639253640,2021-12-11T20:14:00
0.00146234,0.00146234,0.00146234,0.00146234,1639253280,2021-12-11T20:08:00
0.00150524,0.00150524,0.00150524,0.00150524,1639253220,2021-12-11T20:07:00
0.00147873,0.00147873,0.00147873,0.00147873,1639253040,2021-12-11T20:04:00
0.00142652,0.00142652,0.00142652,0.00142652,1639252920,2021-12-11T20:02:00
0.00153928,0.00153928,0.00153928,0.00153928,1639251480,2021-12-11T19:38:00
0.00158396,0.00158396,0.00158396,0.00158396,1639249980,2021-12-11T19:13:00
0.00164215,0.00164215,0.00164215,0.00164215,1639249860,2021-12-11T19:11:00
0.00168598,0.00168598,0.00168598,0.00168598,1639249200,2021-12-11T19:00:00
0.00156751,0.00156751,0.00156751,0.00156751,1639248780,2021-12-11T18:53:00
0.00146301,0.00146301,0.00146301,0.00146301,1639247400,2021-12-11T18:30:00
0.00140436,0.00140436,0.00140436,0.00140436,1639247340,2021-12-11T18:29:00
0.0014549,0.0014549,0.0014549,0.0014549,1639247160,2021-12-11T18:26:00
0.00142852,0.00142852,0.00142852,0.00142852,1639246680,2021-12-11T18:18:00
0.00142846,0.00142846,0.00142846,0.00142846,1639246380,2021-12-11T18:13:00
0.00155582,0.00155582,0.00155582,0.00155582,1639244820,2021-12-11T17:47:00
0.00151193,0.00151193,0.00151193,0.00151193,1639244160,2021-12-11T17:36:00
0.0014349,0.0014349,0.0014349,0.0014349,1639243860,2021-12-11T17:31:00
0.00149719,0.00149719,0.00149719,0.00149719,1639243560,2021-12-11T17:26:00
0.00168676,0.00168676,0.00168676,0.00168676,1639242840,2021-12-11T17:14:00
0.00167313,0.00167313,0.00167313,0.00167313,1639242600,2021-12-11T17:10:00
0.00167262,0.00167262,0.00167262,0.00167262,1639242060,2021-12-11T17:01:00
0.00160797,0.00160797,0.00160797,0.00160797,1639241040,2021-12-11T16:44:00
0.00153635,0.00153635,0.00153635,0.00153635,1639240980,2021-12-11T16:43:00
0.00174986,0.00174986,0.00174986,0.00174986,1639240620,2021-12-11T16:37:00
0.00170346,0.00170346,0.00170346,0.00170346,1639240380,2021-12-11T16:33:00
0.00141767,0.00141767,0.00141767,0.00141767,1639240260,2021-12-11T16:31:00
0.00123792,0.00123792,0.00123792,0.00123792,1639238760,2021-12-11T16:06:00
0.00112901,0.00112901,0.00112901,0.00112901,1639238520,2021-12-11T16:02:00
0.0010251,0.0010251,0.0010251,0.0010251,1639238400,2021-12-11T16:00:00
0.00102115,0.00102115,0.000948215,0.000948215,1639238040,2021-12-11T15:54:00
0.00111269,0.00111269,0.00111269,0.00111269,1639237860,2021-12-11T15:51:00
0.00115133,0.00115133,0.00115133,0.00115133,1639237800,2021-12-11T15:50:00
0.00121452,0.00121452,0.00121452,0.00121452,1639237740,2021-12-11T15:49:00
0.0011276,0.0011276,0.0011276,0.0011276,1639237020,2021-12-11T15:37:00
0.00106043,0.00106043,0.00106043,0.00106043,1639236360,2021-12-11T15:26:00
0.00114787,0.00114787,0.00114787,0.00114787,1639236240,2021-12-11T15:24:00
0.00127824,0.00127824,0.00127824,0.00127824,1639233060,2021-12-11T14:31:00
0.00128453,0.00128453,0.00128453,0.00128453,1639232760,2021-12-11T14:26:00
0.00123276,0.00123276,0.00123276,0.00123276,1639232100,2021-12-11T14:15:00
0.00111463,0.00117545,0.00111463,0.00117545,1639231800,2021-12-11T14:10:00
0.00115634,0.00115634,0.00105772,0.00105772,1639231620,2021-12-11T14:07:00
0.00126917,0.00126917,0.00126917,0.00126917,1639231380,2021-12-11T14:03:00
0.00125783,0.00125783,0.00125783,0.00125783,1639230840,2021-12-11T13:54:00
0.00132654,0.00132654,0.00132654,0.00132654,1639229580,2021-12-11T13:33:00
0.00128832,0.00128832,0.00128832,0.00128832,1639229460,2021-12-11T13:31:00
0.00135281,0.00135281,0.00135281,0.00135281,1639229400,2021-12-11T13:30:00
0.00151185,0.00151185,0.00151185,0.00151185,1639229100,2021-12-11T13:25:00
0.00149229,0.00149229,0.00149229,0.00149229,1639228740,2021-12-11T13:19:00
0.00139235,0.00139235,0.00139235,0.00139235,1639228200,2021-12-11T13:10:00
0.00124347,0.00124347,0.00124347,0.00124347,1639228020,2021-12-11T13:07:00
0.00094711,0.00094711,0.00094711,0.00094711,1639227840,2021-12-11T13:04:00
0.000740401,0.000740401,0.000740401,0.000740401,1639227660,2021-12-11T13:01:00
0.000700579,0.000700579,0.000700579,0.000700579,1639227600,2021-12-11T13:00:00
0.000659522,0.000659522,0.000659522,0.000659522,1639227540,2021-12-11T12:59:00
0.000592869,0.000592869,0.000592869,0.000592869,1639227480,2021-12-11T12:58:00
0.000528833,0.000528833,0.000528833,0.000528833,1639227420,2021-12-11T12:57:00
0.000432107,0.000485724,0.000432107,0.000485724,1639227360,2021-12-11T12:56:00
0.000366224,0.000366224,0.000366224,0.000366224,1639227300,2021-12-11T12:55:00
0.0007317,0.0007317,0.0007317,0.0007317,1639227180,2021-12-11T12:53:00
0.00163942,0.00163942,0.00163942,0.00163942,1639224480,2021-12-11T12:08:00
0.00167015,0.00167015,0.00167015,0.00167015,1639222500,2021-12-11T11:35:00
0.00161056,0.00161056,0.00161056,0.00161056,1639222140,2021-12-11T11:29:00
0.00150769,0.00150769,0.00150769,0.00150769,1639220880,2021-12-11T11:08:00
0.00152168,0.00152168,0.00152168,0.00152168,1639220700,2021-12-11T11:05:00
0.00178137,0.00178137,0.00178137,0.00178137,1639220400,2021-12-11T11:00:00
0.00207891,0.00207891,0.00207891,0.00207891,1639220340,2021-12-11T10:59:00
0.0019118,0.0019118,0.0019118,0.0019118,1639220280,2021-12-11T10:58:00
0.00179765,0.00179765,0.00179765,0.00179765,1639220160,2021-12-11T10:56:00
0.00199983,0.00199983,0.00199983,0.00199983,1639219860,2021-12-11T10:51:00
0.00196179,0.00196179,0.00196179,0.00196179,1639219800,2021-12-11T10:50:00
0.00170769,0.00170769,0.00167527,0.00167527,1639219680,2021-12-11T10:48:00
0.0018396,0.0018396,0.0018396,0.0018396,1639219500,2021-12-11T10:45:00
0.00163548,0.00163548,0.00163548,0.00163548,1639219440,2021-12-11T10:44:00
0.00147099,0.00147099,0.00147099,0.00147099,1639219260,2021-12-11T10:41:00
0.00131302,0.00131302,0.00131302,0.00131302,1639219200,2021-12-11T10:40:00
0.00156577,0.00156577,0.0013713,0.0013713,1639219080,2021-12-11T10:38:00
0.00151789,0.00151789,0.00151789,0.00151789,1639219020,2021-12-11T10:37:00
0.00172428,0.00172428,0.00172428,0.00172428,1639218900,2021-12-11T10:35:00
0.00164715,0.00164715,0.00164715,0.00164715,1639218840,2021-12-11T10:34:00
0.00156842,0.00156842,0.00156842,0.00156842,1639218780,2021-12-11T10:33:00
0.00150364,0.00150364,0.00150364,0.00150364,1639218600,2021-12-11T10:30:00
0.00159389,0.00159389,0.00159389,0.00159389,1639218360,2021-12-11T10:26:00
0.00162891,0.00174212,0.00162891,0.00174212,1639218300,2021-12-11T10:25:00
0.00171363,0.00171363,0.00171363,0.00171363,1639218240,2021-12-11T10:24:00
0.00150434,0.00150434,0.00150434,0.00150434,1639218120,2021-12-11T10:22:00
0.0015315,0.0015315,0.0015315,0.0015315,1639218060,2021-12-11T10:21:00
0.00160455,0.00160455,0.00156362,0.00156362,1639218000,2021-12-11T10:20:00
0.00168276,0.00168276,0.00168276,0.00168276,1639217820,2021-12-11T10:17:00
0.00172091,0.00172091,0.00172091,0.00172091,1639217760,2021-12-11T10:16:00
0.00176831,0.00176831,0.00176831,0.00176831,1639217700,2021-12-11T10:15:00
0.00163135,0.00163135,0.00163135,0.00163135,1639217580,2021-12-11T10:13:00
0.00155919,0.00155919,0.00155919,0.00155919,1639217520,2021-12-11T10:12:00
0.0014451,0.00146936,0.0014451,0.00146936,1639217340,2021-12-11T10:09:00
0.00156579,0.00156579,0.00156579,0.00156579,1639217220,2021-12-11T10:07:00
0.00172229,0.00172229,0.00172229,0.00172229,1639217160,2021-12-11T10:06:00
0.00174953,0.00174953,0.00174953,0.00174953,1639217040,2021-12-11T10:04:00
0.00182294,0.00182294,0.00182294,0.00182294,1639216920,2021-12-11T10:02:00
0.00184644,0.00184644,0.00184644,0.00184644,1639216860,2021-12-11T10:01:00
0.0018181,0.0018181,0.0018181,0.0018181,1639216680,2021-12-11T09:58:00
0.00180717,0.00180717,0.00180717,0.00180717,1639216440,2021-12-11T09:54:00
0.00175503,0.00175503,0.00175503,0.00175503,1639216320,2021-12-11T09:52:00
0.0018312,0.0018312,0.0018312,0.0018312,1639216200,2021-12-11T09:50:00
0.00205021,0.00205021,0.00205021,0.00205021,1639216140,2021-12-11T09:49:00
0.00203751,0.00203751,0.00203751,0.00203751,1639215900,2021-12-11T09:45:00
0.00183586,0.00183586,0.00183586,0.00183586,1639215840,2021-12-11T09:44:00
0.0017734,0.0017734,0.0017734,0.0017734,1639215780,2021-12-11T09:43:00
0.00186433,0.00186433,0.00186433,0.00186433,1639215720,2021-12-11T09:42:00
0.00178258,0.00178258,0.00178258,0.00178258,1639215660,2021-12-11T09:41:00
0.00158966,0.00158966,0.00158966,0.00158966,1639215540,2021-12-11T09:39:00
0.00139948,0.00139948,0.00139948,0.00139948,1639215420,2021-12-11T09:37:00
0.00132241,0.00132241,0.00132241,0.00132241,1639215000,2021-12-11T09:30:00
0.00142098,0.00142098,0.00142098,0.00142098,1639214160,2021-12-11T09:16:00
0.00157537,0.00157537,0.00157537,0.00157537,1639213440,2021-12-11T09:04:00
0.00157056,0.00157056,0.00157056,0.00157056,1639213260,2021-12-11T09:01:00
0.00155723,0.00155723,0.00155723,0.00155723,1639212540,2021-12-11T08:49:00
0.0015509,0.0015509,0.0015509,0.0015509,1639211940,2021-12-11T08:39:00
0.00151459,0.00151459,0.00151459,0.00151459,1639211880,2021-12-11T08:38:00
0.00150431,0.00150431,0.00150431,0.00150431,1639211400,2021-12-11T08:30:00
0.00146319,0.00146319,0.00146319,0.00146319,1639210380,2021-12-11T08:13:00
0.00137751,0.00137751,0.00137751,0.00137751,1639210020,2021-12-11T08:07:00
0.00134427,0.00134427,0.00134427,0.00134427,1639209840,2021-12-11T08:04:00
0.00129023,0.00129023,0.00129023,0.00129023,1639209780,2021-12-11T08:03:00
0.0013907,0.0013907,0.0013907,0.0013907,1639209540,2021-12-11T07:59:00
0.00152134,0.00152134,0.00152134,0.00152134,1639207860,2021-12-11T07:31:00
0.00140867,0.00140867,0.00140867,0.00140867,1639207620,2021-12-11T07:27:00
0.00148285,0.00148285,0.00148285,0.00148285,1639207500,2021-12-11T07:25:00
0.00168459,0.00168459,0.00168459,0.00168459,1639206720,2021-12-11T07:12:00
0.0016205,0.0016205,0.0016205,0.0016205,1639206420,2021-12-11T07:07:00
0.0015496,0.0015496,0.0015496,0.0015496,1639205040,2021-12-11T06:44:00
0.00159194,0.00159194,0.00159194,0.00159194,1639204800,2021-12-11T06:40:00
0.00172752,0.00172752,0.00172752,0.00172752,1639204500,2021-12-11T06:35:00
0.00178994,0.00178994,0.00178994,0.00178994,1639203900,2021-12-11T06:25:00
0.0016566,0.0016566,0.0016566,0.0016566,1639202940,2021-12-11T06:09:00
0.0015241,0.0015241,0.0015241,0.0015241,1639201680,2021-12-11T05:48:00
0.00139709,0.00139709,0.00139709,0.00139709,1639201260,2021-12-11T05:41:00
0.00139425,0.00139425,0.00139425,0.00139425,1639201200,2021-12-11T05:40:00
0.00140984,0.00140984,0.00140984,0.00140984,1639200480,2021-12-11T05:28:00
0.00149258,0.00149258,0.00149258,0.00149258,1639199940,2021-12-11T05:19:00
0.00146691,0.00146691,0.00146691,0.00146691,1639199520,2021-12-11T05:12:00
0.00131478,0.00131478,0.00131478,0.00131478,1639199400,2021-12-11T05:10:00
0.00132832,0.00132832,0.00132832,0.00132832,1639198980,2021-12-11T05:03:00
0.00149056,0.00149056,0.00149056,0.00149056,1639198740,2021-12-11T04:59:00
0.00159139,0.00159139,0.00159139,0.00159139,1639198500,2021-12-11T04:55:00
0.00147188,0.00147188,0.00147188,0.00147188,1639197720,2021-12-11T04:42:00
0.00151396,0.00151396,0.00151396,0.00151396,1639196640,2021-12-11T04:24:00
0.00152131,0.00152131,0.00152131,0.00152131,1639196580,2021-12-11T04:23:00
0.00153545,0.00153545,0.00153545,0.00153545,1639195380,2021-12-11T04:03:00
0.00162616,0.00162616,0.00162616,0.00162616,1639195020,2021-12-11T03:57:00
0.001505,0.001505,0.001505,0.001505,1639194840,2021-12-11T03:54:00
0.00138212,0.00138212,0.00136839,0.00136839,1639194480,2021-12-11T03:48:00
0.00130261,0.00130261,0.00130221,0.00130221,1639194360,2021-12-11T03:46:00
0.00133962,0.00133962,0.00133962,0.00133962,1639194060,2021-12-11T03:41:00
0.00136398,0.00136398,0.00136398,0.00136398,1639193820,2021-12-11T03:37:00
0.00143125,0.00143125,0.00143125,0.00143125,1639193340,2021-12-11T03:29:00
0.0014996,0.0014996,0.0014996,0.0014996,1639193100,2021-12-11T03:25:00
0.00155581,0.00155581,0.00155581,0.00155581,1639193040,2021-12-11T03:24:00
0.00144621,0.00144621,0.00144621,0.00144621,1639192380,2021-12-11T03:13:00
0.00130358,0.00130358,0.00130358,0.00130358,1639192200,2021-12-11T03:10:00
0.001166,0.001166,0.001166,0.001166,1639192080,2021-12-11T03:08:00
0.00132967,0.00132967,0.00132967,0.00132967,1639192020,2021-12-11T03:07:00
0.00151528,0.00151528,0.00151528,0.00151528,1639191600,2021-12-11T03:00:00
0.00145458,0.00145458,0.00145458,0.00145458,1639191420,2021-12-11T02:57:00
0.00136122,0.00136122,0.00136122,0.00136122,1639191180,2021-12-11T02:53:00
0.00135096,0.00135096,0.00135096,0.00135096,1639191120,2021-12-11T02:52:00
0.00141741,0.00141741,0.00141741,0.00141741,1639190460,2021-12-11T02:41:00
0.00129384,0.00129384,0.00129384,0.00129384,1639189620,2021-12-11T02:27:00
0.00120453,0.00120453,0.00120453,0.00120453,1639189320,2021-12-11T02:22:00
0.000996711,0.00111011,0.000996711,0.00111011,1639189260,2021-12-11T02:21:00
0.000936828,0.000936828,0.000936828,0.000936828,1639189140,2021-12-11T02:19:00
0.00111397,0.00111397,0.00111397,0.00111397,1639189080,2021-12-11T02:18:00
0.00142544,0.00142544,0.00142544,0.00142544,1639188180,2021-12-11T02:03:00
0.00158817,0.00158817,0.00158817,0.00158817,1639187280,2021-12-11T01:48:00
0.00162239,0.00162239,0.00162239,0.00162239,1639186680,2021-12-11T01:38:00
0.00152005,0.00152005,0.00152005,0.00152005,1639186200,2021-12-11T01:30:00
0.00142554,0.00142554,0.00142554,0.00142554,1639184460,2021-12-11T01:01:00
0.0014268,0.0014268,0.0014268,0.0014268,1639184400,2021-12-11T01:00:00
0.00151768,0.00151768,0.00151768,0.00151768,1639183440,2021-12-11T00:44:00
0.00151331,0.00151331,0.00151331,0.00151331,1639182120,2021-12-11T00:22:00
0.00154252,0.00154252,0.00154252,0.00154252,1639181400,2021-12-11T00:10:00
0.00146463,0.00146463,0.00146463,0.00146463,1639181220,2021-12-11T00:07:00
0.00132938,0.00132938,0.00132938,0.00132938,1639180800,2021-12-11T00:00:00
0.00143975,0.00143975,0.00143975,0.00143975,1639179660,2021-12-10T23:41:00
0.00161273,0.00161273,0.00161273,0.00161273,1639177680,2021-12-10T23:08:00
0.00155278,0.00161142,0.00155278,0.00161142,1639177140,2021-12-10T22:59:00
0.0015,0.0015,0.0015,0.0015,1639177020,2021-12-10T22:57:00
0.00144466,0.00144466,0.00144466,0.00144466,1639176840,2021-12-10T22:54:00
0.00136995,0.00136995,0.00136995,0.00136995,1639176600,2021-12-10T22:50:00
0.0014674,0.0014674,0.0014674,0.0014674,1639176480,2021-12-10T22:48:00
0.00171552,0.00171552,0.00171552,0.00171552,1639176180,2021-12-10T22:43:00
0.00187429,0.00187429,0.00187429,0.00187429,1639175040,2021-12-10T22:24:00
0.00178181,0.00178181,0.00178181,0.00178181,1639174800,2021-12-10T22:20:00
0.00157891,0.00157891,0.00157891,0.00157891,1639174500,2021-12-10T22:15:00
0.00148096,0.00148096,0.00148096,0.00148096,1639174380,2021-12-10T22:13:00
0.00147899,0.00147899,0.00147899,0.00147899,1639174200,2021-12-10T22:10:00
0.00165484,0.00165484,0.00165484,0.00165484,1639174140,2021-12-10T22:09:00
0.00179262,0.00179262,0.00179262,0.00179262,1639174080,2021-12-10T22:08:00
0.00196748,0.00196748,0.00196748,0.00196748,1639173960,2021-12-10T22:06:00
0.00145343,0.00145343,0.0013059,0.0013059,1639173900,2021-12-10T22:05:00
0.00171062,0.00171062,0.00171062,0.00171062,1639173840,2021-12-10T22:04:00
0.00178637,0.00178637,0.00178637,0.00178637,1639173120,2021-12-10T21:52:00
0.00188357,0.00188357,0.00188357,0.00188357,1639172640,2021-12-10T21:44:00
0.00181515,0.00181515,0.00181515,0.00181515,1639172580,2021-12-10T21:43:00
0.0016631,0.0016631,0.0016631,0.0016631,1639172460,2021-12-10T21:41:00
0.00179713,0.00179713,0.00179713,0.00179713,1639172340,2021-12-10T21:39:00
0.00212405,0.00212405,0.00212405,0.00212405,1639172280,2021-12-10T21:38:00
0.00239229,0.00239229,0.00239229,0.00239229,1639172220,2021-12-10T21:37:00
0.00190187,0.00190187,0.00190187,0.00190187,1639172040,2021-12-10T21:34:00
0.00151724,0.00151724,0.00148607,0.00148607,1639171860,2021-12-10T21:31:00
0.00177003,0.00177003,0.00161688,0.00161688,1639171560,2021-12-10T21:26:00
0.00189919,0.00189919,0.00189919,0.00189919,1639171440,2021-12-10T21:24:00
0.00199312,0.00215634,0.00199312,0.00215634,1639171380,2021-12-10T21:23:00
0.00159003,0.00180863,0.00159003,0.00180863,1639170840,2021-12-10T21:14:00
0.00189061,0.00189061,0.00189061,0.00189061,1639170660,2021-12-10T21:11:00
0.00182063,0.00193522,0.00182063,0.00193522,1639170540,2021-12-10T21:09:00
0.00180863,0.00180863,0.00180863,0.00180863,1639170480,2021-12-10T21:08:00
0.00179425,0.00179425,0.00179425,0.00179425,1639170360,2021-12-10T21:06:00
0.0017971,0.00186763,0.0017971,0.00186763,1639170180,2021-12-10T21:03:00
0.00175234,0.00175234,0.00175234,0.00175234,1639170060,2021-12-10T21:01:00
0.00186715,0.00186715,0.00186715,0.00186715,1639169340,2021-12-10T20:49:00
0.00155526,0.00155526,0.00155526,0.00155526,1639169280,2021-12-10T20:48:00
0.00163724,0.00163724,0.00163724,0.00163724,1639169100,2021-12-10T20:45:00
0.00175815,0.00175815,0.00175815,0.00175815,1639168740,2021-12-10T20:39:00
0.00170341,0.00170341,0.00170341,0.00170341,1639167780,2021-12-10T20:23:00
0.00179144,0.00179144,0.00179144,0.00179144,1639167600,2021-12-10T20:20:00
0.00190657,0.00190657,0.00190657,0.00190657,1639167300,2021-12-10T20:15:00
0.00183087,0.00183087,0.00183087,0.00183087,1639166460,2021-12-10T20:01:00
0.00182869,0.00182869,0.00182869,0.00182869,1639165500,2021-12-10T19:45:00
0.00184848,0.00184848,0.00184848,0.00184848,1639165380,2021-12-10T19:43:00
0.00173183,0.00173183,0.00173183,0.00173183,1639165260,2021-12-10T19:41:00
0.00171256,0.00171256,0.00171256,0.00171256,1639164540,2021-12-10T19:29:00
0.0017582,0.0017582,0.0017582,0.0017582,1639163760,2021-12-10T19:16:00
0.00181681,0.00181681,0.00177017,0.00177017,1639161720,2021-12-10T18:42:00
0.00179806,0.00179806,0.00179806,0.00179806,1639160340,2021-12-10T18:19:00
0.00169713,0.00169713,0.00169713,0.00169713,1639160220,2021-12-10T18:17:00
0.00150083,0.00150083,0.00150083,0.00150083,1639159740,2021-12-10T18:09:00
0.00141585,0.00141585,0.00141585,0.00141585,1639159320,2021-12-10T18:02:00
0.00150971,0.00150971,0.00150971,0.00150971,1639159020,2021-12-10T17:57:00
0.0016042,0.0016042,0.0016042,0.0016042,1639158120,2021-12-10T17:42:00
0.00160883,0.00160883,0.00160883,0.00160883,1639157880,2021-12-10T17:38:00
0.00160612,0.00160612,0.00160612,0.00160612,1639156680,2021-12-10T17:18:00
0.0016271,0.0016271,0.0016271,0.0016271,1639152120,2021-12-10T16:02:00
0.0018009,0.0018009,0.0018009,0.0018009,1639151640,2021-12-10T15:54:00
0.0020492,0.0020492,0.0020492,0.0020492,1639151460,2021-12-10T15:51:00
0.00175819,0.00175819,0.00175819,0.00175819,1639151220,2021-12-10T15:47:00
0.0015757,0.0015757,0.0015757,0.0015757,1639150920,2021-12-10T15:42:00
0.00162283,0.00162283,0.00162283,0.00162283,1639150500,2021-12-10T15:35:00
0.0016217,0.0016217,0.0016217,0.0016217,1639146420,2021-12-10T14:27:00
0.00155974,0.00155974,0.00155974,0.00155974,1639142760,2021-12-10T13:26:00
0.00152297,0.00152297,0.00152297,0.00152297,1639141800,2021-12-10T13:10:00
0.00159938,0.00159938,0.00159938,0.00159938,1639140720,2021-12-10T12:52:00
0.00160965,0.00160965,0.00160965,0.00160965,1639140000,2021-12-10T12:40:00
0.00146241,0.00146241,0.00146241,0.00146241,1639139220,2021-12-10T12:27:00
0.00145846,0.00145846,0.00145846,0.00145846,1639139040,2021-12-10T12:24:00
0.00155706,0.00155706,0.00155706,0.00155706,1639138920,2021-12-10T12:22:00
0.00160877,0.00160877,0.00160877,0.00160877,1639138800,2021-12-10T12:20:00
0.00152714,0.00152714,0.00152714,0.00152714,1639135620,2021-12-10T11:27:00
0.00144732,0.00144732,0.00144732,0.00144732,1639135260,2021-12-10T11:21:00
0.00153554,0.00153554,0.00153554,0.00153554,1639134480,2021-12-10T11:08:00
0.00159851,0.00159851,0.00159851,0.00159851,1639133880,2021-12-10T10:58:00
0.00156976,0.00156976,0.00156976,0.00156976,1639133520,2021-12-10T10:52:00
0.00157423,0.00157423,0.00157423,0.00157423,1639131600,2021-12-10T10:20:00
0.00168519,0.00168519,0.00168519,0.00168519,1639130640,2021-12-10T10:04:00
0.00168061,0.00168061,0.00168061,0.00168061,1639130220,2021-12-10T09:57:00
0.00164482,0.00164482,0.00164482,0.00164482,1639129620,2021-12-10T09:47:00
0.00163361,0.00163361,0.00163361,0.00163361,1639129440,2021-12-10T09:44:00
0.00151308,0.00151308,0.00151308,0.00151308,1639129380,2021-12-10T09:43:00
0.00145734,0.00145734,0.00145734,0.00145734,1639129260,2021-12-10T09:41:00
0.00139999,0.00139999,0.0013988,0.0013988,1639129020,2021-12-10T09:37:00
0.00154089,0.00154089,0.00154089,0.00154089,1639128960,2021-12-10T09:36:00
0.00156786,0.00156786,0.00156786,0.00156786,1639128900,2021-12-10T09:35:00
0.0015961,0.0015961,0.0015961,0.0015961,1639128780,2021-12-10T09:33:00
0.0017847,0.0017847,0.0017847,0.0017847,1639128660,2021-12-10T09:31:00
0.0017783,0.0017783,0.0017783,0.0017783,1639128300,2021-12-10T09:25:00
0.0016117,0.0016117,0.0016117,0.0016117,1639128180,2021-12-10T09:23:00
0.00207931,0.00207931,0.00150116,0.00151181,1639128120,2021-12-10T09:22:00
0.0021761,0.0021761,0.0021761,0.0021761,1639128000,2021-12-10T09:20:00
0.00188213,0.00188213,0.00188213,0.00188213,1639127940,2021-12-10T09:19:00
0.0019058,0.0019058,0.0019058,0.0019058,1639127880,2021-12-10T09:18:00
0.00181814,0.00183155,0.00181814,0.00183155,1639127820,2021-12-10T09:17:00
0.00180897,0.00180897,0.00180897,0.00180897,1639127760,2021-12-10T09:16:00
0.00182054,0.00182054,0.00182054,0.00182054,1639127700,2021-12-10T09:15:00
0.00185623,0.00185623,0.00185623,0.00185623,1639127580,2021-12-10T09:13:00
0.00183943,0.00183943,0.00183943,0.00183943,1639127520,2021-12-10T09:12:00
0.00175115,0.00217434,0.00175115,0.00217434,1639127460,2021-12-10T09:11:00
0.00166392,0.00166392,0.00166392,0.00166392,1639127280,2021-12-10T09:08:00
0.00177324,0.00177324,0.00177324,0.00177324,1639127100,2021-12-10T09:05:00
0.00183465,0.00183465,0.0018316,0.0018316,1639127040,2021-12-10T09:04:00
0.00187214,0.00187214,0.00187214,0.00187214,1639126860,2021-12-10T09:01:00
0.00184794,0.00184794,0.00184794,0.00184794,1639126800,2021-12-10T09:00:00
0.00188658,0.00188658,0.00188658,0.00188658,1639126740,2021-12-10T08:59:00
0.0019512,0.0019512,0.0019512,0.0019512,1639126680,2021-12-10T08:58:00
0.00187624,0.00187624,0.00187624,0.00187624,1639126620,2021-12-10T08:57:00
0.00179128,0.00179128,0.00179128,0.00179128,1639126560,2021-12-10T08:56:00
0.00176231,0.00176231,0.00176231,0.00176231,1639126500,2021-12-10T08:55:00
0.00174118,0.00174118,0.00174118,0.00174118,1639126440,2021-12-10T08:54:00
0.00170305,0.00170305,0.00170305,0.00170305,1639126380,2021-12-10T08:53:00
0.00164422,0.00164422,0.00164422,0.00164422,1639126200,2021-12-10T08:50:00
0.00160473,0.00160473,0.00160473,0.00160473,1639126140,2021-12-10T08:49:00
0.00163924,0.00163924,0.00163924,0.00163924,1639126020,2021-12-10T08:47:00
0.00168374,0.00168374,0.00168374,0.00168374,1639125900,2021-12-10T08:45:00
0.00162454,0.00162454,0.00162454,0.00162454,1639125840,2021-12-10T08:44:00
0.00156406,0.00156406,0.00156406,0.00156406,1639125720,2021-12-10T08:42:00
0.0014961,0.0014961,0.0014961,0.0014961,1639125240,2021-12-10T08:34:00
0.00143571,0.00143571,0.00143571,0.00143571,1639125180,2021-12-10T08:33:00
0.00114125,0.00134431,0.00114125,0.00134431,1639125000,2021-12-10T08:30:00
0.00200034,0.00200034,0.00143589,0.00143589,1639124940,2021-12-10T08:29:00
0.00202489,0.00202489,0.00202489,0.00202489,1639124820,2021-12-10T08:27:00
0.00197156,0.00197156,0.00197156,0.00197156,1639124400,2021-12-10T08:20:00
0.00189643,0.00189643,0.00189643,0.00189643,1639124100,2021-12-10T08:15:00
0.00184345,0.00184345,0.00184345,0.00184345,1639124040,2021-12-10T08:14:00
0.00176688,0.00176688,0.00176688,0.00176688,1639123620,2021-12-10T08:07:00
0.00177386,0.00177386,0.00177386,0.00177386,1639122420,2021-12-10T07:47:00
0.00177887,0.00177887,0.00177887,0.00177887,1639122300,2021-12-10T07:45:00
0.00166529,0.00166529,0.00166529,0.00166529,1639121760,2021-12-10T07:36:00
0.00162465,0.00162465,0.00162465,0.00162465,1639121700,2021-12-10T07:35:00
0.00169054,0.00169054,0.00169054,0.00169054,1639121580,2021-12-10T07:33:00
0.00173593,0.00173593,0.00173593,0.00173593,1639121340,2021-12-10T07:29:00
0.00171003,0.00171003,0.00171003,0.00171003,1639120620,2021-12-10T07:17:00
0.00164827,0.00164827,0.00164827,0.00164827,1639120560,2021-12-10T07:16:00
0.00154839,0.00154839,0.00154399,0.00154399,1639120440,2021-12-10T07:14:00
0.00162646,0.00162646,0.00162646,0.00162646,1639119540,2021-12-10T06:59:00
0.00164913,0.00164913,0.00164913,0.00164913,1639119480,2021-12-10T06:58:00
0.00173437,0.00173437,0.00173437,0.00173437,1639118700,2021-12-10T06:45:00
0.00181155,0.00181155,0.00181155,0.00181155,1639117860,2021-12-10T06:31:00
0.00185713,0.00185713,0.00185713,0.00185713,1639117680,2021-12-10T06:28:00
0.0018866,0.0018866,0.0018866,0.0018866,1639117200,2021-12-10T06:20:00
0.0019096,0.0019096,0.0019096,0.0019096,1639116660,2021-12-10T06:11:00
0.00184949,0.00184949,0.00184949,0.00184949,1639115760,2021-12-10T05:56:00
0.00181916,0.00181916,0.00181916,0.00181916,1639115400,2021-12-10T05:50:00
0.00194266,0.00194266,0.00194266,0.00194266,1639114980,2021-12-10T05:43:00
0.00226459,0.00226459,0.00226459,0.00226459,1639114860,2021-12-10T05:41:00
0.00210692,0.00210692,0.00210692,0.00210692,1639114800,2021-12-10T05:40:00
0.00186216,0.00186216,0.00186216,0.00186216,1639114320,2021-12-10T05:32:00
0.00198671,0.00198671,0.00198671,0.00198671,1639114140,2021-12-10T05:29:00
0.00203624,0.00203624,0.00203624,0.00203624,1639114020,2021-12-10T05:27:00
0.00201679,0.00201679,0.00201679,0.00201679,1639113300,2021-12-10T05:15:00
0.00195824,0.00195824,0.00195824,0.00195824,1639112700,2021-12-10T05:05:00
0.00187447,0.00187447,0.00187447,0.00187447,1639112580,2021-12-10T05:03:00
0.0017969,0.0017969,0.0017969,0.0017969,1639112520,2021-12-10T05:02:00
0.00176294,0.00176294,0.00176294,0.00176294,1639111200,2021-12-10T04:40:00
0.0017848,0.0017848,0.0017848,0.0017848,1639110600,2021-12-10T04:30:00
0.00179432,0.00179432,0.00179432,0.00179432,1639110300,2021-12-10T04:25:00
0.00181504,0.00181504,0.00181504,0.00181504,1639109520,2021-12-10T04:12:00
0.00173034,0.00173034,0.00173034,0.00173034,1639109460,2021-12-10T04:11:00
0.00164572,0.00164572,0.00164572,0.00164572,1639109280,2021-12-10T04:08:00
0.00160742,0.00160742,0.00160742,0.00160742,1639109100,2021-12-10T04:05:00
0.00153596,0.00156948,0.00153596,0.00156948,1639108860,2021-12-10T04:01:00
0.00135722,0.00146887,0.00135722,0.00146887,1639108620,2021-12-10T03:57:00
0.00146594,0.00146594,0.00146594,0.00146594,1639108500,2021-12-10T03:55:00
0.00181726,0.00181726,0.00181726,0.00181726,1639108260,2021-12-10T03:51:00
0.00202264,0.00202264,0.00202264,0.00202264,1639108140,2021-12-10T03:49:00
0.00216711,0.00216711,0.00216711,0.00216711,1639107480,2021-12-10T03:38:00
0.00219774,0.00219774,0.00219774,0.00219774,1639107300,2021-12-10T03:35:00
0.00200069,0.00200069,0.00200069,0.00200069,1639106520,2021-12-10T03:22:00
0.00182151,0.00182151,0.00182151,0.00182151,1639106400,2021-12-10T03:20:00
0.00166894,0.00166894,0.00166894,0.00166894,1639106100,2021-12-10T03:15:00
0.00159293,0.00159293,0.00159293,0.00159293,1639104600,2021-12-10T02:50:00
0.00157479,0.00157479,0.00157479,0.00157479,1639104540,2021-12-10T02:49:00
0.00147495,0.00147495,0.00147495,0.00147495,1639104360,2021-12-10T02:46:00
0.0013551,0.0013551,0.0013551,0.0013551,1639104240,2021-12-10T02:44:00
0.00149207,0.00149207,0.00149207,0.00149207,1639104180,2021-12-10T02:43:00
0.00172914,0.00172914,0.00172914,0.00172914,1639103100,2021-12-10T02:25:00
0.00169058,0.00169058,0.00169058,0.00169058,1639102680,2021-12-10T02:18:00
0.00172947,0.00172947,0.00172947,0.00172947,1639102140,2021-12-10T02:09:00
0.0017844,0.0017844,0.0017844,0.0017844,1639101780,2021-12-10T02:03:00
0.00174143,0.00174143,0.00174143,0.00174143,1639099440,2021-12-10T01:24:00
0.00176224,0.00176224,0.00176224,0.00176224,1639098660,2021-12-10T01:11:00
0.00185335,0.00185335,0.00185335,0.00185335,1639098480,2021-12-10T01:08:00
0.00195871,0.00195871,0.00195871,0.00195871,1639097640,2021-12-10T00:54:00
0.00209506,0.00209506,0.00209506,0.00209506,1639097340,2021-12-10T00:49:00
0.00203427,0.00203427,0.00203427,0.00203427,1639097280,2021-12-10T00:48:00
0.00181035,0.00181035,0.00181035,0.00181035,1639096140,2021-12-10T00:29:00
0.0016027,0.0016871,0.0016027,0.0016871,1639095780,2021-12-10T00:23:00
0.00166309,0.00166309,0.00166309,0.00166309,1639095660,2021-12-10T00:21:00
0.00184862,0.00184862,0.00184862,0.00184862,1639094520,2021-12-10T00:02:00
0.00196373,0.00196373,0.00196373,0.00196373,1639094400,2021-12-10T00:00:00
0.00194785,0.00194785,0.00194785,0.00194785,1639094160,2021-12-09T23:56:00
0.00194817,0.00194817,0.00194817,0.00194817,1639093920,2021-12-09T23:52:00
0.00206163,0.00206163,0.00206163,0.00206163,1639093740,2021-12-09T23:49:00
0.00222199,0.00222199,0.00222199,0.00222199,1639093200,2021-12-09T23:40:00
0.00191854,0.00191854,0.00191854,0.00191854,1639093020,2021-12-09T23:37:00
0.00188143,0.00188143,0.00188143,0.00188143,1639092960,2021-12-09T23:36:00
0.00183698,0.00183698,0.00183698,0.00183698,1639092840,2021-12-09T23:34:00
0.00170692,0.00170692,0.00170692,0.00170692,1639092780,2021-12-09T23:33:00
0.00173911,0.00173911,0.00173911,0.00173911,1639092720,2021-12-09T23:32:00
0.00181315,0.00181315,0.00181315,0.00181315,1639091520,2021-12-09T23:12:00
0.00198618,0.00198618,0.00198618,0.00198618,1639091160,2021-12-09T23:06:00
0.00212009,0.00217169,0.00212009,0.00217169,1639090380,2021-12-09T22:53:00
0.00191534,0.00191534,0.00191534,0.00191534,1639089540,2021-12-09T22:39:00
0.00169585,0.00170802,0.00169585,0.00170802,1639089180,2021-12-09T22:33:00
0.00179029,0.00186123,0.00142541,0.00186123,1639088940,2021-12-09T22:29:00
0.00159007,0.00159007,0.00159007,0.00159007,1639088880,2021-12-09T22:28:00
0.00208827,0.00208827,0.00208827,0.00208827,1639088820,2021-12-09T22:27:00
0.0021065,0.0021065,0.0021065,0.0021065,1639088400,2021-12-09T22:20:00
0.00205687,0.00205687,0.00205687,0.00205687,1639088220,2021-12-09T22:17:00
0.00216768,0.00216768,0.00216768,0.00216768,1639087740,2021-12-09T22:09:00
0.00231134,0.00231134,0.00231134,0.00231134,1639087680,2021-12-09T22:08:00
0.00248014,0.00248014,0.00248014,0.00248014,1639087560,2021-12-09T22:06:00
0.00219082,0.00219082,0.00219082,0.00219082,1639087140,2021-12-09T21:59:00
0.00187567,0.00187567,0.00187567,0.00187567,1639086960,2021-12-09T21:56:00
0.00184921,0.00184921,0.00184921,0.00184921,1639086600,2021-12-09T21:50:00
0.00185483,0.00185483,0.00185483,0.00185483,1639086420,2021-12-09T21:47:00
0.00207222,0.00207222,0.00207222,0.00207222,1639086360,2021-12-09T21:46:00
0.00231538,0.00231538,0.00231538,0.00231538,1639086240,2021-12-09T21:44:00
0.00228758,0.00228758,0.00228758,0.00228758,1639085940,2021-12-09T21:39:00
0.00227005,0.00227005,0.00227005,0.00227005,1639085820,2021-12-09T21:37:00
0.00215659,0.00215659,0.00215659,0.00215659,1639085520,2021-12-09T21:32:00
0.00230117,0.00230117,0.00230117,0.00230117,1639085400,2021-12-09T21:30:00
0.00235953,0.00235953,0.00235953,0.00235953,1639085340,2021-12-09T21:29:00
0.00214707,0.00214707,0.00214707,0.00214707,1639084980,2021-12-09T21:23:00
0.002014,0.00209319,0.002014,0.00209319,1639084800,2021-12-09T21:20:00
0.00199904,0.00199904,0.00199904,0.00199904,1639084680,2021-12-09T21:18:00
0.00200949,0.00200949,0.00200949,0.00200949,1639084560,2021-12-09T21:16:00
0.00230384,0.00230384,0.00230384,0.00230384,1639084320,2021-12-09T21:12:00
0.00241318,0.00251176,0.00241318,0.00251176,1639084200,2021-12-09T21:10:00
0.00244888,0.00244888,0.00244888,0.00244888,1639084140,2021-12-09T21:09:00
0.00218787,0.00240704,0.00218787,0.00240704,1639084080,2021-12-09T21:08:00
0.00247221,0.00247221,0.00240857,0.00240857,1639084020,2021-12-09T21:07:00
0.00242375,0.00244057,0.00242375,0.00244057,1639083960,2021-12-09T21:06:00
0.00221527,0.00221527,0.00221527,0.00221527,1639083840,2021-12-09T21:04:00
0.00208446,0.00208446,0.00208446,0.00208446,1639083780,2021-12-09T21:03:00
0.00204718,0.00204718,0.00204718,0.00204718,1639083720,2021-12-09T21:02:00
0.00212151,0.00212151,0.00212151,0.00212151,1639083660,2021-12-09T21:01:00
0.00221889,0.00221889,0.00221889,0.00221889,1639083540,2021-12-09T20:59:00
0.00215908,0.00215908,0.00215908,0.00215908,1639083420,2021-12-09T20:57:00
0.00198407,0.00198407,0.00198407,0.00198407,1639083240,2021-12-09T20:54:00
0.0018542,0.0018542,0.0018542,0.0018542,1639082820,2021-12-09T20:47:00
0.00194746,0.00194746,0.00194746,0.00194746,1639082400,2021-12-09T20:40:00
0.00200709,0.00200709,0.00200709,0.00200709,1639082280,2021-12-09T20:38:00
0.00197906,0.00197906,0.00197906,0.00197906,1639081740,2021-12-09T20:29:00
0.00188431,0.00188431,0.00188431,0.00188431,1639080900,2021-12-09T20:15:00
0.00175217,0.00175217,0.00175217,0.00175217,1639080360,2021-12-09T20:06:00
0.00196898,0.00196898,0.00196898,0.00196898,1639080180,2021-12-09T20:03:00
0.00166865,0.00166865,0.00166865,0.00166865,1639080120,2021-12-09T20:02:00
0.00192098,0.00192098,0.00177809,0.00177809,1639080060,2021-12-09T20:01:00
0.00198541,0.00198541,0.00198541,0.00198541,1639079880,2021-12-09T19:58:00
0.0018204,0.00193268,0.0018204,0.00193268,1639079700,2021-12-09T19:55:00
0.00200743,0.00200743,0.00200743,0.00200743,1639079580,2021-12-09T19:53:00
0.00217342,0.00218897,0.00217342,0.00218897,1639079460,2021-12-09T19:51:00
0.00227797,0.00227797,0.00227797,0.00227797,1639079340,2021-12-09T19:49:00
0.0016579,0.0016579,0.0016579,0.0016579,1639079100,2021-12-09T19:45:00
0.00158714,0.00158714,0.00158714,0.00158714,1639078560,2021-12-09T19:36:00
0.00167509,0.00167509,0.00167509,0.00167509,1639078320,2021-12-09T19:32:00
0.00184267,0.00184267,0.00184267,0.00184267,1639078260,2021-12-09T19:31:00
0.00181616,0.00181616,0.00181616,0.00181616,1639078140,2021-12-09T19:29:00
0.00171886,0.00171886,0.00171886,0.00171886,1639078080,2021-12-09T19:28:00
0.00179619,0.00179619,0.00179619,0.00179619,1639078020,2021-12-09T19:27:00
0.00190626,0.00190626,0.00190626,0.00190626,1639077900,2021-12-09T19:25:00
0.00175709,0.00175709,0.00175709,0.00175709,1639077840,2021-12-09T19:24:00
0.00168717,0.00168717,0.00168717,0.00168717,1639077420,2021-12-09T19:17:00
0.0016774,0.0016774,0.0016774,0.0016774,1639077360,2021-12-09T19:16:00
0.00163774,0.00163774,0.00163774,0.00163774,1639077000,2021-12-09T19:10:00
0.00151359,0.00151359,0.00151359,0.00151359,1639076220,2021-12-09T18:57:00
0.00132164,0.00132164,0.00132164,0.00132164,1639076160,2021-12-09T18:56:00
0.00131871,0.00131871,0.00131871,0.00131871,1639075920,2021-12-09T18:52:00
0.00136994,0.00136994,0.00136994,0.00136994,1639075440,2021-12-09T18:44:00
0.00133725,0.00133725,0.00133725,0.00133725,1639075020,2021-12-09T18:37:00
0.00152965,0.00152965,0.00152965,0.00152965,1639074360,2021-12-09T18:26:00
0.00161623,0.00161623,0.00161623,0.00161623,1639073280,2021-12-09T18:08:00
0.00145239,0.00145239,0.00145239,0.00145239,1639072680,2021-12-09T17:58:00
0.00153171,0.00153171,0.00153171,0.00153171,1639071960,2021-12-09T17:46:00
0.00140667,0.00140667,0.00140667,0.00140667,1639071900,2021-12-09T17:45:00
0.00154098,0.00154098,0.00154098,0.00154098,1639071840,2021-12-09T17:44:00
0.00171026,0.00171026,0.00161284,0.00161284,1639071720,2021-12-09T17:42:00
0.00177801,0.00177801,0.00177801,0.00177801,1639071240,2021-12-09T17:34:00
0.00173369,0.00173369,0.00173369,0.00173369,1639070040,2021-12-09T17:14:00
0.00162706,0.00162706,0.00162706,0.00162706,1639068720,2021-12-09T16:52:00
0.00148177,0.00148177,0.00148177,0.00148177,1639068060,2021-12-09T16:41:00
0.00132004,0.00132004,0.00132004,0.00132004,1639067880,2021-12-09T16:38:00
0.00144876,0.00144876,0.00144876,0.00144876,1639067820,2021-12-09T16:37:00
0.00171602,0.00171602,0.00171602,0.00171602,1639065180,2021-12-09T15:53:00
0.00172168,0.00172168,0.00172168,0.00172168,1639064880,2021-12-09T15:48:00
0.00156008,0.00156008,0.00156008,0.00156008,1639063200,2021-12-09T15:20:00
0.00134866,0.00134866,0.00134866,0.00134866,1639061940,2021-12-09T14:59:00
0.00139008,0.00139008,0.00139008,0.00139008,1639061880,2021-12-09T14:58:00
0.0016897,0.0016897,0.0016897,0.0016897,1639061040,2021-12-09T14:44:00
0.00187189,0.00187189,0.00187189,0.00187189,1639060920,2021-12-09T14:42:00
0.00179992,0.00179992,0.00179992,0.00179992,1639060320,2021-12-09T14:32:00
0.00160046,0.00160046,0.00160046,0.00160046,1639059840,2021-12-09T14:24:00
0.00152851,0.00152851,0.00152851,0.00152851,1639058100,2021-12-09T13:55:00
0.00158252,0.00158252,0.00158252,0.00158252,1639057860,2021-12-09T13:51:00
0.00165571,0.00165571,0.00165571,0.00165571,1639057560,2021-12-09T13:46:00
0.00164285,0.00164285,0.00164285,0.00164285,1639056480,2021-12-09T13:28:00
0.00152788,0.00152788,0.00152788,0.00152788,1639055820,2021-12-09T13:17:00
0.00160255,0.00160255,0.00160255,0.00160255,1639055160,2021-12-09T13:06:00
0.00199039,0.00199039,0.00199039,0.00199039,1639054980,2021-12-09T13:03:00
0.00232994,0.00232994,0.00232994,0.00232994,1639054860,2021-12-09T13:01:00
0.00248484,0.00248484,0.00248484,0.00248484,1639054800,2021-12-09T13:00:00
0.00279408,0.00279408,0.00260716,0.00260716,1639054740,2021-12-09T12:59:00
0.00260114,0.00260114,0.00260114,0.00260114,1639054560,2021-12-09T12:56:00
0.00195821,0.00195821,0.00195821,0.00195821,1639054500,2021-12-09T12:55:00
0.00165459,0.00165459,0.00165459,0.00165459,1639054140,2021-12-09T12:49:00
0.00159489,0.00159489,0.00159489,0.00159489,1639053000,2021-12-09T12:30:00
0.00161519,0.00161519,0.00161519,0.00161519,1639052820,2021-12-09T12:27:00
0.00173721,0.00173721,0.00173721,0.00173721,1639052640,2021-12-09T12:24:00
0.00187915,0.00187915,0.00187915,0.00187915,1639052340,2021-12-09T12:19:00
0.00203866,0.00203866,0.00203866,0.00203866,1639052280,2021-12-09T12:18:00
0.00222618,0.00222618,0.00222618,0.00222618,1639052160,2021-12-09T12:16:00
0.00257086,0.00257086,0.00257086,0.00257086,1639052040,2021-12-09T12:14:00
0.00284898,0.00284898,0.00284898,0.00284898,1639051980,2021-12-09T12:13:00
0.00218432,0.00218432,0.00218432,0.00218432,1639051860,2021-12-09T12:11:00
0.00166204,0.00166204,0.00166204,0.00166204,1639051560,2021-12-09T12:06:00
0.00163761,0.00163761,0.00163761,0.00163761,1639051080,2021-12-09T11:58:00
0.00148804,0.00148804,0.00148804,0.00148804,1639047360,2021-12-09T10:56:00
0.00147964,0.00147964,0.00147964,0.00147964,1639047180,2021-12-09T10:53:00
0.00158495,0.00158495,0.00158495,0.00158495,1639046160,2021-12-09T10:36:00
0.00170705,0.00170705,0.00170705,0.00170705,1639045740,2021-12-09T10:29:00
0.0016133,0.0016133,0.0016133,0.0016133,1639045440,2021-12-09T10:24:00
0.00143241,0.00143241,0.00143241,0.00143241,1639045260,2021-12-09T10:21:00
0.00132235,0.00132235,0.00132235,0.00132235,1639045200,2021-12-09T10:20:00
0.00123558,0.00123558,0.00123558,0.00123558,1639045080,2021-12-09T10:18:00
0.00142183,0.00142183,0.00142183,0.00142183,1639044900,2021-12-09T10:15:00
0.00166201,0.00166201,0.00166201,0.00166201,1639044840,2021-12-09T10:14:00
0.00183746,0.00183746,0.0016948,0.0016948,1639044780,2021-12-09T10:13:00
0.00191837,0.00191837,0.00191837,0.00191837,1639044480,2021-12-09T10:08:00
0.0018319,0.0018319,0.0018319,0.0018319,1639044360,2021-12-09T10:06:00
0.00183436,0.00183436,0.00183436,0.00183436,1639044240,2021-12-09T10:04:00
0.00201806,0.00201806,0.00201806,0.00201806,1639044120,2021-12-09T10:02:00
0.00215894,0.00215894,0.00215894,0.00215894,1639043880,2021-12-09T09:58:00
0.00208108,0.00208108,0.00208108,0.00208108,1639043640,2021-12-09T09:54:00
0.0020107,0.0020107,0.0020107,0.0020107,1639043580,2021-12-09T09:53:00
0.00192549,0.00192549,0.00192549,0.00192549,1639042800,2021-12-09T09:40:00
0.00193017,0.00193017,0.00193017,0.00193017,1639041840,2021-12-09T09:24:00
0.00195115,0.00195115,0.00195115,0.00195115,1639041060,2021-12-09T09:11:00
0.0018854,0.0018854,0.0018854,0.0018854,1639040580,2021-12-09T09:03:00
0.00182288,0.00182288,0.00182288,0.00182288,1639039680,2021-12-09T08:48:00
0.00180253,0.00180253,0.00180253,0.00180253,1639039440,2021-12-09T08:44:00
0.00200565,0.00200565,0.00200565,0.00200565,1639039260,2021-12-09T08:41:00
0.00245504,0.00245504,0.00245504,0.00245504,1639039200,2021-12-09T08:40:00
0.00161163,0.00161163,0.00161163,0.00161163,1639037220,2021-12-09T08:07:00
0.00167158,0.00167158,0.00167158,0.00167158,1639035660,2021-12-09T07:41:00
0.00164162,0.00164162,0.00164162,0.00164162,1639034340,2021-12-09T07:19:00
0.00155925,0.00155925,0.00155925,0.00155925,1639034040,2021-12-09T07:14:00
0.00158267,0.00158267,0.00158267,0.00158267,1639033380,2021-12-09T07:03:00
0.00156123,0.00156123,0.00156123,0.00156123,1639033140,2021-12-09T06:59:00
0.00147332,0.00147332,0.00147332,0.00147332,1639032420,2021-12-09T06:47:00
0.00141229,0.00141229,0.00141229,0.00141229,1639032240,2021-12-09T06:44:00
0.00139608,0.00139608,0.00139608,0.00139608,1639031940,2021-12-09T06:39:00
0.00158698,0.00158698,0.00158698,0.00158698,1639031400,2021-12-09T06:30:00
0.00170162,0.00170162,0.00170162,0.00170162,1639029420,2021-12-09T05:57:00
0.00172908,0.00172908,0.00172908,0.00172908,1639028520,2021-12-09T05:42:00
0.00190521,0.00190521,0.00190521,0.00190521,1639028100,2021-12-09T05:35:00
0.00192915,0.00192915,0.00192915,0.00192915,1639027740,2021-12-09T05:29:00
0.00180362,0.00180362,0.00180362,0.00180362,1639026960,2021-12-09T05:16:00
0.00173859,0.00173859,0.00173859,0.00173859,1639026300,2021-12-09T05:05:00
0.00177064,0.00177064,0.00177064,0.00177064,1639026120,2021-12-09T05:02:00
0.00172282,0.00172282,0.00172282,0.00172282,1639025820,2021-12-09T04:57:00
0.00167727,0.00167727,0.00167727,0.00167727,1639025640,2021-12-09T04:54:00
0.00180363,0.00180363,0.00180363,0.00180363,1639024920,2021-12-09T04:42:00
0.00204829,0.00204829,0.00204829,0.00204829,1639024740,2021-12-09T04:39:00
0.00189956,0.00189956,0.00189956,0.00189956,1639024680,2021-12-09T04:38:00
0.0016524,0.0016524,0.0016524,0.0016524,1639023840,2021-12-09T04:24:00
0.00168549,0.00168549,0.00168549,0.00168549,1639023120,2021-12-09T04:12:00
0.00149392,0.00149392,0.00149392,0.00149392,1639021740,2021-12-09T03:49:00
0.00154414,0.00154414,0.00154414,0.00154414,1639019940,2021-12-09T03:19:00
0.00169261,0.00169261,0.00169261,0.00169261,1639019460,2021-12-09T03:11:00
0.00138229,0.00138229,0.00138229,0.00138229,1639017960,2021-12-09T02:46:00
0.00117976,0.00117976,0.00117976,0.00117976,1639017840,2021-12-09T02:44:00
0.00126172,0.00126172,0.00126172,0.00126172,1639017660,2021-12-09T02:41:00
0.00141926,0.00141926,0.00141926,0.00141926,1639017360,2021-12-09T02:36:00
0.00153117,0.00153117,0.00153117,0.00153117,1639017240,2021-12-09T02:34:00
0.00152729,0.00152729,0.00152729,0.00152729,1639015560,2021-12-09T02:06:00
0.00153188,0.00153188,0.00153188,0.00153188,1639015320,2021-12-09T02:02:00
0.00165155,0.00165155,0.00165155,0.00165155,1639012080,2021-12-09T01:08:00
0.0016921,0.0016921,0.0016921,0.0016921,1639011240,2021-12-09T00:54:00
0.00175312,0.00175312,0.00175312,0.00175312,1639010940,2021-12-09T00:49:00
0.00177524,0.00177524,0.00177524,0.00177524,1639010340,2021-12-09T00:39:00
0.00157756,0.00157756,0.00157756,0.00157756,1639005660,2021-12-08T23:21:00
0.00147605,0.00147605,0.00147605,0.00147605,1639004760,2021-12-08T23:06:00
0.00164882,0.00164882,0.00164882,0.00164882,1639004580,2021-12-08T23:03:00
0.00167842,0.00167842,0.00167842,0.00167842,1639004340,2021-12-08T22:59:00
0.00162998,0.00162998,0.00162998,0.00162998,1638999480,2021-12-08T21:38:00
0.00162191,0.00162191,0.00162191,0.00162191,1638998760,2021-12-08T21:26:00
0.00166994,0.00182843,0.00166994,0.00182843,1638998580,2021-12-08T21:23:00
0.00178509,0.00178509,0.00178509,0.00178509,1638998460,2021-12-08T21:21:00
0.00170243,0.00170243,0.00170243,0.00170243,1638998040,2021-12-08T21:14:00
0.00166345,0.00166345,0.00166345,0.00166345,1638997740,2021-12-08T21:09:00
0.00174095,0.00174095,0.00174095,0.00174095,1638997500,2021-12-08T21:05:00
0.0017897,0.0017897,0.0017897,0.0017897,1638997200,2021-12-08T21:00:00
0.00179722,0.00179722,0.00179722,0.00179722,1638997020,2021-12-08T20:57:00
0.00181798,0.00181798,0.00181798,0.00181798,1638996480,2021-12-08T20:48:00
0.00185377,0.00185377,0.00185377,0.00185377,1638996060,2021-12-08T20:41:00
0.00187172,0.00187172,0.00187172,0.00187172,1638995580,2021-12-08T20:33:00
0.00185709,0.00185709,0.00185709,0.00185709,1638994320,2021-12-08T20:12:00
0.00205159,0.00205159,0.00205159,0.00205159,1638994140,2021-12-08T20:09:00
0.00195977,0.00195977,0.00195977,0.00195977,1638994080,2021-12-08T20:08:00
0.001636,0.001636,0.001636,0.001636,1638994020,2021-12-08T20:07:00
0.00179002,0.00179002,0.00179002,0.00179002,1638992880,2021-12-08T19:48:00
0.00190826,0.00190826,0.00190826,0.00190826,1638992760,2021-12-08T19:46:00
0.00182388,0.00182388,0.00182388,0.00182388,1638992160,2021-12-08T19:36:00
0.00148981,0.00148981,0.00148981,0.00148981,1638991920,2021-12-08T19:32:00
0.00162642,0.00162642,0.00162642,0.00162642,1638991740,2021-12-08T19:29:00
0.00166165,0.00166165,0.00166165,0.00166165,1638991200,2021-12-08T19:20:00
0.001604,0.001604,0.001604,0.001604,1638991140,2021-12-08T19:19:00
0.00163124,0.00163124,0.00163124,0.00163124,1638986520,2021-12-08T18:02:00
0.00162429,0.00162429,0.00162429,0.00162429,1638986280,2021-12-08T17:58:00
0.00156948,0.00156948,0.00156948,0.00156948,1638986160,2021-12-08T17:56:00
0.00159674,0.00159674,0.00159674,0.00159674,1638984600,2021-12-08T17:30:00
0.00129529,0.00137935,0.00129529,0.00137935,1638984240,2021-12-08T17:24:00
0.00147521,0.00147521,0.00147521,0.00147521,1638984120,2021-12-08T17:22:00
0.00144668,0.00144668,0.00144668,0.00144668,1638983940,2021-12-08T17:19:00
0.00164781,0.00164781,0.00164781,0.00164781,1638983820,2021-12-08T17:17:00
0.00192481,0.00192481,0.00192481,0.00192481,1638983580,2021-12-08T17:13:00
0.00174019,0.00174019,0.00174019,0.00174019,1638983520,2021-12-08T17:12:00
0.00151846,0.00151846,0.00151846,0.00151846,1638983220,2021-12-08T17:07:00
0.00152663,0.00152663,0.00152663,0.00152663,1638981360,2021-12-08T16:36:00
0.00161708,0.00161708,0.00161708,0.00161708,1638981300,2021-12-08T16:35:00
0.00181144,0.00181144,0.00181144,0.00181144,1638980040,2021-12-08T16:14:00
0.00192462,0.00192462,0.00192462,0.00192462,1638979620,2021-12-08T16:07:00
0.00174539,0.00174539,0.00174539,0.00174539,1638979440,2021-12-08T16:04:00
0.00158945,0.00158945,0.00158945,0.00158945,1638979380,2021-12-08T16:03:00
0.00167091,0.00167091,0.00167091,0.00167091,1638979020,2021-12-08T15:57:00
0.00177391,0.00177391,0.00177391,0.00177391,1638975540,2021-12-08T14:59:00
0.00196065,0.00196065,0.00196065,0.00196065,1638975300,2021-12-08T14:55:00
0.0016113,0.00182226,0.0016113,0.00182226,1638975240,2021-12-08T14:54:00
0.00171673,0.00171673,0.00171673,0.00171673,1638974220,2021-12-08T14:37:00
0.00182925,0.00182925,0.00182925,0.00182925,1638973380,2021-12-08T14:23:00
0.00186676,0.00186676,0.00186676,0.00186676,1638972900,2021-12-08T14:15:00
0.00182572,0.00182572,0.00182572,0.00182572,1638971940,2021-12-08T13:59:00
0.00176789,0.00176789,0.00176789,0.00176789,1638971340,2021-12-08T13:49:00
0.00177588,0.00177588,0.00177588,0.00177588,1638970500,2021-12-08T13:35:00
0.00154672,0.00154672,0.00154672,0.00154672,1638968640,2021-12-08T13:04:00
0.00142248,0.00142248,0.00142248,0.00142248,1638968520,2021-12-08T13:02:00
0.00143982,0.00143982,0.00143982,0.00143982,1638967980,2021-12-08T12:53:00
0.00153169,0.00153169,0.00153169,0.00153169,1638967800,2021-12-08T12:50:00
0.00168602,0.00168602,0.00168602,0.00168602,1638967680,2021-12-08T12:48:00
0.00165254,0.00165254,0.00165254,0.00165254,1638967020,2021-12-08T12:37:00
0.0016986,0.0016986,0.0016986,0.0016986,1638966720,2021-12-08T12:32:00
0.00175658,0.00175658,0.00175658,0.00175658,1638966540,2021-12-08T12:29:00
0.00173595,0.00173595,0.00173595,0.00173595,1638963300,2021-12-08T11:35:00
0.00161047,0.00185873,0.00161047,0.00185873,1638963180,2021-12-08T11:33:00
0.00179672,0.00179672,0.00179672,0.00179672,1638962700,2021-12-08T11:25:00
0.00197743,0.00197743,0.00197743,0.00197743,1638962580,2021-12-08T11:23:00
0.00182172,0.00182172,0.00182172,0.00182172,1638962340,2021-12-08T11:19:00
0.00165177,0.00165177,0.00165177,0.00165177,1638962100,2021-12-08T11:15:00
0.00168209,0.00168209,0.00168209,0.00168209,1638961200,2021-12-08T11:00:00
0.0016947,0.0016947,0.0016947,0.0016947,1638960540,2021-12-08T10:49:00
0.00180559,0.00180559,0.00172781,0.00172781,1638960420,2021-12-08T10:47:00
0.00189733,0.00189733,0.00189733,0.00189733,1638960120,2021-12-08T10:42:00
0.00177478,0.00177478,0.00177478,0.00177478,1638960000,2021-12-08T10:40:00
0.00176814,0.00176814,0.00176814,0.00176814,1638959760,2021-12-08T10:36:00
0.00185482,0.00185482,0.00185482,0.00185482,1638959640,2021-12-08T10:34:00
0.00186243,0.00186243,0.00186243,0.00186243,1638958980,2021-12-08T10:23:00
0.0020049,0.0020049,0.0020049,0.0020049,1638958920,2021-12-08T10:22:00
0.00191632,0.00191632,0.00191632,0.00191632,1638958740,2021-12-08T10:19:00
0.00199689,0.00199689,0.00181391,0.00181391,1638958620,2021-12-08T10:17:00
0.00225143,0.00225143,0.00225143,0.00225143,1638958560,2021-12-08T10:16:00
0.0022071,0.0022071,0.0022071,0.0022071,1638958500,2021-12-08T10:15:00
0.00214122,0.00214122,0.00214122,0.00214122,1638958440,2021-12-08T10:14:00
0.00196724,0.00196724,0.00196724,0.00196724,1638958380,2021-12-08T10:13:00
0.00194011,0.00194011,0.00194011,0.00194011,1638958320,2021-12-08T10:12:00
0.00183419,0.00183419,0.00183419,0.00183419,1638958200,2021-12-08T10:10:00
0.0016308,0.0016308,0.0016308,0.0016308,1638958080,2021-12-08T10:08:00
0.00182005,0.00182005,0.00182005,0.00182005,1638958020,2021-12-08T10:07:00
0.00215655,0.00215655,0.00215655,0.00215655,1638957960,2021-12-08T10:06:00
0.00207533,0.00207533,0.00207533,0.00207533,1638957900,2021-12-08T10:05:00
0.00217306,0.00217306,0.00203397,0.00203397,1638957840,2021-12-08T10:04:00
0.00179961,0.00234258,0.00179961,0.00225136,1638957780,2021-12-08T10:03:00
0.00180714,0.00180714,0.00180714,0.00180714,1638957540,2021-12-08T09:59:00
0.00181613,0.00181613,0.00181613,0.00181613,1638957480,2021-12-08T09:58:00
0.00178558,0.00178558,0.00178558,0.00178558,1638957240,2021-12-08T09:54:00
0.00173442,0.00173442,0.00173442,0.00173442,1638956760,2021-12-08T09:46:00
0.00177646,0.00177646,0.00177646,0.00177646,1638956640,2021-12-08T09:44:00
0.00180671,0.00180671,0.00180671,0.00180671,1638956520,2021-12-08T09:42:00
0.0016177,0.00168005,0.0016177,0.00168005,1638956280,2021-12-08T09:38:00
0.0014897,0.0014897,0.0014897,0.0014897,1638956160,2021-12-08T09:36:00
0.0013505,0.0013505,0.0013505,0.0013505,1638956100,2021-12-08T09:35:00
0.00127016,0.00130166,0.00127016,0.00130166,1638955920,2021-12-08T09:32:00
0.00124549,0.00124549,0.00124549,0.00124549,1638955800,2021-12-08T09:30:00
0.00133224,0.00133224,0.00133224,0.00133224,1638955740,2021-12-08T09:29:00
0.00157206,0.00157206,0.00157206,0.00157206,1638955680,2021-12-08T09:28:00
0.00170749,0.00170749,0.00170749,0.00170749,1638955620,2021-12-08T09:27:00
0.00174874,0.00174874,0.00174874,0.00174874,1638955500,2021-12-08T09:25:00
0.00188413,0.00188413,0.00188413,0.00188413,1638955380,2021-12-08T09:23:00
0.0019379,0.0019379,0.0019379,0.0019379,1638955020,2021-12-08T09:17:00
0.00186896,0.00186896,0.00186896,0.00186896,1638954840,2021-12-08T09:14:00
0.00152556,0.00191256,0.00152556,0.00191256,1638954240,2021-12-08T09:04:00
0.00154552,0.00154552,0.00154552,0.00154552,1638954180,2021-12-08T09:03:00
0.00151815,0.00151815,0.00151815,0.00151815,1638954000,2021-12-08T09:00:00
0.00158553,0.00158553,0.00158553,0.00158553,1638953940,2021-12-08T08:59:00
0.00166992,0.00166992,0.00166992,0.00166992,1638953640,2021-12-08T08:54:00
0.00165611,0.00165611,0.00165611,0.00165611,1638953280,2021-12-08T08:48:00
0.00161966,0.00161966,0.00161966,0.00161966,1638953040,2021-12-08T08:44:00
0.00164703,0.00164703,0.00164703,0.00164703,1638952440,2021-12-08T08:34:00
0.00168935,0.00168935,0.00168935,0.00168935,1638952140,2021-12-08T08:29:00
0.00171592,0.00171592,0.00171592,0.00171592,1638950340,2021-12-08T07:59:00
0.00207981,0.00207981,0.00198746,0.00198746,1638949800,2021-12-08T07:50:00
0.00193601,0.00193601,0.00193601,0.00193601,1638949440,2021-12-08T07:44:00
0.00194428,0.00194428,0.00194428,0.00194428,1638949380,2021-12-08T07:43:00
0.00194639,0.00195536,0.00194639,0.00195536,1638949020,2021-12-08T07:37:00
0.00192773,0.00192773,0.00192773,0.00192773,1638948780,2021-12-08T07:33:00
0.00190003,0.00190003,0.00190003,0.00190003,1638948300,2021-12-08T07:25:00
0.00192952,0.00192952,0.00192952,0.00192952,1638947760,2021-12-08T07:16:00
0.00194188,0.00194188,0.00194188,0.00194188,1638947580,2021-12-08T07:13:00
0.0017232,0.0017232,0.0017232,0.0017232,1638944520,2021-12-08T06:22:00
0.00149037,0.00149037,0.00149037,0.00149037,1638943500,2021-12-08T06:05:00
0.00138335,0.00138335,0.00138335,0.00138335,1638943320,2021-12-08T06:02:00
0.0013776,0.0013776,0.0013776,0.0013776,1638943260,2021-12-08T06:01:00
0.00157436,0.00157436,0.00157436,0.00157436,1638942480,2021-12-08T05:48:00
0.00167417,0.00167417,0.00167417,0.00167417,1638941520,2021-12-08T05:32:00
0.00163854,0.00163854,0.00163854,0.00163854,1638941400,2021-12-08T05:30:00
0.001817,0.001817,0.001817,0.001817,1638939060,2021-12-08T04:51:00
0.00187463,0.00187463,0.00187463,0.00187463,1638938940,2021-12-08T04:49:00
0.0019218,0.0019218,0.0019218,0.0019218,1638938280,2021-12-08T04:38:00
0.00198616,0.00198616,0.00198616,0.00198616,1638937920,2021-12-08T04:32:00
0.00180453,0.00180453,0.00180453,0.00180453,1638937740,2021-12-08T04:29:00
0.00176876,0.00176876,0.00176876,0.00176876,1638937080,2021-12-08T04:18:00
0.00192227,0.00192227,0.00192227,0.00192227,1638936780,2021-12-08T04:13:00
0.00177896,0.00177896,0.00177896,0.00177896,1638936480,2021-12-08T04:08:00
0.00149014,0.00149014,0.00149014,0.00149014,1638935520,2021-12-08T03:52:00
0.0014008,0.0014008,0.0014008,0.0014008,1638935400,2021-12-08T03:50:00
0.00150143,0.00150143,0.00150143,0.00150143,1638935340,2021-12-08T03:49:00
0.00136891,0.00136891,0.00136891,0.00136891,1638935280,2021-12-08T03:48:00
0.00148774,0.00148774,0.00148774,0.00148774,1638935040,2021-12-08T03:44:00
0.00159299,0.00159299,0.00159299,0.00159299,1638933480,2021-12-08T03:18:00
0.00170873,0.00170873,0.00170873,0.00170873,1638932040,2021-12-08T02:54:00
0.00159595,0.00159595,0.00159595,0.00159595,1638930420,2021-12-08T02:27:00
0.0014508,0.0014508,0.0014508,0.0014508,1638930300,2021-12-08T02:25:00
0.00149321,0.00149321,0.00149321,0.00149321,1638929880,2021-12-08T02:18:00
0.00169804,0.00169804,0.00169804,0.00169804,1638929760,2021-12-08T02:16:00
0.00176095,0.00176095,0.00176095,0.00176095,1638928800,2021-12-08T02:00:00
0.00182159,0.00182159,0.00182159,0.00182159,1638928200,2021-12-08T01:50:00
0.00198235,0.00198235,0.00198235,0.00198235,1638928080,2021-12-08T01:48:00
0.00205959,0.00205959,0.00205959,0.00205959,1638928020,2021-12-08T01:47:00
0.00197755,0.00197755,0.00197755,0.00197755,1638925260,2021-12-08T01:01:00
0.00215965,0.00215965,0.00215965,0.00215965,1638924600,2021-12-08T00:50:00
0.00207963,0.00207963,0.00207963,0.00207963,1638924540,2021-12-08T00:49:00
0.00169019,0.00177032,0.00169019,0.00177032,1638924180,2021-12-08T00:43:00
0.00159802,0.00159802,0.00159802,0.00159802,1638923880,2021-12-08T00:38:00
0.00160771,0.00160771,0.00160771,0.00160771,1638923580,2021-12-08T00:33:00
0.0017948,0.0017948,0.0017948,0.0017948,1638923520,2021-12-08T00:32:00
0.00192819,0.00192819,0.00192819,0.00192819,1638921720,2021-12-08T00:02:00
0.00181794,0.00181794,0.00181794,0.00181794,1638921420,2021-12-07T23:57:00
0.00162679,0.00162679,0.00162679,0.00162679,1638921300,2021-12-07T23:55:00
0.0016139,0.0016139,0.0016139,0.0016139,1638920880,2021-12-07T23:48:00
0.00172482,0.00172482,0.00172482,0.00172482,1638920640,2021-12-07T23:44:00
0.00161355,0.00161355,0.00161355,0.00161355,1638918300,2021-12-07T23:05:00
0.0015189,0.0015189,0.0015189,0.0015189,1638917700,2021-12-07T22:55:00
0.00159013,0.00159013,0.00159013,0.00159013,1638917220,2021-12-07T22:47:00
0.00167719,0.00167719,0.00167719,0.00167719,1638917100,2021-12-07T22:45:00
0.00181246,0.00181246,0.00181246,0.00181246,1638916800,2021-12-07T22:40:00
0.00181331,0.00181331,0.00181331,0.00181331,1638915060,2021-12-07T22:11:00
0.00178907,0.00178907,0.00178907,0.00178907,1638915000,2021-12-07T22:10:00
0.00183706,0.00183706,0.00183706,0.00183706,1638914940,2021-12-07T22:09:00
0.001848,0.001848,0.001848,0.001848,1638914880,2021-12-07T22:08:00
0.00178943,0.00178943,0.00178943,0.00178943,1638914700,2021-12-07T22:05:00
0.00156002,0.00156002,0.00156002,0.00156002,1638914160,2021-12-07T21:56:00
0.00155512,0.00155512,0.00155512,0.00155512,1638914040,2021-12-07T21:54:00
0.00168495,0.00168495,0.00168495,0.00168495,1638912840,2021-12-07T21:34:00
0.0017362,0.0017362,0.0017362,0.0017362,1638912780,2021-12-07T21:33:00
0.00190852,0.00197133,0.00190852,0.00197133,1638912540,2021-12-07T21:29:00
0.00164131,0.00164131,0.00164131,0.00164131,1638912480,2021-12-07T21:28:00
0.00159441,0.00159441,0.00159441,0.00159441,1638912240,2021-12-07T21:24:00
0.00153306,0.00153306,0.00153306,0.00153306,1638912060,2021-12-07T21:21:00
0.00162382,0.00162382,0.00162382,0.00162382,1638912000,2021-12-07T21:20:00
0.00176375,0.00176375,0.00176375,0.00176375,1638911880,2021-12-07T21:18:00
0.00172526,0.00172526,0.00172526,0.00172526,1638911760,2021-12-07T21:16:00
0.00176305,0.00176305,0.00176305,0.00176305,1638911520,2021-12-07T21:12:00
0.00178891,0.00178891,0.00178891,0.00178891,1638911460,2021-12-07T21:11:00
0.00174689,0.00174689,0.00174689,0.00174689,1638911280,2021-12-07T21:08:00
0.00191045,0.00191045,0.00191045,0.00191045,1638911220,2021-12-07T21:07:00
0.00209132,0.00209132,0.00209132,0.00209132,1638911160,2021-12-07T21:06:00
0.0023203,0.0023203,0.00222257,0.00222257,1638911040,2021-12-07T21:04:00
0.00217778,0.00217778,0.00217778,0.00217778,1638910860,2021-12-07T21:01:00
0.00197043,0.00197043,0.00197043,0.00197043,1638910800,2021-12-07T21:00:00
0.00205297,0.00205297,0.00205297,0.00205297,1638910620,2021-12-07T20:57:00
0.00210912,0.00210912,0.00210912,0.00210912,1638910500,2021-12-07T20:55:00
0.00206614,0.00206614,0.00206614,0.00206614,1638910140,2021-12-07T20:49:00
0.00222028,0.00222028,0.00222028,0.00222028,1638910020,2021-12-07T20:47:00
0.00213337,0.00226693,0.00213337,0.00226693,1638909960,2021-12-07T20:46:00
0.00181147,0.00181147,0.00181147,0.00181147,1638909660,2021-12-07T20:41:00
0.0016913,0.0016913,0.0016913,0.0016913,1638909600,2021-12-07T20:40:00
0.00187699,0.00187699,0.00185336,0.00185336,1638909540,2021-12-07T20:39:00
0.00179996,0.00179996,0.00179996,0.00179996,1638909480,2021-12-07T20:38:00
0.00183489,0.00183489,0.00183489,0.00183489,1638908640,2021-12-07T20:24:00
0.00189034,0.00189034,0.00189034,0.00189034,1638908460,2021-12-07T20:21:00
0.00178281,0.00178281,0.00178281,0.00178281,1638907980,2021-12-07T20:13:00
0.0017087,0.0017087,0.0017087,0.0017087,1638907800,2021-12-07T20:10:00
0.00158593,0.00158593,0.00158593,0.00158593,1638907380,2021-12-07T20:03:00
0.00141884,0.00141884,0.00141884,0.00141884,1638907260,2021-12-07T20:01:00
0.00141045,0.00141045,0.00141045,0.00141045,1638907200,2021-12-07T20:00:00
0.00154061,0.00154061,0.00154061,0.00154061,1638907140,2021-12-07T19:59:00
0.00168849,0.00168849,0.00168849,0.00168849,1638906960,2021-12-07T19:56:00
0.00169824,0.00169824,0.00169824,0.00169824,1638906420,2021-12-07T19:47:00
0.00140865,0.0015171,0.00140865,0.0015171,1638906240,2021-12-07T19:44:00
0.00145873,0.00145873,0.00145873,0.00145873,1638906180,2021-12-07T19:43:00
0.00144972,0.00144972,0.00144972,0.00144972,1638906120,2021-12-07T19:42:00
0.00159125,0.00159125,0.00159125,0.00159125,1638906060,2021-12-07T19:41:00
0.00195612,0.00195612,0.00195612,0.00195612,1638905580,2021-12-07T19:33:00
0.0020647,0.0020647,0.0020647,0.0020647,1638905520,2021-12-07T19:32:00
0.00194382,0.00194382,0.00194382,0.00194382,1638905280,2021-12-07T19:28:00
0.00187399,0.00187399,0.00187399,0.00187399,1638904440,2021-12-07T19:14:00
0.001935,0.001935,0.001935,0.001935,1638903600,2021-12-07T19:00:00
0.00167481,0.00182008,0.00167481,0.00182008,1638903120,2021-12-07T18:52:00
0.00184902,0.00184902,0.00184902,0.00184902,1638902820,2021-12-07T18:47:00
0.00209738,0.00209738,0.00209738,0.00209738,1638902700,2021-12-07T18:45:00
0.00216246,0.00216246,0.00216246,0.00216246,1638902100,2021-12-07T18:35:00
0.00205434,0.00205434,0.00205434,0.00205434,1638901920,2021-12-07T18:32:00
0.00192525,0.00192525,0.00192525,0.00192525,1638901500,2021-12-07T18:25:00
0.00185167,0.00185167,0.00185167,0.00185167,1638901320,2021-12-07T18:22:00
0.00190543,0.00190543,0.00186253,0.00186253,1638901080,2021-12-07T18:18:00
0.00184926,0.00184926,0.00184926,0.00184926,1638901020,2021-12-07T18:17:00
0.0016602,0.0016602,0.0016602,0.0016602,1638900780,2021-12-07T18:13:00
0.00142206,0.00142206,0.00142206,0.00142206,1638900600,2021-12-07T18:10:00
0.00173656,0.00173656,0.00173656,0.00173656,1638900480,2021-12-07T18:08:00
0.00136053,0.0014743,0.00136053,0.0014743,1638900360,2021-12-07T18:06:00
0.00180049,0.00180049,0.00180049,0.00180049,1638900120,2021-12-07T18:02:00
0.00213525,0.00213525,0.00213525,0.00213525,1638900000,2021-12-07T18:00:00
0.00224851,0.00224851,0.00224851,0.00224851,1638899940,2021-12-07T17:59:00
0.00208495,0.00208495,0.00208495,0.00208495,1638898140,2021-12-07T17:29:00
0.00186074,0.00186074,0.00186074,0.00186074,1638897960,2021-12-07T17:26:00
0.00181421,0.00181421,0.00181421,0.00181421,1638897900,2021-12-07T17:25:00
0.00203193,0.00203193,0.00177552,0.00177552,1638896640,2021-12-07T17:04:00
0.0021752,0.0021752,0.0021752,0.0021752,1638896580,2021-12-07T17:03:00
0.00202199,0.00202199,0.00202199,0.00202199,1638896160,2021-12-07T16:56:00
0.00192253,0.00192253,0.00192253,0.00192253,1638895920,2021-12-07T16:52:00
0.00174442,0.00174442,0.00174442,0.00174442,1638895680,2021-12-07T16:48:00
0.00164425,0.00164425,0.00164425,0.00164425,1638895500,2021-12-07T16:45:00
0.00156616,0.00156616,0.00156616,0.00156616,1638895440,2021-12-07T16:44:00
0.00190489,0.00190489,0.00190489,0.00190489,1638895380,2021-12-07T16:43:00
0.00246153,0.00246153,0.00246153,0.00246153,1638895260,2021-12-07T16:41:00
0.00230861,0.00230861,0.00230861,0.00230861,1638895200,2021-12-07T16:40:00
0.00207929,0.00207929,0.00207929,0.00207929,1638894660,2021-12-07T16:31:00
0.00211873,0.00211873,0.00211873,0.00211873,1638894360,2021-12-07T16:26:00
0.00219645,0.00219645,0.00219645,0.00219645,1638893640,2021-12-07T16:14:00
0.00222155,0.00222155,0.00222155,0.00222155,1638892440,2021-12-07T15:54:00
0.00219125,0.00219125,0.00219125,0.00219125,1638891300,2021-12-07T15:35:00
0.00222617,0.00222617,0.00222617,0.00222617,1638890640,2021-12-07T15:24:00
0.00210115,0.00210115,0.00210115,0.00210115,1638889740,2021-12-07T15:09:00
0.00216066,0.00216066,0.00216066,0.00216066,1638888780,2021-12-07T14:53:00
0.00240649,0.00240649,0.00240649,0.00240649,1638888420,2021-12-07T14:47:00
0.00224348,0.00224348,0.00224348,0.00224348,1638888300,2021-12-07T14:45:00
0.00199078,0.00199078,0.00199078,0.00199078,1638887940,2021-12-07T14:39:00
0.00226717,0.00226717,0.00226717,0.00226717,1638887760,2021-12-07T14:36:00
0.00184143,0.00184143,0.00184143,0.00184143,1638886860,2021-12-07T14:21:00
0.00189827,0.00189827,0.00189827,0.00189827,1638885540,2021-12-07T13:59:00
0.00212261,0.00212261,0.00198325,0.00198325,1638884520,2021-12-07T13:42:00
0.00216227,0.00216227,0.00216227,0.00216227,1638884340,2021-12-07T13:39:00
0.00194407,0.00194407,0.00194407,0.00194407,1638883380,2021-12-07T13:23:00
0.00167862,0.00178751,0.00167862,0.00178751,1638883140,2021-12-07T13:19:00
0.00157539,0.00157539,0.00157539,0.00157539,1638883080,2021-12-07T13:18:00
0.0017535,0.0017535,0.0017535,0.0017535,1638883020,2021-12-07T13:17:00
0.00207671,0.00207671,0.00207671,0.00207671,1638882420,2021-12-07T13:07:00
0.00221932,0.00221932,0.00221932,0.00221932,1638881760,2021-12-07T12:56:00
0.00254138,0.00254138,0.00254138,0.00254138,1638881640,2021-12-07T12:54:00
0.00239412,0.00239412,0.00239412,0.00239412,1638881280,2021-12-07T12:48:00
0.00189796,0.00189796,0.00189796,0.00189796,1638880560,2021-12-07T12:36:00
0.00164603,0.00164603,0.00164603,0.00164603,1638880440,2021-12-07T12:34:00
0.00185333,0.00185333,0.00185333,0.00185333,1638880200,2021-12-07T12:30:00
0.00224759,0.00224759,0.00224759,0.00224759,1638880140,2021-12-07T12:29:00
0.00209017,0.00209017,0.00209017,0.00209017,1638879480,2021-12-07T12:18:00
0.00197271,0.00197271,0.00197271,0.00197271,1638879000,2021-12-07T12:10:00
0.00187561,0.00187561,0.00187561,0.00187561,1638877860,2021-12-07T11:51:00
0.00169768,0.00169768,0.00169768,0.00169768,1638877740,2021-12-07T11:49:00
0.00180147,0.00180147,0.00180147,0.00180147,1638876300,2021-12-07T11:25:00
0.00199639,0.00199639,0.00199639,0.00199639,1638875340,2021-12-07T11:09:00
0.00208586,0.00208586,0.00208586,0.00208586,1638875100,2021-12-07T11:05:00
0.00198589,0.00198589,0.00198589,0.00198589,1638874800,2021-12-07T11:00:00
0.00180055,0.00180055,0.00180055,0.00180055,1638874140,2021-12-07T10:49:00
0.00161685,0.00161685,0.00161685,0.00161685,1638874080,2021-12-07T10:48:00
0.00143996,0.00143996,0.00143996,0.00143996,1638874020,2021-12-07T10:47:00
0.00187226,0.00187226,0.00139862,0.00139862,1638873960,2021-12-07T10:46:00
0.00247208,0.00247208,0.00247208,0.00247208,1638873360,2021-12-07T10:36:00
0.00264038,0.00264038,0.00264038,0.00264038,1638873120,2021-12-07T10:32:00
0.00278227,0.00278227,0.00278227,0.00278227,1638873060,2021-12-07T10:31:00
0.00285379,0.00285379,0.00285379,0.00285379,1638873000,2021-12-07T10:30:00
0.00263984,0.00263984,0.00263984,0.00263984,1638872700,2021-12-07T10:25:00
0.00253386,0.00253386,0.00253386,0.00253386,1638872640,2021-12-07T10:24:00
0.00243696,0.00243696,0.00243696,0.00243696,1638872580,2021-12-07T10:23:00
0.00218956,0.00218956,0.00218956,0.00218956,1638872460,2021-12-07T10:21:00
0.00210477,0.00210477,0.00210477,0.00210477,1638872160,2021-12-07T10:16:00
0.002287,0.002287,0.002287,0.002287,1638871980,2021-12-07T10:13:00
0.00250396,0.00267188,0.00250396,0.00267188,1638871920,2021-12-07T10:12:00
0.00267022,0.00267022,0.00238245,0.00238245,1638871800,2021-12-07T10:10:00
0.00243204,0.00243204,0.00243204,0.00243204,1638871740,2021-12-07T10:09:00
0.0024051,0.0024051,0.0024051,0.0024051,1638871680,2021-12-07T10:08:00
0.00216846,0.00216846,0.00216846,0.00216846,1638871620,2021-12-07T10:07:00
0.00227162,0.00227162,0.00227162,0.00227162,1638871260,2021-12-07T10:01:00
0.00244022,0.00244022,0.00244022,0.00244022,1638871140,2021-12-07T09:59:00
0.00248649,0.00248649,0.00248649,0.00248649,1638871020,2021-12-07T09:57:00
0.00234946,0.00234946,0.00234946,0.00234946,1638870720,2021-12-07T09:52:00
0.0023494,0.0023494,0.0023494,0.0023494,1638870660,2021-12-07T09:51:00
0.00236324,0.00236324,0.00236324,0.00236324,1638870600,2021-12-07T09:50:00
0.00224289,0.00224289,0.00224289,0.00224289,1638870420,2021-12-07T09:47:00
0.00213301,0.00213301,0.00213301,0.00213301,1638870240,2021-12-07T09:44:00
0.00189919,0.00189919,0.00189919,0.00189919,1638870180,2021-12-07T09:43:00
0.00199117,0.00199117,0.00188802,0.00188802,1638870120,2021-12-07T09:42:00
0.00211455,0.00211455,0.00211455,0.00211455,1638870000,2021-12-07T09:40:00
0.00225855,0.00225855,0.00225855,0.00225855,1638869760,2021-12-07T09:36:00
0.00214656,0.00214656,0.00214656,0.00214656,1638869520,2021-12-07T09:32:00
0.00213027,0.00213027,0.00213027,0.00213027,1638868800,2021-12-07T09:20:00
0.00207462,0.00207462,0.00207462,0.00207462,1638868740,2021-12-07T09:19:00
0.00197524,0.00197524,0.00197524,0.00197524,1638868620,2021-12-07T09:17:00
0.0019956,0.0019956,0.0019956,0.0019956,1638867720,2021-12-07T09:02:00
0.0022763,0.0022763,0.0022763,0.0022763,1638867540,2021-12-07T08:59:00
0.00247173,0.00247173,0.00247173,0.00247173,1638866460,2021-12-07T08:41:00
0.00242454,0.00242454,0.00242454,0.00242454,1638866100,2021-12-07T08:35:00
0.00231002,0.00231002,0.00231002,0.00231002,1638865980,2021-12-07T08:33:00
0.00227354,0.00227354,0.00227354,0.00227354,1638865860,2021-12-07T08:31:00
0.00230712,0.00230712,0.00230712,0.00230712,1638865800,2021-12-07T08:30:00
0.00222573,0.00222573,0.00222573,0.00222573,1638865380,2021-12-07T08:23:00
0.00223341,0.00223341,0.00223341,0.00223341,1638865140,2021-12-07T08:19:00
0.00235885,0.00235885,0.00227914,0.00227914,1638865020,2021-12-07T08:17:00
0.00243571,0.00243571,0.00243571,0.00243571,1638864960,2021-12-07T08:16:00
0.0023316,0.0023316,0.0023316,0.0023316,1638864540,2021-12-07T08:09:00
0.00234897,0.00234897,0.00232797,0.00232797,1638864480,2021-12-07T08:08:00
0.00251501,0.00251501,0.00251501,0.00251501,1638863580,2021-12-07T07:53:00
0.00214129,0.00214129,0.00214129,0.00214129,1638862920,2021-12-07T07:42:00
0.00227089,0.00227089,0.00227089,0.00227089,1638862860,2021-12-07T07:41:00
0.00211269,0.00211269,0.00211269,0.00211269,1638862380,2021-12-07T07:33:00
0.00188834,0.00188834,0.00188834,0.00188834,1638862260,2021-12-07T07:31:00
0.00196832,0.00196832,0.00196832,0.00196832,1638860880,2021-12-07T07:08:00
0.00207959,0.00207959,0.00207959,0.00207959,1638860400,2021-12-07T07:00:00
0.00222117,0.00222117,0.00222117,0.00222117,1638860220,2021-12-07T06:57:00
0.00223021,0.00223021,0.00223021,0.00223021,1638859980,2021-12-07T06:53:00
0.00204818,0.00204818,0.00204818,0.00204818,1638859320,2021-12-07T06:42:00
0.00199096,0.00199096,0.00199096,0.00199096,1638858780,2021-12-07T06:33:00
0.00206032,0.00206032,0.00206032,0.00206032,1638858540,2021-12-07T06:29:00
0.00218992,0.00218992,0.00218992,0.00218992,1638857580,2021-12-07T06:13:00
0.00241051,0.00241051,0.00241051,0.00241051,1638855780,2021-12-07T05:43:00
0.00225689,0.00225689,0.00225689,0.00225689,1638855360,2021-12-07T05:36:00
0.00195054,0.00195054,0.00195054,0.00195054,1638853500,2021-12-07T05:05:00
0.00183299,0.00183299,0.00183299,0.00183299,1638853320,2021-12-07T05:02:00
0.00169572,0.00169572,0.00169572,0.00169572,1638853260,2021-12-07T05:01:00
0.00193968,0.00193968,0.00168324,0.00168324,1638853080,2021-12-07T04:58:00
0.00217631,0.00217631,0.00217631,0.00217631,1638852960,2021-12-07T04:56:00
0.00223102,0.00223102,0.00223102,0.00223102,1638852900,2021-12-07T04:55:00
0.00219717,0.00219717,0.00219717,0.00219717,1638852660,2021-12-07T04:51:00
0.00215174,0.00215174,0.00215174,0.00215174,1638851640,2021-12-07T04:34:00
0.00219297,0.00219297,0.00219297,0.00219297,1638851520,2021-12-07T04:32:00
0.00220626,0.00220626,0.00220626,0.00220626,1638851460,2021-12-07T04:31:00
0.00218335,0.00218335,0.00218335,0.00218335,1638851220,2021-12-07T04:27:00
0.00213566,0.00213566,0.00213566,0.00213566,1638850920,2021-12-07T04:22:00
0.00207972,0.00207972,0.00207972,0.00207972,1638850800,2021-12-07T04:20:00
0.0020246,0.0020246,0.0020246,0.0020246,1638850680,2021-12-07T04:18:00
0.00196622,0.00196622,0.00196622,0.00196622,1638850260,2021-12-07T04:11:00
0.00201202,0.00201202,0.00201202,0.00201202,1638849900,2021-12-07T04:05:00
0.00223969,0.00223969,0.00223969,0.00223969,1638849240,2021-12-07T03:54:00
0.0023318,0.0023318,0.0023318,0.0023318,1638847380,2021-12-07T03:23:00
0.00215265,0.00215265,0.00215265,0.00215265,1638846540,2021-12-07T03:09:00
0.00195159,0.00195159,0.00195159,0.00195159,1638846480,2021-12-07T03:08:00
0.00179038,0.00179038,0.00179038,0.00179038,1638846360,2021-12-07T03:06:00
0.00187968,0.00187968,0.00187968,0.00187968,1638846240,2021-12-07T03:04:00
0.0021058,0.0021058,0.0021058,0.0021058,1638845700,2021-12-07T02:55:00
0.00211724,0.00211724,0.00211724,0.00211724,1638845100,2021-12-07T02:45:00
0.00216511,0.00216511,0.00216511,0.00216511,1638844920,2021-12-07T02:42:00
0.00231544,0.00231544,0.00231544,0.00231544,1638844620,2021-12-07T02:37:00
0.00249207,0.00249207,0.00249207,0.00249207,1638841740,2021-12-07T01:49:00
0.00259479,0.00259479,0.00259479,0.00259479,1638841140,2021-12-07T01:39:00
0.00250152,0.00250152,0.00250152,0.00250152,1638840960,2021-12-07T01:36:00
0.00238425,0.00238425,0.00238425,0.00238425,1638838260,2021-12-07T00:51:00
0.00247332,0.00247332,0.00247332,0.00247332,1638837420,2021-12-07T00:37:00
0.00271946,0.00271946,0.00271946,0.00271946,1638836460,2021-12-07T00:21:00
0.00268414,0.00268414,0.00268414,0.00268414,1638836220,2021-12-07T00:17:00
0.00255176,0.00255176,0.00255176,0.00255176,1638835980,2021-12-07T00:13:00
0.00278508,0.00278508,0.00278508,0.00278508,1638835260,2021-12-07T00:01:00
0.00282368,0.00282368,0.00282368,0.00282368,1638835020,2021-12-06T23:57:00
0.00275368,0.00275368,0.00275368,0.00275368,1638834840,2021-12-06T23:54:00
0.00252415,0.00252415,0.00252415,0.00252415,1638834660,2021-12-06T23:51:00
0.00241166,0.00241166,0.00241166,0.00241166,1638834060,2021-12-06T23:41:00
0.00273129,0.00273129,0.00273129,0.00273129,1638833880,2021-12-06T23:38:00
0.00290318,0.00290318,0.00290318,0.00290318,1638832980,2021-12-06T23:23:00
0.00351673,0.00351673,0.00351673,0.00351673,1638832740,2021-12-06T23:19:00
0.00258008,0.00258008,0.00258008,0.00258008,1638826980,2021-12-06T21:43:00
0.00255229,0.00255229,0.00255229,0.00255229,1638826440,2021-12-06T21:34:00
0.00240774,0.00240774,0.00240774,0.00240774,1638826080,2021-12-06T21:28:00
0.00259799,0.00259799,0.00259799,0.00259799,1638825840,2021-12-06T21:24:00
0.00283185,0.00283185,0.00283185,0.00283185,1638825660,2021-12-06T21:21:00
0.00296967,0.00296967,0.00296967,0.00296967,1638825420,2021-12-06T21:17:00
0.00314385,0.00314385,0.00314385,0.00314385,1638825360,2021-12-06T21:16:00
0.00308466,0.00308466,0.00308466,0.00308466,1638825180,2021-12-06T21:13:00
0.00319996,0.00319996,0.00292732,0.00292732,1638825060,2021-12-06T21:11:00
0.00297836,0.00319809,0.00297836,0.00319809,1638825000,2021-12-06T21:10:00
0.00299421,0.00299421,0.00299421,0.00299421,1638824940,2021-12-06T21:09:00
0.002844,0.00285838,0.002844,0.00285838,1638824760,2021-12-06T21:06:00
0.00310429,0.00310429,0.00310429,0.00310429,1638824640,2021-12-06T21:04:00
0.00305988,0.00305988,0.00305988,0.00305988,1638824580,2021-12-06T21:03:00
0.00295778,0.00295778,0.00295778,0.00295778,1638824520,2021-12-06T21:02:00
0.00285235,0.00285235,0.00285235,0.00285235,1638824460,2021-12-06T21:01:00
0.00265906,0.00265906,0.00265906,0.00265906,1638824160,2021-12-06T20:56:00
0.00271642,0.00271642,0.00271642,0.00271642,1638823860,2021-12-06T20:51:00
0.0026052,0.0026052,0.0026052,0.0026052,1638823740,2021-12-06T20:49:00
0.00251585,0.00251585,0.00251585,0.00251585,1638823440,2021-12-06T20:44:00
0.0024404,0.0024404,0.0024404,0.0024404,1638822900,2021-12-06T20:35:00
0.00236769,0.00236769,0.00236769,0.00236769,1638822780,2021-12-06T20:33:00
0.00242452,0.00242452,0.00242452,0.00242452,1638822720,2021-12-06T20:32:00
0.00230489,0.00230489,0.00230489,0.00230489,1638822660,2021-12-06T20:31:00
0.00206935,0.00206935,0.00200901,0.00200901,1638822420,2021-12-06T20:27:00
0.00228668,0.00228668,0.00228668,0.00228668,1638822120,2021-12-06T20:22:00
0.00232372,0.00232372,0.00232372,0.00232372,1638822000,2021-12-06T20:20:00
0.00236221,0.00236221,0.00236221,0.00236221,1638821820,2021-12-06T20:17:00
0.00254288,0.00254288,0.00254288,0.00254288,1638821280,2021-12-06T20:08:00
0.0025337,0.0025337,0.0025337,0.0025337,1638821040,2021-12-06T20:04:00
0.00246533,0.00246533,0.00246533,0.00246533,1638820440,2021-12-06T19:54:00
0.002573,0.002573,0.002573,0.002573,1638819900,2021-12-06T19:45:00
0.00252829,0.00252829,0.00252829,0.00252829,1638818160,2021-12-06T19:16:00
0.00232099,0.00232099,0.00232099,0.00232099,1638816480,2021-12-06T18:48:00
0.00223048,0.00223048,0.00223048,0.00223048,1638815940,2021-12-06T18:39:00
0.00218486,0.00218486,0.00218486,0.00218486,1638815700,2021-12-06T18:35:00
0.00213465,0.00213465,0.00213465,0.00213465,1638815100,2021-12-06T18:25:00
0.00235548,0.00235548,0.00235548,0.00235548,1638814860,2021-12-06T18:21:00
0.00252063,0.00252063,0.00252063,0.00252063,1638814560,2021-12-06T18:16:00
0.00233988,0.00233988,0.00233988,0.00233988,1638814260,2021-12-06T18:11:00
0.0022195,0.0022195,0.0022195,0.0022195,1638814140,2021-12-06T18:09:00
0.00220545,0.00220545,0.00220545,0.00220545,1638813900,2021-12-06T18:05:00
0.00231326,0.00231326,0.00231326,0.00231326,1638813660,2021-12-06T18:01:00
0.00248958,0.00248958,0.00248958,0.00248958,1638812280,2021-12-06T17:38:00
0.0025334,0.0025334,0.0025334,0.0025334,1638812040,2021-12-06T17:34:00
0.00231367,0.00231367,0.00231367,0.00231367,1638811500,2021-12-06T17:25:00
0.0022649,0.0022649,0.0022649,0.0022649,1638810660,2021-12-06T17:11:00
0.00230365,0.00230365,0.00230365,0.00230365,1638810600,2021-12-06T17:10:00
0.0022101,0.0022101,0.0022101,0.0022101,1638809580,2021-12-06T16:53:00
0.0020723,0.0020723,0.0020723,0.0020723,1638807420,2021-12-06T16:17:00
0.00204329,0.00204329,0.00204329,0.00204329,1638806760,2021-12-06T16:06:00
0.00199308,0.00199308,0.00199308,0.00199308,1638806340,2021-12-06T15:59:00
0.00184623,0.00184623,0.00184623,0.00184623,1638806160,2021-12-06T15:56:00
0.0020094,0.0020094,0.0020094,0.0020094,1638806100,2021-12-06T15:55:00
0.0022825,0.0022825,0.0022825,0.0022825,1638806040,2021-12-06T15:54:00
0.00228612,0.00228612,0.00228612,0.00228612,1638803700,2021-12-06T15:15:00
0.00250593,0.00250593,0.00250593,0.00250593,1638803160,2021-12-06T15:06:00
0.00269809,0.00269809,0.00269809,0.00269809,1638802740,2021-12-06T14:59:00
0.00264467,0.00264467,0.00264467,0.00264467,1638802020,2021-12-06T14:47:00
0.00262873,0.00262873,0.00262873,0.00262873,1638801960,2021-12-06T14:46:00
0.00245383,0.00245383,0.00245383,0.00245383,1638801600,2021-12-06T14:40:00
0.00251931,0.00251931,0.00251931,0.00251931,1638801420,2021-12-06T14:37:00
0.00236233,0.00255916,0.00236233,0.00255916,1638801360,2021-12-06T14:36:00
0.00215414,0.00215414,0.00215414,0.00215414,1638800340,2021-12-06T14:19:00
0.00194482,0.00194482,0.00194482,0.00194482,1638798600,2021-12-06T13:50:00
0.00195847,0.00195847,0.00195847,0.00195847,1638797340,2021-12-06T13:29:00
0.00199087,0.00199087,0.00199087,0.00199087,1638796080,2021-12-06T13:08:00
0.00181795,0.00181795,0.00181795,0.00181795,1638795420,2021-12-06T12:57:00
0.00152199,0.00166681,0.00152199,0.00166681,1638795300,2021-12-06T12:55:00
0.00192102,0.00192102,0.00167549,0.00167549,1638795180,2021-12-06T12:53:00
0.00193812,0.00193812,0.00193812,0.00193812,1638793500,2021-12-06T12:25:00
0.00205716,0.00205716,0.00205716,0.00205716,1638793200,2021-12-06T12:20:00
0.00221243,0.00221243,0.0021114,0.0021114,1638793020,2021-12-06T12:17:00
0.00220173,0.00220173,0.00220173,0.00220173,1638792900,2021-12-06T12:15:00
0.00201183,0.00201183,0.00201183,0.00201183,1638791820,2021-12-06T11:57:00
0.00195989,0.00195989,0.00195989,0.00195989,1638790920,2021-12-06T11:42:00
0.00195184,0.00195184,0.00195184,0.00195184,1638790320,2021-12-06T11:32:00
0.00200913,0.00200913,0.00200913,0.00200913,1638790260,2021-12-06T11:31:00
0.00202111,0.00202111,0.00202111,0.00202111,1638789960,2021-12-06T11:26:00
0.00179626,0.00179626,0.00179626,0.00179626,1638789480,2021-12-06T11:18:00
0.00193753,0.00193753,0.00193753,0.00193753,1638788940,2021-12-06T11:09:00
0.00215553,0.00215553,0.00215553,0.00215553,1638787500,2021-12-06T10:45:00
0.00214575,0.00214575,0.00214575,0.00214575,1638787260,2021-12-06T10:41:00
0.00236799,0.00236799,0.00236799,0.00236799,1638787200,2021-12-06T10:40:00
0.00247223,0.00247223,0.00247223,0.00247223,1638787140,2021-12-06T10:39:00
0.00245192,0.00245192,0.00235075,0.00235075,1638786960,2021-12-06T10:36:00
0.00246443,0.00246443,0.00246443,0.00246443,1638786720,2021-12-06T10:32:00
0.00234621,0.00234621,0.00234621,0.00234621,1638786660,2021-12-06T10:31:00
0.00229513,0.00229513,0.00229513,0.00229513,1638786600,2021-12-06T10:30:00
0.00224246,0.00224246,0.00224246,0.00224246,1638786420,2021-12-06T10:27:00
0.00219429,0.00219429,0.00219429,0.00219429,1638786300,2021-12-06T10:25:00
0.00239413,0.00239413,0.00239413,0.00239413,1638786240,2021-12-06T10:24:00
0.00280502,0.00280502,0.00271158,0.00271158,1638786180,2021-12-06T10:23:00
0.00274228,0.00274228,0.00274228,0.00274228,1638786120,2021-12-06T10:22:00
0.00225633,0.00260192,0.00225633,0.00260192,1638785940,2021-12-06T10:19:00
0.00230828,0.00230828,0.00230828,0.00230828,1638785640,2021-12-06T10:14:00
0.00220412,0.00228345,0.00220412,0.00228345,1638785580,2021-12-06T10:13:00
0.00226616,0.00230073,0.00226616,0.00230073,1638785460,2021-12-06T10:11:00
0.00232189,0.00232189,0.00224143,0.00224143,1638785400,2021-12-06T10:10:00
0.00226943,0.00226943,0.00226943,0.00226943,1638785340,2021-12-06T10:09:00
0.00243234,0.00243234,0.0022527,0.0022527,1638785280,2021-12-06T10:08:00
0.00241352,0.00241352,0.00241352,0.00241352,1638785100,2021-12-06T10:05:00
0.00276704,0.00276704,0.00259671,0.00259671,1638785040,2021-12-06T10:04:00
0.0025947,0.00270465,0.0025947,0.00270465,1638784920,2021-12-06T10:02:00
0.00236412,0.00241642,0.00236412,0.00241642,1638784800,2021-12-06T10:00:00
0.00239516,0.00239516,0.00239516,0.00239516,1638784680,2021-12-06T09:58:00
0.00226516,0.00226516,0.00226516,0.00226516,1638784440,2021-12-06T09:54:00
0.00226687,0.00226687,0.00226687,0.00226687,1638784380,2021-12-06T09:53:00
0.00197856,0.00219112,0.00197856,0.00219112,1638784200,2021-12-06T09:50:00
0.00237762,0.00237762,0.0021006,0.0021006,1638784140,2021-12-06T09:49:00
0.00258231,0.00258231,0.00258231,0.00258231,1638783780,2021-12-06T09:43:00
0.00203564,0.00203564,0.00203564,0.00203564,1638783540,2021-12-06T09:39:00
0.00208352,0.00208352,0.00208352,0.00208352,1638783480,2021-12-06T09:38:00
0.0024158,0.0024158,0.0024158,0.0024158,1638783360,2021-12-06T09:36:00
0.00263573,0.00263573,0.00263573,0.00263573,1638782880,2021-12-06T09:28:00
0.00252715,0.00252715,0.00252715,0.00252715,1638782760,2021-12-06T09:26:00
0.00227736,0.00227736,0.00227736,0.00227736,1638782580,2021-12-06T09:23:00
0.00229922,0.00229922,0.00220819,0.00220819,1638782460,2021-12-06T09:21:00
0.00240671,0.00240671,0.00240671,0.00240671,1638781500,2021-12-06T09:05:00
0.00227169,0.00227169,0.00227169,0.00227169,1638781440,2021-12-06T09:04:00
0.00232608,0.00232608,0.00232608,0.00232608,1638781260,2021-12-06T09:01:00
0.00243371,0.00243371,0.00243371,0.00243371,1638780960,2021-12-06T08:56:00
0.00230975,0.00230975,0.00228303,0.00228303,1638780840,2021-12-06T08:54:00
0.00237152,0.00237152,0.00237152,0.00237152,1638780600,2021-12-06T08:50:00
0.00242009,0.00242009,0.00242009,0.00242009,1638780240,2021-12-06T08:44:00
0.00253726,0.00253726,0.00253726,0.00253726,1638780060,2021-12-06T08:41:00
0.00263716,0.00263716,0.00263716,0.00263716,1638779700,2021-12-06T08:35:00
0.00289842,0.00289842,0.00289842,0.00289842,1638779640,2021-12-06T08:34:00
0.00287213,0.00287213,0.00287213,0.00287213,1638778200,2021-12-06T08:10:00
0.00265936,0.00265936,0.00265936,0.00265936,1638777420,2021-12-06T07:57:00
0.00272008,0.00272008,0.00272008,0.00272008,1638777000,2021-12-06T07:50:00
0.00276785,0.00276785,0.00276785,0.00276785,1638776940,2021-12-06T07:49:00
0.0026691,0.0026691,0.0025998,0.0025998,1638776880,2021-12-06T07:48:00
0.00297264,0.00297264,0.00297264,0.00297264,1638776820,2021-12-06T07:47:00
0.0032074,0.0032074,0.0032074,0.0032074,1638776640,2021-12-06T07:44:00
0.00319926,0.00319926,0.00319926,0.00319926,1638776580,2021-12-06T07:43:00
0.00310174,0.00310174,0.00310174,0.00310174,1638776100,2021-12-06T07:35:00
0.00300655,0.00300655,0.00300655,0.00300655,1638775740,2021-12-06T07:29:00
0.00278555,0.00278555,0.00278555,0.00278555,1638775680,2021-12-06T07:28:00
0.00259279,0.00259279,0.00259279,0.00259279,1638775020,2021-12-06T07:17:00
0.00264561,0.00264561,0.00264561,0.00264561,1638774360,2021-12-06T07:06:00
0.00281378,0.00281378,0.00281378,0.00281378,1638773580,2021-12-06T06:53:00
0.00253723,0.00253723,0.00253723,0.00253723,1638773400,2021-12-06T06:50:00
0.00253357,0.00253357,0.00253357,0.00253357,1638773340,2021-12-06T06:49:00
0.00313623,0.00313623,0.00313623,0.00313623,1638773220,2021-12-06T06:47:00
0.00315545,0.00315545,0.00315545,0.00315545,1638773100,2021-12-06T06:45:00
0.00266299,0.00266299,0.00266299,0.00266299,1638773040,2021-12-06T06:44:00
0.00241681,0.00241681,0.00241681,0.00241681,1638772740,2021-12-06T06:39:00
0.00249928,0.00249928,0.00249928,0.00249928,1638772320,2021-12-06T06:32:00
0.00258605,0.00258605,0.00258605,0.00258605,1638771840,2021-12-06T06:24:00
0.00234568,0.00234568,0.00234568,0.00234568,1638771720,2021-12-06T06:22:00
0.00235681,0.00235681,0.00235681,0.00235681,1638771360,2021-12-06T06:16:00
0.00258083,0.00258083,0.00258083,0.00258083,1638770400,2021-12-06T06:00:00
0.00253203,0.00253203,0.00253203,0.00253203,1638769380,2021-12-06T05:43:00
0.00234616,0.00234616,0.00234616,0.00234616,1638768360,2021-12-06T05:26:00
0.00252552,0.00252552,0.00252552,0.00252552,1638768180,2021-12-06T05:23:00
0.00263726,0.00263726,0.00263726,0.00263726,1638767820,2021-12-06T05:17:00
0.00218614,0.00238418,0.00218614,0.00238418,1638767700,2021-12-06T05:15:00
0.00199703,0.00199703,0.00199703,0.00199703,1638767640,2021-12-06T05:14:00
0.00187136,0.00187136,0.00187136,0.00187136,1638767580,2021-12-06T05:13:00
0.001652,0.00174738,0.001652,0.00174738,1638767460,2021-12-06T05:11:00
0.0018889,0.0018889,0.0018889,0.0018889,1638767340,2021-12-06T05:09:00
0.00210835,0.00210835,0.00210835,0.00210835,1638767100,2021-12-06T05:05:00
0.00254684,0.00254684,0.00254684,0.00254684,1638766980,2021-12-06T05:03:00
0.00300387,0.00300387,0.00300387,0.00300387,1638766860,2021-12-06T05:01:00
0.00297606,0.00297606,0.00297606,0.00297606,1638765060,2021-12-06T04:31:00
0.00270096,0.00270096,0.00270096,0.00270096,1638764700,2021-12-06T04:25:00
0.00205039,0.00205039,0.00205039,0.00205039,1638764640,2021-12-06T04:24:00
0.00218049,0.00218049,0.00218049,0.00218049,1638764460,2021-12-06T04:21:00
0.001839,0.00213112,0.001839,0.00213112,1638764400,2021-12-06T04:20:00
0.00198167,0.00198167,0.00198167,0.00198167,1638764340,2021-12-06T04:19:00
0.00213112,0.00213112,0.00213112,0.00213112,1638764280,2021-12-06T04:18:00
0.00228082,0.00228082,0.00228082,0.00228082,1638764220,2021-12-06T04:17:00
0.00284732,0.00284732,0.00284732,0.00284732,1638764160,2021-12-06T04:16:00
0.00312394,0.00312394,0.00312394,0.00312394,1638763200,2021-12-06T04:00:00
0.00296202,0.00296202,0.00296202,0.00296202,1638763140,2021-12-06T03:59:00
0.00293772,0.00293772,0.00293772,0.00293772,1638762960,2021-12-06T03:56:00
0.00296101,0.00296101,0.00296101,0.00296101,1638762840,2021-12-06T03:54:00
0.00283265,0.00283265,0.00283265,0.00283265,1638762540,2021-12-06T03:49:00
0.00273968,0.00273968,0.00273968,0.00273968,1638762120,2021-12-06T03:42:00
0.00263346,0.00263346,0.00263346,0.00263346,1638761280,2021-12-06T03:28:00
0.00251808,0.00251808,0.00251808,0.00251808,1638760140,2021-12-06T03:09:00
0.00243778,0.00243778,0.00243778,0.00243778,1638759900,2021-12-06T03:05:00
0.00226473,0.00226473,0.00226473,0.00226473,1638759840,2021-12-06T03:04:00
0.00213247,0.00213247,0.00213247,0.00213247,1638759780,2021-12-06T03:03:00
0.00229449,0.00229449,0.00229449,0.00229449,1638759660,2021-12-06T03:01:00
0.0026557,0.0026557,0.0026557,0.0026557,1638757680,2021-12-06T02:28:00
0.00328583,0.00328583,0.00328583,0.00328583,1638754800,2021-12-06T01:40:00
0.00382029,0.00382029,0.00382029,0.00382029,1638754320,2021-12-06T01:32:00
0.00378255,0.00378255,0.00378255,0.00378255,1638752280,2021-12-06T00:58:00
0.00366145,0.00366145,0.00366145,0.00366145,1638751800,2021-12-06T00:50:00
0.00329434,0.00329434,0.00329434,0.00329434,1638750540,2021-12-06T00:29:00
0.00321054,0.00321054,0.00321054,0.00321054,1638750180,2021-12-06T00:23:00
0.00349204,0.00349204,0.00338131,0.00338131,1638748440,2021-12-05T23:54:00
0.00285922,0.00285922,0.00285922,0.00285922,1638748380,2021-12-05T23:53:00
0.00264211,0.00264211,0.00264211,0.00264211,1638748320,2021-12-05T23:52:00
0.00276461,0.00276461,0.00276461,0.00276461,1638747900,2021-12-05T23:45:00
0.00250841,0.00250841,0.00250841,0.00250841,1638745200,2021-12-05T23:00:00
0.00234931,0.00234931,0.00234931,0.00234931,1638744240,2021-12-05T22:44:00
0.00216316,0.00216316,0.00216316,0.00216316,1638744060,2021-12-05T22:41:00
0.00234578,0.00234578,0.00234578,0.00234578,1638744000,2021-12-05T22:40:00
0.00263166,0.00263166,0.00263166,0.00263166,1638743820,2021-12-05T22:37:00
0.0024037,0.0024037,0.0024037,0.0024037,1638743640,2021-12-05T22:34:00
0.00238669,0.00238669,0.00238669,0.00238669,1638743520,2021-12-05T22:32:00
0.0026156,0.0026156,0.0026156,0.0026156,1638742920,2021-12-05T22:22:00
0.0029084,0.0029084,0.0029084,0.0029084,1638742260,2021-12-05T22:11:00
0.00300783,0.00300783,0.00300783,0.00300783,1638741780,2021-12-05T22:03:00
0.0030567,0.0030567,0.0030567,0.0030567,1638741060,2021-12-05T21:51:00
0.0031583,0.0031583,0.0031583,0.0031583,1638740760,2021-12-05T21:46:00
0.00318832,0.00318832,0.00318832,0.00318832,1638740460,2021-12-05T21:41:00
0.00330455,0.00330455,0.00330455,0.00330455,1638739980,2021-12-05T21:33:00
0.00292721,0.00292721,0.00292721,0.00292721,1638739680,2021-12-05T21:28:00
0.00258179,0.00258179,0.00258179,0.00258179,1638739560,2021-12-05T21:26:00
0.00303232,0.00303232,0.00272604,0.00272604,1638739440,2021-12-05T21:24:00
0.00301424,0.00301424,0.00301424,0.00301424,1638739320,2021-12-05T21:22:00
0.00284809,0.00284809,0.00284809,0.00284809,1638739020,2021-12-05T21:17:00
0.003731,0.00375565,0.003731,0.00375565,1638738900,2021-12-05T21:15:00
0.00337878,0.00337878,0.00337878,0.00337878,1638738840,2021-12-05T21:14:00
0.00329542,0.00329542,0.00329542,0.00329542,1638738780,2021-12-05T21:13:00
0.00311156,0.00311156,0.00311156,0.00311156,1638738720,2021-12-05T21:12:00
0.00375762,0.00375762,0.00331538,0.00331538,1638738540,2021-12-05T21:09:00
0.0031865,0.0031865,0.0031865,0.0031865,1638738360,2021-12-05T21:06:00
0.00312402,0.00312402,0.0029745,0.0029745,1638738300,2021-12-05T21:05:00
0.00308534,0.00308534,0.00308534,0.00308534,1638738240,2021-12-05T21:04:00
0.00297484,0.00302942,0.00297484,0.00302942,1638738120,2021-12-05T21:02:00
0.00302306,0.00302306,0.00302306,0.00302306,1638738060,2021-12-05T21:01:00
0.00316029,0.00316029,0.00307288,0.00307288,1638738000,2021-12-05T21:00:00
0.00332039,0.00332039,0.00332039,0.00332039,1638737820,2021-12-05T20:57:00
0.00342718,0.00342718,0.00321363,0.00323697,1638737760,2021-12-05T20:56:00
0.00360775,0.00372417,0.00360775,0.00372417,1638737700,2021-12-05T20:55:00
0.00335484,0.00335484,0.00335484,0.00335484,1638737640,2021-12-05T20:54:00
0.00332217,0.00332217,0.00332217,0.00332217,1638737580,2021-12-05T20:53:00
0.00367012,0.00367012,0.00359019,0.00359019,1638737520,2021-12-05T20:52:00
0.0033656,0.0033656,0.0033656,0.0033656,1638737460,2021-12-05T20:51:00
0.00319585,0.00319585,0.00319585,0.00319585,1638737280,2021-12-05T20:48:00
0.00311986,0.00319169,0.00311986,0.00319169,1638737160,2021-12-05T20:46:00
0.00299502,0.00299502,0.00299502,0.00299502,1638737040,2021-12-05T20:44:00
0.00312471,0.00312471,0.00312471,0.00312471,1638736980,2021-12-05T20:43:00
0.00341933,0.00341933,0.00341933,0.00341933,1638736920,2021-12-05T20:42:00
0.00338534,0.00338534,0.00338534,0.00338534,1638736860,2021-12-05T20:41:00
0.00374297,0.00374297,0.00357136,0.00357136,1638736740,2021-12-05T20:39:00
0.00361734,0.00361734,0.00361734,0.00361734,1638736620,2021-12-05T20:37:00
0.00347081,0.00347081,0.00347081,0.00347081,1638736560,2021-12-05T20:36:00
0.00320773,0.00320773,0.00320773,0.00320773,1638736500,2021-12-05T20:35:00
0.00303438,0.00303438,0.00303438,0.00303438,1638736380,2021-12-05T20:33:00
0.00299059,0.00299059,0.00299059,0.00299059,1638736320,2021-12-05T20:32:00
0.0031504,0.0031504,0.0031504,0.0031504,1638736200,2021-12-05T20:30:00
0.0035991,0.0035991,0.0035991,0.0035991,1638736020,2021-12-05T20:27:00
0.00377469,0.00377469,0.00377469,0.00377469,1638735120,2021-12-05T20:12:00
0.00404535,0.00404535,0.00404535,0.00404535,1638735060,2021-12-05T20:11:00
0.0036693,0.0036693,0.0036693,0.0036693,1638734880,2021-12-05T20:08:00
0.00351655,0.00351655,0.00351655,0.00351655,1638734280,2021-12-05T19:58:00
0.00333179,0.00333179,0.00333179,0.00333179,1638734160,2021-12-05T19:56:00
0.00303933,0.00303933,0.00303933,0.00303933,1638733860,2021-12-05T19:51:00
0.00324602,0.00324602,0.00324602,0.00324602,1638733560,2021-12-05T19:46:00
0.0035155,0.0035155,0.0035155,0.0035155,1638733440,2021-12-05T19:44:00
0.00346899,0.00346899,0.00346899,0.00346899,1638733380,2021-12-05T19:43:00
0.00314484,0.00314484,0.00314484,0.00314484,1638733140,2021-12-05T19:39:00
0.00292683,0.00292683,0.00292683,0.00292683,1638733080,2021-12-05T19:38:00
0.00261194,0.00261194,0.00261194,0.00261194,1638733020,2021-12-05T19:37:00
0.00271758,0.00271758,0.00271758,0.00271758,1638732600,2021-12-05T19:30:00
0.00305999,0.00305999,0.00305999,0.00305999,1638731820,2021-12-05T19:17:00
0.00294682,0.00294682,0.00294682,0.00294682,1638731700,2021-12-05T19:15:00
0.00285536,0.00285536,0.00285536,0.00285536,1638730800,2021-12-05T19:00:00
0.00279038,0.00279038,0.00279038,0.00279038,1638730560,2021-12-05T18:56:00
0.00263641,0.00263641,0.00263641,0.00263641,1638730440,2021-12-05T18:54:00
0.00275816,0.00275816,0.00275816,0.00275816,1638730320,2021-12-05T18:52:00
0.00298205,0.00298205,0.00298205,0.00298205,1638729840,2021-12-05T18:44:00
0.0028223,0.0028223,0.0028223,0.0028223,1638729540,2021-12-05T18:39:00
0.00270445,0.00270445,0.00270445,0.00270445,1638729480,2021-12-05T18:38:00
0.0029291,0.0029291,0.0029291,0.0029291,1638729360,2021-12-05T18:36:00
0.00303474,0.00303474,0.00303474,0.00303474,1638727440,2021-12-05T18:04:00
0.00277572,0.00277572,0.00277572,0.00277572,1638725400,2021-12-05T17:30:00
0.00288874,0.00288874,0.00288874,0.00288874,1638724920,2021-12-05T17:22:00
0.00425826,0.00425826,0.00425826,0.00425826,1638723000,2021-12-05T16:50:00
0.0045435,0.0045435,0.0045435,0.0045435,1638722460,2021-12-05T16:41:00
0.00499143,0.00499143,0.00461393,0.00461393,1638721620,2021-12-05T16:27:00
0.00404425,0.00404425,0.00404425,0.00404425,1638721560,2021-12-05T16:26:00
0.00307028,0.00307028,0.00307028,0.00307028,1638721440,2021-12-05T16:24:00
0.00309888,0.00309888,0.00309888,0.00309888,1638720420,2021-12-05T16:07:00
0.00335667,0.00335667,0.00335667,0.00335667,1638719160,2021-12-05T15:46:00
0.00392665,0.00392665,0.00392665,0.00392665,1638718860,2021-12-05T15:41:00
0.00377513,0.00377513,0.00377513,0.00377513,1638718680,2021-12-05T15:38:00
0.00305148,0.00305148,0.00305148,0.00305148,1638718440,2021-12-05T15:34:00
0.00329121,0.00329121,0.00329121,0.00329121,1638717180,2021-12-05T15:13:00
0.00325806,0.00325806,0.00325806,0.00325806,1638717000,2021-12-05T15:10:00
0.00308559,0.00308559,0.00308559,0.00308559,1638716760,2021-12-05T15:06:00
0.00423997,0.00423997,0.00423997,0.00423997,1638716640,2021-12-05T15:04:00
0.00349747,0.00349747,0.00349747,0.00349747,1638716160,2021-12-05T14:56:00
0.00389573,0.00389573,0.00389573,0.00389573,1638716100,2021-12-05T14:55:00
0.00288207,0.00288207,0.00288207,0.00288207,1638715380,2021-12-05T14:43:00
0.00330976,0.00330976,0.00330976,0.00330976,1638714960,2021-12-05T14:36:00
0.00238585,0.00238585,0.00238585,0.00238585,1638714900,2021-12-05T14:35:00
0.00250158,0.00250158,0.00250158,0.00250158,1638714840,2021-12-05T14:34:00
0.00221423,0.00221423,0.00221423,0.00221423,1638714600,2021-12-05T14:30:00
0.00191589,0.00191589,0.00191589,0.00191589,1638714540,2021-12-05T14:29:00
0.0016797,0.0016797,0.0016797,0.0016797,1638714420,2021-12-05T14:27:00
0.00165116,0.00165116,0.00165116,0.00165116,1638714300,2021-12-05T14:25:00
0.0015341,0.0015995,0.0015341,0.0015995,1638714240,2021-12-05T14:24:00
0.0015443,0.0015443,0.0015443,0.0015443,1638714180,2021-12-05T14:23:00
0.00178263,0.00178263,0.00178263,0.00178263,1638714060,2021-12-05T14:21:00
0.00411672,0.00411672,0.00411672,0.00411672,1638713220,2021-12-05T14:07:00
0.0041157,0.0041157,0.0041157,0.0041157,1638713100,2021-12-05T14:05:00
0.00404457,0.00404457,0.00404457,0.00404457,1638712860,2021-12-05T14:01:00
0.00394933,0.00394933,0.00394933,0.00394933,1638712620,2021-12-05T13:57:00
0.00333124,0.00333124,0.00333124,0.00333124,1638712560,2021-12-05T13:56:00
0.00462335,0.00462335,0.00462335,0.00462335,1638712500,2021-12-05T13:55:00
0.00456617,0.00456617,0.00456617,0.00456617,1638712200,2021-12-05T13:50:00
0.00472026,0.00472026,0.00466245,0.00466245,1638712140,2021-12-05T13:49:00
0.00454736,0.00454736,0.00454736,0.00454736,1638712020,2021-12-05T13:47:00
0.00438377,0.00438377,0.00438377,0.00438377,1638711840,2021-12-05T13:44:00
0.00361614,0.00361614,0.00361614,0.00361614,1638711720,2021-12-05T13:42:00
0.00376782,0.00376782,0.00376782,0.00376782,1638709500,2021-12-05T13:05:00
0.00400908,0.00400908,0.00400908,0.00400908,1638709140,2021-12-05T12:59:00
0.0040146,0.0040146,0.0040146,0.0040146,1638708900,2021-12-05T12:55:00
0.00410648,0.00410648,0.00410648,0.00410648,1638708420,2021-12-05T12:47:00
0.0039732,0.0039732,0.0039732,0.0039732,1638706860,2021-12-05T12:21:00
0.00363898,0.00363898,0.00363898,0.00363898,1638706080,2021-12-05T12:08:00
0.00407234,0.00407234,0.00407234,0.00407234,1638706020,2021-12-05T12:07:00
0.00335696,0.00335696,0.00335696,0.00335696,1638704880,2021-12-05T11:48:00
0.00369947,0.00369947,0.00369947,0.00369947,1638704340,2021-12-05T11:39:00
0.0037696,0.0037696,0.0037696,0.0037696,1638704160,2021-12-05T11:36:00
0.00361477,0.00361477,0.00361477,0.00361477,1638703980,2021-12-05T11:33:00
0.00369654,0.00369654,0.00369654,0.00369654,1638703380,2021-12-05T11:23:00
0.00468824,0.00468824,0.00468824,0.00468824,1638703260,2021-12-05T11:21:00
0.00312976,0.00312976,0.00312976,0.00312976,1638703080,2021-12-05T11:18:00
0.00340645,0.00340645,0.00340645,0.00340645,1638702540,2021-12-05T11:09:00
0.00338058,0.00338058,0.00338058,0.00338058,1638702240,2021-12-05T11:04:00
0.0039798,0.0039798,0.0039798,0.0039798,1638701640,2021-12-05T10:54:00
0.00421557,0.00421557,0.00421557,0.00421557,1638701460,2021-12-05T10:51:00
0.00482117,0.00482117,0.00475989,0.00475989,1638700980,2021-12-05T10:43:00
0.00447473,0.00447473,0.00399623,0.00399623,1638700740,2021-12-05T10:39:00
0.00388899,0.00388899,0.00388899,0.00388899,1638700500,2021-12-05T10:35:00
0.00368078,0.00368078,0.00368078,0.00368078,1638700380,2021-12-05T10:33:00
0.00378944,0.00378944,0.0035638,0.0035638,1638700320,2021-12-05T10:32:00
0.00417735,0.00417735,0.00417735,0.00417735,1638700260,2021-12-05T10:31:00
0.00479679,0.00479679,0.00479679,0.00479679,1638700200,2021-12-05T10:30:00
0.00462051,0.00462051,0.00462051,0.00462051,1638700140,2021-12-05T10:29:00
0.0034741,0.00387793,0.0034741,0.00387793,1638700080,2021-12-05T10:28:00
0.00392105,0.00392105,0.00392105,0.00392105,1638700020,2021-12-05T10:27:00
0.00386968,0.00386968,0.00386968,0.00386968,1638699900,2021-12-05T10:25:00
0.00431975,0.00431975,0.00431975,0.00431975,1638699840,2021-12-05T10:24:00
0.00386643,0.00426696,0.00386643,0.00426696,1638699720,2021-12-05T10:22:00
0.00352877,0.00403959,0.00352877,0.00403959,1638699660,2021-12-05T10:21:00
0.00428063,0.00428063,0.00428063,0.00428063,1638699600,2021-12-05T10:20:00
0.0039764,0.00412977,0.0039764,0.00412977,1638699540,2021-12-05T10:19:00
0.00476746,0.00476746,0.00476746,0.00476746,1638699480,2021-12-05T10:18:00
0.00464853,0.00464853,0.00464853,0.00464853,1638699420,2021-12-05T10:17:00
0.00513322,0.00513322,0.00406788,0.00406788,1638699300,2021-12-05T10:15:00
0.00480806,0.00516244,0.00480806,0.00516244,1638699180,2021-12-05T10:13:00
0.00472044,0.00472044,0.00470863,0.00470863,1638699060,2021-12-05T10:11:00
0.00385776,0.00473096,0.00385776,0.00473096,1638699000,2021-12-05T10:10:00
0.00519055,0.00580541,0.00519055,0.00580541,1638698940,2021-12-05T10:09:00
0.00600902,0.00600902,0.00464285,0.00464285,1638698880,2021-12-05T10:08:00
0.00483185,0.00483185,0.00483185,0.00483185,1638698760,2021-12-05T10:06:00
0.00533416,0.00541885,0.00533416,0.00541885,1638698700,2021-12-05T10:05:00
0.00529768,0.00529768,0.0051167,0.0051167,1638698640,2021-12-05T10:04:00
0.00533571,0.00533571,0.00533571,0.00533571,1638698580,2021-12-05T10:03:00
0.00435178,0.00435178,0.00435178,0.00435178,1638698520,2021-12-05T10:02:00
0.00449679,0.00471773,0.00449679,0.00471773,1638698460,2021-12-05T10:01:00
0.00527595,0.00527595,0.00398256,0.00398256,1638698340,2021-12-05T09:59:00
0.00459612,0.00459612,0.00459612,0.00459612,1638698220,2021-12-05T09:57:00
0.00500216,0.00507737,0.00500216,0.00507737,1638698100,2021-12-05T09:55:00
0.00516051,0.00516051,0.00516051,0.00516051,1638698040,2021-12-05T09:54:00
0.00591091,0.00591091,0.00591091,0.00591091,1638697980,2021-12-05T09:53:00
0.00612907,0.00612907,0.00612907,0.00612907,1638697920,2021-12-05T09:52:00
0.00610645,0.00610645,0.00610645,0.00610645,1638697800,2021-12-05T09:50:00
0.00637503,0.00637503,0.00637503,0.00637503,1638697740,2021-12-05T09:49:00
0.00459294,0.00546417,0.00459294,0.00546417,1638697680,2021-12-05T09:48:00
0.00520593,0.00520593,0.00520593,0.00520593,1638697440,2021-12-05T09:44:00
0.00453132,0.00453132,0.00453132,0.00453132,1638697380,2021-12-05T09:43:00
0.00497808,0.00497808,0.00497808,0.00497808,1638697320,2021-12-05T09:42:00
0.00435028,0.00515792,0.00435028,0.00515792,1638697260,2021-12-05T09:41:00
0.00421866,0.00421866,0.00414928,0.00414928,1638697140,2021-12-05T09:39:00
0.00480035,0.00480035,0.00480035,0.00480035,1638696840,2021-12-05T09:34:00
0.00407191,0.00407191,0.00407191,0.00407191,1638696720,2021-12-05T09:32:00
0.00481353,0.00481353,0.00481353,0.00481353,1638696600,2021-12-05T09:30:00
0.00576097,0.00576097,0.00471262,0.00471262,1638696360,2021-12-05T09:26:00
0.00560757,0.00560757,0.00560757,0.00560757,1638696240,2021-12-05T09:24:00
0.00486084,0.00486084,0.00486084,0.00486084,1638696180,2021-12-05T09:23:00
0.00459759,0.00459759,0.00459759,0.00459759,1638695880,2021-12-05T09:18:00
0.00533721,0.00533721,0.00533721,0.00533721,1638694860,2021-12-05T09:01:00
0.00533934,0.00533934,0.00533934,0.00533934,1638694800,2021-12-05T09:00:00
0.00464848,0.00464848,0.00464848,0.00464848,1638694440,2021-12-05T08:54:00
0.00508104,0.00508104,0.00508104,0.00508104,1638694380,2021-12-05T08:53:00
0.0044315,0.0044315,0.0044315,0.0044315,1638694260,2021-12-05T08:51:00
0.00399421,0.00399421,0.00399421,0.00399421,1638694200,2021-12-05T08:50:00
0.00469988,0.00469988,0.00469988,0.00469988,1638692940,2021-12-05T08:29:00
0.00465329,0.00465329,0.00465329,0.00465329,1638692880,2021-12-05T08:28:00
0.00449274,0.00449274,0.00438479,0.00438479,1638692760,2021-12-05T08:26:00
0.00505121,0.00505121,0.00505121,0.00505121,1638692340,2021-12-05T08:19:00
0.00509487,0.00509487,0.00509487,0.00509487,1638691980,2021-12-05T08:13:00
0.0039921,0.0039921,0.0039921,0.0039921,1638691740,2021-12-05T08:09:00
0.00409637,0.00409637,0.00409637,0.00409637,1638691620,2021-12-05T08:07:00
0.00359005,0.00359005,0.00359005,0.00359005,1638691140,2021-12-05T07:59:00
0.0037133,0.0037133,0.0037133,0.0037133,1638689760,2021-12-05T07:36:00
0.0036393,0.0036393,0.0036393,0.0036393,1638689640,2021-12-05T07:34:00
0.00342907,0.00342907,0.00342907,0.00342907,1638689460,2021-12-05T07:31:00
0.00337205,0.00337205,0.00337205,0.00337205,1638689280,2021-12-05T07:28:00
0.00360535,0.00360535,0.00360535,0.00360535,1638688380,2021-12-05T07:13:00
0.0037963,0.00380324,0.0037963,0.00380324,1638688260,2021-12-05T07:11:00
0.00367863,0.00367863,0.00367863,0.00367863,1638688080,2021-12-05T07:08:00
0.00372869,0.00372869,0.00372869,0.00372869,1638687900,2021-12-05T07:05:00
0.00373791,0.00373791,0.00373791,0.00373791,1638687060,2021-12-05T06:51:00
0.00391909,0.00391909,0.00391909,0.00391909,1638687000,2021-12-05T06:50:00
0.00428176,0.00428176,0.00428176,0.00428176,1638686760,2021-12-05T06:46:00
0.00345038,0.00345038,0.00345038,0.00345038,1638686700,2021-12-05T06:45:00
0.0035187,0.0035187,0.0035187,0.0035187,1638686580,2021-12-05T06:43:00
0.00394912,0.00394912,0.00394912,0.00394912,1638686520,2021-12-05T06:42:00
0.00403882,0.00403882,0.00403882,0.00403882,1638686160,2021-12-05T06:36:00
0.00401413,0.00401413,0.00401413,0.00401413,1638685980,2021-12-05T06:33:00
0.00410328,0.00410328,0.00410328,0.00410328,1638685020,2021-12-05T06:17:00
0.00378599,0.00378599,0.00378599,0.00378599,1638684900,2021-12-05T06:15:00
0.00344451,0.00344451,0.00344451,0.00344451,1638684540,2021-12-05T06:09:00
0.00338801,0.00338801,0.00338801,0.00338801,1638684360,2021-12-05T06:06:00
0.00342228,0.00342228,0.00342228,0.00342228,1638684060,2021-12-05T06:01:00
0.00339619,0.00339619,0.00339619,0.00339619,1638683760,2021-12-05T05:56:00
0.00364031,0.00364031,0.00364031,0.00364031,1638682680,2021-12-05T05:38:00
0.00359511,0.00359511,0.00359511,0.00359511,1638682620,2021-12-05T05:37:00
0.0036533,0.0036533,0.0036533,0.0036533,1638682500,2021-12-05T05:35:00
0.00372657,0.00372657,0.00372657,0.00372657,1638682080,2021-12-05T05:28:00
0.00345294,0.00345294,0.00345294,0.00345294,1638681960,2021-12-05T05:26:00
0.00340657,0.00340657,0.00340657,0.00340657,1638680400,2021-12-05T05:00:00
0.00319398,0.00319398,0.00319398,0.00319398,1638680280,2021-12-05T04:58:00
0.00323591,0.00323591,0.00323591,0.00323591,1638680040,2021-12-05T04:54:00
0.00389836,0.00389836,0.00389836,0.00389836,1638679740,2021-12-05T04:49:00
0.00305942,0.00357567,0.00305942,0.00357567,1638679620,2021-12-05T04:47:00
0.00317896,0.00317896,0.00317896,0.00317896,1638679440,2021-12-05T04:44:00
0.00331348,0.00331348,0.00331348,0.00331348,1638679320,2021-12-05T04:42:00
0.00314829,0.00314829,0.00314829,0.00314829,1638679260,2021-12-05T04:41:00
0.00293152,0.00293152,0.00287997,0.00287997,1638679140,2021-12-05T04:39:00
0.00319945,0.00319945,0.00319945,0.00319945,1638679080,2021-12-05T04:38:00
0.00340962,0.00340962,0.00340962,0.00340962,1638678600,2021-12-05T04:30:00
0.00356949,0.00356949,0.00356949,0.00356949,1638678420,2021-12-05T04:27:00
0.00339087,0.00339087,0.00339087,0.00339087,1638677940,2021-12-05T04:19:00
0.0032465,0.0032465,0.0032465,0.0032465,1638677460,2021-12-05T04:11:00
0.00325996,0.00325996,0.00325996,0.00325996,1638676560,2021-12-05T03:56:00
0.00309474,0.00309474,0.00309474,0.00309474,1638676260,2021-12-05T03:51:00
0.00326175,0.00326175,0.00326175,0.00326175,1638676200,2021-12-05T03:50:00
0.00340675,0.00381539,0.00340675,0.00381539,1638676080,2021-12-05T03:48:00
0.00330447,0.00330447,0.00330447,0.00330447,1638675660,2021-12-05T03:41:00
0.00313584,0.00313584,0.00313584,0.00313584,1638675540,2021-12-05T03:39:00
0.00338612,0.00338612,0.00338612,0.00338612,1638675120,2021-12-05T03:32:00
0.00318475,0.00318475,0.00318475,0.00318475,1638675060,2021-12-05T03:31:00
0.00296541,0.00296541,0.00296541,0.00296541,1638674880,2021-12-05T03:28:00
0.00327868,0.00327868,0.00327868,0.00327868,1638674640,2021-12-05T03:24:00
0.00324553,0.00324553,0.00324553,0.00324553,1638674100,2021-12-05T03:15:00
0.00267097,0.00267097,0.00267097,0.00267097,1638673920,2021-12-05T03:12:00
0.00255143,0.00255143,0.00255143,0.00255143,1638673860,2021-12-05T03:11:00
0.00294677,0.00294677,0.00294677,0.00294677,1638673440,2021-12-05T03:04:00
0.00270533,0.00270533,0.00270533,0.00270533,1638673320,2021-12-05T03:02:00
0.00287482,0.00287482,0.00287482,0.00287482,1638673140,2021-12-05T02:59:00
0.00321027,0.00321027,0.00321027,0.00321027,1638672960,2021-12-05T02:56:00
0.00329166,0.00329166,0.00329166,0.00329166,1638672840,2021-12-05T02:54:00
0.00364696,0.00364696,0.00364696,0.00364696,1638672780,2021-12-05T02:53:00
0.00391944,0.00391944,0.00391944,0.00391944,1638672600,2021-12-05T02:50:00
0.00372087,0.00372087,0.00372087,0.00372087,1638672480,2021-12-05T02:48:00
0.00369717,0.00369717,0.00369717,0.00369717,1638672420,2021-12-05T02:47:00
0.00359233,0.00359233,0.00359233,0.00359233,1638672180,2021-12-05T02:43:00
0.00328502,0.00328502,0.00328502,0.00328502,1638671880,2021-12-05T02:38:00
0.00301075,0.00301075,0.00301075,0.00301075,1638670500,2021-12-05T02:15:00
0.00293767,0.00293767,0.00293767,0.00293767,1638669540,2021-12-05T01:59:00
0.00302755,0.00302755,0.00302755,0.00302755,1638669180,2021-12-05T01:53:00
0.00306269,0.00306269,0.00306269,0.00306269,1638669120,2021-12-05T01:52:00
0.00330706,0.00330706,0.00330706,0.00330706,1638669060,2021-12-05T01:51:00
0.00343059,0.00343059,0.00343059,0.00343059,1638668880,2021-12-05T01:48:00
0.00322206,0.00322206,0.00322206,0.00322206,1638668640,2021-12-05T01:44:00
0.00324291,0.00324291,0.00324291,0.00324291,1638667920,2021-12-05T01:32:00
0.00335993,0.00335993,0.00335993,0.00335993,1638667800,2021-12-05T01:30:00
0.00311918,0.00311918,0.00311918,0.00311918,1638667140,2021-12-05T01:19:00
0.00286933,0.00286933,0.00286933,0.00286933,1638666420,2021-12-05T01:07:00
0.00285952,0.00285952,0.00285952,0.00285952,1638665880,2021-12-05T00:58:00
0.00265348,0.00265348,0.00265348,0.00265348,1638664080,2021-12-05T00:28:00
0.00283494,0.00283494,0.00283494,0.00283494,1638663720,2021-12-05T00:22:00
0.00321181,0.00321181,0.00321181,0.00321181,1638663540,2021-12-05T00:19:00
0.00298172,0.00298172,0.00298172,0.00298172,1638661320,2021-12-04T23:42:00
0.00310284,0.00310284,0.00310284,0.00310284,1638660660,2021-12-04T23:31:00
0.0032474,0.0032474,0.0032474,0.0032474,1638660480,2021-12-04T23:28:00
0.00296855,0.00296855,0.00296855,0.00296855,1638660060,2021-12-04T23:21:00
0.002883,0.002883,0.002883,0.002883,1638659940,2021-12-04T23:19:00
0.00286203,0.00286203,0.00286203,0.00286203,1638659160,2021-12-04T23:06:00
0.00295441,0.00295441,0.00295441,0.00295441,1638658500,2021-12-04T22:55:00
0.00326097,0.00326097,0.00326097,0.00326097,1638657960,2021-12-04T22:46:00
0.00329477,0.00329477,0.00329477,0.00329477,1638657660,2021-12-04T22:41:00
0.00343999,0.00343999,0.00336464,0.00336464,1638656880,2021-12-04T22:28:00
0.00335423,0.00335423,0.00335423,0.00335423,1638656580,2021-12-04T22:23:00
0.00302226,0.00302226,0.00302226,0.00302226,1638656460,2021-12-04T22:21:00
0.00283716,0.00283716,0.00283716,0.00283716,1638656280,2021-12-04T22:18:00
0.00273196,0.00273196,0.00273196,0.00273196,1638656100,2021-12-04T22:15:00
0.00255602,0.00255602,0.00255602,0.00255602,1638656040,2021-12-04T22:14:00
0.00239234,0.00239234,0.00239234,0.00239234,1638655980,2021-12-04T22:13:00
0.00238232,0.00238232,0.00238232,0.00238232,1638655860,2021-12-04T22:11:00
0.00230722,0.00230722,0.00221036,0.00221036,1638655800,2021-12-04T22:10:00
0.00269462,0.00269462,0.00269462,0.00269462,1638655740,2021-12-04T22:09:00
0.00252611,0.00252611,0.00252611,0.00252611,1638655620,2021-12-04T22:07:00
0.00265384,0.00265384,0.00265384,0.00265384,1638655560,2021-12-04T22:06:00
0.00271996,0.00271996,0.00271996,0.00271996,1638655440,2021-12-04T22:04:00
0.00323791,0.00323791,0.00323791,0.00323791,1638655260,2021-12-04T22:01:00
0.00335624,0.00335624,0.00335624,0.00335624,1638654600,2021-12-04T21:50:00
0.0031704,0.0031704,0.0031704,0.0031704,1638654240,2021-12-04T21:44:00
0.00334813,0.00334813,0.00334813,0.00334813,1638654120,2021-12-04T21:42:00
0.00379257,0.00379257,0.00379257,0.00379257,1638654060,2021-12-04T21:41:00
0.0040817,0.0040817,0.0040817,0.0040817,1638654000,2021-12-04T21:40:00
0.00396459,0.00396459,0.00396459,0.00396459,1638653940,2021-12-04T21:39:00
0.0041902,0.0041902,0.0041902,0.0041902,1638653820,2021-12-04T21:37:00
0.00428018,0.00428018,0.00428018,0.00428018,1638653760,2021-12-04T21:36:00
0.00441182,0.00441182,0.00441182,0.00441182,1638653700,2021-12-04T21:35:00
0.00444515,0.004488,0.00436761,0.00436761,1638653580,2021-12-04T21:33:00
0.00426789,0.00426789,0.00426789,0.00426789,1638653520,2021-12-04T21:32:00
0.00423934,0.00423934,0.00423934,0.00423934,1638653460,2021-12-04T21:31:00
0.00401795,0.00401795,0.00401795,0.00401795,1638653340,2021-12-04T21:29:00
0.00376557,0.00376557,0.00376557,0.00376557,1638653280,2021-12-04T21:28:00
0.00370812,0.00370812,0.00370812,0.00370812,1638653220,2021-12-04T21:27:00
0.00385131,0.00385131,0.00385131,0.00385131,1638653100,2021-12-04T21:25:00
0.00402105,0.00402105,0.00402105,0.00402105,1638653040,2021-12-04T21:24:00
0.00379557,0.00379557,0.00379557,0.00379557,1638652920,2021-12-04T21:22:00
0.00393567,0.00393567,0.00393567,0.00393567,1638652860,2021-12-04T21:21:00
0.00408248,0.00408248,0.00408248,0.00408248,1638652680,2021-12-04T21:18:00
0.00385112,0.00385112,0.00385112,0.00385112,1638652620,2021-12-04T21:17:00
0.00386419,0.00386419,0.00374093,0.00374093,1638652500,2021-12-04T21:15:00
0.00422469,0.00422469,0.00397003,0.00397003,1638652380,2021-12-04T21:13:00
0.0039239,0.00407254,0.0039239,0.00407254,1638652320,2021-12-04T21:12:00
0.00374759,0.00374759,0.00374759,0.00374759,1638652260,2021-12-04T21:11:00
0.00367733,0.00367733,0.00367733,0.00367733,1638652200,2021-12-04T21:10:00
0.00361106,0.00388188,0.00361106,0.00388188,1638652140,2021-12-04T21:09:00
0.00436477,0.00436477,0.00400662,0.00400662,1638652080,2021-12-04T21:08:00
0.00395866,0.00407815,0.00374139,0.00407815,1638652020,2021-12-04T21:07:00
0.00426049,0.00426049,0.00413001,0.00413001,1638651960,2021-12-04T21:06:00
0.0043384,0.0043384,0.00430363,0.00430363,1638651900,2021-12-04T21:05:00
0.00368949,0.00368949,0.00368949,0.00368949,1638651840,2021-12-04T21:04:00
0.00339879,0.00339879,0.00321613,0.00321613,1638651780,2021-12-04T21:03:00
0.00374727,0.00374727,0.00374727,0.00374727,1638651720,2021-12-04T21:02:00
0.0040132,0.00418681,0.0040132,0.00418681,1638651540,2021-12-04T20:59:00
0.00402347,0.00402347,0.00402347,0.00402347,1638651480,2021-12-04T20:58:00
0.00457184,0.00457184,0.0043188,0.0043188,1638651420,2021-12-04T20:57:00
0.00358242,0.00358242,0.00358242,0.00358242,1638651360,2021-12-04T20:56:00
0.00351343,0.00351343,0.00351343,0.00351343,1638651240,2021-12-04T20:54:00
0.00361309,0.00361309,0.00361309,0.00361309,1638651000,2021-12-04T20:50:00
0.00375296,0.00375296,0.00375296,0.00375296,1638650880,2021-12-04T20:48:00
0.00353154,0.00353154,0.00353154,0.00353154,1638650820,2021-12-04T20:47:00
0.00352256,0.00352256,0.00352256,0.00352256,1638650760,2021-12-04T20:46:00
0.00395584,0.00395584,0.0037683,0.0037683,1638650580,2021-12-04T20:43:00
0.00410755,0.00410755,0.00410755,0.00410755,1638650520,2021-12-04T20:42:00
0.00419618,0.00419618,0.00419618,0.00419618,1638650400,2021-12-04T20:40:00
0.00408656,0.00408656,0.00408656,0.00408656,1638650340,2021-12-04T20:39:00
0.00383486,0.00383486,0.00383486,0.00383486,1638650280,2021-12-04T20:38:00
0.00375492,0.00375492,0.00375492,0.00375492,1638650160,2021-12-04T20:36:00
0.00330518,0.00347572,0.00330518,0.00347572,1638649920,2021-12-04T20:32:00
0.00334463,0.00334463,0.00334463,0.00334463,1638649860,2021-12-04T20:31:00
0.00319874,0.00319874,0.00319874,0.00319874,1638649680,2021-12-04T20:28:00
0.00306877,0.00306877,0.00306877,0.00306877,1638649500,2021-12-04T20:25:00
0.00306277,0.00306277,0.00292563,0.00292563,1638649320,2021-12-04T20:22:00
0.00350973,0.00350973,0.00350973,0.00350973,1638649200,2021-12-04T20:20:00
0.00347123,0.00347123,0.00347123,0.00347123,1638649020,2021-12-04T20:17:00
0.0033199,0.0033199,0.00324667,0.00324667,1638648960,2021-12-04T20:16:00
0.00325805,0.00325805,0.00325805,0.00325805,1638648660,2021-12-04T20:11:00
0.00340719,0.00340719,0.00340719,0.00340719,1638648360,2021-12-04T20:06:00
0.00361075,0.00361075,0.00361075,0.00361075,1638648000,2021-12-04T20:00:00
0.00341462,0.00341462,0.00341462,0.00341462,1638647820,2021-12-04T19:57:00
0.0032008,0.0032008,0.0032008,0.0032008,1638647520,2021-12-04T19:52:00
0.00319348,0.00319348,0.00319348,0.00319348,1638647400,2021-12-04T19:50:00
0.00316466,0.00316466,0.00316466,0.00316466,1638646740,2021-12-04T19:39:00
0.00321849,0.00321849,0.00321849,0.00321849,1638646500,2021-12-04T19:35:00
0.0034424,0.0034424,0.0034424,0.0034424,1638646200,2021-12-04T19:30:00
0.00341008,0.00341008,0.00341008,0.00341008,1638645780,2021-12-04T19:23:00
0.00308574,0.00308574,0.00308574,0.00308574,1638645480,2021-12-04T19:18:00
0.00279488,0.00279488,0.00279488,0.00279488,1638645360,2021-12-04T19:16:00
0.00260954,0.00260954,0.00260954,0.00260954,1638644760,2021-12-04T19:06:00
0.00245573,0.00245573,0.00245573,0.00245573,1638644640,2021-12-04T19:04:00
0.00247074,0.00247074,0.00247074,0.00247074,1638644580,2021-12-04T19:03:00
0.00274036,0.00274036,0.00274036,0.00274036,1638644280,2021-12-04T18:58:00
0.00311483,0.00311483,0.00311483,0.00311483,1638644160,2021-12-04T18:56:00
0.00325124,0.00325124,0.00325124,0.00325124,1638643920,2021-12-04T18:52:00
0.00301939,0.00301939,0.00301939,0.00301939,1638643080,2021-12-04T18:38:00
0.00324119,0.00324119,0.00324119,0.00324119,1638642120,2021-12-04T18:22:00
0.00368323,0.00368323,0.00368323,0.00368323,1638641640,2021-12-04T18:14:00
0.00361548,0.00369153,0.00361548,0.00369153,1638641520,2021-12-04T18:12:00
0.00340978,0.00340978,0.00340978,0.00340978,1638641400,2021-12-04T18:10:00
0.00326112,0.00326112,0.00326112,0.00326112,1638640680,2021-12-04T17:58:00
0.00331541,0.00331541,0.00331541,0.00331541,1638640620,2021-12-04T17:57:00
0.00386148,0.00386148,0.00368349,0.00368349,1638640560,2021-12-04T17:56:00
0.00369131,0.00369131,0.00369131,0.00369131,1638640440,2021-12-04T17:54:00
0.00368391,0.00368391,0.00365337,0.00365337,1638640380,2021-12-04T17:53:00
0.00357583,0.00357583,0.00357583,0.00357583,1638640320,2021-12-04T17:52:00
0.00367653,0.00367653,0.00367653,0.00367653,1638640080,2021-12-04T17:48:00
0.00411016,0.00411016,0.00411016,0.00411016,1638639660,2021-12-04T17:41:00
0.00440343,0.00440343,0.00440343,0.00440343,1638639360,2021-12-04T17:36:00
0.00426212,0.00426212,0.00426212,0.00426212,1638638400,2021-12-04T17:20:00
0.00427089,0.00427089,0.00427089,0.00427089,1638638160,2021-12-04T17:16:00
0.00460986,0.00460986,0.00460986,0.00460986,1638637800,2021-12-04T17:10:00
0.00444753,0.00444753,0.00444753,0.00444753,1638637380,2021-12-04T17:03:00
0.00384569,0.00384569,0.00384569,0.00384569,1638637200,2021-12-04T17:00:00
0.00380608,0.00380608,0.00380608,0.00380608,1638637080,2021-12-04T16:58:00
0.0039309,0.0039309,0.0039309,0.0039309,1638636480,2021-12-04T16:48:00
0.00383725,0.00383725,0.00383725,0.00383725,1638636360,2021-12-04T16:46:00
0.00388,0.00388,0.00388,0.00388,1638636300,2021-12-04T16:45:00
0.00356075,0.00356075,0.00356075,0.00356075,1638636000,2021-12-04T16:40:00
0.00290956,0.00312449,0.00290956,0.00312449,1638635820,2021-12-04T16:37:00
0.00280951,0.00280951,0.00280951,0.00280951,1638635700,2021-12-04T16:35:00
0.00391445,0.00391445,0.00391445,0.00391445,1638635520,2021-12-04T16:32:00
0.00540307,0.00540307,0.00540307,0.00540307,1638634860,2021-12-04T16:21:00
0.00532703,0.00532703,0.00532703,0.00532703,1638634320,2021-12-04T16:12:00
0.00484738,0.00484738,0.00484738,0.00484738,1638633900,2021-12-04T16:05:00
0.004198,0.004198,0.004198,0.004198,1638633720,2021-12-04T16:02:00
0.00389794,0.00389794,0.00389794,0.00389794,1638632880,2021-12-04T15:48:00
0.00412344,0.00412344,0.00412344,0.00412344,1638632040,2021-12-04T15:34:00
0.00420839,0.00420839,0.00420839,0.00420839,1638631980,2021-12-04T15:33:00
0.00398631,0.00398631,0.00398631,0.00398631,1638631500,2021-12-04T15:25:00
0.00362947,0.00362947,0.00362947,0.00362947,1638630720,2021-12-04T15:12:00
0.00333024,0.00333024,0.00333024,0.00333024,1638630600,2021-12-04T15:10:00
0.00360767,0.00360767,0.00360767,0.00360767,1638629340,2021-12-04T14:49:00
0.00366419,0.00366419,0.00366419,0.00366419,1638629220,2021-12-04T14:47:00
0.00379211,0.00379211,0.00379211,0.00379211,1638628980,2021-12-04T14:43:00
0.0041183,0.0041183,0.0041183,0.0041183,1638628320,2021-12-04T14:32:00
0.00415543,0.00415543,0.00415543,0.00415543,1638627240,2021-12-04T14:14:00
0.00343955,0.00343955,0.00343955,0.00343955,1638626940,2021-12-04T14:09:00
0.00350823,0.00350823,0.00350823,0.00350823,1638626640,2021-12-04T14:04:00
0.00400062,0.00400062,0.00400062,0.00400062,1638626460,2021-12-04T14:01:00
0.00383484,0.00383484,0.00383484,0.00383484,1638626100,2021-12-04T13:55:00
0.00392386,0.00392386,0.00392386,0.00392386,1638625980,2021-12-04T13:53:00
0.00400504,0.00400504,0.00400504,0.00400504,1638625440,2021-12-04T13:44:00
0.00423577,0.00423577,0.00423577,0.00423577,1638624960,2021-12-04T13:36:00
0.0045833,0.0045833,0.0045833,0.0045833,1638623460,2021-12-04T13:11:00
0.00477428,0.00477428,0.00477428,0.00477428,1638622980,2021-12-04T13:03:00
0.00538004,0.00538004,0.00538004,0.00538004,1638622500,2021-12-04T12:55:00
0.00494363,0.00494363,0.00494363,0.00494363,1638622260,2021-12-04T12:51:00
0.00408822,0.00408822,0.00408822,0.00408822,1638622080,2021-12-04T12:48:00
0.00378063,0.00378063,0.00378063,0.00378063,1638619680,2021-12-04T12:08:00
0.00361423,0.00361423,0.00361423,0.00361423,1638618600,2021-12-04T11:50:00
0.00370487,0.00370487,0.00370487,0.00370487,1638618360,2021-12-04T11:46:00
0.00398442,0.00398442,0.00398442,0.00398442,1638617940,2021-12-04T11:39:00
0.0039983,0.0039983,0.0039983,0.0039983,1638617520,2021-12-04T11:32:00
0.00388878,0.00388878,0.00388878,0.00388878,1638617400,2021-12-04T11:30:00
0.00354462,0.00354462,0.00354462,0.00354462,1638616440,2021-12-04T11:14:00
0.00337916,0.00337916,0.00337916,0.00337916,1638616200,2021-12-04T11:10:00
0.00351344,0.00351344,0.00351344,0.00351344,1638616080,2021-12-04T11:08:00
0.00361834,0.00361834,0.00347667,0.00347667,1638616020,2021-12-04T11:07:00
0.00381594,0.00381594,0.00381594,0.00381594,1638615840,2021-12-04T11:04:00
0.00380535,0.00380535,0.00380535,0.00380535,1638615300,2021-12-04T10:55:00
0.00374312,0.00374312,0.00374312,0.00374312,1638615180,2021-12-04T10:53:00
0.00416715,0.00416715,0.00416715,0.00416715,1638614760,2021-12-04T10:46:00
0.00446265,0.00446265,0.00446265,0.00446265,1638614700,2021-12-04T10:45:00
0.00432441,0.00432441,0.00432441,0.00432441,1638614520,2021-12-04T10:42:00
0.00425619,0.00425619,0.00425619,0.00425619,1638614460,2021-12-04T10:41:00
0.00406026,0.00406026,0.00406026,0.00406026,1638614340,2021-12-04T10:39:00
0.00396802,0.00396802,0.00396802,0.00396802,1638614220,2021-12-04T10:37:00
0.00388317,0.00388317,0.00388317,0.00388317,1638614100,2021-12-04T10:35:00
0.00372431,0.00372431,0.00372431,0.00372431,1638614040,2021-12-04T10:34:00
0.00400636,0.00400636,0.00400636,0.00400636,1638613980,2021-12-04T10:33:00
0.00431017,0.00431017,0.00431017,0.00431017,1638613920,2021-12-04T10:32:00
0.00439516,0.00439516,0.00439516,0.00439516,1638613860,2021-12-04T10:31:00
0.00440353,0.00440353,0.00440353,0.00440353,1638613800,2021-12-04T10:30:00
0.00507728,0.00507728,0.00438369,0.00438369,1638613740,2021-12-04T10:29:00
0.00533606,0.00533606,0.00533606,0.00533606,1638613680,2021-12-04T10:28:00
0.00488141,0.00577967,0.00488141,0.00577967,1638613620,2021-12-04T10:27:00
0.00464223,0.00468575,0.00446491,0.00468575,1638613500,2021-12-04T10:25:00
0.00516021,0.00516021,0.00516021,0.00516021,1638613440,2021-12-04T10:24:00
0.00396686,0.00461495,0.00396686,0.00461495,1638613380,2021-12-04T10:23:00
0.00392089,0.00392089,0.00392089,0.00392089,1638613320,2021-12-04T10:22:00
0.00383692,0.00383692,0.00383692,0.00383692,1638613260,2021-12-04T10:21:00
0.00420242,0.00420242,0.00420242,0.00420242,1638613200,2021-12-04T10:20:00
0.00427176,0.00452743,0.00427176,0.00452743,1638613140,2021-12-04T10:19:00
0.00468494,0.00468494,0.00454041,0.00454041,1638613080,2021-12-04T10:18:00
0.00436035,0.00436035,0.00436035,0.00436035,1638613020,2021-12-04T10:17:00
0.00525545,0.00525545,0.00466926,0.00466926,1638612960,2021-12-04T10:16:00
0.00504825,0.00504825,0.00504825,0.00504825,1638612840,2021-12-04T10:14:00
0.00479861,0.00483012,0.00479861,0.00483012,1638612780,2021-12-04T10:13:00
0.0052418,0.0052418,0.0052418,0.0052418,1638612660,2021-12-04T10:11:00
0.00492624,0.00492624,0.00492624,0.00492624,1638612600,2021-12-04T10:10:00
0.00435774,0.00457067,0.00435774,0.00457067,1638612480,2021-12-04T10:08:00
0.00431748,0.00431748,0.00431748,0.00431748,1638612180,2021-12-04T10:03:00
0.00489968,0.00489968,0.00489968,0.00489968,1638612000,2021-12-04T10:00:00
0.00544186,0.00544186,0.00544186,0.00544186,1638611820,2021-12-04T09:57:00
0.00545872,0.00545872,0.00545872,0.00545872,1638611520,2021-12-04T09:52:00
0.00553561,0.00553561,0.00553561,0.00553561,1638611460,2021-12-04T09:51:00
0.00461757,0.00501736,0.00461757,0.00501736,1638610620,2021-12-04T09:37:00
0.00435614,0.00446085,0.00435614,0.00446085,1638610560,2021-12-04T09:36:00
0.00415698,0.00415698,0.00415698,0.00415698,1638610440,2021-12-04T09:34:00
0.00428195,0.00428195,0.00428195,0.00428195,1638610380,2021-12-04T09:33:00
0.00469653,0.00469653,0.00469653,0.00469653,1638610080,2021-12-04T09:28:00
0.00472358,0.00472358,0.00472358,0.00472358,1638609960,2021-12-04T09:26:00
0.00500447,0.00500447,0.00500447,0.00500447,1638609900,2021-12-04T09:25:00
0.00394939,0.00451437,0.00394939,0.00451437,1638609840,2021-12-04T09:24:00
0.00450478,0.00450478,0.00450478,0.00450478,1638609780,2021-12-04T09:23:00
0.00482695,0.00482695,0.00482695,0.00482695,1638609660,2021-12-04T09:21:00
0.00517298,0.00517298,0.00517298,0.00517298,1638609600,2021-12-04T09:20:00
0.00520984,0.00520984,0.00520984,0.00520984,1638609420,2021-12-04T09:17:00
0.00499538,0.00499538,0.00499538,0.00499538,1638609240,2021-12-04T09:14:00
0.00481406,0.00481406,0.00481406,0.00481406,1638609060,2021-12-04T09:11:00
0.00501113,0.00501113,0.00501113,0.00501113,1638608880,2021-12-04T09:08:00
0.00526665,0.00526665,0.00526665,0.00526665,1638608760,2021-12-04T09:06:00
0.004933,0.004933,0.004933,0.004933,1638608580,2021-12-04T09:03:00
0.00445328,0.00445328,0.00445328,0.00445328,1638607380,2021-12-04T08:43:00
0.00423003,0.00423003,0.00423003,0.00423003,1638606960,2021-12-04T08:36:00
0.00423543,0.00423543,0.00423543,0.00423543,1638606780,2021-12-04T08:33:00
0.0045935,0.0045935,0.0045935,0.0045935,1638606720,2021-12-04T08:32:00
0.00489492,0.00489492,0.00489492,0.00489492,1638606480,2021-12-04T08:28:00
0.00490088,0.00490088,0.00490088,0.00490088,1638606060,2021-12-04T08:21:00
0.00543371,0.00543371,0.00543371,0.00543371,1638605880,2021-12-04T08:18:00
0.00581775,0.00581775,0.00581775,0.00581775,1638605340,2021-12-04T08:09:00
0.00581623,0.00581623,0.00581623,0.00581623,1638605160,2021-12-04T08:06:00
0.00528672,0.00528672,0.00528672,0.00528672,1638601500,2021-12-04T07:05:00
0.00494491,0.00494491,0.00494491,0.00494491,1638598980,2021-12-04T06:23:00
0.00562833,0.00562833,0.00562833,0.00562833,1638593520,2021-12-04T04:52:00
0.00603395,0.00603395,0.00603395,0.00603395,1638592560,2021-12-04T04:36:00
0.00571334,0.00571334,0.00571334,0.00571334,1638592440,2021-12-04T04:34:00
0.00567098,0.00567098,0.00567098,0.00567098,1638591840,2021-12-04T04:24:00
0.00548014,0.00548014,0.00548014,0.00548014,1638591360,2021-12-04T04:16:00
0.00535741,0.00535741,0.00535741,0.00535741,1638590520,2021-12-04T04:02:00
0.00535539,0.00535539,0.00535539,0.00535539,1638590400,2021-12-04T04:00:00
0.00516032,0.00516032,0.00516032,0.00516032,1638590340,2021-12-04T03:59:00
0.00496429,0.00496429,0.00496429,0.00496429,1638590040,2021-12-04T03:54:00
0.00497891,0.00497891,0.00497891,0.00497891,1638589980,2021-12-04T03:53:00
0.00541348,0.00541348,0.00541348,0.00541348,1638589440,2021-12-04T03:44:00
0.00555004,0.00555004,0.00555004,0.00555004,1638589320,2021-12-04T03:42:00
0.0054489,0.0054489,0.0054489,0.0054489,1638589260,2021-12-04T03:41:00
0.00637551,0.00637551,0.00637551,0.00637551,1638589200,2021-12-04T03:40:00
0.00680152,0.00680152,0.00680152,0.00680152,1638589140,2021-12-04T03:39:00
0.00657567,0.00657567,0.00657567,0.00657567,1638589080,2021-12-04T03:38:00
0.0056287,0.0056287,0.0056287,0.0056287,1638588960,2021-12-04T03:36:00
0.00531414,0.00531414,0.00531414,0.00531414,1638588900,2021-12-04T03:35:00
0.00504053,0.00504053,0.00504053,0.00504053,1638588480,2021-12-04T03:28:00
0.00484573,0.00484573,0.00484573,0.00484573,1638588360,2021-12-04T03:26:00
0.00520443,0.00520443,0.00520443,0.00520443,1638588300,2021-12-04T03:25:00
0.00617616,0.00617616,0.00617616,0.00617616,1638588240,2021-12-04T03:24:00
0.00662632,0.00662632,0.00662632,0.00662632,1638588120,2021-12-04T03:22:00
0.00617328,0.00617328,0.00617328,0.00617328,1638587640,2021-12-04T03:14:00
0.00627284,0.00627284,0.00612746,0.00612746,1638586440,2021-12-04T02:54:00
0.00599071,0.00599071,0.00599071,0.00599071,1638585960,2021-12-04T02:46:00
0.00617213,0.00617213,0.00617213,0.00617213,1638585840,2021-12-04T02:44:00
0.00630367,0.00630367,0.00630367,0.00630367,1638585780,2021-12-04T02:43:00
0.00593529,0.00593529,0.00593529,0.00593529,1638585600,2021-12-04T02:40:00
0.00560519,0.00560519,0.00560519,0.00560519,1638585540,2021-12-04T02:39:00
0.00558874,0.00558874,0.00558874,0.00558874,1638585420,2021-12-04T02:37:00
0.00560583,0.00560583,0.00560583,0.00560583,1638584940,2021-12-04T02:29:00
0.00502954,0.00502954,0.00502954,0.00502954,1638584760,2021-12-04T02:26:00
0.00477275,0.00477275,0.00477275,0.00477275,1638584700,2021-12-04T02:25:00
0.00505877,0.00505877,0.00505877,0.00505877,1638584520,2021-12-04T02:22:00
0.00512633,0.00512633,0.00512633,0.00512633,1638584460,2021-12-04T02:21:00
0.00485162,0.00485162,0.00485162,0.00485162,1638584220,2021-12-04T02:17:00
0.00462896,0.00462896,0.00462896,0.00462896,1638584040,2021-12-04T02:14:00
0.00463709,0.00463709,0.00463709,0.00463709,1638583860,2021-12-04T02:11:00
0.00466018,0.00466018,0.00466018,0.00466018,1638583800,2021-12-04T02:10:00
0.00505538,0.00505538,0.00505538,0.00505538,1638583680,2021-12-04T02:08:00
0.00580864,0.00580864,0.00580864,0.00580864,1638583620,2021-12-04T02:07:00
0.00597424,0.00597424,0.00597424,0.00597424,1638583320,2021-12-04T02:02:00
0.00593957,0.00593957,0.00593957,0.00593957,1638583260,2021-12-04T02:01:00
0.00579082,0.00579082,0.00579082,0.00579082,1638583200,2021-12-04T02:00:00
0.00570803,0.00570803,0.00570803,0.00570803,1638583080,2021-12-04T01:58:00
0.00548425,0.00578421,0.00548425,0.00578421,1638582900,2021-12-04T01:55:00
0.00587929,0.00587929,0.00587929,0.00587929,1638582720,2021-12-04T01:52:00
0.00634479,0.00634479,0.00634479,0.00634479,1638582600,2021-12-04T01:50:00
0.00607966,0.00607966,0.00607966,0.00607966,1638582540,2021-12-04T01:49:00
0.00584915,0.00584915,0.00584915,0.00584915,1638582420,2021-12-04T01:47:00
0.00609311,0.00609311,0.00609311,0.00609311,1638582360,2021-12-04T01:46:00
0.00579658,0.00579658,0.00579658,0.00579658,1638582120,2021-12-04T01:42:00
0.00554865,0.00554865,0.00554865,0.00554865,1638581700,2021-12-04T01:35:00
0.00555084,0.00555084,0.00555084,0.00555084,1638581400,2021-12-04T01:30:00
0.00563891,0.00563891,0.00563891,0.00563891,1638581100,2021-12-04T01:25:00
0.00491579,0.00491579,0.00491579,0.00491579,1638581040,2021-12-04T01:24:00
0.00467543,0.00467543,0.00467543,0.00467543,1638580980,2021-12-04T01:23:00
0.00401871,0.00446381,0.00392884,0.00446381,1638580920,2021-12-04T01:22:00
0.00490759,0.00490759,0.00490759,0.00490759,1638580860,2021-12-04T01:21:00
0.00570185,0.00570185,0.00570185,0.00570185,1638580620,2021-12-04T01:17:00
0.00523767,0.00523767,0.00523767,0.00523767,1638580260,2021-12-04T01:11:00
0.00612668,0.00612668,0.00555279,0.00555279,1638580140,2021-12-04T01:09:00
0.00603702,0.00603702,0.00603702,0.00603702,1638580020,2021-12-04T01:07:00
0.00647156,0.00647156,0.00647156,0.00647156,1638579720,2021-12-04T01:02:00
0.00615454,0.00615454,0.00615454,0.00615454,1638579480,2021-12-04T00:58:00
0.00552397,0.00552397,0.00552397,0.00552397,1638579420,2021-12-04T00:57:00
0.00485018,0.00528836,0.00485018,0.00528836,1638579300,2021-12-04T00:55:00
0.00470394,0.00470394,0.00470394,0.00470394,1638579240,2021-12-04T00:54:00
0.00521771,0.00521771,0.00459508,0.00459508,1638579180,2021-12-04T00:53:00
0.00530946,0.00530946,0.00530946,0.00530946,1638579120,2021-12-04T00:52:00
0.00503136,0.00503136,0.00491098,0.00491098,1638579060,2021-12-04T00:51:00
0.00552474,0.00552474,0.00552474,0.00552474,1638579000,2021-12-04T00:50:00
0.00558793,0.00558793,0.00558793,0.00558793,1638578820,2021-12-04T00:47:00
0.00568586,0.00568586,0.00568586,0.00568586,1638578700,2021-12-04T00:45:00
0.00611447,0.00611447,0.00611447,0.00611447,1638578580,2021-12-04T00:43:00
0.00628814,0.00628814,0.00628814,0.00628814,1638578520,2021-12-04T00:42:00
0.00692044,0.00692044,0.00692044,0.00692044,1638578400,2021-12-04T00:40:00
0.00660959,0.00660959,0.00660959,0.00660959,1638578280,2021-12-04T00:38:00
0.00582855,0.00582855,0.00582855,0.00582855,1638577920,2021-12-04T00:32:00
0.00552083,0.00552083,0.00552083,0.00552083,1638577320,2021-12-04T00:22:00
0.00574033,0.00574033,0.00574033,0.00574033,1638577260,2021-12-04T00:21:00
0.00620189,0.00620189,0.00620189,0.00620189,1638577020,2021-12-04T00:17:00
0.00603549,0.00603549,0.00603549,0.00603549,1638576780,2021-12-04T00:13:00
0.0058241,0.0058241,0.0058241,0.0058241,1638576480,2021-12-04T00:08:00
0.00579642,0.00579642,0.00579642,0.00579642,1638576360,2021-12-04T00:06:00
0.00645255,0.00645255,0.00645255,0.00645255,1638575760,2021-12-03T23:56:00
0.00675887,0.00675887,0.00675887,0.00675887,1638575700,2021-12-03T23:55:00
0.00672626,0.00672626,0.00672626,0.00672626,1638574740,2021-12-03T23:39:00
0.00655489,0.00655489,0.00655489,0.00655489,1638574560,2021-12-03T23:36:00
0.00570137,0.00570137,0.00570137,0.00570137,1638574500,2021-12-03T23:35:00
0.00523545,0.00523545,0.00523545,0.00523545,1638574440,2021-12-03T23:34:00
0.00511597,0.00511597,0.00511597,0.00511597,1638574380,2021-12-03T23:33:00
0.00791969,0.00791969,0.00622897,0.00622897,1638574260,2021-12-03T23:31:00
0.00876242,0.00876242,0.00844802,0.00844802,1638574200,2021-12-03T23:30:00
0.00792985,0.00792985,0.00792985,0.00792985,1638574080,2021-12-03T23:28:00
0.00629942,0.00629942,0.00629942,0.00629942,1638574020,2021-12-03T23:27:00
0.00624924,0.00624924,0.00624924,0.00624924,1638573720,2021-12-03T23:22:00
0.00704914,0.00704914,0.00704914,0.00704914,1638573480,2021-12-03T23:18:00
0.00748691,0.00748691,0.00748691,0.00748691,1638572700,2021-12-03T23:05:00
0.00733389,0.00733389,0.00733389,0.00733389,1638571680,2021-12-03T22:48:00
0.00741236,0.00741236,0.00741236,0.00741236,1638571620,2021-12-03T22:47:00
0.00753745,0.00753745,0.00753745,0.00753745,1638571020,2021-12-03T22:37:00
0.00649683,0.00649683,0.00649683,0.00649683,1638570900,2021-12-03T22:35:00
0.00680155,0.00680155,0.00680155,0.00680155,1638570780,2021-12-03T22:33:00
0.00716385,0.0071662,0.00716385,0.0071662,1638570660,2021-12-03T22:31:00
0.00762036,0.00762036,0.00762036,0.00762036,1638570600,2021-12-03T22:30:00
0.00869394,0.00869394,0.00841114,0.00841114,1638570300,2021-12-03T22:25:00
0.00925333,0.00925333,0.00925333,0.00925333,1638570180,2021-12-03T22:23:00
0.0110385,0.0120062,0.0108332,0.0108332,1638570120,2021-12-03T22:22:00
0.0116444,0.0116444,0.0116444,0.0116444,1638570060,2021-12-03T22:21:00
0.0132059,0.0132059,0.0132059,0.0132059,1638570000,2021-12-03T22:20:00
0.0100001,0.0151909,0.0100001,0.0151909,1638569940,2021-12-03T22:19:00
0.00640695,0.00640695,0.00640695,0.00640695,1638566880,2021-12-03T21:28:00
0.00650069,0.00650069,0.00650069,0.00650069,1638566820,2021-12-03T21:27:00
0.00632227,0.00632227,0.00632227,0.00632227,1638566460,2021-12-03T21:21:00
0.00583954,0.00583954,0.00583954,0.00583954,1638565800,2021-12-03T21:10:00
0.00527994,0.00527994,0.00527994,0.00527994,1638565440,2021-12-03T21:04:00
0.0059342,0.0059342,0.0059342,0.0059342,1638565080,2021-12-03T20:58:00
0.00714435,0.00714435,0.00714435,0.00714435,1638564960,2021-12-03T20:56:00
0.00728434,0.00728434,0.00728434,0.00728434,1638564780,2021-12-03T20:53:00
0.00700673,0.00700673,0.00700673,0.00700673,1638564660,2021-12-03T20:51:00
0.00680665,0.00680665,0.00680665,0.00680665,1638564540,2021-12-03T20:49:00
0.00635957,0.00635957,0.00635957,0.00635957,1638564480,2021-12-03T20:48:00
0.00595605,0.00595605,0.00595605,0.00595605,1638564180,2021-12-03T20:43:00
0.00590403,0.00590403,0.00590403,0.00590403,1638564000,2021-12-03T20:40:00
0.00621254,0.00621254,0.00574922,0.00574922,1638563820,2021-12-03T20:37:00
0.00710329,0.00710329,0.00710329,0.00710329,1638563520,2021-12-03T20:32:00
0.00624194,0.00624194,0.00624194,0.00624194,1638562500,2021-12-03T20:15:00
0.0054286,0.0054286,0.0054286,0.0054286,1638562380,2021-12-03T20:13:00
0.00549479,0.00549479,0.00549479,0.00549479,1638562200,2021-12-03T20:10:00
0.00548076,0.00548076,0.00548076,0.00548076,1638562140,2021-12-03T20:09:00
0.00620551,0.00620551,0.00587496,0.00587496,1638561960,2021-12-03T20:06:00
0.00603884,0.00603884,0.00603884,0.00603884,1638561900,2021-12-03T20:05:00
0.0060324,0.0060324,0.0060324,0.0060324,1638561480,2021-12-03T19:58:00
0.00612627,0.00612627,0.00612627,0.00612627,1638561000,2021-12-03T19:50:00
0.00616338,0.00616338,0.00616338,0.00616338,1638560820,2021-12-03T19:47:00
0.00642561,0.00642561,0.00642561,0.00642561,1638560160,2021-12-03T19:36:00
0.00665737,0.00714333,0.00665737,0.00714333,1638560040,2021-12-03T19:34:00
0.00566961,0.00592572,0.00566961,0.00592572,1638559800,2021-12-03T19:30:00
0.00568576,0.00568576,0.00568576,0.00568576,1638559740,2021-12-03T19:29:00
0.00602244,0.00602244,0.00602244,0.00602244,1638559560,2021-12-03T19:26:00
0.00587789,0.00603858,0.00587789,0.00603858,1638559500,2021-12-03T19:25:00
0.00680432,0.00680432,0.00636627,0.00636627,1638559320,2021-12-03T19:22:00
0.00665102,0.00665102,0.00665102,0.00665102,1638559200,2021-12-03T19:20:00
0.00709214,0.00709214,0.00671186,0.00671186,1638559140,2021-12-03T19:19:00
0.00755536,0.00755536,0.00744337,0.00744337,1638559080,2021-12-03T19:18:00
0.00747581,0.00747581,0.00747581,0.00747581,1638559020,2021-12-03T19:17:00
0.00756997,0.00756997,0.00756997,0.00756997,1638558960,2021-12-03T19:16:00
0.0075458,0.0075458,0.0075458,0.0075458,1638558900,2021-12-03T19:15:00
0.00669241,0.00713781,0.00669241,0.00713781,1638558780,2021-12-03T19:13:00
0.00684574,0.00684574,0.00684574,0.00684574,1638558720,2021-12-03T19:12:00
0.00713138,0.00713138,0.00713138,0.00713138,1638558540,2021-12-03T19:09:00
0.00775428,0.00775428,0.00692426,0.00692426,1638558480,2021-12-03T19:08:00
0.00811371,0.00843571,0.00811371,0.00843571,1638558360,2021-12-03T19:06:00
0.00744531,0.00744531,0.00744531,0.00744531,1638558300,2021-12-03T19:05:00
0.00735891,0.00735891,0.00735891,0.00735891,1638558240,2021-12-03T19:04:00
0.00684859,0.00728982,0.00684859,0.00728982,1638558180,2021-12-03T19:03:00
0.00663801,0.00663801,0.00663801,0.00663801,1638558060,2021-12-03T19:01:00
0.0063307,0.0063307,0.0063307,0.0063307,1638558000,2021-12-03T19:00:00
0.00627671,0.00627671,0.00627671,0.00627671,1638557940,2021-12-03T18:59:00
0.00643471,0.00643471,0.00643471,0.00643471,1638557880,2021-12-03T18:58:00
0.00646249,0.00646249,0.00640899,0.00640899,1638557820,2021-12-03T18:57:00
0.00647949,0.00647949,0.00647949,0.00647949,1638557700,2021-12-03T18:55:00
0.00695948,0.00695948,0.0068055,0.0068055,1638557640,2021-12-03T18:54:00
0.00694838,0.00694838,0.00676837,0.00676837,1638557580,2021-12-03T18:53:00
0.00734511,0.00734511,0.00734511,0.00734511,1638557460,2021-12-03T18:51:00
0.00738817,0.00738817,0.00738817,0.00738817,1638557400,2021-12-03T18:50:00
0.00752269,0.00776811,0.00752269,0.00776811,1638557340,2021-12-03T18:49:00
0.00767078,0.00767078,0.00743786,0.00743786,1638557280,2021-12-03T18:48:00
0.00874463,0.00874463,0.00854821,0.00854821,1638557160,2021-12-03T18:46:00
0.00858126,0.00858126,0.00858126,0.00858126,1638557100,2021-12-03T18:45:00
0.00819866,0.00819866,0.00819866,0.00819866,1638557040,2021-12-03T18:44:00
0.00752275,0.00752275,0.00752275,0.00752275,1638556980,2021-12-03T18:43:00
0.00771325,0.00771325,0.00726088,0.00726088,1638556920,2021-12-03T18:42:00
0.00858498,0.00858498,0.00808449,0.00808449,1638556860,2021-12-03T18:41:00
0.00820339,0.00820339,0.00820339,0.00820339,1638556800,2021-12-03T18:40:00
0.00736633,0.00736633,0.00736633,0.00736633,1638556740,2021-12-03T18:39:00
0.0071639,0.0071639,0.0071639,0.0071639,1638556680,2021-12-03T18:38:00
0.00736855,0.00736855,0.00736855,0.00736855,1638556620,2021-12-03T18:37:00
0.0074975,0.0074975,0.0074975,0.0074975,1638556560,2021-12-03T18:36:00
0.00763936,0.00763936,0.00763936,0.00763936,1638556440,2021-12-03T18:34:00
0.00735687,0.00735687,0.00735687,0.00735687,1638556380,2021-12-03T18:33:00
0.0076282,0.0076282,0.00731649,0.00731649,1638556260,2021-12-03T18:31:00
0.00747218,0.00747218,0.00726437,0.00743086,1638556140,2021-12-03T18:29:00
0.00763011,0.00763011,0.00763011,0.00763011,1638556080,2021-12-03T18:28:00
0.00844381,0.00844381,0.0082682,0.0082682,1638556020,2021-12-03T18:27:00
0.00878427,0.00878427,0.00878427,0.00878427,1638555960,2021-12-03T18:26:00
0.00913957,0.00913957,0.00779978,0.00891621,1638555900,2021-12-03T18:25:00
0.0089622,0.00961652,0.0089622,0.00961652,1638555840,2021-12-03T18:24:00
0.00788976,0.00788976,0.00788976,0.00788976,1638555720,2021-12-03T18:22:00
0.00960074,0.00960074,0.00960074,0.00960074,1638555660,2021-12-03T18:21:00
0.00943975,0.00943975,0.009403,0.009403,1638555600,2021-12-03T18:20:00
0.00990488,0.00990488,0.00990488,0.00990488,1638555480,2021-12-03T18:18:00
0.0105261,0.0105261,0.0105261,0.0105261,1638555360,2021-12-03T18:16:00
0.0104556,0.0104556,0.0104556,0.0104556,1638555300,2021-12-03T18:15:00
0.010287,0.010287,0.010287,0.010287,1638555180,2021-12-03T18:13:00
0.00985233,0.00985233,0.00985233,0.00985233,1638555120,2021-12-03T18:12:00
0.00987492,0.00987492,0.00987492,0.00987492,1638555000,2021-12-03T18:10:00
0.0093532,0.0093532,0.00865621,0.00865621,1638554940,2021-12-03T18:09:00
0.0093413,0.0093413,0.0093413,0.0093413,1638554460,2021-12-03T18:01:00
0.00916604,0.00916604,0.00916604,0.00916604,1638554340,2021-12-03T17:59:00
0.00936209,0.00936209,0.00936209,0.00936209,1638554100,2021-12-03T17:55:00
0.00938351,0.00938351,0.00938351,0.00938351,1638553920,2021-12-03T17:52:00
0.00954654,0.00954654,0.00954654,0.00954654,1638553800,2021-12-03T17:50:00
0.00920022,0.00920022,0.00920022,0.00920022,1638553200,2021-12-03T17:40:00
0.00902776,0.00902776,0.00887832,0.00887832,1638552420,2021-12-03T17:27:00
0.00934649,0.00934649,0.00934649,0.00934649,1638551940,2021-12-03T17:19:00
0.00925628,0.00925628,0.00925628,0.00925628,1638551760,2021-12-03T17:16:00
0.00952528,0.00952528,0.00952528,0.00952528,1638551700,2021-12-03T17:15:00
0.0103724,0.0103724,0.0103724,0.0103724,1638550920,2021-12-03T17:02:00
0.010651,0.010651,0.010651,0.010651,1638550800,2021-12-03T17:00:00
0.00980948,0.00999984,0.00980948,0.00999984,1638550500,2021-12-03T16:55:00
0.0106131,0.0106131,0.0106131,0.0106131,1638550380,2021-12-03T16:53:00
0.00820739,0.00820739,0.00820739,0.00820739,1638550140,2021-12-03T16:49:00
0.00827394,0.00827394,0.00827394,0.00827394,1638550020,2021-12-03T16:47:00
0.00933563,0.00933563,0.00933563,0.00933563,1638549360,2021-12-03T16:36:00
0.010432,0.010432,0.00999279,0.00999279,1638549300,2021-12-03T16:35:00
0.00932047,0.00932047,0.00932047,0.00932047,1638549180,2021-12-03T16:33:00
0.00942749,0.00942749,0.00942749,0.00942749,1638549060,2021-12-03T16:31:00
0.00887003,0.00887003,0.00887003,0.00887003,1638548880,2021-12-03T16:28:00
0.0090203,0.0090203,0.0090203,0.0090203,1638548760,2021-12-03T16:26:00
0.00919331,0.00919331,0.00919331,0.00919331,1638548040,2021-12-03T16:14:00
0.00904931,0.00904931,0.00904931,0.00904931,1638547980,2021-12-03T16:13:00
0.0095788,0.0095788,0.0095788,0.0095788,1638547560,2021-12-03T16:06:00
0.00944836,0.00944836,0.00944836,0.00944836,1638547500,2021-12-03T16:05:00
0.00912522,0.00912522,0.00912522,0.00912522,1638547380,2021-12-03T16:03:00
0.00918897,0.00918897,0.00918897,0.00918897,1638547320,2021-12-03T16:02:00
0.00903209,0.00976644,0.00903209,0.00976644,1638547260,2021-12-03T16:01:00
0.00819523,0.00819523,0.00819523,0.00819523,1638546720,2021-12-03T15:52:00
0.00826318,0.00826318,0.00826318,0.00826318,1638546660,2021-12-03T15:51:00
0.00852202,0.00852202,0.00852202,0.00852202,1638546480,2021-12-03T15:48:00
0.00862266,0.00862266,0.00862266,0.00862266,1638546180,2021-12-03T15:43:00
0.00824453,0.00824453,0.00824453,0.00824453,1638545700,2021-12-03T15:35:00
0.00879798,0.00879798,0.00879798,0.00879798,1638544980,2021-12-03T15:23:00
0.00916592,0.00916592,0.00916592,0.00916592,1638544800,2021-12-03T15:20:00
0.00899183,0.00899183,0.00899183,0.00899183,1638544620,2021-12-03T15:17:00
0.00877028,0.00877028,0.00877028,0.00877028,1638544500,2021-12-03T15:15:00
0.00871443,0.00871443,0.00871443,0.00871443,1638544380,2021-12-03T15:13:00
0.00832108,0.00873076,0.00832108,0.00873076,1638544320,2021-12-03T15:12:00
0.00804317,0.00804317,0.00804317,0.00804317,1638543180,2021-12-03T14:53:00
0.00756559,0.00756559,0.00756559,0.00756559,1638542700,2021-12-03T14:45:00
0.00790305,0.00790305,0.00790305,0.00790305,1638542520,2021-12-03T14:42:00
0.0087908,0.0087908,0.0087908,0.0087908,1638542220,2021-12-03T14:37:00
0.00882144,0.00882144,0.00882144,0.00882144,1638542040,2021-12-03T14:34:00
0.00862018,0.00862018,0.00862018,0.00862018,1638541920,2021-12-03T14:32:00
0.00872359,0.00872359,0.00862912,0.00862912,1638541740,2021-12-03T14:29:00
0.00855738,0.00855738,0.00855738,0.00855738,1638541680,2021-12-03T14:28:00
0.00807159,0.00807159,0.00807159,0.00807159,1638541620,2021-12-03T14:27:00
0.00812966,0.00812966,0.00812966,0.00812966,1638541500,2021-12-03T14:25:00
0.00827405,0.00841024,0.00827405,0.00841024,1638541320,2021-12-03T14:22:00
0.00838773,0.00838773,0.00838773,0.00838773,1638541260,2021-12-03T14:21:00
0.0079671,0.0079671,0.0079671,0.0079671,1638541200,2021-12-03T14:20:00
0.00798228,0.00798228,0.00774983,0.00774983,1638541080,2021-12-03T14:18:00
0.00846746,0.00846746,0.00846746,0.00846746,1638540960,2021-12-03T14:16:00
0.00829445,0.00874192,0.00829445,0.00874192,1638540720,2021-12-03T14:12:00
0.00793831,0.00793831,0.00793831,0.00793831,1638540660,2021-12-03T14:11:00
0.00764692,0.00764692,0.00764692,0.00764692,1638540480,2021-12-03T14:08:00
0.00725917,0.00725917,0.00725917,0.00725917,1638540360,2021-12-03T14:06:00
0.00743713,0.00743713,0.00743713,0.00743713,1638540300,2021-12-03T14:05:00
0.00777855,0.00777855,0.00777855,0.00777855,1638539880,2021-12-03T13:58:00
0.00761364,0.00761364,0.00761364,0.00761364,1638539700,2021-12-03T13:55:00
0.00742121,0.00742121,0.00742121,0.00742121,1638539640,2021-12-03T13:54:00
0.00724119,0.00724119,0.00724119,0.00724119,1638539400,2021-12-03T13:50:00
0.00725724,0.00725724,0.00725724,0.00725724,1638539280,2021-12-03T13:48:00
0.00807926,0.00807926,0.00784087,0.00784087,1638538680,2021-12-03T13:38:00
0.00758137,0.00758137,0.00758137,0.00758137,1638538500,2021-12-03T13:35:00
0.00685444,0.00685444,0.00685444,0.00685444,1638538440,2021-12-03T13:34:00
0.00665553,0.00665553,0.00665553,0.00665553,1638538380,2021-12-03T13:33:00
0.00712581,0.00712581,0.00712581,0.00712581,1638538320,2021-12-03T13:32:00
0.00785372,0.00785372,0.00785372,0.00785372,1638538140,2021-12-03T13:29:00
0.00915939,0.00915939,0.00915939,0.00915939,1638537840,2021-12-03T13:24:00
0.00969666,0.00969666,0.00969666,0.00969666,1638537540,2021-12-03T13:19:00
0.00908971,0.00908971,0.00908971,0.00908971,1638537000,2021-12-03T13:10:00
0.00902409,0.00902409,0.00902409,0.00902409,1638536940,2021-12-03T13:09:00
0.00835628,0.00835628,0.00835628,0.00835628,1638536340,2021-12-03T12:59:00
0.00848467,0.00848467,0.00848467,0.00848467,1638536280,2021-12-03T12:58:00
0.00905784,0.00905784,0.00905784,0.00905784,1638535260,2021-12-03T12:41:00
0.00929171,0.00929171,0.00929171,0.00929171,1638535140,2021-12-03T12:39:00
0.00919902,0.00919902,0.00919902,0.00919902,1638534960,2021-12-03T12:36:00
0.00895613,0.00895613,0.00895613,0.00895613,1638534300,2021-12-03T12:25:00
0.00931674,0.00931674,0.00931674,0.00931674,1638534240,2021-12-03T12:24:00
0.00958178,0.00958178,0.00958178,0.00958178,1638533940,2021-12-03T12:19:00
0.00925183,0.00925183,0.00925183,0.00925183,1638533700,2021-12-03T12:15:00
0.00808925,0.00808925,0.00808925,0.00808925,1638533640,2021-12-03T12:14:00
0.00697258,0.00709857,0.00697258,0.00709857,1638533580,2021-12-03T12:13:00
0.00758555,0.00758555,0.00758555,0.00758555,1638533520,2021-12-03T12:12:00
0.00850046,0.00850046,0.00850046,0.00850046,1638531660,2021-12-03T11:41:00
0.00905283,0.00905283,0.00905283,0.00905283,1638531540,2021-12-03T11:39:00
0.00845074,0.00879129,0.00845074,0.00879129,1638531360,2021-12-03T11:36:00
0.0082927,0.0082927,0.0082927,0.0082927,1638531300,2021-12-03T11:35:00
0.00801831,0.00801831,0.00790372,0.00790372,1638531240,2021-12-03T11:34:00
0.00858168,0.00858168,0.00858168,0.00858168,1638531060,2021-12-03T11:31:00
0.0091888,0.0091888,0.0091888,0.0091888,1638530880,2021-12-03T11:28:00
0.00954275,0.00954275,0.00954275,0.00954275,1638530520,2021-12-03T11:22:00
0.00940591,0.00940591,0.00940591,0.00940591,1638530220,2021-12-03T11:17:00
0.00949439,0.00949439,0.00949439,0.00949439,1638529800,2021-12-03T11:10:00
0.00938172,0.00938172,0.00938172,0.00938172,1638529740,2021-12-03T11:09:00
0.00930037,0.00930037,0.00930037,0.00930037,1638529560,2021-12-03T11:06:00
0.0096789,0.0096789,0.0096789,0.0096789,1638529080,2021-12-03T10:58:00
0.00967224,0.00967224,0.00967224,0.00967224,1638528960,2021-12-03T10:56:00
0.00960511,0.00960511,0.00960511,0.00960511,1638528480,2021-12-03T10:48:00
0.0094974,0.0094974,0.0094974,0.0094974,1638528420,2021-12-03T10:47:00
0.00980712,0.00980712,0.00980712,0.00980712,1638528180,2021-12-03T10:43:00
0.00983933,0.00983933,0.00983933,0.00983933,1638527940,2021-12-03T10:39:00
0.00997621,0.00997621,0.00997621,0.00997621,1638527820,2021-12-03T10:37:00
0.0105943,0.0105943,0.0105943,0.0105943,1638527760,2021-12-03T10:36:00
0.0111396,0.0111396,0.0111396,0.0111396,1638527220,2021-12-03T10:27:00
0.0100477,0.0100477,0.0100477,0.0100477,1638526440,2021-12-03T10:14:00
0.00890802,0.00890802,0.00890802,0.00890802,1638526380,2021-12-03T10:13:00
0.00895315,0.00895315,0.00895315,0.00895315,1638526020,2021-12-03T10:07:00
0.00894307,0.00894307,0.00894307,0.00894307,1638525960,2021-12-03T10:06:00
0.00938812,0.00938812,0.00938812,0.00938812,1638525900,2021-12-03T10:05:00
0.00971626,0.00971626,0.00971626,0.00971626,1638525780,2021-12-03T10:03:00
0.0101187,0.0101187,0.0101187,0.0101187,1638525720,2021-12-03T10:02:00
0.0105057,0.0105057,0.0105057,0.0105057,1638525300,2021-12-03T09:55:00
0.010112,0.010112,0.010112,0.010112,1638525120,2021-12-03T09:52:00
0.00988513,0.00988513,0.00988513,0.00988513,1638525000,2021-12-03T09:50:00
0.00848125,0.00848125,0.00848125,0.00848125,1638524880,2021-12-03T09:48:00
0.00891688,0.00891688,0.00891688,0.00891688,1638524760,2021-12-03T09:46:00
0.0101231,0.0101231,0.0101231,0.0101231,1638524400,2021-12-03T09:40:00
0.0109091,0.0109091,0.0109091,0.0109091,1638524100,2021-12-03T09:35:00
0.0117307,0.0117307,0.0117307,0.0117307,1638523920,2021-12-03T09:32:00
0.0127655,0.0127655,0.0127655,0.0127655,1638523860,2021-12-03T09:31:00
0.0115131,0.0115131,0.0115131,0.0115131,1638523800,2021-12-03T09:30:00
0.0102928,0.0102928,0.0102928,0.0102928,1638523740,2021-12-03T09:29:00
0.00950384,0.00950384,0.00950384,0.00950384,1638523080,2021-12-03T09:18:00
0.00857679,0.00857679,0.00857679,0.00857679,1638523020,2021-12-03T09:17:00
0.00920717,0.00920717,0.00920717,0.00920717,1638522840,2021-12-03T09:14:00
0.00869547,0.00869547,0.00869547,0.00869547,1638522780,2021-12-03T09:13:00
0.0081818,0.0081818,0.0081818,0.0081818,1638522720,2021-12-03T09:12:00
0.00826991,0.00826991,0.00826991,0.00826991,1638522600,2021-12-03T09:10:00
0.00818597,0.00818597,0.00818597,0.00818597,1638522540,2021-12-03T09:09:00
0.00884468,0.00884468,0.00884468,0.00884468,1638522360,2021-12-03T09:06:00
0.00897785,0.00897785,0.00897785,0.00897785,1638522300,2021-12-03T09:05:00
0.00871867,0.00871867,0.00871867,0.00871867,1638522240,2021-12-03T09:04:00
0.00862732,0.00862732,0.00862732,0.00862732,1638522180,2021-12-03T09:03:00
0.00902257,0.00902257,0.00865304,0.00865304,1638521820,2021-12-03T08:57:00
0.00929187,0.00929187,0.00929187,0.00929187,1638520440,2021-12-03T08:34:00
0.00963233,0.00963233,0.00963233,0.00963233,1638519840,2021-12-03T08:24:00
0.010228,0.0102822,0.010228,0.0102822,1638519780,2021-12-03T08:23:00
0.009841,0.009841,0.009841,0.009841,1638519420,2021-12-03T08:17:00
0.00999012,0.00999012,0.00999012,0.00999012,1638518940,2021-12-03T08:09:00
0.0100677,0.0100677,0.0100677,0.0100677,1638518220,2021-12-03T07:57:00
0.00927487,0.00927487,0.00927487,0.00927487,1638518100,2021-12-03T07:55:00
0.00867695,0.00867695,0.00867695,0.00867695,1638517980,2021-12-03T07:53:00
0.0096867,0.0096867,0.0096867,0.0096867,1638517740,2021-12-03T07:49:00
0.0116758,0.0116758,0.0116758,0.0116758,1638516540,2021-12-03T07:29:00
0.0106584,0.0106584,0.0106584,0.0106584,1638516420,2021-12-03T07:27:00
0.00922383,0.00922383,0.00922383,0.00922383,1638516120,2021-12-03T07:22:00
0.0096933,0.0096933,0.0096933,0.0096933,1638516000,2021-12-03T07:20:00
0.0106384,0.0106384,0.0106384,0.0106384,1638515460,2021-12-03T07:11:00
0.0116014,0.0116014,0.0116014,0.0116014,1638514740,2021-12-03T06:59:00
0.0128204,0.0128204,0.0125804,0.0125804,1638514620,2021-12-03T06:57:00
0.0131369,0.0131369,0.0131369,0.0131369,1638514560,2021-12-03T06:56:00
0.0114365,0.0114365,0.0114365,0.0114365,1638514320,2021-12-03T06:52:00
0.00972649,0.00972649,0.00972649,0.00972649,1638514260,2021-12-03T06:51:00
0.00941479,0.00945407,0.00941479,0.00945407,1638514140,2021-12-03T06:49:00
0.0098207,0.0098207,0.0098207,0.0098207,1638513660,2021-12-03T06:41:00
0.0101781,0.0101781,0.0101781,0.0101781,1638513600,2021-12-03T06:40:00
0.0104994,0.0104994,0.0104994,0.0104994,1638513360,2021-12-03T06:36:00
0.0112308,0.0112308,0.0112308,0.0112308,1638513240,2021-12-03T06:34:00
0.0120415,0.0120415,0.0120415,0.0120415,1638513180,2021-12-03T06:33:00
0.0126213,0.0126213,0.0126213,0.0126213,1638513000,2021-12-03T06:30:00
0.0122832,0.0122832,0.0122832,0.0122832,1638512700,2021-12-03T06:25:00
0.0113075,0.0113075,0.0113075,0.0113075,1638512580,2021-12-03T06:23:00
0.0109382,0.0109382,0.0109382,0.0109382,1638512100,2021-12-03T06:15:00
0.0110475,0.0110475,0.0108276,0.0108276,1638511200,2021-12-03T06:00:00
0.0111252,0.0111252,0.0111252,0.0111252,1638511080,2021-12-03T05:58:00
0.0105494,0.0105494,0.0105494,0.0105494,1638510840,2021-12-03T05:54:00
0.0104178,0.0104178,0.0104178,0.0104178,1638509760,2021-12-03T05:36:00
0.0107929,0.0107929,0.0107929,0.0107929,1638509160,2021-12-03T05:26:00
0.0108642,0.0108642,0.0108642,0.0108642,1638508440,2021-12-03T05:14:00
0.0107973,0.0107973,0.0107973,0.0107973,1638507180,2021-12-03T04:53:00
0.0110743,0.0110743,0.0110743,0.0110743,1638506280,2021-12-03T04:38:00
0.010841,0.010841,0.010841,0.010841,1638505620,2021-12-03T04:27:00
0.0104989,0.0104989,0.0104989,0.0104989,1638504660,2021-12-03T04:11:00
0.0104199,0.0104199,0.0104199,0.0104199,1638504480,2021-12-03T04:08:00
0.0108383,0.0108383,0.0108383,0.0108383,1638503520,2021-12-03T03:52:00
0.0107456,0.0107456,0.0107456,0.0107456,1638503160,2021-12-03T03:46:00
0.0106935,0.0106935,0.0106935,0.0106935,1638503100,2021-12-03T03:45:00
0.0117565,0.0117565,0.0112982,0.0112982,1638502980,2021-12-03T03:43:00
0.0118676,0.0118676,0.0118676,0.0118676,1638502740,2021-12-03T03:39:00
0.0117101,0.0117101,0.0117101,0.0117101,1638502680,2021-12-03T03:38:00
0.011394,0.011394,0.011394,0.011394,1638502620,2021-12-03T03:37:00
0.0110105,0.0110105,0.0110105,0.0110105,1638502140,2021-12-03T03:29:00
0.0112956,0.0112956,0.0112956,0.0112956,1638501120,2021-12-03T03:12:00
0.0108352,0.0108352,0.0108352,0.0108352,1638500820,2021-12-03T03:07:00
0.0104301,0.0104498,0.0104301,0.0104498,1638500700,2021-12-03T03:05:00
0.0106283,0.0106283,0.0106283,0.0106283,1638500400,2021-12-03T03:00:00
0.0105782,0.0105782,0.0105782,0.0105782,1638499620,2021-12-03T02:47:00
0.0111264,0.0111264,0.0111264,0.0111264,1638499380,2021-12-03T02:43:00
0.00976534,0.00976534,0.00976534,0.00976534,1638498840,2021-12-03T02:34:00
0.0100302,0.0100302,0.0100302,0.0100302,1638498720,2021-12-03T02:32:00
0.00907727,0.00907727,0.00907727,0.00907727,1638498660,2021-12-03T02:31:00
0.00807709,0.00807709,0.00807709,0.00807709,1638498600,2021-12-03T02:30:00
0.0078514,0.00799599,0.0078514,0.00799599,1638498540,2021-12-03T02:29:00
0.00776679,0.00776679,0.00776679,0.00776679,1638498120,2021-12-03T02:22:00
0.00938467,0.00938467,0.00938467,0.00938467,1638498000,2021-12-03T02:20:00
0.00991504,0.00991504,0.00991504,0.00991504,1638497760,2021-12-03T02:16:00
0.0103213,0.0103213,0.0103213,0.0103213,1638497640,2021-12-03T02:14:00
0.0100479,0.0100479,0.0100479,0.0100479,1638496920,2021-12-03T02:02:00
0.00928367,0.00928367,0.00928367,0.00928367,1638496800,2021-12-03T02:00:00
0.00913444,0.00913444,0.00913444,0.00913444,1638496680,2021-12-03T01:58:00
0.00886975,0.00886975,0.00886975,0.00886975,1638496620,2021-12-03T01:57:00
0.00866038,0.00866038,0.00839597,0.00839597,1638496560,2021-12-03T01:56:00
0.0095343,0.0095343,0.0095343,0.0095343,1638496080,2021-12-03T01:48:00
0.00985016,0.00985016,0.00985016,0.00985016,1638495720,2021-12-03T01:42:00
0.0103277,0.0103277,0.0103277,0.0103277,1638495120,2021-12-03T01:32:00
0.0102991,0.0102991,0.0102991,0.0102991,1638494940,2021-12-03T01:29:00
0.0104282,0.0104282,0.0104282,0.0104282,1638494760,2021-12-03T01:26:00
0.0100786,0.0100786,0.0100786,0.0100786,1638494040,2021-12-03T01:14:00
0.00947218,0.00947218,0.00947218,0.00947218,1638493680,2021-12-03T01:08:00
0.00982321,0.00982321,0.00982321,0.00982321,1638493260,2021-12-03T01:01:00
0.0101757,0.0101757,0.0101757,0.0101757,1638493140,2021-12-03T00:59:00
0.00990083,0.0102526,0.00990083,0.0102526,1638492660,2021-12-03T00:51:00
0.0081997,0.00913393,0.0081997,0.00913393,1638492600,2021-12-03T00:50:00
0.00747126,0.00747126,0.00747126,0.00747126,1638492480,2021-12-03T00:48:00
0.00904639,0.00926203,0.00823995,0.00823995,1638492360,2021-12-03T00:46:00
0.00982104,0.00982104,0.00982104,0.00982104,1638492300,2021-12-03T00:45:00
0.0106166,0.0106166,0.0106166,0.0106166,1638492120,2021-12-03T00:42:00
0.0106487,0.0106487,0.0106487,0.0106487,1638491580,2021-12-03T00:33:00
0.0108747,0.0108747,0.0108747,0.0108747,1638490920,2021-12-03T00:22:00
0.01115,0.01115,0.01115,0.01115,1638490320,2021-12-03T00:12:00
0.0115474,0.0115474,0.0115474,0.0115474,1638490260,2021-12-03T00:11:00
0.0107887,0.0107887,0.0107887,0.0107887,1638490080,2021-12-03T00:08:00
0.0104552,0.0104552,0.0104552,0.0104552,1638489780,2021-12-03T00:03:00
0.0103259,0.0103259,0.0103259,0.0103259,1638489240,2021-12-02T23:54:00
0.0101096,0.0101096,0.0101096,0.0101096,1638489120,2021-12-02T23:52:00
0.0101578,0.0101578,0.0101578,0.0101578,1638489000,2021-12-02T23:50:00
0.0105296,0.0105296,0.0105296,0.0105296,1638488640,2021-12-02T23:44:00
0.0111523,0.0111523,0.0111523,0.0111523,1638488580,2021-12-02T23:43:00
0.0111526,0.0111526,0.0111526,0.0111526,1638488040,2021-12-02T23:34:00
0.0107388,0.010973,0.0107388,0.010973,1638487920,2021-12-02T23:32:00
0.0103993,0.0103993,0.0103993,0.0103993,1638487860,2021-12-02T23:31:00
0.0102496,0.0102496,0.0102496,0.0102496,1638487800,2021-12-02T23:30:00
0.0109332,0.0109332,0.0109332,0.0109332,1638487740,2021-12-02T23:29:00
0.0110696,0.0110696,0.0110696,0.0110696,1638487680,2021-12-02T23:28:00
0.0111806,0.0111806,0.0111806,0.0111806,1638487320,2021-12-02T23:22:00
0.011585,0.011585,0.011585,0.011585,1638487200,2021-12-02T23:20:00
0.0108907,0.0108907,0.0108907,0.0108907,1638487140,2021-12-02T23:19:00
0.0104566,0.0104566,0.0104566,0.0104566,1638487020,2021-12-02T23:17:00
0.0118705,0.0118705,0.0118705,0.0118705,1638486900,2021-12-02T23:15:00
0.014262,0.014262,0.0139986,0.0139986,1638486720,2021-12-02T23:12:00
0.0142627,0.0142627,0.0142627,0.0142627,1638486660,2021-12-02T23:11:00
0.0157827,0.0157827,0.0152907,0.0152907,1638486600,2021-12-02T23:10:00
0.0151197,0.0151197,0.0151197,0.0151197,1638486540,2021-12-02T23:09:00
0.0111712,0.0138742,0.0111712,0.0138742,1638486420,2021-12-02T23:07:00
0.0104301,0.0104301,0.0104301,0.0104301,1638486360,2021-12-02T23:06:00
0.00992114,0.00992114,0.00992114,0.00992114,1638486300,2021-12-02T23:05:00
0.0106368,0.0106368,0.00992553,0.00992553,1638486240,2021-12-02T23:04:00
0.012054,0.012054,0.012054,0.012054,1638486180,2021-12-02T23:03:00
0.0134968,0.0134968,0.0134968,0.0134968,1638486120,2021-12-02T23:02:00
0.014201,0.014201,0.014201,0.014201,1638486060,2021-12-02T23:01:00
0.014244,0.014244,0.014244,0.014244,1638486000,2021-12-02T23:00:00
0.0140836,0.0140836,0.0140836,0.0140836,1638485820,2021-12-02T22:57:00
0.0141671,0.0141671,0.0141671,0.0141671,1638485700,2021-12-02T22:55:00
0.0132712,0.0132712,0.0132712,0.0132712,1638485640,2021-12-02T22:54:00
0.0128566,0.0128566,0.0128566,0.0128566,1638485580,2021-12-02T22:53:00
0.0127506,0.0127506,0.0127506,0.0127506,1638485340,2021-12-02T22:49:00
0.0134498,0.0138217,0.0122848,0.0122848,1638485280,2021-12-02T22:48:00
0.013365,0.013365,0.013365,0.013365,1638485220,2021-12-02T22:47:00
0.0116707,0.0128708,0.0116707,0.0128708,1638484980,2021-12-02T22:43:00
0.0113569,0.0113569,0.0113569,0.0113569,1638484920,2021-12-02T22:42:00
0.011974,0.0119896,0.011974,0.0119896,1638484800,2021-12-02T22:40:00
0.0128079,0.0128079,0.0116177,0.0116177,1638484740,2021-12-02T22:39:00
0.0116443,0.0131593,0.0116443,0.0131593,1638484680,2021-12-02T22:38:00
0.0134731,0.0134731,0.0106777,0.0106777,1638484620,2021-12-02T22:37:00
0.0115944,0.0115944,0.0111128,0.0111128,1638484560,2021-12-02T22:36:00
0.0119052,0.0119052,0.0119052,0.0119052,1638484500,2021-12-02T22:35:00
0.012351,0.012351,0.012351,0.012351,1638484440,2021-12-02T22:34:00
0.0152513,0.0152513,0.0152513,0.0152513,1638484320,2021-12-02T22:32:00
0.0178374,0.0178374,0.0149761,0.0149761,1638484260,2021-12-02T22:31:00
0.0191182,0.0191182,0.0180175,0.0180175,1638484200,2021-12-02T22:30:00
0.0186974,0.0186974,0.0186974,0.0186974,1638484140,2021-12-02T22:29:00
0.0186312,0.0186312,0.0186312,0.0186312,1638484080,2021-12-02T22:28:00
0.0186138,0.0186138,0.0186138,0.0186138,1638484020,2021-12-02T22:27:00
0.0163887,0.0163887,0.0163887,0.0163887,1638483840,2021-12-02T22:24:00
0.015055,0.015055,0.015055,0.015055,1638483540,2021-12-02T22:19:00
0.0160187,0.0160187,0.0160187,0.0160187,1638483360,2021-12-02T22:16:00
0.0163964,0.0168739,0.0163964,0.0168739,1638483240,2021-12-02T22:14:00
0.0176333,0.0176333,0.0176333,0.0176333,1638483060,2021-12-02T22:11:00
0.0142702,0.0142702,0.0142702,0.0142702,1638482820,2021-12-02T22:07:00
0.0133993,0.0133993,0.0133993,0.0133993,1638482700,2021-12-02T22:05:00
0.0147307,0.0147307,0.0135671,0.0135671,1638482580,2021-12-02T22:03:00
0.0156471,0.0156471,0.0156471,0.0156471,1638482520,2021-12-02T22:02:00
0.0156117,0.0156117,0.0156117,0.0156117,1638482460,2021-12-02T22:01:00
0.015499,0.015499,0.015499,0.015499,1638482220,2021-12-02T21:57:00
0.015844,0.015844,0.015844,0.015844,1638482040,2021-12-02T21:54:00
0.0171341,0.0171341,0.0171341,0.0171341,1638481860,2021-12-02T21:51:00
0.0164113,0.0171537,0.0164113,0.0171537,1638481740,2021-12-02T21:49:00
0.0157034,0.0157034,0.0157034,0.0157034,1638481680,2021-12-02T21:48:00
0.0154058,0.0154058,0.0154058,0.0154058,1638481620,2021-12-02T21:47:00
0.0156851,0.0156851,0.0156851,0.0156851,1638481560,2021-12-02T21:46:00
0.0169341,0.0169341,0.0169341,0.0169341,1638481500,2021-12-02T21:45:00
0.0156597,0.0156597,0.0156597,0.0156597,1638481380,2021-12-02T21:43:00
0.0146325,0.0146325,0.0146325,0.0146325,1638481320,2021-12-02T21:42:00
0.014232,0.014232,0.014232,0.014232,1638481200,2021-12-02T21:40:00
0.0140775,0.0140775,0.0140775,0.0140775,1638480840,2021-12-02T21:34:00
0.0133586,0.0133586,0.0133586,0.0133586,1638480780,2021-12-02T21:33:00
0.0145107,0.0145107,0.0145107,0.0145107,1638480720,2021-12-02T21:32:00
0.0174218,0.0174218,0.0174218,0.0174218,1638480600,2021-12-02T21:30:00
0.0172968,0.0172968,0.0172968,0.0172968,1638480480,2021-12-02T21:28:00
0.0145918,0.0145918,0.0145918,0.0145918,1638480420,2021-12-02T21:27:00
0.0128543,0.0128543,0.0128543,0.0128543,1638480300,2021-12-02T21:25:00
0.0116975,0.0120176,0.0116975,0.0120176,1638480240,2021-12-02T21:24:00
0.0126028,0.0126028,0.011778,0.011778,1638480180,2021-12-02T21:23:00
0.015189,0.015189,0.0143857,0.0143857,1638480120,2021-12-02T21:22:00
0.0153573,0.0153573,0.0153573,0.0153573,1638480060,2021-12-02T21:21:00
0.0148133,0.0148133,0.0148133,0.0148133,1638480000,2021-12-02T21:20:00
0.0140959,0.0140959,0.0140959,0.0140959,1638479940,2021-12-02T21:19:00
0.0178267,0.0178267,0.015087,0.015087,1638479820,2021-12-02T21:17:00
0.0142303,0.0142303,0.0142303,0.0142303,1638479700,2021-12-02T21:15:00
0.0151335,0.0151335,0.0151335,0.0151335,1638479640,2021-12-02T21:14:00
0.0176212,0.0176212,0.0176212,0.0176212,1638479520,2021-12-02T21:12:00
0.0183954,0.0184526,0.0183954,0.0184526,1638479340,2021-12-02T21:09:00
0.0193681,0.0193681,0.0193681,0.0193681,1638479160,2021-12-02T21:06:00
0.0184169,0.0184169,0.0184169,0.0184169,1638479100,2021-12-02T21:05:00
0.0181285,0.0181285,0.0172564,0.0172564,1638478800,2021-12-02T21:00:00
0.0211702,0.0211702,0.018518,0.018518,1638478320,2021-12-02T20:52:00
0.0184117,0.0184117,0.0184117,0.0184117,1638478260,2021-12-02T20:51:00
0.0169111,0.0169111,0.0169111,0.0169111,1638478140,2021-12-02T20:49:00
0.0143122,0.0143122,0.0143122,0.0143122,1638477780,2021-12-02T20:43:00
0.0142578,0.0142578,0.0142578,0.0142578,1638477420,2021-12-02T20:37:00
0.0147246,0.0147246,0.0147246,0.0147246,1638477360,2021-12-02T20:36:00
0.0148782,0.0148782,0.0148782,0.0148782,1638477120,2021-12-02T20:32:00
0.0151404,0.0153559,0.0151404,0.0153559,1638477060,2021-12-02T20:31:00
0.0132276,0.013575,0.0131158,0.013575,1638476820,2021-12-02T20:27:00
0.014329,0.014329,0.014329,0.014329,1638476640,2021-12-02T20:24:00
0.015695,0.015695,0.015695,0.015695,1638476220,2021-12-02T20:17:00
0.01614,0.01614,0.01614,0.01614,1638475920,2021-12-02T20:12:00
0.0173238,0.0173238,0.0173238,0.0173238,1638475860,2021-12-02T20:11:00
0.0177422,0.019035,0.0177422,0.019035,1638475740,2021-12-02T20:09:00
0.0181802,0.0181802,0.0181802,0.0181802,1638475680,2021-12-02T20:08:00
0.0182153,0.0182153,0.0182153,0.0182153,1638475620,2021-12-02T20:07:00
0.0179584,0.0190458,0.0179584,0.0190458,1638475500,2021-12-02T20:05:00
0.0157391,0.0157391,0.0157391,0.0157391,1638475200,2021-12-02T20:00:00
0.015049,0.015049,0.015049,0.015049,1638474900,2021-12-02T19:55:00
0.0152302,0.0152302,0.0152302,0.0152302,1638474720,2021-12-02T19:52:00
0.0156332,0.0156332,0.0156332,0.0156332,1638474660,2021-12-02T19:51:00
0.0158981,0.0158981,0.0158981,0.0158981,1638474240,2021-12-02T19:44:00
0.0156967,0.0156967,0.0156967,0.0156967,1638474060,2021-12-02T19:41:00
0.0144931,0.0144931,0.0144931,0.0144931,1638474000,2021-12-02T19:40:00
0.0133952,0.0133952,0.0133952,0.0133952,1638473940,2021-12-02T19:39:00
0.013958,0.013958,0.013958,0.013958,1638473820,2021-12-02T19:37:00
0.015462,0.015462,0.0152692,0.0152692,1638473700,2021-12-02T19:35:00
0.0161863,0.0161863,0.0161863,0.0161863,1638473640,2021-12-02T19:34:00
0.016754,0.016754,0.016754,0.016754,1638473460,2021-12-02T19:31:00
0.0135665,0.0135665,0.0135665,0.0135665,1638473220,2021-12-02T19:27:00
0.0136668,0.0136668,0.0136668,0.0136668,1638473160,2021-12-02T19:26:00
0.0130963,0.0130963,0.0130963,0.0130963,1638473100,2021-12-02T19:25:00
0.0112006,0.0119165,0.0112006,0.0119165,1638472860,2021-12-02T19:21:00
0.0122768,0.0122768,0.0122768,0.0122768,1638472800,2021-12-02T19:20:00
0.0153577,0.0153577,0.0153577,0.0153577,1638472560,2021-12-02T19:16:00
0.0155032,0.0155032,0.0155032,0.0155032,1638472440,2021-12-02T19:14:00
0.0160997,0.0160997,0.0160997,0.0160997,1638472380,2021-12-02T19:13:00
0.0146991,0.0146991,0.0146991,0.0146991,1638472200,2021-12-02T19:10:00
0.0158031,0.0158031,0.0142152,0.0142152,1638472140,2021-12-02T19:09:00
0.0183102,0.0183102,0.0183102,0.0183102,1638471960,2021-12-02T19:06:00
0.0152082,0.0165737,0.0152082,0.0165737,1638471660,2021-12-02T19:01:00
0.0153931,0.0153931,0.0153931,0.0153931,1638471540,2021-12-02T18:59:00
0.0149058,0.0154001,0.0149058,0.0154001,1638471420,2021-12-02T18:57:00
0.0160507,0.0160507,0.0149554,0.0149554,1638471180,2021-12-02T18:53:00
0.0166765,0.0166765,0.0166765,0.0166765,1638471120,2021-12-02T18:52:00
0.0165874,0.0165874,0.0165874,0.0165874,1638470160,2021-12-02T18:36:00
0.01633,0.01633,0.01633,0.01633,1638470100,2021-12-02T18:35:00
0.0167453,0.0167453,0.0167453,0.0167453,1638469980,2021-12-02T18:33:00
0.0170705,0.0170705,0.0170705,0.0170705,1638469860,2021-12-02T18:31:00
0.0171791,0.0171791,0.0171433,0.0171433,1638469680,2021-12-02T18:28:00
0.0190295,0.0190295,0.0190295,0.0190295,1638469620,2021-12-02T18:27:00
0.0155742,0.0155742,0.0155742,0.0155742,1638469560,2021-12-02T18:26:00
0.015394,0.015394,0.015394,0.015394,1638469440,2021-12-02T18:24:00
0.0208468,0.0208468,0.0169964,0.0169964,1638469020,2021-12-02T18:17:00
0.021326,0.021326,0.021326,0.021326,1638468900,2021-12-02T18:15:00
0.0170861,0.0170861,0.0170861,0.0170861,1638468720,2021-12-02T18:12:00
0.0159473,0.0159473,0.0159473,0.0159473,1638468600,2021-12-02T18:10:00
0.0147277,0.0148297,0.0147277,0.0148297,1638468120,2021-12-02T18:02:00
0.0144277,0.0144277,0.0144277,0.0144277,1638467940,2021-12-02T17:59:00
0.0146348,0.0146348,0.0146348,0.0146348,1638467820,2021-12-02T17:57:00
0.0149083,0.0149083,0.0149083,0.0149083,1638467640,2021-12-02T17:54:00
0.0150165,0.0150165,0.0150165,0.0150165,1638467520,2021-12-02T17:52:00
0.0159177,0.0159177,0.0159177,0.0159177,1638467460,2021-12-02T17:51:00
0.0178541,0.0178541,0.0162953,0.0162953,1638467400,2021-12-02T17:50:00
0.0184464,0.0184464,0.0184464,0.0184464,1638467340,2021-12-02T17:49:00
0.014946,0.014946,0.014946,0.014946,1638467280,2021-12-02T17:48:00
0.0139073,0.0139073,0.0139073,0.0139073,1638467220,2021-12-02T17:47:00
0.014406,0.014406,0.014406,0.014406,1638467160,2021-12-02T17:46:00
0.0143252,0.0143252,0.0143252,0.0143252,1638467100,2021-12-02T17:45:00
0.0158484,0.0158484,0.0158484,0.0158484,1638466980,2021-12-02T17:43:00
0.0140537,0.0140537,0.0140537,0.0140537,1638466800,2021-12-02T17:40:00
0.0128289,0.0128289,0.0128289,0.0128289,1638466560,2021-12-02T17:36:00
0.0129216,0.0129216,0.0129216,0.0129216,1638466440,2021-12-02T17:34:00
0.0131041,0.0131545,0.0131041,0.0131545,1638466200,2021-12-02T17:30:00
0.0133092,0.0133092,0.0133092,0.0133092,1638466140,2021-12-02T17:29:00
0.0127947,0.0127947,0.0127947,0.0127947,1638466020,2021-12-02T17:27:00
0.0125877,0.0125877,0.0125877,0.0125877,1638465960,2021-12-02T17:26:00
0.0123967,0.0123967,0.0123967,0.0123967,1638465900,2021-12-02T17:25:00
0.0122547,0.0122547,0.0122547,0.0122547,1638465840,2021-12-02T17:24:00
0.012419,0.012419,0.0120184,0.0120184,1638465720,2021-12-02T17:22:00
0.0129813,0.0129813,0.0127775,0.0127775,1638465660,2021-12-02T17:21:00
0.0142384,0.0142384,0.0142384,0.0142384,1638465480,2021-12-02T17:18:00
0.0167256,0.0167256,0.0153624,0.0153624,1638465360,2021-12-02T17:16:00
0.016973,0.016973,0.016973,0.016973,1638465240,2021-12-02T17:14:00
0.0181131,0.0181131,0.0181131,0.0181131,1638465180,2021-12-02T17:13:00
0.0191374,0.0191374,0.0191374,0.0191374,1638465120,2021-12-02T17:12:00
0.01932,0.01932,0.01932,0.01932,1638465060,2021-12-02T17:11:00
0.0181021,0.0181021,0.0181021,0.0181021,1638465000,2021-12-02T17:10:00
0.016826,0.0173995,0.016826,0.0173995,1638464940,2021-12-02T17:09:00
0.0160767,0.0160767,0.0160767,0.0160767,1638464880,2021-12-02T17:08:00
0.0165204,0.0165204,0.0154694,0.0155499,1638464820,2021-12-02T17:07:00
0.0184531,0.0189064,0.018093,0.018093,1638464760,2021-12-02T17:06:00
0.0183675,0.0183675,0.0183675,0.0183675,1638464700,2021-12-02T17:05:00
0.0190503,0.0190503,0.0190503,0.0190503,1638464640,2021-12-02T17:04:00
0.0187357,0.0193741,0.0187357,0.0193741,1638464580,2021-12-02T17:03:00
0.0178007,0.0178007,0.0178007,0.0178007,1638464520,2021-12-02T17:02:00
0.0177693,0.0177693,0.0177693,0.0177693,1638464460,2021-12-02T17:01:00
0.0152013,0.0161629,0.0152013,0.0161629,1638464400,2021-12-02T17:00:00
0.0157036,0.0157036,0.0155375,0.0155375,1638464340,2021-12-02T16:59:00
0.0163694,0.0163694,0.0160177,0.0160177,1638464280,2021-12-02T16:58:00
0.0158878,0.0158878,0.0158878,0.0158878,1638464220,2021-12-02T16:57:00
0.0182285,0.0182285,0.0182285,0.0182285,1638464160,2021-12-02T16:56:00
0.0174336,0.0180017,0.0174336,0.0180017,1638464100,2021-12-02T16:55:00
0.0164729,0.0169609,0.0164729,0.0169609,1638464040,2021-12-02T16:54:00
0.018394,0.018394,0.018394,0.018394,1638463980,2021-12-02T16:53:00
0.0198411,0.0198411,0.0198411,0.0198411,1638463920,2021-12-02T16:52:00
0.021745,0.021745,0.021745,0.021745,1638463860,2021-12-02T16:51:00
0.0209256,0.0219115,0.0209256,0.0219115,1638463800,2021-12-02T16:50:00
0.0205043,0.0205043,0.0205043,0.0205043,1638463740,2021-12-02T16:49:00
0.0192612,0.0192612,0.0192612,0.0192612,1638463680,2021-12-02T16:48:00
0.017344,0.017344,0.017344,0.017344,1638463620,2021-12-02T16:47:00
0.0145618,0.0155759,0.0145618,0.0155759,1638463560,2021-12-02T16:46:00
0.01919,0.01919,0.0162009,0.0162009,1638463500,2021-12-02T16:45:00
0.0189664,0.0189664,0.0183741,0.0183741,1638463440,2021-12-02T16:44:00
0.0197123,0.0197123,0.0182181,0.0182181,1638463380,2021-12-02T16:43:00
0.0187667,0.0187667,0.0187667,0.0187667,1638463320,2021-12-02T16:42:00
0.018227,0.018227,0.018227,0.018227,1638463260,2021-12-02T16:41:00
0.0174612,0.0174612,0.0174612,0.0174612,1638463200,2021-12-02T16:40:00
0.0180291,0.0182644,0.0180291,0.0182644,1638463140,2021-12-02T16:39:00
0.0168375,0.0172528,0.0168375,0.0172528,1638463080,2021-12-02T16:38:00
0.0187577,0.0206013,0.0184881,0.0184881,1638463020,2021-12-02T16:37:00
0.0182518,0.0182518,0.0181421,0.0181421,1638462960,2021-12-02T16:36:00
0.0205793,0.0205793,0.0172606,0.0172606,1638462900,2021-12-02T16:35:00
0.0222608,0.0222608,0.0222608,0.0222608,1638462840,2021-12-02T16:34:00
0.0230393,0.0239039,0.0195955,0.0239039,1638462780,2021-12-02T16:33:00
0.0220864,0.0220864,0.0220864,0.0220864,1638462720,2021-12-02T16:32:00
0.0240013,0.0240013,0.0233054,0.0233054,1638462660,2021-12-02T16:31:00
0.0192935,0.0244046,0.0192935,0.0238212,1638462600,2021-12-02T16:30:00
0.0185745,0.020205,0.0185745,0.020205,1638462540,2021-12-02T16:29:00
0.0179251,0.0180946,0.0179251,0.0180946,1638462480,2021-12-02T16:28:00
0.018053,0.0217392,0.0174359,0.0174359,1638462420,2021-12-02T16:27:00
0.0213784,0.0227306,0.0213784,0.0227306,1638462360,2021-12-02T16:26:00
0.0147557,0.0212378,0.0147557,0.0212378,1638462300,2021-12-02T16:25:00
0.01752,0.0180698,0.0146292,0.0146292,1638462240,2021-12-02T16:24:00
0.0208404,0.0208404,0.0149034,0.0162892,1638462180,2021-12-02T16:23:00
0.0159893,0.0165266,0.0159893,0.0165266,1638462120,2021-12-02T16:22:00
0.0238558,0.0238558,0.0180463,0.0180463,1638462060,2021-12-02T16:21:00
0.0169,0.0200171,0.0169,0.0184394,1638462000,2021-12-02T16:20:00
0.0141995,0.0141995,0.0141995,0.0141995,1638461940,2021-12-02T16:19:00
0.0132182,0.0134399,0.0132182,0.0134399,1638461880,2021-12-02T16:18:00
0.0183722,0.0183722,0.0175881,0.0175881,1638461820,2021-12-02T16:17:00
0.0228093,0.0228227,0.0228093,0.0228227,1638461760,2021-12-02T16:16:00
0.023849,0.023849,0.0219135,0.0221047,1638461700,2021-12-02T16:15:00
0.0312272,0.0312272,0.0270969,0.0270969,1638461640,2021-12-02T16:14:00
0.0234735,0.0234735,0.0234735,0.0234735,1638461580,2021-12-02T16:13:00
0.0176313,0.0193458,0.0176313,0.0193458,1638461520,2021-12-02T16:12:00
0.0174242,0.0174242,0.0174242,0.0174242,1638461460,2021-12-02T16:11:00
0.0162348,0.017093,0.0162348,0.017093,1638461400,2021-12-02T16:10:00
0.0158895,0.0158895,0.0158895,0.0158895,1638461280,2021-12-02T16:08:00
0.0189348,0.0189348,0.0174331,0.0174331,1638461220,2021-12-02T16:07:00
0.0188326,0.0188326,0.0188326,0.0188326,1638460980,2021-12-02T16:03:00
0.0190244,0.0190244,0.0190244,0.0190244,1638460860,2021-12-02T16:01:00
0.0162855,0.0162855,0.0162855,0.0162855,1638460800,2021-12-02T16:00:00
0.0177172,0.0177172,0.0158911,0.0158911,1638460740,2021-12-02T15:59:00
0.0181545,0.0181545,0.0181545,0.0181545,1638460560,2021-12-02T15:56:00
0.0177612,0.0177612,0.0177612,0.0177612,1638460440,2021-12-02T15:54:00
0.019572,0.019572,0.0189118,0.0189118,1638460380,2021-12-02T15:53:00
0.018928,0.0193215,0.0187608,0.0193215,1638460320,2021-12-02T15:52:00
0.0192408,0.0192408,0.0192408,0.0192408,1638460260,2021-12-02T15:51:00
0.0164756,0.0164756,0.0164756,0.0164756,1638459960,2021-12-02T15:46:00
0.0143786,0.0143786,0.0143786,0.0143786,1638459840,2021-12-02T15:44:00
0.0168896,0.0168896,0.0168896,0.0168896,1638459300,2021-12-02T15:35:00
0.0173335,0.017734,0.0173335,0.017734,1638459000,2021-12-02T15:30:00
0.0174169,0.0174169,0.0174169,0.0174169,1638458640,2021-12-02T15:24:00
0.01646,0.01646,0.01646,0.01646,1638458400,2021-12-02T15:20:00
0.0156724,0.0156724,0.0156724,0.0156724,1638458100,2021-12-02T15:15:00
0.015885,0.015885,0.015885,0.015885,1638457920,2021-12-02T15:12:00
0.0164305,0.0164305,0.0164305,0.0164305,1638457860,2021-12-02T15:11:00
0.0152831,0.0152831,0.0152831,0.0152831,1638457560,2021-12-02T15:06:00
0.0159172,0.0159172,0.0159172,0.0159172,1638457440,2021-12-02T15:04:00
0.0159723,0.0159723,0.0159723,0.0159723,1638457380,2021-12-02T15:03:00
0.0147299,0.0147299,0.0147299,0.0147299,1638457020,2021-12-02T14:57:00
0.0163501,0.0163501,0.0163501,0.0163501,1638456840,2021-12-02T14:54:00
0.0164223,0.017995,0.0164223,0.017995,1638456780,2021-12-02T14:53:00
0.0151827,0.0151827,0.0151827,0.0151827,1638456540,2021-12-02T14:49:00
0.0160841,0.0160841,0.0160841,0.0160841,1638456420,2021-12-02T14:47:00
0.0184188,0.0184188,0.0184188,0.0184188,1638456240,2021-12-02T14:44:00
0.0199955,0.0216299,0.0199955,0.0216299,1638456180,2021-12-02T14:43:00
0.0159426,0.0159426,0.0159426,0.0159426,1638455940,2021-12-02T14:39:00
0.0144835,0.0144835,0.0144835,0.0144835,1638455820,2021-12-02T14:37:00
0.0152091,0.0152091,0.0152091,0.0152091,1638455760,2021-12-02T14:36:00
0.0158048,0.0158048,0.0158048,0.0158048,1638455640,2021-12-02T14:34:00
0.016257,0.016257,0.0157536,0.0157536,1638455580,2021-12-02T14:33:00
0.0158904,0.0158904,0.0158904,0.0158904,1638455520,2021-12-02T14:32:00
0.0165987,0.0165987,0.0165319,0.0165319,1638455160,2021-12-02T14:26:00
0.0150677,0.0150677,0.0150677,0.0150677,1638454800,2021-12-02T14:20:00
0.0151536,0.0151536,0.0151536,0.0151536,1638454140,2021-12-02T14:09:00
0.0138802,0.0138802,0.0138802,0.0138802,1638454020,2021-12-02T14:07:00
0.0144136,0.0144136,0.0144136,0.0144136,1638453180,2021-12-02T13:53:00
0.013781,0.013781,0.013781,0.013781,1638453060,2021-12-02T13:51:00
0.0140791,0.0140791,0.0140791,0.0140791,1638452940,2021-12-02T13:49:00
0.0132676,0.0132676,0.0132676,0.0132676,1638452700,2021-12-02T13:45:00
0.0130848,0.0130848,0.0130848,0.0130848,1638452640,2021-12-02T13:44:00
0.0138926,0.0138926,0.0138926,0.0138926,1638452280,2021-12-02T13:38:00
0.0140455,0.0140455,0.0140455,0.0140455,1638452160,2021-12-02T13:36:00
0.0136754,0.0136754,0.0136754,0.0136754,1638452100,2021-12-02T13:35:00
0.0130851,0.0130851,0.0130851,0.0130851,1638451560,2021-12-02T13:26:00
0.0132153,0.0132153,0.0132153,0.0132153,1638451440,2021-12-02T13:24:00
0.0139852,0.0139852,0.0139852,0.0139852,1638451380,2021-12-02T13:23:00
0.0144763,0.0144763,0.0144763,0.0144763,1638451020,2021-12-02T13:17:00
0.0152768,0.0152768,0.0152768,0.0152768,1638450840,2021-12-02T13:14:00
0.0143588,0.0143588,0.0143588,0.0143588,1638450720,2021-12-02T13:12:00
0.0134358,0.0134358,0.0134358,0.0134358,1638450540,2021-12-02T13:09:00
0.0130266,0.0130266,0.0130266,0.0130266,1638450180,2021-12-02T13:03:00
0.0129867,0.0129867,0.0129867,0.0129867,1638450060,2021-12-02T13:01:00
0.0127955,0.0127955,0.0127955,0.0127955,1638449820,2021-12-02T12:57:00
0.0125056,0.0125056,0.0125056,0.0125056,1638449640,2021-12-02T12:54:00
0.0126719,0.0126719,0.0126719,0.0126719,1638449220,2021-12-02T12:47:00
0.0126282,0.0126282,0.0126282,0.0126282,1638449100,2021-12-02T12:45:00
0.0128121,0.0128121,0.0128121,0.0128121,1638448860,2021-12-02T12:41:00
0.0131169,0.0131169,0.0131169,0.0131169,1638448620,2021-12-02T12:37:00
0.0141676,0.0141676,0.0141676,0.0141676,1638448500,2021-12-02T12:35:00
0.0150887,0.0150887,0.0150887,0.0150887,1638448380,2021-12-02T12:33:00
0.0157908,0.0157908,0.0157908,0.0157908,1638448020,2021-12-02T12:27:00
0.0151145,0.0151145,0.0151145,0.0151145,1638447900,2021-12-02T12:25:00
0.0141661,0.0141661,0.0141661,0.0141661,1638447840,2021-12-02T12:24:00
0.01394,0.01394,0.01394,0.01394,1638447780,2021-12-02T12:23:00
0.0138161,0.0138161,0.0138161,0.0138161,1638447180,2021-12-02T12:13:00
0.013209,0.013209,0.013209,0.013209,1638447000,2021-12-02T12:10:00
0.0134539,0.0134539,0.0134539,0.0134539,1638446940,2021-12-02T12:09:00
0.0138226,0.0138226,0.0138226,0.0138226,1638446340,2021-12-02T11:59:00
0.013516,0.013516,0.013516,0.013516,1638446220,2021-12-02T11:57:00
0.0106085,0.012038,0.0106085,0.012038,1638446040,2021-12-02T11:54:00
0.0120585,0.0120585,0.0120585,0.0120585,1638445800,2021-12-02T11:50:00
0.0139872,0.0139872,0.0139872,0.0139872,1638445740,2021-12-02T11:49:00
0.0147593,0.0147593,0.0147593,0.0147593,1638445680,2021-12-02T11:48:00
0.0155382,0.0155382,0.0155382,0.0155382,1638445620,2021-12-02T11:47:00
0.0160196,0.0160196,0.0160196,0.0160196,1638445560,2021-12-02T11:46:00
0.0156956,0.0156956,0.0156956,0.0156956,1638445500,2021-12-02T11:45:00
0.0169569,0.0169569,0.0144586,0.0152749,1638445380,2021-12-02T11:43:00
0.0158324,0.0170763,0.0158324,0.0170763,1638445320,2021-12-02T11:42:00
0.0156449,0.0156449,0.0156449,0.0156449,1638445260,2021-12-02T11:41:00
0.0172703,0.0180857,0.0172703,0.0176902,1638445200,2021-12-02T11:40:00
0.0167836,0.0167836,0.0167836,0.0167836,1638445140,2021-12-02T11:39:00
0.0161202,0.0161202,0.0161202,0.0161202,1638445080,2021-12-02T11:38:00
0.0183706,0.0183706,0.0161994,0.0161994,1638445020,2021-12-02T11:37:00
0.0180964,0.0180964,0.0180964,0.0180964,1638444960,2021-12-02T11:36:00
0.0190195,0.0190195,0.0190195,0.0190195,1638444900,2021-12-02T11:35:00
0.0173941,0.0173941,0.0168041,0.0168041,1638444840,2021-12-02T11:34:00
0.0183995,0.0183995,0.0183474,0.0183474,1638444780,2021-12-02T11:33:00
0.0177293,0.0177293,0.0177293,0.0177293,1638444660,2021-12-02T11:31:00
0.0177646,0.0177646,0.0177646,0.0177646,1638444600,2021-12-02T11:30:00
0.0176663,0.0176663,0.016765,0.016765,1638444540,2021-12-02T11:29:00
0.0164241,0.0164241,0.0164241,0.0164241,1638444480,2021-12-02T11:28:00
0.0192439,0.0192439,0.0192439,0.0192439,1638444420,2021-12-02T11:27:00
0.0194167,0.02066,0.0194167,0.02066,1638444300,2021-12-02T11:25:00
0.0185252,0.0193173,0.0185252,0.0193173,1638444240,2021-12-02T11:24:00
0.0184326,0.0184326,0.0173886,0.0181025,1638444120,2021-12-02T11:22:00
0.0188005,0.0198536,0.0188005,0.0198536,1638444060,2021-12-02T11:21:00
0.0181925,0.020044,0.0181925,0.020044,1638444000,2021-12-02T11:20:00
0.0152457,0.0152457,0.0152457,0.0152457,1638443940,2021-12-02T11:19:00
0.0144263,0.0144263,0.0144263,0.0144263,1638443880,2021-12-02T11:18:00
0.0166994,0.0169294,0.0147054,0.0147054,1638443820,2021-12-02T11:17:00
0.0157217,0.0161229,0.0157217,0.0161229,1638443760,2021-12-02T11:16:00
0.0160511,0.0160511,0.0160511,0.0160511,1638443700,2021-12-02T11:15:00
0.0164646,0.0166274,0.0164646,0.0166274,1638443640,2021-12-02T11:14:00
0.0159891,0.0164633,0.015877,0.0164633,1638443580,2021-12-02T11:13:00
0.0164081,0.0164081,0.0164081,0.0164081,1638443520,2021-12-02T11:12:00
0.018278,0.018278,0.0171269,0.0171269,1638443460,2021-12-02T11:11:00
0.0194497,0.0194497,0.0188604,0.0188604,1638443400,2021-12-02T11:10:00
0.0177026,0.0177026,0.0177026,0.0177026,1638443340,2021-12-02T11:09:00
0.0169005,0.0169005,0.0168494,0.0168494,1638443280,2021-12-02T11:08:00
0.016142,0.0166408,0.016142,0.0166408,1638443220,2021-12-02T11:07:00
0.0160536,0.0160536,0.0160536,0.0160536,1638443160,2021-12-02T11:06:00
0.0156572,0.0156572,0.0156572,0.0156572,1638443100,2021-12-02T11:05:00
0.0158536,0.0158536,0.014681,0.0155144,1638443040,2021-12-02T11:04:00
0.0155841,0.0155841,0.0154248,0.0154248,1638442980,2021-12-02T11:03:00
0.0157247,0.0162875,0.015719,0.0162875,1638442920,2021-12-02T11:02:00
0.0149088,0.0181992,0.0145418,0.0167761,1638442860,2021-12-02T11:01:00
0.0143906,0.0156291,0.0143906,0.0156291,1638442800,2021-12-02T11:00:00
0.0149001,0.0149001,0.0142601,0.0142601,1638442740,2021-12-02T10:59:00
0.0185089,0.0185089,0.0158931,0.0158931,1638442680,2021-12-02T10:58:00
0.0194653,0.0194653,0.0194653,0.0194653,1638442620,2021-12-02T10:57:00
0.0165366,0.019283,0.0165366,0.019283,1638442560,2021-12-02T10:56:00
0.019186,0.019186,0.018052,0.018052,1638442500,2021-12-02T10:55:00
0.0191545,0.0191545,0.0191545,0.0191545,1638442440,2021-12-02T10:54:00
0.0177864,0.0177864,0.0177864,0.0177864,1638442380,2021-12-02T10:53:00
0.0162117,0.0162117,0.0162117,0.0162117,1638442260,2021-12-02T10:51:00
0.0148385,0.0148385,0.0148385,0.0148385,1638442200,2021-12-02T10:50:00
0.0142762,0.0142762,0.0142762,0.0142762,1638442140,2021-12-02T10:49:00
0.0143361,0.0143361,0.0142213,0.0142213,1638442080,2021-12-02T10:48:00
0.0151027,0.0151027,0.014381,0.014381,1638442020,2021-12-02T10:47:00
0.0147375,0.0147375,0.0147375,0.0147375,1638441840,2021-12-02T10:44:00
0.0139125,0.0139125,0.0139125,0.0139125,1638441540,2021-12-02T10:39:00
0.0145468,0.0145468,0.0145468,0.0145468,1638441480,2021-12-02T10:38:00
0.0160665,0.0160665,0.0152819,0.0152819,1638441240,2021-12-02T10:34:00
0.0172072,0.0172072,0.0162892,0.0162892,1638441120,2021-12-02T10:32:00
0.0163621,0.0175028,0.0163621,0.0175028,1638440940,2021-12-02T10:29:00
0.0144061,0.0144061,0.0144061,0.0144061,1638440880,2021-12-02T10:28:00
0.0145794,0.0145794,0.0145794,0.0145794,1638440820,2021-12-02T10:27:00
0.0156404,0.0156404,0.0156404,0.0156404,1638440760,2021-12-02T10:26:00
0.0153576,0.0153576,0.0153576,0.0153576,1638440640,2021-12-02T10:24:00
0.0135191,0.0144666,0.0135191,0.0144666,1638440400,2021-12-02T10:20:00
0.014991,0.014991,0.014991,0.014991,1638440280,2021-12-02T10:18:00
0.0169223,0.0169223,0.0169223,0.0169223,1638440160,2021-12-02T10:16:00
0.014819,0.0167981,0.014819,0.0167981,1638440100,2021-12-02T10:15:00
0.0122635,0.0129785,0.0122635,0.0129785,1638440040,2021-12-02T10:14:00
0.0124297,0.0124297,0.0124297,0.0124297,1638439980,2021-12-02T10:13:00
0.0152361,0.0152361,0.0152361,0.0152361,1638439920,2021-12-02T10:12:00
0.0166006,0.0166006,0.0166006,0.0166006,1638439860,2021-12-02T10:11:00
0.0151539,0.0151539,0.0151539,0.0151539,1638439320,2021-12-02T10:02:00
0.0146415,0.0146415,0.0146415,0.0146415,1638439260,2021-12-02T10:01:00
0.014025,0.014025,0.014025,0.014025,1638439200,2021-12-02T10:00:00
0.0144649,0.0144649,0.0144649,0.0144649,1638439140,2021-12-02T09:59:00
0.0151946,0.0151946,0.0151946,0.0151946,1638439020,2021-12-02T09:57:00
0.01539,0.01539,0.01539,0.01539,1638438900,2021-12-02T09:55:00
0.015215,0.015215,0.015215,0.015215,1638438780,2021-12-02T09:53:00
0.0148367,0.0148367,0.0148367,0.0148367,1638438660,2021-12-02T09:51:00
0.0134126,0.0139848,0.0134126,0.0139848,1638438600,2021-12-02T09:50:00
0.0135815,0.0135815,0.0135815,0.0135815,1638438420,2021-12-02T09:47:00
0.0134552,0.0134552,0.0134552,0.0134552,1638438180,2021-12-02T09:43:00
0.0125777,0.0134042,0.0125583,0.0134042,1638437820,2021-12-02T09:37:00
0.0138562,0.0138562,0.0138562,0.0138562,1638437700,2021-12-02T09:35:00
0.0142328,0.0142328,0.0142328,0.0142328,1638437640,2021-12-02T09:34:00
0.0139497,0.0139497,0.0139497,0.0139497,1638437580,2021-12-02T09:33:00
0.0135298,0.0141488,0.0135298,0.0141488,1638437460,2021-12-02T09:31:00
0.0131028,0.0131028,0.0131028,0.0131028,1638437340,2021-12-02T09:29:00
0.0124435,0.0124435,0.0124435,0.0124435,1638437280,2021-12-02T09:28:00
0.0143415,0.0143415,0.0122237,0.0122237,1638437220,2021-12-02T09:27:00
0.0142292,0.0142292,0.0142292,0.0142292,1638437100,2021-12-02T09:25:00
0.0153066,0.0153066,0.014488,0.014488,1638436920,2021-12-02T09:22:00
0.0154426,0.0154426,0.0154426,0.0154426,1638436800,2021-12-02T09:20:00
0.0149614,0.0149614,0.0149614,0.0149614,1638436740,2021-12-02T09:19:00
0.0129669,0.0129669,0.0129669,0.0129669,1638436560,2021-12-02T09:16:00
0.0111876,0.0111876,0.0111876,0.0111876,1638436500,2021-12-02T09:15:00
0.0135592,0.0135592,0.0135592,0.0135592,1638436440,2021-12-02T09:14:00
0.0138633,0.0138633,0.0138633,0.0138633,1638436320,2021-12-02T09:12:00
0.0144849,0.0144849,0.0144849,0.0144849,1638436200,2021-12-02T09:10:00
0.0145006,0.0145006,0.0145006,0.0145006,1638436140,2021-12-02T09:09:00
0.0143969,0.0143969,0.0143969,0.0143969,1638435300,2021-12-02T08:55:00
0.014052,0.014052,0.014052,0.014052,1638435120,2021-12-02T08:52:00
0.0139401,0.0139401,0.0139401,0.0139401,1638434880,2021-12-02T08:48:00
0.013699,0.013699,0.013699,0.013699,1638434580,2021-12-02T08:43:00
0.0138056,0.0138271,0.0138056,0.0138271,1638434280,2021-12-02T08:38:00
0.0135958,0.0135958,0.0135958,0.0135958,1638434220,2021-12-02T08:37:00
0.0137188,0.0137188,0.0137188,0.0137188,1638433980,2021-12-02T08:33:00
0.0137069,0.0137069,0.0137069,0.0137069,1638433800,2021-12-02T08:30:00
0.0135716,0.0135716,0.0135716,0.0135716,1638433740,2021-12-02T08:29:00
0.0126278,0.0126278,0.0126278,0.0126278,1638433380,2021-12-02T08:23:00
0.0122224,0.0122224,0.0122224,0.0122224,1638433320,2021-12-02T08:22:00
0.0107449,0.0115808,0.0107449,0.0115808,1638433260,2021-12-02T08:21:00
0.0113237,0.0113237,0.0103288,0.0103288,1638433200,2021-12-02T08:20:00
0.0126688,0.0126688,0.0126688,0.0126688,1638433140,2021-12-02T08:19:00
0.0123759,0.0123759,0.0123759,0.0123759,1638432960,2021-12-02T08:16:00
0.0124925,0.0124925,0.0124925,0.0124925,1638432900,2021-12-02T08:15:00
0.0153836,0.0153836,0.0138626,0.0138626,1638432720,2021-12-02T08:12:00
0.0153218,0.0153218,0.0153218,0.0153218,1638432660,2021-12-02T08:11:00
0.0149818,0.0149818,0.0149818,0.0149818,1638432600,2021-12-02T08:10:00
0.0140366,0.0144838,0.0140366,0.0144838,1638432420,2021-12-02T08:07:00
0.0142597,0.0142597,0.0142561,0.0142561,1638432120,2021-12-02T08:02:00
0.0142696,0.0142696,0.0141644,0.0141644,1638431820,2021-12-02T07:57:00
0.0145645,0.0145645,0.0145645,0.0145645,1638431760,2021-12-02T07:56:00
0.0138501,0.0138501,0.0138501,0.0138501,1638431580,2021-12-02T07:53:00
0.0142017,0.0142017,0.0142017,0.0142017,1638431460,2021-12-02T07:51:00
0.0131799,0.0131799,0.0131799,0.0131799,1638431400,2021-12-02T07:50:00
0.011794,0.011794,0.011794,0.011794,1638431280,2021-12-02T07:48:00
0.0116974,0.0116974,0.0116974,0.0116974,1638431220,2021-12-02T07:47:00
0.0113917,0.0113917,0.0113917,0.0113917,1638431160,2021-12-02T07:46:00
0.0118941,0.0118941,0.0118941,0.0118941,1638431100,2021-12-02T07:45:00
0.0131935,0.0131935,0.0131935,0.0131935,1638431040,2021-12-02T07:44:00
0.0136446,0.0136446,0.0132858,0.0132858,1638430920,2021-12-02T07:42:00
0.014361,0.014361,0.014361,0.014361,1638430680,2021-12-02T07:38:00
0.0134817,0.0134817,0.0134817,0.0134817,1638430620,2021-12-02T07:37:00
0.0131245,0.0131245,0.0131245,0.0131245,1638430560,2021-12-02T07:36:00
0.0124061,0.0124061,0.0124061,0.0124061,1638430200,2021-12-02T07:30:00
0.0111818,0.0117849,0.0111818,0.0117849,1638430140,2021-12-02T07:29:00
0.0109795,0.0109795,0.0109795,0.0109795,1638430080,2021-12-02T07:28:00
0.0109255,0.0109255,0.0109255,0.0109255,1638429720,2021-12-02T07:22:00
0.0111557,0.0111557,0.0111557,0.0111557,1638429600,2021-12-02T07:20:00
0.0120044,0.0120044,0.0120044,0.0120044,1638429120,2021-12-02T07:12:00
0.0122925,0.0122925,0.0122925,0.0122925,1638428580,2021-12-02T07:03:00
0.0123993,0.0123993,0.0123993,0.0123993,1638428520,2021-12-02T07:02:00
0.0127056,0.0127056,0.0127056,0.0127056,1638428460,2021-12-02T07:01:00
0.0111054,0.0111054,0.0111054,0.0111054,1638428040,2021-12-02T06:54:00
0.0106457,0.0106457,0.0106457,0.0106457,1638427980,2021-12-02T06:53:00
0.0116523,0.0116523,0.0116523,0.0116523,1638427740,2021-12-02T06:49:00
0.0128666,0.0128666,0.0128666,0.0128666,1638427680,2021-12-02T06:48:00
0.0121497,0.0121497,0.0121497,0.0121497,1638427080,2021-12-02T06:38:00
0.0124066,0.0124066,0.0124066,0.0124066,1638426960,2021-12-02T06:36:00
0.0125844,0.0125844,0.0125844,0.0125844,1638426900,2021-12-02T06:35:00
0.0122349,0.0122349,0.0122349,0.0122349,1638426840,2021-12-02T06:34:00
0.0122781,0.0122781,0.0122781,0.0122781,1638426540,2021-12-02T06:29:00
0.0120686,0.0120686,0.0120686,0.0120686,1638425700,2021-12-02T06:15:00
0.0124452,0.0124452,0.0124452,0.0124452,1638425460,2021-12-02T06:11:00
0.0126334,0.0126334,0.0126334,0.0126334,1638424920,2021-12-02T06:02:00
0.0120058,0.0120058,0.0120058,0.0120058,1638424740,2021-12-02T05:59:00
0.0121498,0.0121498,0.0121498,0.0121498,1638424620,2021-12-02T05:57:00
0.0124597,0.0124597,0.0124597,0.0124597,1638424500,2021-12-02T05:55:00
0.0112637,0.0112637,0.0112637,0.0112637,1638424380,2021-12-02T05:53:00
0.0110489,0.0110489,0.0110489,0.0110489,1638424320,2021-12-02T05:52:00
0.0122886,0.0122886,0.0122886,0.0122886,1638424200,2021-12-02T05:50:00
0.0132636,0.0132636,0.0132636,0.0132636,1638424140,2021-12-02T05:49:00
0.0145664,0.0145664,0.0138063,0.0138063,1638424080,2021-12-02T05:48:00
0.0148879,0.0149717,0.0148879,0.0149717,1638423900,2021-12-02T05:45:00
0.015551,0.015551,0.015551,0.015551,1638423840,2021-12-02T05:44:00
0.0162377,0.0162377,0.0162377,0.0162377,1638423660,2021-12-02T05:41:00
0.0159704,0.0159704,0.0159704,0.0159704,1638423600,2021-12-02T05:40:00
0.0129802,0.0141783,0.0129802,0.0141783,1638423420,2021-12-02T05:37:00
0.0127211,0.0127211,0.0127211,0.0127211,1638423180,2021-12-02T05:33:00
0.0127819,0.0127819,0.0127819,0.0127819,1638423120,2021-12-02T05:32:00
0.0130255,0.0136012,0.0130255,0.0136012,1638423060,2021-12-02T05:31:00
0.0118182,0.0118182,0.0118182,0.0118182,1638422880,2021-12-02T05:28:00
0.0110822,0.0110822,0.0110822,0.0110822,1638422820,2021-12-02T05:27:00
0.0115013,0.0115013,0.0115013,0.0115013,1638421980,2021-12-02T05:13:00
0.0137751,0.0137751,0.0137751,0.0137751,1638421860,2021-12-02T05:11:00
0.0106025,0.0112907,0.0106025,0.0112907,1638421500,2021-12-02T05:05:00
0.0101954,0.0101954,0.0101954,0.0101954,1638421320,2021-12-02T05:02:00
0.00998747,0.00998747,0.00998747,0.00998747,1638421140,2021-12-02T04:59:00
0.00945335,0.00945335,0.00945335,0.00945335,1638420900,2021-12-02T04:55:00
0.00929526,0.00929526,0.00929526,0.00929526,1638420780,2021-12-02T04:53:00
0.00983431,0.00983431,0.00893104,0.00893104,1638420720,2021-12-02T04:52:00
0.0111675,0.0111675,0.0111675,0.0111675,1638420060,2021-12-02T04:41:00
0.0104502,0.0104502,0.0104502,0.0104502,1638419880,2021-12-02T04:38:00
0.0101211,0.0101211,0.0101211,0.0101211,1638419340,2021-12-02T04:29:00
0.0105333,0.0105333,0.0105333,0.0105333,1638419040,2021-12-02T04:24:00
0.0104964,0.0104964,0.0104964,0.0104964,1638418860,2021-12-02T04:21:00
0.01002,0.01002,0.01002,0.01002,1638418440,2021-12-02T04:14:00
0.010274,0.010274,0.010274,0.010274,1638418380,2021-12-02T04:13:00
0.0117533,0.0117533,0.0117533,0.0117533,1638418020,2021-12-02T04:07:00
0.0124801,0.0124801,0.0124801,0.0124801,1638417960,2021-12-02T04:06:00
0.0107861,0.0111205,0.0107861,0.0111205,1638417600,2021-12-02T04:00:00
0.0117617,0.0117617,0.0116555,0.0116555,1638416880,2021-12-02T03:48:00
0.0113736,0.0113736,0.0113736,0.0113736,1638416700,2021-12-02T03:45:00
0.0108332,0.0108332,0.0108332,0.0108332,1638416400,2021-12-02T03:40:00
0.0102211,0.0102211,0.0102211,0.0102211,1638416340,2021-12-02T03:39:00
0.0106137,0.0106137,0.0106137,0.0106137,1638415920,2021-12-02T03:32:00
0.0113071,0.0113071,0.0113071,0.0113071,1638415860,2021-12-02T03:31:00
0.0110177,0.0110177,0.0110177,0.0110177,1638414900,2021-12-02T03:15:00
0.0103747,0.0103747,0.0103747,0.0103747,1638414720,2021-12-02T03:12:00
0.0103339,0.0103339,0.0103339,0.0103339,1638414540,2021-12-02T03:09:00
0.0100018,0.0100018,0.0100018,0.0100018,1638412980,2021-12-02T02:43:00
0.0101115,0.0101115,0.00889551,0.00889551,1638412920,2021-12-02T02:42:00
0.0111114,0.0111114,0.0111114,0.0111114,1638412800,2021-12-02T02:40:00
0.0109417,0.0109417,0.0109417,0.0109417,1638412320,2021-12-02T02:32:00
0.0114661,0.0114661,0.0114661,0.0114661,1638412080,2021-12-02T02:28:00
0.0114493,0.0114493,0.0110318,0.0110318,1638412020,2021-12-02T02:27:00
0.0120537,0.0120537,0.0120537,0.0120537,1638411960,2021-12-02T02:26:00
0.0114452,0.0114452,0.0114452,0.0114452,1638411360,2021-12-02T02:16:00
0.0112937,0.0112937,0.0112937,0.0112937,1638410460,2021-12-02T02:01:00
0.0105514,0.0105514,0.0105514,0.0105514,1638410160,2021-12-02T01:56:00
0.0102279,0.0102279,0.0102279,0.0102279,1638409020,2021-12-02T01:37:00
0.0104982,0.0104982,0.0104982,0.0104982,1638406440,2021-12-02T00:54:00
0.0106819,0.0106819,0.0106819,0.0106819,1638406080,2021-12-02T00:48:00
0.0109737,0.0109737,0.0109737,0.0109737,1638405780,2021-12-02T00:43:00
0.0100665,0.0100665,0.0100665,0.0100665,1638405060,2021-12-02T00:31:00
0.0091691,0.0091691,0.0091691,0.0091691,1638405000,2021-12-02T00:30:00
0.0095741,0.0095741,0.0095741,0.0095741,1638404940,2021-12-02T00:29:00
0.0103444,0.0103444,0.0103444,0.0103444,1638404880,2021-12-02T00:28:00
0.00999886,0.00999886,0.00999886,0.00999886,1638404820,2021-12-02T00:27:00
0.010061,0.010061,0.010061,0.010061,1638404760,2021-12-02T00:26:00
0.0138263,0.0138263,0.0138263,0.0138263,1638404640,2021-12-02T00:24:00
0.0127613,0.0127613,0.0115617,0.0115617,1638404220,2021-12-02T00:17:00
0.0148464,0.0148464,0.0148464,0.0148464,1638403440,2021-12-02T00:04:00
0.0176447,0.0176447,0.0176447,0.0176447,1638403260,2021-12-02T00:01:00
0.0204058,0.0204058,0.0204058,0.0204058,1638403200,2021-12-02T00:00:00
0.0219204,0.0219204,0.0219204,0.0219204,1638403140,2021-12-01T23:59:00
0.0120461,0.0120461,0.0120461,0.0120461,1638403020,2021-12-01T23:57:00
0.0133414,0.0133414,0.0133414,0.0133414,1638402900,2021-12-01T23:55:00
0.0133097,0.0133097,0.0133097,0.0133097,1638402660,2021-12-01T23:51:00
0.0127445,0.0127445,0.0127445,0.0127445,1638402480,2021-12-01T23:48:00
0.0119666,0.0119666,0.0119666,0.0119666,1638401760,2021-12-01T23:36:00
0.0110352,0.0110352,0.0110352,0.0110352,1638401280,2021-12-01T23:28:00
0.0112499,0.0112499,0.0112499,0.0112499,1638401160,2021-12-01T23:26:00
0.012274,0.012274,0.012274,0.012274,1638401040,2021-12-01T23:24:00
0.0127434,0.0127434,0.0127434,0.0127434,1638400800,2021-12-01T23:20:00
0.0127648,0.0127648,0.0127648,0.0127648,1638400500,2021-12-01T23:15:00
0.0127054,0.0127054,0.0127054,0.0127054,1638400440,2021-12-01T23:14:00
0.0120955,0.0120955,0.0120955,0.0120955,1638400380,2021-12-01T23:13:00
0.0109815,0.0109815,0.0108259,0.0108259,1638400320,2021-12-01T23:12:00
0.0111644,0.0111644,0.0111644,0.0111644,1638400140,2021-12-01T23:09:00
0.0102436,0.0102436,0.0102436,0.0102436,1638400080,2021-12-01T23:08:00
0.00922166,0.00922166,0.00922166,0.00922166,1638399960,2021-12-01T23:06:00
0.00848364,0.00848364,0.00848364,0.00848364,1638399840,2021-12-01T23:04:00
0.0109855,0.0109855,0.00904362,0.00904362,1638399660,2021-12-01T23:01:00
0.0118593,0.0118593,0.0118593,0.0118593,1638399420,2021-12-01T22:57:00
0.0111453,0.0111931,0.0111453,0.0111931,1638398880,2021-12-01T22:48:00
0.0105254,0.0105254,0.0105254,0.0105254,1638398520,2021-12-01T22:42:00
0.0104363,0.0104363,0.0104363,0.0104363,1638398460,2021-12-01T22:41:00
0.0114373,0.0114373,0.011282,0.011282,1638398400,2021-12-01T22:40:00
0.0105325,0.0110819,0.0105325,0.0110819,1638398220,2021-12-01T22:37:00
0.0115015,0.0115015,0.0115015,0.0115015,1638398160,2021-12-01T22:36:00
0.0137491,0.0137491,0.0137491,0.0137491,1638398100,2021-12-01T22:35:00
0.0149489,0.0149489,0.0149489,0.0149489,1638397980,2021-12-01T22:33:00
0.0150176,0.0150176,0.0150176,0.0150176,1638397920,2021-12-01T22:32:00
0.0155719,0.0155719,0.0155719,0.0155719,1638397860,2021-12-01T22:31:00
0.0155739,0.0155739,0.0155739,0.0155739,1638397740,2021-12-01T22:29:00
0.0169606,0.0169606,0.0166382,0.0166382,1638397620,2021-12-01T22:27:00
0.0162895,0.0162895,0.0162895,0.0162895,1638397500,2021-12-01T22:25:00
0.015587,0.015587,0.015587,0.015587,1638397440,2021-12-01T22:24:00
0.0177941,0.0177941,0.0159771,0.0159771,1638397080,2021-12-01T22:18:00
0.0200157,0.0200157,0.0200157,0.0200157,1638397020,2021-12-01T22:17:00
0.0192147,0.0192147,0.0192147,0.0192147,1638396960,2021-12-01T22:16:00
0.0176276,0.0176276,0.0176276,0.0176276,1638396840,2021-12-01T22:14:00
0.0143181,0.0143181,0.0143181,0.0143181,1638396780,2021-12-01T22:13:00
0.0152247,0.0152247,0.0146658,0.0146658,1638396720,2021-12-01T22:12:00
0.0139088,0.0139088,0.0139088,0.0139088,1638396600,2021-12-01T22:10:00
0.0144761,0.0144761,0.0144761,0.0144761,1638396540,2021-12-01T22:09:00
0.0196479,0.0196479,0.0171551,0.0171551,1638396420,2021-12-01T22:07:00
0.0207429,0.0227416,0.0207429,0.0227416,1638396360,2021-12-01T22:06:00
0.0179403,0.0179403,0.0179403,0.0179403,1638396300,2021-12-01T22:05:00
0.0159864,0.0159864,0.0159864,0.0159864,1638396240,2021-12-01T22:04:00
0.0143585,0.0143585,0.0143585,0.0143585,1638396180,2021-12-01T22:03:00
0.0128865,0.0134648,0.0128865,0.0134648,1638396120,2021-12-01T22:02:00
0.013145,0.0134498,0.013145,0.0134498,1638396060,2021-12-01T22:01:00
0.011731,0.011731,0.011731,0.011731,1638396000,2021-12-01T22:00:00
0.0112419,0.0112419,0.0112419,0.0112419,1638395880,2021-12-01T21:58:00
0.0154517,0.0154517,0.0143066,0.0143066,1638395760,2021-12-01T21:56:00
0.0162661,0.0162661,0.0162661,0.0162661,1638395700,2021-12-01T21:55:00
0.0161878,0.0169836,0.0161878,0.0169836,1638395580,2021-12-01T21:53:00
0.015287,0.015287,0.015287,0.015287,1638395460,2021-12-01T21:51:00
0.0143139,0.0143139,0.0143139,0.0143139,1638395340,2021-12-01T21:49:00
0.0146839,0.0146839,0.0135679,0.0135679,1638395160,2021-12-01T21:46:00
0.0151901,0.0151901,0.0151901,0.0151901,1638395100,2021-12-01T21:45:00
0.0162396,0.0162791,0.0162396,0.0162791,1638395040,2021-12-01T21:44:00
0.0166957,0.0166957,0.0166957,0.0166957,1638394980,2021-12-01T21:43:00
0.0157673,0.0157673,0.0157673,0.0157673,1638394920,2021-12-01T21:42:00
0.015675,0.015675,0.0138394,0.0138394,1638394860,2021-12-01T21:41:00
0.0168651,0.0168651,0.0144184,0.016699,1638394800,2021-12-01T21:40:00
0.0161513,0.0161513,0.0146499,0.0146499,1638394740,2021-12-01T21:39:00
0.0178013,0.0178013,0.0178013,0.0178013,1638394620,2021-12-01T21:37:00
0.0160923,0.0160923,0.0136738,0.0136738,1638394560,2021-12-01T21:36:00
0.0140178,0.0140178,0.0140178,0.0140178,1638394440,2021-12-01T21:34:00
0.0132788,0.0132788,0.013045,0.013045,1638394320,2021-12-01T21:32:00
0.011655,0.0131548,0.011655,0.0131548,1638394260,2021-12-01T21:31:00
0.0120043,0.0120043,0.0120043,0.0120043,1638394200,2021-12-01T21:30:00
0.0113914,0.0113914,0.0113914,0.0113914,1638394140,2021-12-01T21:29:00
0.0117834,0.0117834,0.0117834,0.0117834,1638394080,2021-12-01T21:28:00
0.0130731,0.0130731,0.0130731,0.0130731,1638393900,2021-12-01T21:25:00
0.0125437,0.0125437,0.0125437,0.0125437,1638393840,2021-12-01T21:24:00
0.0115897,0.0115897,0.0115897,0.0115897,1638393780,2021-12-01T21:23:00
0.0108827,0.011226,0.0108827,0.011226,1638393720,2021-12-01T21:22:00
0.0129445,0.0129445,0.0129445,0.0129445,1638393660,2021-12-01T21:21:00
0.0127141,0.0142987,0.0127141,0.0142987,1638393600,2021-12-01T21:20:00
0.0126792,0.0126792,0.0124613,0.0124613,1638393540,2021-12-01T21:19:00
0.0140849,0.0140849,0.0140849,0.0140849,1638393420,2021-12-01T21:17:00
0.0140559,0.0140559,0.0140559,0.0140559,1638393360,2021-12-01T21:16:00
0.0134548,0.0134548,0.0134548,0.0134548,1638393300,2021-12-01T21:15:00
0.0135183,0.0161796,0.0135183,0.0161796,1638393240,2021-12-01T21:14:00
0.0107089,0.0107089,0.0107089,0.0107089,1638393180,2021-12-01T21:13:00
0.00900502,0.00980449,0.00900502,0.00980449,1638393120,2021-12-01T21:12:00
0.0136917,0.0136917,0.00876396,0.00876396,1638393060,2021-12-01T21:11:00
0.0135988,0.0135988,0.0128174,0.0128174,1638393000,2021-12-01T21:10:00
0.0144281,0.0144281,0.0144281,0.0144281,1638392940,2021-12-01T21:09:00
0.0178792,0.0178792,0.0178792,0.0178792,1638392820,2021-12-01T21:07:00
0.0165915,0.0165915,0.0149959,0.0149959,1638392760,2021-12-01T21:06:00
0.0157302,0.0158274,0.0157302,0.0158274,1638392700,2021-12-01T21:05:00
0.0145561,0.0145561,0.0145561,0.0145561,1638392640,2021-12-01T21:04:00
0.0134483,0.0134483,0.0134483,0.0134483,1638392520,2021-12-01T21:02:00
0.0136255,0.0136255,0.0136255,0.0136255,1638392460,2021-12-01T21:01:00
0.0123939,0.0123939,0.0123939,0.0123939,1638392340,2021-12-01T20:59:00
0.0121263,0.0121263,0.0121263,0.0121263,1638392280,2021-12-01T20:58:00
0.0126497,0.0126497,0.0126497,0.0126497,1638392220,2021-12-01T20:57:00
0.0137729,0.0137729,0.0137729,0.0137729,1638392160,2021-12-01T20:56:00
0.0149307,0.0149307,0.0149307,0.0149307,1638392100,2021-12-01T20:55:00
0.0137872,0.0137872,0.0137872,0.0137872,1638391980,2021-12-01T20:53:00
0.0128863,0.0128863,0.0128863,0.0128863,1638391440,2021-12-01T20:44:00
0.0124422,0.0124422,0.0124422,0.0124422,1638391320,2021-12-01T20:42:00
0.0115202,0.0115202,0.0115202,0.0115202,1638391260,2021-12-01T20:41:00
0.0111237,0.0111237,0.0111237,0.0111237,1638391080,2021-12-01T20:38:00
0.0116931,0.0116931,0.0116931,0.0116931,1638390780,2021-12-01T20:33:00
0.0124573,0.0124573,0.0124573,0.0124573,1638390720,2021-12-01T20:32:00
0.0126959,0.0126959,0.0126959,0.0126959,1638390600,2021-12-01T20:30:00
0.013557,0.013557,0.0129498,0.0129498,1638390300,2021-12-01T20:25:00
0.0171637,0.0171637,0.0171637,0.0171637,1638390240,2021-12-01T20:24:00
0.0114376,0.0114376,0.0114376,0.0114376,1638390000,2021-12-01T20:20:00
0.0107965,0.0107965,0.0107965,0.0107965,1638389640,2021-12-01T20:14:00
0.0104013,0.0104013,0.0104013,0.0104013,1638389460,2021-12-01T20:11:00
0.0117272,0.0117272,0.0117272,0.0117272,1638389340,2021-12-01T20:09:00
0.0120289,0.0120289,0.0120289,0.0120289,1638389160,2021-12-01T20:06:00
0.0130297,0.0130297,0.0130297,0.0130297,1638388620,2021-12-01T19:57:00
0.0146225,0.0146225,0.0146225,0.0146225,1638388560,2021-12-01T19:56:00
0.0144578,0.0144578,0.0144578,0.0144578,1638388500,2021-12-01T19:55:00
0.012132,0.012132,0.012132,0.012132,1638388440,2021-12-01T19:54:00
0.0108623,0.0108623,0.0108623,0.0108623,1638388380,2021-12-01T19:53:00
0.0102383,0.0102383,0.0102383,0.0102383,1638388140,2021-12-01T19:49:00
0.0110622,0.0110622,0.0110622,0.0110622,1638387900,2021-12-01T19:45:00
0.0128209,0.0128209,0.0128209,0.0128209,1638387780,2021-12-01T19:43:00
0.0132309,0.0132309,0.0132309,0.0132309,1638387720,2021-12-01T19:42:00
0.0127663,0.0127663,0.0127663,0.0127663,1638387660,2021-12-01T19:41:00
0.0137339,0.0137339,0.0135874,0.0135874,1638387600,2021-12-01T19:40:00
0.0125884,0.0125884,0.0125884,0.0125884,1638387540,2021-12-01T19:39:00
0.012924,0.012924,0.012924,0.012924,1638387060,2021-12-01T19:31:00
0.0138493,0.0138493,0.013759,0.013759,1638386940,2021-12-01T19:29:00
0.0123934,0.0126431,0.0123934,0.0126431,1638386820,2021-12-01T19:27:00
0.0128325,0.0128325,0.0128325,0.0128325,1638386580,2021-12-01T19:23:00
0.0118414,0.0118414,0.0118414,0.0118414,1638386460,2021-12-01T19:21:00
0.010321,0.010321,0.010321,0.010321,1638386400,2021-12-01T19:20:00
0.0110645,0.0110645,0.0103227,0.0103227,1638386340,2021-12-01T19:19:00
0.0105057,0.0105057,0.0105057,0.0105057,1638386220,2021-12-01T19:17:00
0.00994833,0.00994833,0.00994833,0.00994833,1638385980,2021-12-01T19:13:00
0.00958874,0.00958874,0.00958874,0.00958874,1638385920,2021-12-01T19:12:00
0.0114994,0.0114994,0.0114994,0.0114994,1638385800,2021-12-01T19:10:00
0.0136614,0.0136614,0.0136614,0.0136614,1638385680,2021-12-01T19:08:00
0.0113177,0.0126628,0.0113177,0.0126628,1638385320,2021-12-01T19:02:00
0.0100617,0.0100617,0.0100617,0.0100617,1638385260,2021-12-01T19:01:00
0.00954336,0.00954336,0.00954336,0.00954336,1638385200,2021-12-01T19:00:00
0.00926729,0.00926729,0.00926729,0.00926729,1638385140,2021-12-01T18:59:00
0.0121006,0.0121006,0.0121006,0.0121006,1638385080,2021-12-01T18:58:00
0.0138363,0.0138363,0.0134645,0.0134645,1638384840,2021-12-01T18:54:00
0.0135068,0.0135068,0.0135068,0.0135068,1638384300,2021-12-01T18:45:00
0.0138411,0.0138411,0.0138411,0.0138411,1638384180,2021-12-01T18:43:00
0.0142335,0.0142335,0.0142335,0.0142335,1638383940,2021-12-01T18:39:00
0.0141875,0.0141875,0.0141875,0.0141875,1638383760,2021-12-01T18:36:00
0.0143884,0.0143884,0.0143884,0.0143884,1638383280,2021-12-01T18:28:00
0.0139664,0.0139664,0.0139664,0.0139664,1638382500,2021-12-01T18:15:00
0.0131732,0.0131732,0.0131732,0.0131732,1638382380,2021-12-01T18:13:00
0.0113673,0.0113673,0.0113673,0.0113673,1638382260,2021-12-01T18:11:00
0.00932503,0.00932503,0.00932503,0.00932503,1638382200,2021-12-01T18:10:00
0.0083607,0.00882829,0.0083607,0.00882829,1638382140,2021-12-01T18:09:00
0.0116415,0.0116415,0.0116415,0.0116415,1638382020,2021-12-01T18:07:00
0.0136183,0.0136183,0.0136183,0.0136183,1638381840,2021-12-01T18:04:00
0.0148332,0.0148332,0.0148332,0.0148332,1638381540,2021-12-01T17:59:00
0.0136234,0.0136234,0.0136234,0.0136234,1638381240,2021-12-01T17:54:00
0.0116855,0.0116855,0.0116855,0.0116855,1638381120,2021-12-01T17:52:00
0.0132413,0.0132413,0.0132413,0.0132413,1638381060,2021-12-01T17:51:00
0.016487,0.016487,0.016487,0.016487,1638380580,2021-12-01T17:43:00
0.0184086,0.0184086,0.0184086,0.0184086,1638380520,2021-12-01T17:42:00
0.016731,0.016731,0.016731,0.016731,1638380460,2021-12-01T17:41:00
0.0134195,0.0134195,0.0134195,0.0134195,1638380400,2021-12-01T17:40:00
0.0144642,0.0144642,0.0144642,0.0144642,1638380160,2021-12-01T17:36:00
0.0182683,0.0182683,0.015617,0.015617,1638380040,2021-12-01T17:34:00
0.0187042,0.0187042,0.0187042,0.0187042,1638379860,2021-12-01T17:31:00
0.0142395,0.0142395,0.0142395,0.0142395,1638379680,2021-12-01T17:28:00
0.0123099,0.0123099,0.0123099,0.0123099,1638379440,2021-12-01T17:24:00
0.0143688,0.0143688,0.0143688,0.0143688,1638378000,2021-12-01T17:00:00
0.0145779,0.0145779,0.0145779,0.0145779,1638377580,2021-12-01T16:53:00
0.0132941,0.0132941,0.0132941,0.0132941,1638377340,2021-12-01T16:49:00
0.0131279,0.0131279,0.0131279,0.0131279,1638377280,2021-12-01T16:48:00
0.0135214,0.0135214,0.0135214,0.0135214,1638376080,2021-12-01T16:28:00
0.0128577,0.0128577,0.0128577,0.0128577,1638376020,2021-12-01T16:27:00
0.0119354,0.0119354,0.0119354,0.0119354,1638375900,2021-12-01T16:25:00
0.0112038,0.0112038,0.0112038,0.0112038,1638375840,2021-12-01T16:24:00
0.0127108,0.0127108,0.0118129,0.0118129,1638375420,2021-12-01T16:17:00
0.0135464,0.0135464,0.0135464,0.0135464,1638375240,2021-12-01T16:14:00
0.0123881,0.0123881,0.0123881,0.0123881,1638375180,2021-12-01T16:13:00
0.0113105,0.0113105,0.0113105,0.0113105,1638375060,2021-12-01T16:11:00
0.0105175,0.0105175,0.0101474,0.0101474,1638374940,2021-12-01T16:09:00
0.011946,0.011946,0.011946,0.011946,1638374760,2021-12-01T16:06:00
0.0119486,0.0119486,0.0119486,0.0119486,1638374460,2021-12-01T16:01:00
0.012626,0.012626,0.012626,0.012626,1638374220,2021-12-01T15:57:00
0.0129489,0.0129489,0.0129489,0.0129489,1638374160,2021-12-01T15:56:00
0.0112674,0.0112674,0.0112674,0.0112674,1638373380,2021-12-01T15:43:00
0.0122658,0.0122658,0.0122658,0.0122658,1638373140,2021-12-01T15:39:00
0.0141483,0.0141483,0.0141483,0.0141483,1638373080,2021-12-01T15:38:00
0.015385,0.015385,0.015385,0.015385,1638372960,2021-12-01T15:36:00
0.0144581,0.0144581,0.0144581,0.0144581,1638372840,2021-12-01T15:34:00
0.0128536,0.0128536,0.0128536,0.0128536,1638372360,2021-12-01T15:26:00
0.0130862,0.0130862,0.0130862,0.0130862,1638371520,2021-12-01T15:12:00
0.0122542,0.0122542,0.0122542,0.0122542,1638371160,2021-12-01T15:06:00
0.0113813,0.0113813,0.0113813,0.0113813,1638371100,2021-12-01T15:05:00
0.0118682,0.0118682,0.0118682,0.0118682,1638370800,2021-12-01T15:00:00
0.0127404,0.0127404,0.0127404,0.0127404,1638370740,2021-12-01T14:59:00
0.0117007,0.0117007,0.0117007,0.0117007,1638370260,2021-12-01T14:51:00
0.0104765,0.0104765,0.0104765,0.0104765,1638370200,2021-12-01T14:50:00
0.0109755,0.0109755,0.0109755,0.0109755,1638370140,2021-12-01T14:49:00
0.0111571,0.0111571,0.0111571,0.0111571,1638370080,2021-12-01T14:48:00
0.0104315,0.0104315,0.0104315,0.0104315,1638370020,2021-12-01T14:47:00
0.0109718,0.0109718,0.0109718,0.0109718,1638369960,2021-12-01T14:46:00
0.0130767,0.0130767,0.0130767,0.0130767,1638369840,2021-12-01T14:44:00
0.0147787,0.0147787,0.0147787,0.0147787,1638369780,2021-12-01T14:43:00
0.0148053,0.0148053,0.0148053,0.0148053,1638369720,2021-12-01T14:42:00
0.0165613,0.0165613,0.0165613,0.0165613,1638369540,2021-12-01T14:39:00
0.0173025,0.0173025,0.0173025,0.0173025,1638369420,2021-12-01T14:37:00
0.0177982,0.0177982,0.0177982,0.0177982,1638369120,2021-12-01T14:32:00
0.0172632,0.0172632,0.0172632,0.0172632,1638368700,2021-12-01T14:25:00
0.0133882,0.0133882,0.0133882,0.0133882,1638368100,2021-12-01T14:15:00
0.0113001,0.0113001,0.0113001,0.0113001,1638367920,2021-12-01T14:12:00
0.0118276,0.0118276,0.0118276,0.0118276,1638367560,2021-12-01T14:06:00
0.0123415,0.0123415,0.0123415,0.0123415,1638367260,2021-12-01T14:01:00
0.0126107,0.0126107,0.0126107,0.0126107,1638366840,2021-12-01T13:54:00
0.0128955,0.0128955,0.0128955,0.0128955,1638366600,2021-12-01T13:50:00
0.0127855,0.0127855,0.0127855,0.0127855,1638366540,2021-12-01T13:49:00
0.0124217,0.0124217,0.0124217,0.0124217,1638366360,2021-12-01T13:46:00
0.0109583,0.0109583,0.0109583,0.0109583,1638366120,2021-12-01T13:42:00
0.0121743,0.0121743,0.00978445,0.00978445,1638366060,2021-12-01T13:41:00
0.0106251,0.0110418,0.0106251,0.0110418,1638366000,2021-12-01T13:40:00
0.0118345,0.0118345,0.0118345,0.0118345,1638365940,2021-12-01T13:39:00
0.0130247,0.0130247,0.0130247,0.0130247,1638365760,2021-12-01T13:36:00
0.0144813,0.0144813,0.0144813,0.0144813,1638365640,2021-12-01T13:34:00
0.0156189,0.0156189,0.0156189,0.0156189,1638365460,2021-12-01T13:31:00
0.0148333,0.0148333,0.0148333,0.0148333,1638365160,2021-12-01T13:26:00
0.0138025,0.0138025,0.0138025,0.0138025,1638365040,2021-12-01T13:24:00
0.0129118,0.0129118,0.0129118,0.0129118,1638364740,2021-12-01T13:19:00
0.0120156,0.0120156,0.0120156,0.0120156,1638364440,2021-12-01T13:14:00
0.0112929,0.0112929,0.0112929,0.0112929,1638364320,2021-12-01T13:12:00
0.0105842,0.0105842,0.0105842,0.0105842,1638364260,2021-12-01T13:11:00
0.00970714,0.00970714,0.00968538,0.00968538,1638364200,2021-12-01T13:10:00
0.0116724,0.0116724,0.0116724,0.0116724,1638364140,2021-12-01T13:09:00
0.0127266,0.0127266,0.0127266,0.0127266,1638363900,2021-12-01T13:05:00
0.0126658,0.0126658,0.0126658,0.0126658,1638363600,2021-12-01T13:00:00
0.0136188,0.0136188,0.0136188,0.0136188,1638363480,2021-12-01T12:58:00
0.0142909,0.0142909,0.0142909,0.0142909,1638363240,2021-12-01T12:54:00
0.0138024,0.0138024,0.0138024,0.0138024,1638363000,2021-12-01T12:50:00
0.0122402,0.0122402,0.0122402,0.0122402,1638362940,2021-12-01T12:49:00
0.0118114,0.0118114,0.0118114,0.0118114,1638362580,2021-12-01T12:43:00
0.0108547,0.0108547,0.0108547,0.0108547,1638362340,2021-12-01T12:39:00
0.01117,0.01117,0.01117,0.01117,1638362100,2021-12-01T12:35:00
0.0116816,0.0116816,0.0116816,0.0116816,1638361920,2021-12-01T12:32:00
0.0122171,0.0122171,0.0110781,0.0110781,1638361800,2021-12-01T12:30:00
0.0136644,0.0136644,0.0136644,0.0136644,1638361680,2021-12-01T12:28:00
0.0113562,0.0113562,0.0113562,0.0113562,1638361620,2021-12-01T12:27:00
0.0134917,0.0134917,0.0134917,0.0134917,1638361440,2021-12-01T12:24:00
0.0146875,0.0146875,0.0146875,0.0146875,1638361380,2021-12-01T12:23:00
0.0125786,0.0125786,0.0125786,0.0125786,1638361200,2021-12-01T12:20:00
0.0105245,0.0105245,0.0105245,0.0105245,1638361080,2021-12-01T12:18:00
0.0103741,0.0103741,0.00969486,0.00969486,1638361020,2021-12-01T12:17:00
0.0109735,0.0109735,0.0109735,0.0109735,1638360900,2021-12-01T12:15:00
0.0121607,0.0121607,0.0121607,0.0121607,1638360780,2021-12-01T12:13:00
0.0128049,0.0128049,0.0128049,0.0128049,1638360660,2021-12-01T12:11:00
0.0102715,0.0102715,0.0102715,0.0102715,1638360600,2021-12-01T12:10:00
0.0106538,0.0106538,0.0106538,0.0106538,1638360540,2021-12-01T12:09:00
0.0132701,0.0132701,0.0132701,0.0132701,1638360420,2021-12-01T12:07:00
0.0169802,0.0169802,0.0169802,0.0169802,1638360360,2021-12-01T12:06:00
0.0173527,0.0173527,0.0173527,0.0173527,1638360300,2021-12-01T12:05:00
0.0137752,0.0137752,0.0137752,0.0137752,1638360240,2021-12-01T12:04:00
0.0131091,0.0132506,0.0131091,0.0132506,1638360180,2021-12-01T12:03:00
0.0127007,0.0127007,0.0127007,0.0127007,1638360120,2021-12-01T12:02:00
0.0129982,0.0129982,0.0129982,0.0129982,1638359940,2021-12-01T11:59:00
0.011811,0.012215,0.011811,0.012215,1638359880,2021-12-01T11:58:00
0.0104654,0.0104654,0.0104654,0.0104654,1638359760,2021-12-01T11:56:00
0.0108638,0.0108638,0.0108638,0.0108638,1638359700,2021-12-01T11:55:00
0.0152476,0.0152476,0.013984,0.013984,1638359640,2021-12-01T11:54:00
0.0146335,0.0146335,0.0146335,0.0146335,1638359580,2021-12-01T11:53:00
0.0142918,0.0142918,0.0141095,0.0141095,1638359460,2021-12-01T11:51:00
0.0152466,0.0152466,0.0152466,0.0152466,1638359400,2021-12-01T11:50:00
0.016498,0.016498,0.0146233,0.0146233,1638359280,2021-12-01T11:48:00
0.0156993,0.0156993,0.0156993,0.0156993,1638359220,2021-12-01T11:47:00
0.0163897,0.0163897,0.0145382,0.0145382,1638359160,2021-12-01T11:46:00
0.0179062,0.0187834,0.0179062,0.0187834,1638359100,2021-12-01T11:45:00
0.0172268,0.0172268,0.0172268,0.0172268,1638359040,2021-12-01T11:44:00
0.0158102,0.0158102,0.0158102,0.0158102,1638358980,2021-12-01T11:43:00
0.0131604,0.0173947,0.0131604,0.0173947,1638358860,2021-12-01T11:41:00
0.0199696,0.0199696,0.0140448,0.0141391,1638358800,2021-12-01T11:40:00
0.0141127,0.0141127,0.0141127,0.0141127,1638358740,2021-12-01T11:39:00
0.0116745,0.0128529,0.0116745,0.0128529,1638358680,2021-12-01T11:38:00
0.0166986,0.0166986,0.0154843,0.0154843,1638358620,2021-12-01T11:37:00
0.0190352,0.0190352,0.0180763,0.0180763,1638358500,2021-12-01T11:35:00
0.0159816,0.0172747,0.0159816,0.0172747,1638358440,2021-12-01T11:34:00
0.0161206,0.0161206,0.0161206,0.0161206,1638358380,2021-12-01T11:33:00
0.0180361,0.0180361,0.0148849,0.0148849,1638358320,2021-12-01T11:32:00
0.0161236,0.0161236,0.0161236,0.0161236,1638358260,2021-12-01T11:31:00
0.0209541,0.0209541,0.0182423,0.0182423,1638358200,2021-12-01T11:30:00
0.0165906,0.0182657,0.0165906,0.0182657,1638358140,2021-12-01T11:29:00
0.0166785,0.0173128,0.0166785,0.0173128,1638358020,2021-12-01T11:27:00
0.0165474,0.0165474,0.0165474,0.0165474,1638357960,2021-12-01T11:26:00
0.0164063,0.0164063,0.0164063,0.0164063,1638357900,2021-12-01T11:25:00
0.0161329,0.0161329,0.0161329,0.0161329,1638357840,2021-12-01T11:24:00
0.0168853,0.0168853,0.0168853,0.0168853,1638357780,2021-12-01T11:23:00
0.0193404,0.021123,0.0167327,0.0167327,1638357720,2021-12-01T11:22:00
0.0170186,0.017541,0.0170186,0.017541,1638357660,2021-12-01T11:21:00
0.0177349,0.0177349,0.0177349,0.0177349,1638357600,2021-12-01T11:20:00
0.0176694,0.0179989,0.0176694,0.0179989,1638357540,2021-12-01T11:19:00
0.0197966,0.0197966,0.0197966,0.0197966,1638357480,2021-12-01T11:18:00
0.0197191,0.0221956,0.0195039,0.0221956,1638357420,2021-12-01T11:17:00
0.019443,0.019443,0.019443,0.019443,1638357240,2021-12-01T11:14:00
0.0179776,0.0179776,0.0179776,0.0179776,1638357180,2021-12-01T11:13:00
0.0176711,0.0176711,0.0176711,0.0176711,1638357120,2021-12-01T11:12:00
0.0157541,0.0163748,0.0157541,0.0163748,1638357060,2021-12-01T11:11:00
0.0167304,0.0167304,0.0167304,0.0167304,1638357000,2021-12-01T11:10:00
0.01766,0.01766,0.01766,0.01766,1638356940,2021-12-01T11:09:00
0.023347,0.023347,0.023347,0.023347,1638356820,2021-12-01T11:07:00
0.0166493,0.0166493,0.0166493,0.0166493,1638356700,2021-12-01T11:05:00
0.0180852,0.0180852,0.0163549,0.0163549,1638356640,2021-12-01T11:04:00
0.015911,0.0213306,0.015911,0.0213306,1638356520,2021-12-01T11:02:00
0.0221257,0.0221257,0.0195144,0.0195144,1638356460,2021-12-01T11:01:00
0.0229007,0.0229007,0.0215578,0.0215578,1638356340,2021-12-01T10:59:00
0.0350622,0.0350622,0.0350622,0.0350622,1638356220,2021-12-01T10:57:00
0.0209088,0.0209088,0.0209088,0.0209088,1638356160,2021-12-01T10:56:00
0.0195401,0.0195401,0.0195401,0.0195401,1638356040,2021-12-01T10:54:00
0.0163722,0.0163722,0.0163722,0.0163722,1638355980,2021-12-01T10:53:00
0.0140245,0.0140245,0.0140245,0.0140245,1638355920,2021-12-01T10:52:00
0.0132387,0.0132387,0.0132387,0.0132387,1638355620,2021-12-01T10:47:00
0.0133219,0.0133219,0.0133219,0.0133219,1638355500,2021-12-01T10:45:00
0.0148162,0.0148162,0.0148162,0.0148162,1638355200,2021-12-01T10:40:00
0.0145467,0.0145467,0.0145467,0.0145467,1638354960,2021-12-01T10:36:00
0.0141505,0.0141505,0.0141505,0.0141505,1638354900,2021-12-01T10:35:00
0.0146146,0.0146146,0.0146146,0.0146146,1638354540,2021-12-01T10:29:00
0.0131116,0.0131116,0.0131116,0.0131116,1638354480,2021-12-01T10:28:00
0.013206,0.013206,0.0112782,0.0112782,1638354420,2021-12-01T10:27:00
0.0177292,0.0177292,0.0177292,0.0177292,1638354240,2021-12-01T10:24:00
0.0173412,0.0173412,0.0173412,0.0173412,1638354180,2021-12-01T10:23:00
0.0181736,0.0181736,0.0181736,0.0181736,1638354120,2021-12-01T10:22:00
0.0187137,0.0187137,0.0187137,0.0187137,1638354060,2021-12-01T10:21:00
0.0172349,0.0172349,0.0172349,0.0172349,1638353820,2021-12-01T10:17:00
0.0166124,0.0166124,0.0166124,0.0166124,1638353760,2021-12-01T10:16:00
0.0163091,0.0163091,0.0163091,0.0163091,1638353700,2021-12-01T10:15:00
0.0162185,0.0162185,0.0162185,0.0162185,1638353520,2021-12-01T10:12:00
0.0169882,0.0169882,0.0169882,0.0169882,1638353460,2021-12-01T10:11:00
0.0165754,0.0165754,0.0165754,0.0165754,1638353340,2021-12-01T10:09:00
0.0147871,0.0147871,0.0147871,0.0147871,1638353160,2021-12-01T10:06:00
0.0154588,0.0154588,0.0154588,0.0154588,1638352980,2021-12-01T10:03:00
0.0131182,0.0131182,0.0131182,0.0131182,1638352260,2021-12-01T09:51:00
0.0128247,0.0128247,0.0128247,0.0128247,1638351540,2021-12-01T09:39:00
0.0146765,0.0146765,0.0146765,0.0146765,1638351180,2021-12-01T09:33:00
0.0135904,0.0135904,0.0135904,0.0135904,1638351120,2021-12-01T09:32:00
0.0130213,0.0139635,0.0124252,0.0124252,1638350880,2021-12-01T09:28:00
0.0121631,0.0121631,0.0121631,0.0121631,1638350700,2021-12-01T09:25:00
0.0145771,0.0145771,0.0145771,0.0145771,1638350280,2021-12-01T09:18:00
0.0134701,0.0172345,0.0134701,0.0172345,1638350160,2021-12-01T09:16:00
0.0171308,0.0171308,0.0156531,0.0156531,1638350100,2021-12-01T09:15:00
0.0173674,0.0173674,0.0173674,0.0173674,1638349980,2021-12-01T09:13:00
0.0176628,0.0176628,0.0176628,0.0176628,1638349620,2021-12-01T09:07:00
0.0182694,0.0182694,0.0182694,0.0182694,1638349380,2021-12-01T09:03:00
0.0166226,0.0166226,0.0166226,0.0166226,1638349260,2021-12-01T09:01:00
0.0170392,0.0170392,0.0170392,0.0170392,1638349020,2021-12-01T08:57:00
0.0180521,0.0180521,0.0180521,0.0180521,1638348240,2021-12-01T08:44:00
0.0150519,0.0150519,0.0150519,0.0150519,1638347760,2021-12-01T08:36:00
0.0135732,0.0135732,0.0135732,0.0135732,1638347640,2021-12-01T08:34:00
0.014804,0.014804,0.014804,0.014804,1638347580,2021-12-01T08:33:00
0.0162783,0.0162783,0.0162783,0.0162783,1638347520,2021-12-01T08:32:00
0.015785,0.015785,0.015785,0.015785,1638346680,2021-12-01T08:18:00
0.0139474,0.0139474,0.0139474,0.0139474,1638346080,2021-12-01T08:08:00
0.0170266,0.0170266,0.015625,0.015625,1638345960,2021-12-01T08:06:00
0.0154787,0.0154787,0.0154787,0.0154787,1638345120,2021-12-01T07:52:00
0.0140098,0.0140098,0.0140098,0.0140098,1638345060,2021-12-01T07:51:00
0.0141338,0.0141338,0.0141338,0.0141338,1638344940,2021-12-01T07:49:00
0.01416,0.01416,0.01416,0.01416,1638344760,2021-12-01T07:46:00
0.0125864,0.0125864,0.0125864,0.0125864,1638344640,2021-12-01T07:44:00
0.0135685,0.0135685,0.0135685,0.0135685,1638344580,2021-12-01T07:43:00
0.0149088,0.0149088,0.0149088,0.0149088,1638344340,2021-12-01T07:39:00
0.0129364,0.0129364,0.0129364,0.0129364,1638344160,2021-12-01T07:36:00
0.0110901,0.0110901,0.0110901,0.0110901,1638344100,2021-12-01T07:35:00
0.0134333,0.0134333,0.0134333,0.0134333,1638344040,2021-12-01T07:34:00
0.01693,0.01693,0.01693,0.01693,1638343680,2021-12-01T07:28:00
0.0154241,0.0154241,0.0154241,0.0154241,1638343080,2021-12-01T07:18:00
0.0162644,0.0162644,0.0162644,0.0162644,1638342840,2021-12-01T07:14:00
0.01666,0.01666,0.01666,0.01666,1638342240,2021-12-01T07:04:00
0.0165217,0.0165217,0.0160267,0.0160267,1638341700,2021-12-01T06:55:00
0.015869,0.015869,0.015869,0.015869,1638341520,2021-12-01T06:52:00
0.0149525,0.0149525,0.0149525,0.0149525,1638340800,2021-12-01T06:40:00
0.0151408,0.0151408,0.0151408,0.0151408,1638340560,2021-12-01T06:36:00
0.0174577,0.0174577,0.0174577,0.0174577,1638338340,2021-12-01T05:59:00
0.0191149,0.0191149,0.0191149,0.0191149,1638337980,2021-12-01T05:53:00
0.0192924,0.0192924,0.0192924,0.0192924,1638337740,2021-12-01T05:49:00
0.0191952,0.0191952,0.0191952,0.0191952,1638337500,2021-12-01T05:45:00
0.0187602,0.0187602,0.0187602,0.0187602,1638337440,2021-12-01T05:44:00
0.0174972,0.0174972,0.0174972,0.0174972,1638337320,2021-12-01T05:42:00
0.0173682,0.0173682,0.0173682,0.0173682,1638337140,2021-12-01T05:39:00
0.0179976,0.0179976,0.0179976,0.0179976,1638334920,2021-12-01T05:02:00
0.0175429,0.0175429,0.0175429,0.0175429,1638334440,2021-12-01T04:54:00
0.0166109,0.0166109,0.0166109,0.0166109,1638334260,2021-12-01T04:51:00
0.0205425,0.0205425,0.0205425,0.0205425,1638334080,2021-12-01T04:48:00
0.020321,0.020321,0.020321,0.020321,1638333900,2021-12-01T04:45:00
0.0162138,0.0162138,0.0156258,0.0156258,1638333420,2021-12-01T04:37:00
0.0150436,0.0150436,0.0150436,0.0150436,1638333240,2021-12-01T04:34:00
0.0167496,0.0167496,0.0167496,0.0167496,1638333180,2021-12-01T04:33:00
0.0151796,0.0151796,0.0151796,0.0151796,1638332820,2021-12-01T04:27:00
0.0145972,0.0145972,0.0145972,0.0145972,1638332760,2021-12-01T04:26:00
0.0206159,0.0206159,0.0188617,0.0188617,1638331860,2021-12-01T04:11:00
0.0159455,0.0182564,0.0159455,0.0182564,1638327300,2021-12-01T02:55:00
0.0140266,0.0140266,0.0140266,0.0140266,1638326520,2021-12-01T02:42:00
0.0153812,0.0153812,0.0153812,0.0153812,1638325500,2021-12-01T02:25:00
0.0168891,0.0168891,0.0168891,0.0168891,1638325440,2021-12-01T02:24:00
0.0174247,0.0174247,0.0174247,0.0174247,1638325080,2021-12-01T02:18:00
0.0165887,0.0165887,0.0165887,0.0165887,1638324420,2021-12-01T02:07:00
0.0136017,0.0136017,0.0136017,0.0136017,1638323820,2021-12-01T01:57:00
0.0148708,0.0148708,0.0148708,0.0148708,1638323760,2021-12-01T01:56:00
0.014028,0.0149868,0.014028,0.0149868,1638322980,2021-12-01T01:43:00
0.0162,0.0162,0.0162,0.0162,1638320880,2021-12-01T01:08:00
0.0161023,0.0161023,0.0161023,0.0161023,1638320340,2021-12-01T00:59:00
0.0140884,0.0140884,0.0140884,0.0140884,1638320220,2021-12-01T00:57:00
0.0124492,0.0124492,0.0124492,0.0124492,1638320100,2021-12-01T00:55:00
0.0138957,0.0138957,0.0138957,0.0138957,1638319680,2021-12-01T00:48:00
0.0155668,0.0155668,0.0155668,0.0155668,1638318660,2021-12-01T00:31:00
0.0133138,0.0133138,0.0133138,0.0133138,1638317220,2021-12-01T00:07:00
0.0115001,0.0115001,0.0115001,0.0115001,1638316920,2021-12-01T00:02:00
0.0126494,0.0126494,0.0126494,0.0126494,1638316680,2021-11-30T23:58:00
0.0154089,0.0154089,0.0154089,0.0154089,1638316440,2021-11-30T23:54:00
0.0159597,0.0159597,0.0159597,0.0159597,1638316080,2021-11-30T23:48:00
0.0163755,0.0163755,0.0163755,0.0163755,1638316020,2021-11-30T23:47:00
0.0162456,0.0162456,0.0162456,0.0162456,1638315480,2021-11-30T23:38:00
0.0182508,0.0182508,0.0182508,0.0182508,1638315420,2021-11-30T23:37:00
0.0169802,0.0169802,0.0169802,0.0169802,1638315300,2021-11-30T23:35:00
0.0132415,0.0152725,0.0132415,0.0152725,1638315240,2021-11-30T23:34:00
0.0143331,0.0143331,0.0143331,0.0143331,1638315180,2021-11-30T23:33:00
0.015814,0.015814,0.015814,0.015814,1638315000,2021-11-30T23:30:00
0.0138025,0.0138025,0.0138025,0.0138025,1638314940,2021-11-30T23:29:00
0.0140832,0.0140832,0.0140832,0.0140832,1638314880,2021-11-30T23:28:00
0.0147851,0.0147851,0.0147851,0.0147851,1638314640,2021-11-30T23:24:00
0.013541,0.013541,0.013541,0.013541,1638314520,2021-11-30T23:22:00
0.0151816,0.0151816,0.0151816,0.0151816,1638314460,2021-11-30T23:21:00
0.0200855,0.0200855,0.0200855,0.0200855,1638314400,2021-11-30T23:20:00
0.0217465,0.0217465,0.0217465,0.0217465,1638314280,2021-11-30T23:18:00
0.0173688,0.0173688,0.0173688,0.0173688,1638312840,2021-11-30T22:54:00
0.0164272,0.0164272,0.0164272,0.0164272,1638312600,2021-11-30T22:50:00
0.0162933,0.0162933,0.0162933,0.0162933,1638312360,2021-11-30T22:46:00
0.0169326,0.0169326,0.0169326,0.0169326,1638312180,2021-11-30T22:43:00
0.0193901,0.0193901,0.0193901,0.0193901,1638311700,2021-11-30T22:35:00
0.0178519,0.0178519,0.0178519,0.0178519,1638310380,2021-11-30T22:13:00
0.0192381,0.0192381,0.0192381,0.0192381,1638310200,2021-11-30T22:10:00
0.0257095,0.0257095,0.0257095,0.0257095,1638310080,2021-11-30T22:08:00
0.0338383,0.0338383,0.0338383,0.0338383,1638309900,2021-11-30T22:05:00
0.0289558,0.0289558,0.0289558,0.0289558,1638309780,2021-11-30T22:03:00
0.020148,0.020148,0.020148,0.020148,1638309000,2021-11-30T21:50:00
0.0177379,0.0177379,0.0177379,0.0177379,1638307080,2021-11-30T21:18:00
0.0159904,0.0159904,0.0159904,0.0159904,1638306960,2021-11-30T21:16:00
0.0167175,0.0167175,0.0167175,0.0167175,1638305160,2021-11-30T20:46:00
0.0220754,0.0220754,0.0220754,0.0220754,1638305100,2021-11-30T20:45:00
0.023875,0.023875,0.023875,0.023875,1638305040,2021-11-30T20:44:00
0.0212031,0.0212031,0.0212031,0.0212031,1638304800,2021-11-30T20:40:00
0.0196174,0.0196174,0.0196174,0.0196174,1638304140,2021-11-30T20:29:00
0.0171847,0.0171847,0.0171847,0.0171847,1638303720,2021-11-30T20:22:00
0.016144,0.0172549,0.016144,0.0172549,1638303660,2021-11-30T20:21:00
0.0148434,0.0148434,0.0148434,0.0148434,1638303540,2021-11-30T20:19:00
0.0177873,0.0177873,0.0177873,0.0177873,1638303480,2021-11-30T20:18:00
0.018544,0.018544,0.018544,0.018544,1638303420,2021-11-30T20:17:00
0.0219705,0.0219705,0.0187313,0.0187313,1638303300,2021-11-30T20:15:00
0.0239809,0.0239809,0.0239809,0.0239809,1638303240,2021-11-30T20:14:00
0.0258942,0.0258942,0.0258942,0.0258942,1638303120,2021-11-30T20:12:00
0.021665,0.0255396,0.021665,0.0255396,1638303060,2021-11-30T20:11:00
0.0195644,0.0195644,0.0195644,0.0195644,1638303000,2021-11-30T20:10:00
0.0238474,0.0238474,0.0201028,0.0201028,1638302940,2021-11-30T20:09:00
0.0236837,0.0236837,0.0236837,0.0236837,1638302460,2021-11-30T20:01:00
0.0196805,0.0235244,0.0196805,0.0235244,1638302280,2021-11-30T19:58:00
0.0192467,0.0192467,0.0192467,0.0192467,1638302220,2021-11-30T19:57:00
0.0208986,0.0208986,0.0208986,0.0208986,1638302040,2021-11-30T19:54:00
0.0252293,0.0252293,0.0233285,0.0233285,1638301980,2021-11-30T19:53:00
0.0222944,0.0222944,0.0222944,0.0222944,1638301860,2021-11-30T19:51:00
0.0236656,0.0236656,0.0236656,0.0236656,1638301800,2021-11-30T19:50:00
0.0214799,0.0258915,0.0214799,0.0258915,1638301740,2021-11-30T19:49:00
0.0234842,0.0234842,0.0234842,0.0234842,1638301680,2021-11-30T19:48:00
0.0292856,0.0292856,0.0292856,0.0292856,1638301620,2021-11-30T19:47:00
0.0232067,0.0243141,0.0232067,0.0243141,1638301500,2021-11-30T19:45:00
0.0223352,0.0223352,0.0223352,0.0223352,1638301440,2021-11-30T19:44:00
0.0270495,0.0270495,0.0251631,0.0251631,1638301320,2021-11-30T19:42:00
0.0230748,0.0230748,0.0227392,0.0227392,1638301020,2021-11-30T19:37:00
0.0291154,0.0296987,0.0291154,0.0296987,1638300960,2021-11-30T19:36:00
0.0252493,0.0252493,0.0252493,0.0252493,1638300840,2021-11-30T19:34:00
0.0209707,0.0209707,0.0209707,0.0209707,1638300780,2021-11-30T19:33:00
0.0189379,0.0189379,0.0189379,0.0189379,1638300720,2021-11-30T19:32:00
0.0198686,0.0198686,0.0198686,0.0198686,1638300660,2021-11-30T19:31:00
0.0247773,0.0247773,0.0247773,0.0247773,1638300600,2021-11-30T19:30:00
0.025381,0.025381,0.025381,0.025381,1638300540,2021-11-30T19:29:00
0.0292059,0.0292059,0.0292059,0.0292059,1638300420,2021-11-30T19:27:00
0.0297666,0.0297666,0.0297666,0.0297666,1638300360,2021-11-30T19:26:00
0.0306388,0.0306388,0.0306388,0.0306388,1638300300,2021-11-30T19:25:00
0.0277159,0.0277159,0.0277159,0.0277159,1638300240,2021-11-30T19:24:00
0.0268289,0.0268289,0.0268289,0.0268289,1638300180,2021-11-30T19:23:00
0.0251388,0.0251388,0.0251388,0.0251388,1638300000,2021-11-30T19:20:00
0.0227049,0.0227049,0.0227049,0.0227049,1638299940,2021-11-30T19:19:00
0.0205501,0.0205501,0.0205501,0.0205501,1638299760,2021-11-30T19:16:00
0.020999,0.020999,0.020999,0.020999,1638298680,2021-11-30T18:58:00
0.0238575,0.0238575,0.0238575,0.0238575,1638298380,2021-11-30T18:53:00
0.0258026,0.0258026,0.0258026,0.0258026,1638298140,2021-11-30T18:49:00
0.0251782,0.0251782,0.0251782,0.0251782,1638298080,2021-11-30T18:48:00
0.032047,0.032047,0.0251515,0.0251515,1638297420,2021-11-30T18:37:00
0.0267771,0.0267771,0.0267771,0.0267771,1638297360,2021-11-30T18:36:00
0.0162689,0.0162689,0.0162689,0.0162689,1638297060,2021-11-30T18:31:00
0.0126843,0.0126843,0.0126843,0.0126843,1638297000,2021-11-30T18:30:00
0.0099389,0.0099389,0.0099389,0.0099389,1638296940,2021-11-30T18:29:00
0.0120842,0.0120842,0.0120842,0.0120842,1638296880,2021-11-30T18:28:00
0.0161724,0.0161724,0.0161724,0.0161724,1638296760,2021-11-30T18:26:00
0.0131557,0.0131557,0.0131557,0.0131557,1638296340,2021-11-30T18:19:00
0.0139997,0.0139997,0.0111786,0.0111786,1638296280,2021-11-30T18:18:00
0.0147344,0.0147344,0.0147344,0.0147344,1638296160,2021-11-30T18:16:00
0.0196261,0.0196261,0.0150458,0.0150458,1638296100,2021-11-30T18:15:00
0.0212399,0.0212399,0.0212399,0.0212399,1638295980,2021-11-30T18:13:00
0.0260013,0.0260013,0.0216551,0.0216551,1638295560,2021-11-30T18:06:00
0.0263676,0.0263676,0.0263676,0.0263676,1638295500,2021-11-30T18:05:00
0.0275895,0.0276012,0.0275895,0.0276012,1638295380,2021-11-30T18:03:00
0.023212,0.023212,0.023212,0.023212,1638294840,2021-11-30T17:54:00
0.0222289,0.0222289,0.0222289,0.0222289,1638293940,2021-11-30T17:39:00
0.023807,0.023807,0.023807,0.023807,1638293760,2021-11-30T17:36:00
0.0242256,0.0242256,0.0242256,0.0242256,1638293400,2021-11-30T17:30:00
0.0167479,0.019687,0.0167479,0.019687,1638293160,2021-11-30T17:26:00
0.0198668,0.0198668,0.0198668,0.0198668,1638292740,2021-11-30T17:19:00
0.026854,0.026854,0.026854,0.026854,1638292620,2021-11-30T17:17:00
0.0261341,0.0261341,0.0261341,0.0261341,1638292500,2021-11-30T17:15:00
0.0217673,0.0217673,0.0217673,0.0217673,1638292380,2021-11-30T17:13:00
0.0217618,0.0217618,0.0217618,0.0217618,1638291900,2021-11-30T17:05:00
0.0218123,0.0218123,0.0218123,0.0218123,1638291840,2021-11-30T17:04:00
0.0179775,0.0179775,0.0179775,0.0179775,1638291780,2021-11-30T17:03:00
0.0128232,0.0128232,0.0128232,0.0128232,1638291720,2021-11-30T17:02:00
0.00992671,0.00992671,0.00992671,0.00992671,1638291660,2021-11-30T17:01:00
0.0151312,0.0151312,0.0151312,0.0151312,1638291420,2021-11-30T16:57:00
0.022877,0.022877,0.022877,0.022877,1638290820,2021-11-30T16:47:00
0.0232955,0.0232955,0.0232955,0.0232955,1638290760,2021-11-30T16:46:00
0.0239162,0.0239162,0.0239162,0.0239162,1638290520,2021-11-30T16:42:00
0.0236589,0.0241346,0.0236589,0.0241346,1638290160,2021-11-30T16:36:00
0.0248977,0.0248977,0.0248977,0.0248977,1638290040,2021-11-30T16:34:00
0.0217446,0.0217446,0.0217446,0.0217446,1638289680,2021-11-30T16:28:00
0.022714,0.022714,0.022714,0.022714,1638289320,2021-11-30T16:22:00
0.0293773,0.0293773,0.0293773,0.0293773,1638289020,2021-11-30T16:17:00
0.0305466,0.0305466,0.0305466,0.0305466,1638288960,2021-11-30T16:16:00
0.0305018,0.0305018,0.0305018,0.0305018,1638288480,2021-11-30T16:08:00
0.0296082,0.0296082,0.0296082,0.0296082,1638288420,2021-11-30T16:07:00
0.0283225,0.0283225,0.0283225,0.0283225,1638288180,2021-11-30T16:03:00
0.0273779,0.0273779,0.0273779,0.0273779,1638288120,2021-11-30T16:02:00
0.0267544,0.0267544,0.0267544,0.0267544,1638287940,2021-11-30T15:59:00
0.0197114,0.0197114,0.0197114,0.0197114,1638287880,2021-11-30T15:58:00
0.0213916,0.0213916,0.0213916,0.0213916,1638287640,2021-11-30T15:54:00
0.0205562,0.0205562,0.0205562,0.0205562,1638287460,2021-11-30T15:51:00
0.0233397,0.0233397,0.0233397,0.0233397,1638287280,2021-11-30T15:48:00
0.0193758,0.0193758,0.0193758,0.0193758,1638287100,2021-11-30T15:45:00
0.0190253,0.0190253,0.0190253,0.0190253,1638286740,2021-11-30T15:39:00
0.030713,0.030713,0.0247867,0.0247867,1638285420,2021-11-30T15:17:00
0.0354131,0.0354131,0.0354131,0.0354131,1638285300,2021-11-30T15:15:00
0.0270477,0.0270477,0.0270477,0.0270477,1638285180,2021-11-30T15:13:00
0.0176256,0.0176256,0.0176256,0.0176256,1638284520,2021-11-30T15:02:00
0.0187004,0.0187004,0.0187004,0.0187004,1638284160,2021-11-30T14:56:00
0.0230942,0.0230942,0.0227616,0.0227616,1638283980,2021-11-30T14:53:00
0.0229278,0.0229278,0.0229278,0.0229278,1638282960,2021-11-30T14:36:00
0.0230756,0.0230756,0.0230756,0.0230756,1638282900,2021-11-30T14:35:00
0.0229317,0.0229317,0.0229317,0.0229317,1638282660,2021-11-30T14:31:00
0.0216142,0.0216142,0.0216142,0.0216142,1638281220,2021-11-30T14:07:00
0.0169677,0.0169677,0.0169677,0.0169677,1638280740,2021-11-30T13:59:00
0.0174326,0.0174326,0.0174326,0.0174326,1638280620,2021-11-30T13:57:00
0.0216536,0.0216536,0.0216536,0.0216536,1638279120,2021-11-30T13:32:00
0.0212073,0.0212073,0.0212073,0.0212073,1638277980,2021-11-30T13:13:00
0.0217397,0.0217397,0.0217397,0.0217397,1638277740,2021-11-30T13:09:00
0.0225396,0.0225396,0.0225396,0.0225396,1638277620,2021-11-30T13:07:00
0.021401,0.021401,0.021401,0.021401,1638277440,2021-11-30T13:04:00
0.0245855,0.0245855,0.0245855,0.0245855,1638277140,2021-11-30T12:59:00
0.0245532,0.0245532,0.0245532,0.0245532,1638276660,2021-11-30T12:51:00
0.0207845,0.0207845,0.0207845,0.0207845,1638276300,2021-11-30T12:45:00
0.0203689,0.0203689,0.0203689,0.0203689,1638275880,2021-11-30T12:38:00
0.0203522,0.0203522,0.0203522,0.0203522,1638275820,2021-11-30T12:37:00
0.0201903,0.0201903,0.0201903,0.0201903,1638275700,2021-11-30T12:35:00
0.0202605,0.0202605,0.0202605,0.0202605,1638275640,2021-11-30T12:34:00
0.0188152,0.0188152,0.0188152,0.0188152,1638275160,2021-11-30T12:26:00
0.0185161,0.0185161,0.0185161,0.0185161,1638275100,2021-11-30T12:25:00
0.0205038,0.0205038,0.0205038,0.0205038,1638274920,2021-11-30T12:22:00
0.0189217,0.0189217,0.0189217,0.0189217,1638274860,2021-11-30T12:21:00
0.0163102,0.0163102,0.0163102,0.0163102,1638274800,2021-11-30T12:20:00
0.0158711,0.0158711,0.0158711,0.0158711,1638274740,2021-11-30T12:19:00
0.0188315,0.0188315,0.0188315,0.0188315,1638274620,2021-11-30T12:17:00
0.024307,0.024307,0.024307,0.024307,1638274560,2021-11-30T12:16:00
0.0251306,0.0251306,0.0251306,0.0251306,1638274500,2021-11-30T12:15:00
0.0254781,0.0254781,0.0254781,0.0254781,1638274320,2021-11-30T12:12:00
0.0258811,0.0258811,0.0258811,0.0258811,1638274140,2021-11-30T12:09:00
0.0212527,0.0212527,0.0212527,0.0212527,1638274020,2021-11-30T12:07:00
0.0175952,0.0175952,0.0175952,0.0175952,1638273900,2021-11-30T12:05:00
0.0149223,0.0149223,0.0149223,0.0149223,1638273660,2021-11-30T12:01:00
0.015793,0.015793,0.015793,0.015793,1638273600,2021-11-30T12:00:00
0.0176986,0.0176986,0.0176986,0.0176986,1638273540,2021-11-30T11:59:00
0.0191777,0.0191777,0.0191777,0.0191777,1638273420,2021-11-30T11:57:00
0.0206487,0.0206487,0.0206487,0.0206487,1638272340,2021-11-30T11:39:00
0.0219003,0.0219003,0.0219003,0.0219003,1638272280,2021-11-30T11:38:00
0.027619,0.027619,0.027619,0.027619,1638271920,2021-11-30T11:32:00
0.0324582,0.0324582,0.0324582,0.0324582,1638271740,2021-11-30T11:29:00
0.0309348,0.0309348,0.0309348,0.0309348,1638271560,2021-11-30T11:26:00
0.0244372,0.0244372,0.0244372,0.0244372,1638271440,2021-11-30T11:24:00
0.0250174,0.0250174,0.0250174,0.0250174,1638271260,2021-11-30T11:21:00
0.0255461,0.0255461,0.0255461,0.0255461,1638271200,2021-11-30T11:20:00
0.023303,0.023303,0.023303,0.023303,1638270300,2021-11-30T11:05:00
0.0232115,0.0232115,0.0232115,0.0232115,1638268920,2021-11-30T10:42:00
0.0247907,0.0247907,0.0247907,0.0247907,1638268560,2021-11-30T10:36:00
0.0292338,0.0292338,0.0292338,0.0292338,1638268140,2021-11-30T10:29:00
0.0262867,0.0262867,0.0262867,0.0262867,1638267900,2021-11-30T10:25:00
0.0235294,0.0235294,0.0235294,0.0235294,1638267660,2021-11-30T10:21:00
0.0229953,0.0229953,0.0229953,0.0229953,1638267120,2021-11-30T10:12:00
0.0201878,0.0201878,0.0201878,0.0201878,1638266460,2021-11-30T10:01:00
0.0218403,0.0218403,0.0218403,0.0218403,1638265860,2021-11-30T09:51:00
0.0259139,0.0259139,0.0259139,0.0259139,1638265260,2021-11-30T09:41:00
0.024466,0.024466,0.024466,0.024466,1638265200,2021-11-30T09:40:00
0.0209133,0.0209133,0.0209133,0.0209133,1638264900,2021-11-30T09:35:00
0.0207579,0.0207579,0.0207579,0.0207579,1638264480,2021-11-30T09:28:00
0.020854,0.020854,0.020854,0.020854,1638264420,2021-11-30T09:27:00
0.0219863,0.0219863,0.0219863,0.0219863,1638264240,2021-11-30T09:24:00
0.0218967,0.0218967,0.0218967,0.0218967,1638264000,2021-11-30T09:20:00
0.0188615,0.0188615,0.0188615,0.0188615,1638263940,2021-11-30T09:19:00
0.0173366,0.0173366,0.0173366,0.0173366,1638263820,2021-11-30T09:17:00
0.0148863,0.0148863,0.0148863,0.0148863,1638263760,2021-11-30T09:16:00
0.0149321,0.0149321,0.0149321,0.0149321,1638263640,2021-11-30T09:14:00
0.018364,0.018364,0.018364,0.018364,1638263520,2021-11-30T09:12:00
0.0226473,0.0226473,0.0226473,0.0226473,1638262680,2021-11-30T08:58:00
0.0196981,0.0196981,0.0196981,0.0196981,1638261660,2021-11-30T08:41:00
0.0221367,0.0221367,0.0221367,0.0221367,1638261480,2021-11-30T08:38:00
0.0265253,0.0265253,0.0265253,0.0265253,1638261300,2021-11-30T08:35:00
0.0278946,0.0278946,0.0278946,0.0278946,1638261000,2021-11-30T08:30:00
0.0278405,0.0278405,0.0278405,0.0278405,1638260580,2021-11-30T08:23:00
0.0276671,0.0276671,0.0276671,0.0276671,1638260460,2021-11-30T08:21:00
0.0278077,0.0278077,0.0278077,0.0278077,1638260160,2021-11-30T08:16:00
0.0302673,0.0302673,0.0302673,0.0302673,1638258840,2021-11-30T07:54:00
0.0303782,0.0303782,0.0303782,0.0303782,1638258720,2021-11-30T07:52:00
0.0239924,0.0239924,0.0239924,0.0239924,1638258300,2021-11-30T07:45:00
0.0197882,0.0197882,0.0197882,0.0197882,1638258120,2021-11-30T07:42:00
0.0185772,0.0185772,0.0185772,0.0185772,1638257820,2021-11-30T07:37:00
0.0219308,0.0219308,0.0219308,0.0219308,1638257760,2021-11-30T07:36:00
0.0215823,0.0215823,0.0215823,0.0215823,1638256860,2021-11-30T07:21:00
0.0214342,0.0214342,0.0214342,0.0214342,1638255540,2021-11-30T06:59:00
0.0178302,0.0178302,0.0178302,0.0178302,1638255000,2021-11-30T06:50:00
0.0146009,0.0146009,0.0146009,0.0146009,1638254760,2021-11-30T06:46:00
0.0141043,0.0141043,0.0141043,0.0141043,1638254580,2021-11-30T06:43:00
0.015266,0.015266,0.015266,0.015266,1638254520,2021-11-30T06:42:00
0.0175168,0.0175168,0.0175168,0.0175168,1638254460,2021-11-30T06:41:00
0.0198652,0.0198652,0.0198652,0.0198652,1638254340,2021-11-30T06:39:00
0.0210647,0.0210647,0.0210647,0.0210647,1638254220,2021-11-30T06:37:00
0.0250915,0.0250915,0.0250915,0.0250915,1638253860,2021-11-30T06:31:00
0.0192207,0.0192207,0.0192207,0.0192207,1638253620,2021-11-30T06:27:00
0.0212652,0.0212652,0.0212652,0.0212652,1638253560,2021-11-30T06:26:00
0.0226493,0.0226493,0.0226493,0.0226493,1638253380,2021-11-30T06:23:00
0.0189302,0.0194368,0.0189302,0.0194368,1638253320,2021-11-30T06:22:00
0.0198,0.0198,0.0198,0.0198,1638253200,2021-11-30T06:20:00
0.0219624,0.0219624,0.0219624,0.0219624,1638252960,2021-11-30T06:16:00
0.0205028,0.0205028,0.0205028,0.0205028,1638252840,2021-11-30T06:14:00
0.0214443,0.0214443,0.0214443,0.0214443,1638252780,2021-11-30T06:13:00
0.025929,0.025929,0.025929,0.025929,1638252720,2021-11-30T06:12:00
0.0321321,0.0321321,0.0310895,0.0310895,1638252660,2021-11-30T06:11:00
0.027659,0.027659,0.027659,0.027659,1638252420,2021-11-30T06:07:00
0.0277944,0.0277944,0.0277944,0.0277944,1638252300,2021-11-30T06:05:00
0.0315894,0.0315894,0.0281932,0.0281932,1638252180,2021-11-30T06:03:00
0.0354614,0.0417202,0.0352716,0.0417202,1638252120,2021-11-30T06:02:00
0.0363298,0.0363298,0.0363298,0.0363298,1638251880,2021-11-30T05:58:00
0.0309447,0.0309447,0.0309447,0.0309447,1638251760,2021-11-30T05:56:00
0.032595,0.032595,0.032595,0.032595,1638251640,2021-11-30T05:54:00
0.0352206,0.0369209,0.0352206,0.0369209,1638251460,2021-11-30T05:51:00
0.0385411,0.0385411,0.034005,0.034005,1638251400,2021-11-30T05:50:00
0.029153,0.029153,0.029153,0.029153,1638251340,2021-11-30T05:49:00
0.0271137,0.0271137,0.0271137,0.0271137,1638251280,2021-11-30T05:48:00
0.0302926,0.0302926,0.0302926,0.0302926,1638251220,2021-11-30T05:47:00
0.0376673,0.0376673,0.0376673,0.0376673,1638250920,2021-11-30T05:42:00
0.0335498,0.0381479,0.0335498,0.0381479,1638250860,2021-11-30T05:41:00
0.0359027,0.0359027,0.0318769,0.0318769,1638250380,2021-11-30T05:33:00
0.0264583,0.0264583,0.0264583,0.0264583,1638250320,2021-11-30T05:32:00
0.0303337,0.0305116,0.0303337,0.0305116,1638250260,2021-11-30T05:31:00
0.0298684,0.0298684,0.0298684,0.0298684,1638250200,2021-11-30T05:30:00
0.0366499,0.0366499,0.0366499,0.0366499,1638250080,2021-11-30T05:28:00
0.0429589,0.0429589,0.0429589,0.0429589,1638249960,2021-11-30T05:26:00
0.0529626,0.0529626,0.0529626,0.0529626,1638249840,2021-11-30T05:24:00
0.043267,0.138734,0.043267,0.138734,1638249780,2021-11-30T05:23:00
0.0238992,0.031268,0.0238992,0.031268,1638249660,2021-11-30T05:21:00
0.0245726,0.0245726,0.0207912,0.0207912,1638249600,2021-11-30T05:20:00
0.0266639,0.0266639,0.0266639,0.0266639,1638249420,2021-11-30T05:17:00
0.0189828,0.0215183,0.0189828,0.0215183,1638249300,2021-11-30T05:15:00
0.0222576,0.0222576,0.0222576,0.0222576,1638249240,2021-11-30T05:14:00
0.030035,0.030035,0.030035,0.030035,1638249120,2021-11-30T05:12:00
0.0382835,0.0382835,0.0382835,0.0382835,1638248760,2021-11-30T05:06:00
0.0466717,0.0466717,0.0440071,0.0440071,1638248220,2021-11-30T04:57:00
0.0444459,0.0444459,0.0444459,0.0444459,1638248160,2021-11-30T04:56:00
0.0381379,0.0381379,0.0381379,0.0381379,1638248100,2021-11-30T04:55:00
0.0354765,0.0354765,0.0331175,0.0331175,1638247980,2021-11-30T04:53:00
0.0302577,0.0302577,0.0302577,0.0302577,1638247860,2021-11-30T04:51:00
0.0261873,0.0261873,0.0261873,0.0261873,1638247740,2021-11-30T04:49:00
0.0289388,0.0289388,0.0289388,0.0289388,1638247440,2021-11-30T04:44:00
0.0310173,0.0310173,0.0310173,0.0310173,1638247260,2021-11-30T04:41:00
0.0426222,0.0432716,0.0426222,0.0432716,1638247200,2021-11-30T04:40:00
0.0396099,0.0396099,0.0396099,0.0396099,1638247020,2021-11-30T04:37:00
0.0228144,0.0339992,0.0228144,0.0339992,1638246960,2021-11-30T04:36:00
0.0149029,0.0186518,0.0149029,0.0186518,1638246900,2021-11-30T04:35:00
0.0179,0.0179,0.0179,0.0179,1638246840,2021-11-30T04:34:00
0.0239691,0.0239691,0.0155047,0.0155047,1638246780,2021-11-30T04:33:00
0.0229594,0.0381444,0.0229594,0.0381444,1638246600,2021-11-30T04:30:00
0.0268713,0.0268713,0.0268713,0.0268713,1638246540,2021-11-30T04:29:00
0.0364678,0.0364678,0.0364678,0.0364678,1638246480,2021-11-30T04:28:00
0.0477362,0.0477362,0.0477362,0.0477362,1638246360,2021-11-30T04:26:00
0.06575,0.06575,0.06575,0.06575,1638246300,2021-11-30T04:25:00
0.0949399,0.0949399,0.0949399,0.0949399,1638246240,2021-11-30T04:24:00
0.0484739,0.0484739,0.0484739,0.0484739,1638246180,2021-11-30T04:23:00
0.043649,0.043649,0.043649,0.043649,1638245940,2021-11-30T04:19:00
0.0424645,0.0424645,0.0424645,0.0424645,1638245820,2021-11-30T04:17:00
0.0234998,0.0234998,0.0234998,0.0234998,1638245700,2021-11-30T04:15:00
0.0244868,0.0244868,0.0244868,0.0244868,1638245640,2021-11-30T04:14:00
0.0292069,0.0292069,0.0292069,0.0292069,1638245460,2021-11-30T04:11:00
0.0219685,0.0219685,0.0219685,0.0219685,1638244980,2021-11-30T04:03:00
0.0251538,0.0251538,0.0251538,0.0251538,1638244800,2021-11-30T04:00:00
0.0293727,0.0293727,0.0293727,0.0293727,1638244500,2021-11-30T03:55:00
0.0243381,0.0243381,0.0243381,0.0243381,1638244380,2021-11-30T03:53:00
0.0245004,0.0245004,0.0245004,0.0245004,1638243840,2021-11-30T03:44:00
0.0236235,0.0236235,0.0236235,0.0236235,1638243720,2021-11-30T03:42:00
0.0224197,0.0224197,0.0224197,0.0224197,1638243600,2021-11-30T03:40:00
0.0217865,0.0217865,0.0217865,0.0217865,1638243180,2021-11-30T03:33:00
0.0181943,0.0181943,0.0181943,0.0181943,1638242940,2021-11-30T03:29:00
0.0149472,0.0149472,0.0149472,0.0149472,1638242820,2021-11-30T03:27:00
0.0173569,0.0173569,0.0173569,0.0173569,1638242700,2021-11-30T03:25:00
0.0209576,0.0209576,0.0209576,0.0209576,1638242580,2021-11-30T03:23:00
0.019457,0.019457,0.019457,0.019457,1638242520,2021-11-30T03:22:00
0.023418,0.023418,0.023418,0.023418,1638242400,2021-11-30T03:20:00
0.0301355,0.0301355,0.0301355,0.0301355,1638242340,2021-11-30T03:19:00
0.0311765,0.0311765,0.0311765,0.0311765,1638242280,2021-11-30T03:18:00
0.0296696,0.0296696,0.0296696,0.0296696,1638242160,2021-11-30T03:16:00
0.0699171,0.0699171,0.0499551,0.0499551,1638242040,2021-11-30T03:14:00
0.0726679,0.0726679,0.0726679,0.0726679,1638241980,2021-11-30T03:13:00
0.0730646,0.0730646,0.0730646,0.0730646,1638241920,2021-11-30T03:12:00
0.0545513,0.0545513,0.0545513,0.0545513,1638241800,2021-11-30T03:10:00
0.0413417,0.0413417,0.0413417,0.0413417,1638241680,2021-11-30T03:08:00
0.0319543,0.0319543,0.0319543,0.0319543,1638241620,2021-11-30T03:07:00
0.0248166,0.0248166,0.0248166,0.0248166,1638241440,2021-11-30T03:04:00
0.0189822,0.0189822,0.0189822,0.0189822,1638241080,2021-11-30T02:58:00
0.0141159,0.0141159,0.0141159,0.0141159,1638241020,2021-11-30T02:57:00
0.01086,0.01086,0.01086,0.01086,1638240840,2021-11-30T02:54:00
0.00881705,0.00881705,0.00881705,0.00881705,1638240480,2021-11-30T02:48:00
0.0150683,0.0150683,0.0150683,0.0150683,1638240360,2021-11-30T02:46:00
0.0242138,0.0242138,0.0242138,0.0242138,1638240300,2021-11-30T02:45:00
0.0262577,0.0262577,0.0262577,0.0262577,1638240180,2021-11-30T02:43:00
0.027981,0.027981,0.027981,0.027981,1638239880,2021-11-30T02:38:00
0.0198996,0.0198996,0.0198996,0.0198996,1638239220,2021-11-30T02:27:00
0.0341135,0.0341135,0.0266943,0.0266943,1638239100,2021-11-30T02:25:00
0.0314178,0.0314178,0.0314178,0.0314178,1638238800,2021-11-30T02:20:00
0.0355993,0.0355993,0.0327668,0.0327668,1638238680,2021-11-30T02:18:00
0.0386896,0.0386896,0.0386896,0.0386896,1638238560,2021-11-30T02:16:00
0.0296171,0.0296171,0.0296171,0.0296171,1638238440,2021-11-30T02:14:00
0.0293398,0.0293398,0.0289347,0.0289347,1638238260,2021-11-30T02:11:00
0.0251415,0.0251415,0.0251415,0.0251415,1638238200,2021-11-30T02:10:00
0.022402,0.022402,0.022402,0.022402,1638238080,2021-11-30T02:08:00
0.0183865,0.0183865,0.0183865,0.0183865,1638237840,2021-11-30T02:04:00
0.0247681,0.0247681,0.0247681,0.0247681,1638237720,2021-11-30T02:02:00
0.0287746,0.0287746,0.0287746,0.0287746,1638237360,2021-11-30T01:56:00
0.0213335,0.0213335,0.0213335,0.0213335,1638237300,2021-11-30T01:55:00
0.0193482,0.0193482,0.0193482,0.0193482,1638237180,2021-11-30T01:53:00
0.0162441,0.0162441,0.0162441,0.0162441,1638237000,2021-11-30T01:50:00
0.0122167,0.0122167,0.0122167,0.0122167,1638236640,2021-11-30T01:44:00
0.00906032,0.00906032,0.00906032,0.00906032,1638236460,2021-11-30T01:41:00
0.00689255,0.00689255,0.00689255,0.00689255,1638236100,2021-11-30T01:35:00
0.0054483,0.0054483,0.0054483,0.0054483,1638236040,2021-11-30T01:34:00
0.0136133,0.0136133,0.0136133,0.0136133,1638235920,2021-11-30T01:32:00
0.0138902,0.0138902,0.0138902,0.0138902,1638235500,2021-11-30T01:25:00
0.0111505,0.0111505,0.0111505,0.0111505,1638234480,2021-11-30T01:08:00
0.0116567,0.0116567,0.0116567,0.0116567,1638233160,2021-11-30T00:46:00
0.0130343,0.0130343,0.0130343,0.0130343,1638232500,2021-11-30T00:35:00
0.0150735,0.0150735,0.0150735,0.0150735,1638232320,2021-11-30T00:32:00
0.0148642,0.0148642,0.0148642,0.0148642,1638225240,2021-11-29T22:34:00
0.0168079,0.0168079,0.0168079,0.0168079,1638225180,2021-11-29T22:33:00
0.0287541,0.0287541,0.0287541,0.0287541,1638224460,2021-11-29T22:21:00
0.0156473,0.0156473,0.0156473,0.0156473,1638219240,2021-11-29T20:54:00
0.0148085,0.0148085,0.0148085,0.0148085,1638218520,2021-11-29T20:42:00
0.0165204,0.0165204,0.0165204,0.0165204,1638217920,2021-11-29T20:32:00
0.0186775,0.0186775,0.0186775,0.0186775,1638215520,2021-11-29T19:52:00
0.0181661,0.0181661,0.0181661,0.0181661,1638213420,2021-11-29T19:17:00
0.0144446,0.0144446,0.0144446,0.0144446,1638208740,2021-11-29T17:59:00
0.0153097,0.0153097,0.0153097,0.0153097,1638208560,2021-11-29T17:56:00
0.0148086,0.0148086,0.0148086,0.0148086,1638207300,2021-11-29T17:35:00
0.0174479,0.0174479,0.0174479,0.0174479,1638207180,2021-11-29T17:33:00
0.0194336,0.0194336,0.0194336,0.0194336,1638205680,2021-11-29T17:08:00
0.0179102,0.0179102,0.0179102,0.0179102,1638205320,2021-11-29T17:02:00
0.0226223,0.0226223,0.0226223,0.0226223,1638190740,2021-11-29T12:59:00
0.0289613,0.0289613,0.0289613,0.0289613,1638178140,2021-11-29T09:29:00
0.0299679,0.0299679,0.0299679,0.0299679,1638175920,2021-11-29T08:52:00
0.0301552,0.0301552,0.0301552,0.0301552,1638175260,2021-11-29T08:41:00
0.0385648,0.0385648,0.0385648,0.0385648,1638175080,2021-11-29T08:38:00
0.038759,0.038759,0.038759,0.038759,1638174540,2021-11-29T08:29:00
0.0290304,0.0290304,0.0290304,0.0290304,1638174300,2021-11-29T08:25:00
0.0262036,0.0262036,0.0262036,0.0262036,1638173640,2021-11-29T08:14:00
0.0305517,0.0305517,0.0305517,0.0305517,1638172860,2021-11-29T08:01:00
0.0383069,0.0383069,0.0383069,0.0383069,1638172740,2021-11-29T07:59:00
0.0418115,0.0418115,0.0418115,0.0418115,1638171780,2021-11-29T07:43:00
0.0357123,0.0357123,0.0357123,0.0357123,1638171660,2021-11-29T07:41:00
0.0359594,0.0359594,0.0359594,0.0359594,1638170100,2021-11-29T07:15:00
0.0349286,0.0349286,0.0349286,0.0349286,1638168600,2021-11-29T06:50:00
0.0268669,0.0268669,0.0268669,0.0268669,1638168300,2021-11-29T06:45:00
0.0227766,0.0227766,0.0227766,0.0227766,1638167700,2021-11-29T06:35:00
0.0475449,0.0475449,0.0279591,0.0279591,1638167580,2021-11-29T06:33:00
0.0584661,0.0584661,0.0584661,0.0584661,1638167460,2021-11-29T06:31:00
0.0638174,0.0638174,0.0638174,0.0638174,1638166620,2021-11-29T06:17:00
0.085741,0.085741,0.085741,0.085741,1638166500,2021-11-29T06:15:00
0.111553,0.111553,0.111553,0.111553,1638166440,2021-11-29T06:14:00
0.147497,0.147497,0.147497,0.147497,1638166380,2021-11-29T06:13:00
0.148676,0.148676,0.148676,0.148676,1638165840,2021-11-29T06:04:00
0.132803,0.140208,0.132803,0.140208,1638165480,2021-11-29T05:58:00
0.102368,0.102368,0.102368,0.102368,1638165300,2021-11-29T05:55:00
0.137473,0.137473,0.137473,0.137473,1638165240,2021-11-29T05:54:00
36.2323,36.2323,36.2323,36.2323,1638165000,2021-11-29T05:50:00
0.581889,0.581889,0.581889,0.581889,1638164940,2021-11-29T05:49:00
0.948435,0.948435,0.0871002,0.0871002,1638164820,2021-11-29T05:47:00
0.288411,0.288411,0.288411,0.288411,1638164460,2021-11-29T05:41:00
0.0892547,0.0892547,0.0892547,0.0892547,1638163920,2021-11-29T05:32:00
0.217823,0.217823,0.217823,0.217823,1638163800,2021-11-29T05:30:00
