price_open,price_high,price_low,price_close,timestamp,date
0.427618,0.427618,0.427618,0.427618,1680589320,2023-04-04T06:22:00
0.42791,0.42791,0.42791,0.42791,1680562260,2023-04-03T22:51:00
0.422845,0.422845,0.422845,0.422845,1680562200,2023-04-03T22:50:00
0.414213,0.414213,0.414213,0.414213,1680549540,2023-04-03T19:19:00
0.424522,0.424522,0.424522,0.424522,1680547680,2023-04-03T18:48:00
0.433796,0.433796,0.433796,0.433796,1680512880,2023-04-03T09:08:00
0.433317,0.433317,0.433317,0.433317,1680501180,2023-04-03T05:53:00
0.433927,0.433927,0.433927,0.433927,1680440460,2023-04-02T13:01:00
0.432295,0.432295,0.432295,0.432295,1680406560,2023-04-02T03:36:00
0.42474,0.42474,0.42474,0.42474,1680402120,2023-04-02T02:22:00
0.411608,0.411608,0.411608,0.411608,1680381600,2023-04-01T20:40:00
0.414083,0.414083,0.414083,0.414083,1680378120,2023-04-01T19:42:00
0.412494,0.412494,0.412494,0.412494,1680377700,2023-04-01T19:35:00
0.423244,0.423244,0.423244,0.423244,1680371940,2023-04-01T17:59:00
0.434999,0.434999,0.434999,0.434999,1680370920,2023-04-01T17:42:00
0.446334,0.446334,0.446334,0.446334,1680370680,2023-04-01T17:38:00
0.438389,0.438389,0.438389,0.438389,1680370440,2023-04-01T17:34:00
0.425297,0.425297,0.425297,0.425297,1680369240,2023-04-01T17:14:00
0.431395,0.431395,0.431395,0.431395,1680368520,2023-04-01T17:02:00
0.431914,0.431914,0.431914,0.431914,1680368460,2023-04-01T17:01:00
0.442261,0.442261,0.442261,0.442261,1680368400,2023-04-01T17:00:00
0.455769,0.455769,0.455769,0.455769,1680368280,2023-04-01T16:58:00
0.466419,0.466419,0.466419,0.466419,1680356520,2023-04-01T13:42:00
0.461703,0.461703,0.461703,0.461703,1680313560,2023-04-01T01:46:00
0.478647,0.478647,0.478647,0.478647,1680279780,2023-03-31T16:23:00
0.48441,0.48441,0.48441,0.48441,1680272040,2023-03-31T14:14:00
0.464219,0.464219,0.464219,0.464219,1680258240,2023-03-31T10:24:00
0.469251,0.469251,0.469251,0.469251,1680223140,2023-03-31T00:39:00
0.454917,0.454917,0.454917,0.454917,1680209580,2023-03-30T20:53:00
0.447087,0.447087,0.447087,0.447087,1680209400,2023-03-30T20:50:00
0.458793,0.458793,0.458793,0.458793,1680201060,2023-03-30T18:31:00
0.467772,0.467772,0.467772,0.467772,1680201000,2023-03-30T18:30:00
0.461491,0.461491,0.461491,0.461491,1680200940,2023-03-30T18:29:00
0.45758,0.45758,0.45758,0.45758,1680166080,2023-03-30T08:48:00
0.478257,0.478257,0.478257,0.478257,1680161940,2023-03-30T07:39:00
0.478066,0.478066,0.478066,0.478066,1680158280,2023-03-30T06:38:00
0.479995,0.479995,0.479995,0.479995,1680122640,2023-03-29T20:44:00
0.490821,0.490821,0.490821,0.490821,1680115740,2023-03-29T18:49:00
0.479401,0.479401,0.479401,0.479401,1680080820,2023-03-29T09:07:00
0.478757,0.482218,0.478757,0.482218,1680079380,2023-03-29T08:43:00
0.476186,0.476186,0.476186,0.476186,1680071280,2023-03-29T06:28:00
0.468391,0.468391,0.468391,0.468391,1680048180,2023-03-29T00:03:00
0.460725,0.460725,0.460725,0.460725,1679958720,2023-03-27T23:12:00
0.463608,0.463608,0.463608,0.463608,1679954760,2023-03-27T22:06:00
0.475644,0.475644,0.475644,0.475644,1679920800,2023-03-27T12:40:00
0.470175,0.470175,0.470175,0.470175,1679887200,2023-03-27T03:20:00
0.484151,0.484151,0.484151,0.484151,1679834760,2023-03-26T12:46:00
0.463807,0.463807,0.463807,0.463807,1679810460,2023-03-26T06:01:00
0.467459,0.467459,0.467459,0.467459,1679799000,2023-03-26T02:50:00
0.445387,0.445387,0.445387,0.445387,1679707980,2023-03-25T01:33:00
0.45172,0.45172,0.45172,0.45172,1679700600,2023-03-24T23:30:00
0.456537,0.456537,0.456537,0.456537,1679637060,2023-03-24T05:51:00
0.451357,0.451357,0.451357,0.451357,1679637000,2023-03-24T05:50:00
0.433857,0.433857,0.433857,0.433857,1679607720,2023-03-23T21:42:00
0.432339,0.432339,0.432339,0.432339,1679607000,2023-03-23T21:30:00
0.441574,0.441574,0.441574,0.441574,1679597100,2023-03-23T18:45:00
0.423773,0.423773,0.423773,0.423773,1679578860,2023-03-23T13:41:00
0.413872,0.413872,0.413872,0.413872,1679535420,2023-03-23T01:37:00
0.41515,0.41515,0.41515,0.41515,1679517840,2023-03-22T20:44:00
0.434153,0.434153,0.434153,0.434153,1679489160,2023-03-22T12:46:00
0.440708,0.440708,0.440708,0.440708,1679482800,2023-03-22T11:00:00
0.436989,0.436989,0.436989,0.436989,1679458800,2023-03-22T04:20:00
0.437101,0.437101,0.437101,0.437101,1679448360,2023-03-22T01:26:00
0.442416,0.442416,0.442416,0.442416,1679395740,2023-03-21T10:49:00
0.438885,0.438885,0.438885,0.438885,1679377680,2023-03-21T05:48:00
0.444085,0.444085,0.444085,0.444085,1679344080,2023-03-20T20:28:00
0.452984,0.452984,0.452984,0.452984,1679343480,2023-03-20T20:18:00
0.47127,0.47127,0.47127,0.47127,1679325240,2023-03-20T15:14:00
0.465719,0.465719,0.465719,0.465719,1679312460,2023-03-20T11:41:00
0.455413,0.455413,0.455413,0.455413,1679308860,2023-03-20T10:41:00
0.456769,0.456769,0.456769,0.456769,1679306700,2023-03-20T10:05:00
0.46059,0.46059,0.46059,0.46059,1679262240,2023-03-19T21:44:00
0.459035,0.459035,0.459035,0.459035,1679222100,2023-03-19T10:35:00
0.438975,0.438975,0.438975,0.438975,1679210580,2023-03-19T07:23:00
0.443902,0.443902,0.443902,0.443902,1679207940,2023-03-19T06:39:00
0.447109,0.447109,0.447109,0.447109,1679199600,2023-03-19T04:20:00
0.450793,0.450793,0.450793,0.450793,1679189100,2023-03-19T01:25:00
0.471532,0.471532,0.471532,0.471532,1679176920,2023-03-18T22:02:00
0.483837,0.483837,0.483837,0.483837,1679162580,2023-03-18T18:03:00
0.486968,0.486968,0.486968,0.486968,1679157600,2023-03-18T16:40:00
0.50577,0.50577,0.50577,0.50577,1679146860,2023-03-18T13:41:00
0.506956,0.506956,0.506956,0.506956,1679143740,2023-03-18T12:49:00
0.492655,0.492655,0.492655,0.492655,1679143560,2023-03-18T12:46:00
0.486873,0.486873,0.486873,0.486873,1679132640,2023-03-18T09:44:00
0.505321,0.505321,0.505321,0.505321,1679130360,2023-03-18T09:06:00
0.528277,0.528277,0.528277,0.528277,1679127240,2023-03-18T08:14:00
0.503789,0.503789,0.503789,0.503789,1679108580,2023-03-18T03:03:00
0.504585,0.504585,0.504585,0.504585,1679105520,2023-03-18T02:12:00
0.503968,0.503968,0.503968,0.503968,1679102280,2023-03-18T01:18:00
0.502122,0.502122,0.502122,0.502122,1679102160,2023-03-18T01:16:00
0.482131,0.482131,0.482131,0.482131,1679097180,2023-03-17T23:53:00
0.486434,0.486434,0.486434,0.486434,1679096880,2023-03-17T23:48:00
0.474249,0.474249,0.474249,0.474249,1679073240,2023-03-17T17:14:00
0.490826,0.490826,0.490826,0.490826,1679063940,2023-03-17T14:39:00
0.452485,0.452485,0.450078,0.450078,1679061420,2023-03-17T13:57:00
0.472733,0.472733,0.472733,0.472733,1679059980,2023-03-17T13:33:00
0.487004,0.487004,0.487004,0.487004,1679059020,2023-03-17T13:17:00
0.458058,0.458058,0.458058,0.458058,1679035140,2023-03-17T06:39:00
0.466159,0.466159,0.466159,0.466159,1679032920,2023-03-17T06:02:00
0.435548,0.435548,0.435548,0.435548,1679005320,2023-03-16T22:22:00
0.432727,0.432727,0.432727,0.432727,1679002020,2023-03-16T21:27:00
0.443999,0.443999,0.443999,0.443999,1678995600,2023-03-16T19:40:00
0.43761,0.43761,0.43761,0.43761,1678990380,2023-03-16T18:13:00
0.42389,0.42389,0.42389,0.42389,1678976640,2023-03-16T14:24:00
0.428249,0.428249,0.428249,0.428249,1678965420,2023-03-16T11:17:00
0.432187,0.432187,0.432187,0.432187,1678965180,2023-03-16T11:13:00
0.438415,0.438415,0.438415,0.438415,1678964640,2023-03-16T11:04:00
0.434711,0.434711,0.434711,0.434711,1678964580,2023-03-16T11:03:00
0.424992,0.424992,0.424992,0.424992,1678933260,2023-03-16T02:21:00
0.434007,0.434007,0.434007,0.434007,1678901580,2023-03-15T17:33:00
0.419971,0.419971,0.419971,0.419971,1678863780,2023-03-15T07:03:00
0.413322,0.413322,0.413322,0.413322,1678861020,2023-03-15T06:17:00
0.408681,0.408681,0.408681,0.408681,1678860600,2023-03-15T06:10:00
0.397911,0.397911,0.397911,0.397911,1678860540,2023-03-15T06:09:00
0.392008,0.392008,0.392008,0.392008,1678807980,2023-03-14T15:33:00
0.390762,0.390762,0.390762,0.390762,1678802040,2023-03-14T13:54:00
0.380846,0.380846,0.380846,0.380846,1678794120,2023-03-14T11:42:00
0.378698,0.378698,0.378698,0.378698,1678777800,2023-03-14T07:10:00
0.369683,0.369683,0.369683,0.369683,1678769580,2023-03-14T04:53:00
0.362911,0.362911,0.362911,0.362911,1678768680,2023-03-14T04:38:00
0.362842,0.362842,0.362842,0.362842,1678768620,2023-03-14T04:37:00
0.381752,0.381752,0.381752,0.381752,1678768380,2023-03-14T04:33:00
0.395491,0.395491,0.395491,0.395491,1678762380,2023-03-14T02:53:00
0.388792,0.388792,0.388792,0.388792,1678762320,2023-03-14T02:52:00
0.395475,0.395475,0.395475,0.395475,1678738140,2023-03-13T20:09:00
0.407029,0.409201,0.407029,0.409201,1678732920,2023-03-13T18:42:00
0.40886,0.40886,0.40886,0.40886,1678732860,2023-03-13T18:41:00
0.3912,0.3912,0.3912,0.3912,1678725480,2023-03-13T16:38:00
0.402953,0.402953,0.402953,0.402953,1678719840,2023-03-13T15:04:00
0.397773,0.397773,0.397773,0.397773,1678719780,2023-03-13T15:03:00
0.381102,0.381102,0.381102,0.381102,1678719240,2023-03-13T14:54:00
0.375824,0.375824,0.375824,0.375824,1678719180,2023-03-13T14:53:00
0.358073,0.358073,0.358073,0.358073,1678679280,2023-03-13T03:48:00
0.37142,0.37142,0.37142,0.37142,1678673640,2023-03-13T02:14:00
0.354966,0.354966,0.354966,0.354966,1678641660,2023-03-12T17:21:00
0.360489,0.360489,0.360489,0.360489,1678630680,2023-03-12T14:18:00
0.362152,0.37203,0.362152,0.37203,1678630620,2023-03-12T14:17:00
0.344217,0.355975,0.344217,0.355975,1678630560,2023-03-12T14:16:00
0.353268,0.353268,0.353268,0.353268,1678630500,2023-03-12T14:15:00
0.345502,0.345502,0.345502,0.345502,1678630440,2023-03-12T14:14:00
0.335523,0.335523,0.335523,0.335523,1678629840,2023-03-12T14:04:00
0.347065,0.347065,0.347065,0.347065,1678548960,2023-03-11T15:36:00
0.344297,0.344297,0.344297,0.344297,1678545180,2023-03-11T14:33:00
0.325829,0.325829,0.325829,0.325829,1678532640,2023-03-11T11:04:00
0.332581,0.332581,0.332581,0.332581,1678530600,2023-03-11T10:30:00
0.336127,0.336127,0.336127,0.336127,1678529460,2023-03-11T10:11:00
0.339459,0.339459,0.339459,0.339459,1678516680,2023-03-11T06:38:00
0.308662,0.308662,0.308662,0.308662,1678515420,2023-03-11T06:17:00
0.280196,0.280196,0.280196,0.280196,1678494060,2023-03-11T00:21:00
0.289822,0.289822,0.289822,0.289822,1678493700,2023-03-11T00:15:00
0.301942,0.301942,0.301942,0.301942,1678452660,2023-03-10T12:51:00
0.312769,0.312769,0.312769,0.312769,1678452600,2023-03-10T12:50:00
0.313189,0.313189,0.313189,0.313189,1678449180,2023-03-10T11:53:00
0.301661,0.301661,0.301661,0.301661,1678448280,2023-03-10T11:38:00
0.305021,0.305021,0.305021,0.305021,1678424220,2023-03-10T04:57:00
0.310854,0.310854,0.310854,0.310854,1678421700,2023-03-10T04:15:00
0.305382,0.305382,0.305382,0.305382,1678421340,2023-03-10T04:09:00
0.298801,0.298801,0.298801,0.298801,1678409100,2023-03-10T00:45:00
0.303299,0.303299,0.303299,0.303299,1678399680,2023-03-09T22:08:00
0.327808,0.327808,0.327808,0.327808,1678373700,2023-03-09T14:55:00
0.314083,0.314083,0.314083,0.314083,1678372500,2023-03-09T14:35:00
0.30227,0.30227,0.30227,0.30227,1678357740,2023-03-09T10:29:00
0.299047,0.299047,0.299047,0.299047,1678353660,2023-03-09T09:21:00
0.318384,0.318384,0.318384,0.318384,1678342200,2023-03-09T06:10:00
0.332377,0.332377,0.332377,0.332377,1678336920,2023-03-09T04:42:00
0.313841,0.313841,0.313841,0.313841,1678324080,2023-03-09T01:08:00
0.321191,0.321191,0.321191,0.321191,1678322820,2023-03-09T00:47:00
0.32751,0.32751,0.32751,0.32751,1678322460,2023-03-09T00:41:00
0.34002,0.34002,0.34002,0.34002,1678310760,2023-03-08T21:26:00
0.372319,0.372319,0.372319,0.372319,1678306440,2023-03-08T20:14:00
0.351931,0.351931,0.351931,0.351931,1678305300,2023-03-08T19:55:00
0.357137,0.357137,0.357137,0.357137,1678266660,2023-03-08T09:11:00
0.356751,0.356751,0.356751,0.356751,1678255380,2023-03-08T06:03:00
0.348609,0.348609,0.348609,0.348609,1678249980,2023-03-08T04:33:00
0.338162,0.338162,0.338162,0.338162,1678248540,2023-03-08T04:09:00
0.326299,0.326299,0.326299,0.326299,1678247460,2023-03-08T03:51:00
0.318792,0.318792,0.318792,0.318792,1678246080,2023-03-08T03:28:00
0.323124,0.323124,0.323124,0.323124,1678245000,2023-03-08T03:10:00
0.333764,0.333764,0.333764,0.333764,1678222800,2023-03-07T21:00:00
0.32561,0.32561,0.32561,0.32561,1678219260,2023-03-07T20:01:00
0.336787,0.336787,0.336787,0.336787,1678199520,2023-03-07T14:32:00
0.34759,0.34759,0.34759,0.34759,1678180260,2023-03-07T09:11:00
0.354264,0.354264,0.354264,0.354264,1678169880,2023-03-07T06:18:00
0.355933,0.355933,0.355933,0.355933,1678164360,2023-03-07T04:46:00
0.356653,0.356653,0.356653,0.356653,1678145520,2023-03-06T23:32:00
0.35851,0.35851,0.35851,0.35851,1678142700,2023-03-06T22:45:00
0.355977,0.355977,0.355977,0.355977,1678142460,2023-03-06T22:41:00
0.366883,0.366883,0.366883,0.366883,1678142400,2023-03-06T22:40:00
0.363466,0.363466,0.363466,0.363466,1678142280,2023-03-06T22:38:00
0.353492,0.353492,0.353492,0.353492,1678111740,2023-03-06T14:09:00
0.348064,0.348064,0.348064,0.348064,1678095720,2023-03-06T09:42:00
0.330447,0.330447,0.330447,0.330447,1678094640,2023-03-06T09:24:00
0.324676,0.324676,0.324676,0.324676,1678091520,2023-03-06T08:32:00
0.331462,0.331462,0.331462,0.331462,1678089780,2023-03-06T08:03:00
0.33068,0.33068,0.33068,0.33068,1678075680,2023-03-06T04:08:00
0.333123,0.333123,0.333123,0.333123,1678071240,2023-03-06T02:54:00
0.349542,0.349542,0.349542,0.349542,1678031880,2023-03-05T15:58:00
0.354701,0.354701,0.354701,0.354701,1678005240,2023-03-05T08:34:00
0.351778,0.351778,0.351778,0.351778,1677970320,2023-03-04T22:52:00
0.346884,0.346884,0.346884,0.346884,1677969600,2023-03-04T22:40:00
0.350547,0.350547,0.350547,0.350547,1677958380,2023-03-04T19:33:00
0.354124,0.354124,0.354124,0.354124,1677955560,2023-03-04T18:46:00
0.357033,0.357033,0.357033,0.357033,1677921840,2023-03-04T09:24:00
0.363669,0.363669,0.355675,0.355675,1677921660,2023-03-04T09:21:00
0.359317,0.359317,0.359317,0.359317,1677921540,2023-03-04T09:19:00
0.425102,0.425102,0.425102,0.425102,1677885660,2023-03-03T23:21:00
0.33897,0.33897,0.33897,0.33897,1677872580,2023-03-03T19:43:00
0.3459,0.3459,0.3459,0.3459,1677870300,2023-03-03T19:05:00
0.355412,0.355412,0.355412,0.355412,1677841800,2023-03-03T11:10:00
0.356651,0.356651,0.356651,0.356651,1677833940,2023-03-03T08:59:00
0.349523,0.349523,0.349523,0.349523,1677817020,2023-03-03T04:17:00
0.365397,0.365397,0.365397,0.365397,1677804480,2023-03-03T00:48:00
0.368358,0.368358,0.368358,0.368358,1677783300,2023-03-02T18:55:00
0.359573,0.359573,0.359573,0.359573,1677775800,2023-03-02T16:50:00
0.349978,0.349978,0.349978,0.349978,1677770700,2023-03-02T15:25:00
0.354416,0.354416,0.354416,0.354416,1677766380,2023-03-02T14:13:00
0.360484,0.360484,0.360484,0.360484,1677765420,2023-03-02T13:57:00
0.367456,0.367456,0.367456,0.367456,1677747540,2023-03-02T08:59:00
0.350074,0.350074,0.350074,0.350074,1677744120,2023-03-02T08:02:00
0.333825,0.333825,0.333825,0.333825,1677739860,2023-03-02T06:51:00
0.339182,0.339182,0.339182,0.339182,1677729060,2023-03-02T03:51:00
0.347836,0.347836,0.347836,0.347836,1677717480,2023-03-02T00:38:00
0.347374,0.347374,0.347374,0.347374,1677715680,2023-03-02T00:08:00
0.349275,0.349275,0.349275,0.349275,1677698340,2023-03-01T19:19:00
0.356902,0.356902,0.356902,0.356902,1677691320,2023-03-01T17:22:00
0.365516,0.365516,0.365516,0.365516,1677662460,2023-03-01T09:21:00
0.348543,0.348543,0.348543,0.348543,1677639600,2023-03-01T03:00:00
0.35383,0.35383,0.35383,0.35383,1677589200,2023-02-28T13:00:00
0.35271,0.35271,0.35271,0.35271,1677514620,2023-02-27T16:17:00
0.347558,0.347558,0.347558,0.347558,1677512940,2023-02-27T15:49:00
0.35383,0.35383,0.35383,0.35383,1677504300,2023-02-27T13:25:00
0.359207,0.359207,0.359207,0.359207,1677490140,2023-02-27T09:29:00
0.361234,0.361234,0.361234,0.361234,1677482160,2023-02-27T07:16:00
0.357053,0.357053,0.357053,0.357053,1677482040,2023-02-27T07:14:00
0.340872,0.340872,0.340872,0.340872,1677450540,2023-02-26T22:29:00
0.338027,0.338027,0.338027,0.338027,1677428040,2023-02-26T16:14:00
0.339595,0.339595,0.339595,0.339595,1677416580,2023-02-26T13:03:00
0.339052,0.339052,0.339052,0.339052,1677410820,2023-02-26T11:27:00
0.336964,0.336964,0.336964,0.336964,1677352500,2023-02-25T19:15:00
0.327718,0.327718,0.327718,0.327718,1677352200,2023-02-25T19:10:00
0.326043,0.326043,0.326043,0.326043,1677347760,2023-02-25T17:56:00
0.324341,0.324341,0.324341,0.324341,1677347700,2023-02-25T17:55:00
0.341246,0.341246,0.341246,0.341246,1677306480,2023-02-25T06:28:00
0.349502,0.349502,0.349502,0.349502,1677278640,2023-02-24T22:44:00
0.355258,0.355258,0.355258,0.355258,1677269520,2023-02-24T20:12:00
0.353052,0.353052,0.353052,0.353052,1677269100,2023-02-24T20:05:00
0.339637,0.339637,0.339637,0.339637,1677261480,2023-02-24T17:58:00
0.347265,0.347265,0.347265,0.347265,1677259680,2023-02-24T17:28:00
0.333406,0.333406,0.333406,0.333406,1677255600,2023-02-24T16:20:00
0.336788,0.336788,0.336788,0.336788,1677251520,2023-02-24T15:12:00
0.339855,0.339855,0.339855,0.339855,1677246900,2023-02-24T13:55:00
0.334737,0.334737,0.334737,0.334737,1677246420,2023-02-24T13:47:00
0.339588,0.339588,0.339588,0.339588,1677245640,2023-02-24T13:34:00
0.347043,0.347043,0.347043,0.347043,1677238740,2023-02-24T11:39:00
0.357965,0.357965,0.357965,0.357965,1677219660,2023-02-24T06:21:00
0.35588,0.35588,0.35588,0.35588,1677216240,2023-02-24T05:24:00
0.350638,0.350638,0.350638,0.350638,1677213120,2023-02-24T04:32:00
0.35932,0.35932,0.35932,0.35932,1677209580,2023-02-24T03:33:00
0.359295,0.359295,0.359295,0.359295,1677209460,2023-02-24T03:31:00
0.355826,0.355826,0.355826,0.355826,1677166980,2023-02-23T15:43:00
0.360146,0.360146,0.360146,0.360146,1677143220,2023-02-23T09:07:00
0.334989,0.334989,0.334989,0.334989,1677098040,2023-02-22T20:34:00
0.322469,0.322469,0.322469,0.322469,1677097800,2023-02-22T20:30:00
0.316097,0.316097,0.316097,0.316097,1677097680,2023-02-22T20:28:00
0.317133,0.317133,0.317133,0.317133,1677093660,2023-02-22T19:21:00
0.317426,0.317426,0.317426,0.317426,1677093060,2023-02-22T19:11:00
0.320456,0.320456,0.320456,0.320456,1677072000,2023-02-22T13:20:00
0.332073,0.332073,0.332073,0.332073,1677070080,2023-02-22T12:48:00
0.324054,0.324054,0.324054,0.324054,1677065640,2023-02-22T11:34:00
0.325836,0.325836,0.325836,0.325836,1677048720,2023-02-22T06:52:00
0.324449,0.324449,0.324449,0.324449,1677035340,2023-02-22T03:09:00
0.318571,0.318571,0.318571,0.318571,1677034920,2023-02-22T03:02:00
0.313452,0.313452,0.313452,0.313452,1677034680,2023-02-22T02:58:00
0.29778,0.304245,0.29778,0.304245,1677033660,2023-02-22T02:41:00
0.314073,0.314073,0.314073,0.314073,1677027060,2023-02-22T00:51:00
0.31131,0.31131,0.31131,0.31131,1677018720,2023-02-21T22:32:00
0.318673,0.318673,0.318673,0.318673,1677008340,2023-02-21T19:39:00
0.317535,0.317535,0.317535,0.317535,1676994420,2023-02-21T15:47:00
0.324173,0.324173,0.324173,0.324173,1676994240,2023-02-21T15:44:00
0.332849,0.332849,0.332849,0.332849,1676993460,2023-02-21T15:31:00
0.345425,0.345425,0.345425,0.345425,1676983860,2023-02-21T12:51:00
0.356133,0.356133,0.356133,0.356133,1676983380,2023-02-21T12:43:00
0.345299,0.345299,0.345299,0.345299,1676968560,2023-02-21T08:36:00
0.343449,0.343449,0.343449,0.343449,1676954760,2023-02-21T04:46:00
0.347598,0.347598,0.347598,0.347598,1676950980,2023-02-21T03:43:00
0.361436,0.361436,0.361436,0.361436,1676924280,2023-02-20T20:18:00
0.351443,0.351443,0.351443,0.351443,1676916600,2023-02-20T18:10:00
0.362211,0.362211,0.362211,0.362211,1676913780,2023-02-20T17:23:00
0.369416,0.369416,0.369416,0.369416,1676892840,2023-02-20T11:34:00
0.372181,0.372181,0.372181,0.372181,1676865720,2023-02-20T04:02:00
0.382308,0.382308,0.382308,0.382308,1676852160,2023-02-20T00:16:00
0.382771,0.382771,0.382771,0.382771,1676852100,2023-02-20T00:15:00
0.378212,0.378212,0.378212,0.378212,1676851800,2023-02-20T00:10:00
0.3861,0.3861,0.3861,0.3861,1676839680,2023-02-19T20:48:00
0.377439,0.377439,0.377439,0.377439,1676839560,2023-02-19T20:46:00
0.380386,0.380386,0.380386,0.380386,1676826240,2023-02-19T17:04:00
0.375622,0.375622,0.375622,0.375622,1676823180,2023-02-19T16:13:00
0.392296,0.392296,0.392296,0.392296,1676818380,2023-02-19T14:53:00
0.39092,0.39092,0.39092,0.39092,1676812980,2023-02-19T13:23:00
0.393157,0.393157,0.393157,0.393157,1676806140,2023-02-19T11:29:00
0.397978,0.397978,0.397978,0.397978,1676798100,2023-02-19T09:15:00
0.402139,0.402139,0.402139,0.402139,1676797920,2023-02-19T09:12:00
0.395275,0.395275,0.395275,0.395275,1676791920,2023-02-19T07:32:00
0.385532,0.385532,0.385532,0.385532,1676790120,2023-02-19T07:02:00
0.380784,0.380784,0.380784,0.380784,1676783400,2023-02-19T05:10:00
0.388734,0.388734,0.388734,0.388734,1676778780,2023-02-19T03:53:00
0.388431,0.388431,0.388431,0.388431,1676773260,2023-02-19T02:21:00
0.390674,0.390674,0.390674,0.390674,1676772420,2023-02-19T02:07:00
0.365461,0.365461,0.365461,0.365461,1676770560,2023-02-19T01:36:00
0.365592,0.365592,0.365592,0.365592,1676765520,2023-02-19T00:12:00
0.357776,0.357776,0.357776,0.357776,1676756820,2023-02-18T21:47:00
0.360545,0.360545,0.360545,0.360545,1676743800,2023-02-18T18:10:00
0.367126,0.367126,0.367126,0.367126,1676739660,2023-02-18T17:01:00
0.366477,0.366477,0.366477,0.366477,1676734620,2023-02-18T15:37:00
0.364945,0.364945,0.364945,0.364945,1676731320,2023-02-18T14:42:00
0.365369,0.365369,0.365369,0.365369,1676730660,2023-02-18T14:31:00
0.367027,0.367027,0.367027,0.367027,1676728140,2023-02-18T13:49:00
0.364379,0.364379,0.364379,0.364379,1676726820,2023-02-18T13:27:00
0.379861,0.379861,0.379861,0.379861,1676725620,2023-02-18T13:07:00
0.389799,0.389799,0.389799,0.389799,1676725380,2023-02-18T13:03:00
0.37321,0.37321,0.37321,0.37321,1676725320,2023-02-18T13:02:00
0.362795,0.362795,0.362795,0.362795,1676723700,2023-02-18T12:35:00
0.34624,0.34624,0.34624,0.34624,1676723580,2023-02-18T12:33:00
0.346123,0.346123,0.346123,0.346123,1676723460,2023-02-18T12:31:00
0.328893,0.328893,0.328893,0.328893,1676722140,2023-02-18T12:09:00
0.314936,0.314936,0.314936,0.314936,1676718960,2023-02-18T11:16:00
0.314108,0.314108,0.314108,0.314108,1676716560,2023-02-18T10:36:00
0.319656,0.319656,0.319656,0.319656,1676715720,2023-02-18T10:22:00
0.302397,0.302397,0.302397,0.302397,1676707260,2023-02-18T08:01:00
0.307524,0.307524,0.307524,0.307524,1676707200,2023-02-18T08:00:00
0.325586,0.325586,0.325586,0.325586,1676706240,2023-02-18T07:44:00
0.330031,0.330031,0.330031,0.330031,1676704680,2023-02-18T07:18:00
0.32331,0.323414,0.32331,0.323414,1676702700,2023-02-18T06:45:00
0.331117,0.331117,0.331117,0.331117,1676682840,2023-02-18T01:14:00
0.31247,0.31247,0.31247,0.31247,1676677620,2023-02-17T23:47:00
0.31157,0.31157,0.31157,0.31157,1676677560,2023-02-17T23:46:00
0.314987,0.314987,0.314987,0.314987,1676676960,2023-02-17T23:36:00
0.311026,0.311026,0.311026,0.311026,1676676060,2023-02-17T23:21:00
0.326257,0.326257,0.326257,0.326257,1676669580,2023-02-17T21:33:00
0.326988,0.326988,0.326988,0.326988,1676668560,2023-02-17T21:16:00
0.33765,0.33765,0.33765,0.33765,1676640960,2023-02-17T13:36:00
0.346702,0.346702,0.346702,0.346702,1676627580,2023-02-17T09:53:00
0.353434,0.353434,0.353434,0.353434,1676623800,2023-02-17T08:50:00
0.337786,0.337786,0.337786,0.337786,1676623560,2023-02-17T08:46:00
0.340383,0.340383,0.340383,0.340383,1676622420,2023-02-17T08:27:00
0.346609,0.346609,0.341805,0.341805,1676611260,2023-02-17T05:21:00
0.359529,0.359529,0.359529,0.359529,1676579160,2023-02-16T20:26:00
0.358705,0.358705,0.358705,0.358705,1676575020,2023-02-16T19:17:00
0.358964,0.358964,0.358964,0.358964,1676556840,2023-02-16T14:14:00
0.368688,0.368688,0.368688,0.368688,1676553000,2023-02-16T13:10:00
0.382769,0.382769,0.382769,0.382769,1676532120,2023-02-16T07:22:00
0.391368,0.391368,0.391368,0.391368,1676526300,2023-02-16T05:45:00
0.374926,0.374926,0.374926,0.374926,1676512560,2023-02-16T01:56:00
0.389697,0.389697,0.389697,0.389697,1676512260,2023-02-16T01:51:00
0.378592,0.378592,0.378592,0.378592,1676510580,2023-02-16T01:23:00
0.367411,0.367411,0.367411,0.367411,1676494680,2023-02-15T20:58:00
0.366093,0.366093,0.366093,0.366093,1676493960,2023-02-15T20:46:00
0.375381,0.375381,0.375381,0.375381,1676493180,2023-02-15T20:33:00
0.34794,0.34794,0.344471,0.344471,1676474340,2023-02-15T15:19:00
0.352154,0.352783,0.352154,0.352783,1676473260,2023-02-15T15:01:00
0.361318,0.361318,0.361318,0.361318,1676470380,2023-02-15T14:13:00
0.358857,0.358857,0.358857,0.358857,1676468220,2023-02-15T13:37:00
0.357108,0.357108,0.357108,0.357108,1676462160,2023-02-15T11:56:00
0.349669,0.349669,0.349669,0.349669,1676460840,2023-02-15T11:34:00
0.350681,0.350681,0.350681,0.350681,1676458800,2023-02-15T11:00:00
0.346809,0.346809,0.346809,0.346809,1676445120,2023-02-15T07:12:00
0.352662,0.352662,0.352662,0.352662,1676444220,2023-02-15T06:57:00
0.356697,0.356697,0.356697,0.356697,1676438160,2023-02-15T05:16:00
0.346641,0.346641,0.34559,0.34559,1676437800,2023-02-15T05:10:00
0.3567,0.3567,0.3567,0.3567,1676436960,2023-02-15T04:56:00
0.354969,0.354969,0.354969,0.354969,1676436900,2023-02-15T04:55:00
0.34902,0.34902,0.34902,0.34902,1676432040,2023-02-15T03:34:00
0.337261,0.337261,0.337261,0.337261,1676423580,2023-02-15T01:13:00
0.353222,0.353222,0.353222,0.353222,1676418660,2023-02-14T23:51:00
0.352557,0.352557,0.352557,0.352557,1676410140,2023-02-14T21:29:00
0.347317,0.356397,0.347317,0.356397,1676409780,2023-02-14T21:23:00
0.361488,0.361488,0.361488,0.361488,1676405940,2023-02-14T20:19:00
0.391141,0.391141,0.391141,0.391141,1676403660,2023-02-14T19:41:00
0.408812,0.408812,0.408812,0.408812,1676396880,2023-02-14T17:48:00
0.407659,0.407659,0.407659,0.407659,1676387760,2023-02-14T15:16:00
0.393857,0.393857,0.393857,0.393857,1676384100,2023-02-14T14:15:00
0.405393,0.405393,0.405393,0.405393,1676379120,2023-02-14T12:52:00
0.396207,0.396207,0.396207,0.396207,1676379060,2023-02-14T12:51:00
0.381046,0.381046,0.381046,0.381046,1676378520,2023-02-14T12:42:00
0.391265,0.391265,0.391265,0.391265,1676378160,2023-02-14T12:36:00
0.401005,0.401005,0.401005,0.401005,1676372580,2023-02-14T11:03:00
0.404144,0.404144,0.404144,0.404144,1676372340,2023-02-14T10:59:00
0.402092,0.402092,0.402092,0.402092,1676370060,2023-02-14T10:21:00
0.397176,0.397176,0.397176,0.397176,1676365800,2023-02-14T09:10:00
0.400151,0.400151,0.400151,0.400151,1676361300,2023-02-14T07:55:00
0.400945,0.400945,0.400945,0.400945,1676360760,2023-02-14T07:46:00
0.39198,0.39198,0.39198,0.39198,1676356500,2023-02-14T06:35:00
0.399102,0.399102,0.399102,0.399102,1676352960,2023-02-14T05:36:00
0.395489,0.395489,0.395489,0.395489,1676352840,2023-02-14T05:34:00
0.381634,0.381634,0.381634,0.381634,1676346240,2023-02-14T03:44:00
0.379412,0.379412,0.379412,0.379412,1676343900,2023-02-14T03:05:00
0.371333,0.371333,0.371333,0.371333,1676343600,2023-02-14T03:00:00
0.37004,0.37004,0.37004,0.37004,1676341260,2023-02-14T02:21:00
0.361789,0.361789,0.361789,0.361789,1676337180,2023-02-14T01:13:00
0.365377,0.365377,0.365377,0.365377,1676332980,2023-02-14T00:03:00
0.349468,0.349468,0.349468,0.349468,1676323740,2023-02-13T21:29:00
0.350434,0.350434,0.350434,0.350434,1676315640,2023-02-13T19:14:00
0.338105,0.338105,0.338105,0.338105,1676288700,2023-02-13T11:45:00
0.336911,0.336911,0.336911,0.336911,1676287980,2023-02-13T11:33:00
0.329171,0.329171,0.329171,0.329171,1676286900,2023-02-13T11:15:00
0.326917,0.326917,0.326917,0.326917,1676280300,2023-02-13T09:25:00
0.32954,0.32954,0.326532,0.326532,1676279220,2023-02-13T09:07:00
0.341113,0.341113,0.341113,0.341113,1676277060,2023-02-13T08:31:00
0.356241,0.356241,0.356241,0.356241,1676272500,2023-02-13T07:15:00
0.377307,0.377307,0.365926,0.365926,1676259480,2023-02-13T03:38:00
0.398085,0.398085,0.398085,0.398085,1676251140,2023-02-13T01:19:00
0.403747,0.403747,0.403747,0.403747,1676244240,2023-02-12T23:24:00
0.415632,0.415632,0.415632,0.415632,1676238780,2023-02-12T21:53:00
0.418884,0.418884,0.418884,0.418884,1676238480,2023-02-12T21:48:00
0.41772,0.41772,0.41772,0.41772,1676230380,2023-02-12T19:33:00
0.388487,0.388487,0.388487,0.388487,1676224740,2023-02-12T17:59:00
0.413574,0.413574,0.413574,0.413574,1676224560,2023-02-12T17:56:00
0.425182,0.425182,0.425182,0.425182,1676224500,2023-02-12T17:55:00
0.378644,0.378644,0.378644,0.378644,1676223060,2023-02-12T17:31:00
0.370387,0.370387,0.370387,0.370387,1676208600,2023-02-12T13:30:00
0.382137,0.382137,0.382137,0.382137,1676205300,2023-02-12T12:35:00
0.388389,0.388389,0.388389,0.388389,1676202900,2023-02-12T11:55:00
0.389303,0.389303,0.389303,0.389303,1676191860,2023-02-12T08:51:00
0.38215,0.38215,0.38215,0.38215,1676191800,2023-02-12T08:50:00
0.369017,0.369017,0.369017,0.369017,1676177220,2023-02-12T04:47:00
0.363182,0.363182,0.363182,0.363182,1676177160,2023-02-12T04:46:00
0.360929,0.360929,0.360929,0.360929,1676174640,2023-02-12T04:04:00
0.360869,0.360869,0.360869,0.360869,1676174580,2023-02-12T04:03:00
0.340836,0.340836,0.340836,0.340836,1676174400,2023-02-12T04:00:00
0.332222,0.332222,0.332222,0.332222,1676168460,2023-02-12T02:21:00
0.325872,0.325872,0.325872,0.325872,1676137440,2023-02-11T17:44:00
0.330038,0.330038,0.330038,0.330038,1676118240,2023-02-11T12:24:00
0.336558,0.336558,0.336558,0.336558,1676115600,2023-02-11T11:40:00
0.339001,0.339001,0.339001,0.339001,1676115060,2023-02-11T11:31:00
0.339307,0.339307,0.339307,0.339307,1676111940,2023-02-11T10:39:00
0.332408,0.332408,0.332408,0.332408,1676107440,2023-02-11T09:24:00
0.316579,0.316579,0.316579,0.316579,1676107380,2023-02-11T09:23:00
0.30367,0.30367,0.30367,0.30367,1676086560,2023-02-11T03:36:00
0.301875,0.301875,0.301875,0.301875,1676068440,2023-02-10T22:34:00
0.295274,0.295274,0.295274,0.295274,1676059800,2023-02-10T20:10:00
0.283827,0.283827,0.283827,0.283827,1676055180,2023-02-10T18:53:00
0.282377,0.282377,0.282377,0.282377,1676050980,2023-02-10T17:43:00
0.296721,0.296721,0.296721,0.296721,1676030400,2023-02-10T12:00:00
0.2829,0.303371,0.2829,0.303371,1676023020,2023-02-10T09:57:00
0.287861,0.287861,0.287861,0.287861,1676022900,2023-02-10T09:55:00
0.263742,0.263742,0.263742,0.263742,1675989600,2023-02-10T00:40:00
0.264658,0.264658,0.264658,0.264658,1675972080,2023-02-09T19:48:00
0.282001,0.282001,0.282001,0.282001,1675971840,2023-02-09T19:44:00
0.291927,0.291927,0.291927,0.291927,1675968900,2023-02-09T18:55:00
0.294676,0.294676,0.294676,0.294676,1675957860,2023-02-09T15:51:00
0.303721,0.303721,0.303721,0.303721,1675952400,2023-02-09T14:20:00
0.304058,0.304058,0.304058,0.304058,1675949220,2023-02-09T13:27:00
0.306311,0.306311,0.306311,0.306311,1675928580,2023-02-09T07:43:00
0.298389,0.298389,0.298389,0.298389,1675922640,2023-02-09T06:04:00
0.306196,0.306196,0.306196,0.306196,1675917840,2023-02-09T04:44:00
0.291972,0.291972,0.291972,0.291972,1675914420,2023-02-09T03:47:00
0.295916,0.295916,0.295916,0.295916,1675912740,2023-02-09T03:19:00
0.313045,0.313045,0.313045,0.313045,1675903200,2023-02-09T00:40:00
0.307456,0.307456,0.307456,0.307456,1675883460,2023-02-08T19:11:00
0.300949,0.300949,0.300949,0.300949,1675875360,2023-02-08T16:56:00
0.299735,0.299735,0.299735,0.299735,1675873560,2023-02-08T16:26:00
0.284163,0.284163,0.284163,0.284163,1675869600,2023-02-08T15:20:00
0.321273,0.321273,0.321273,0.321273,1675867980,2023-02-08T14:53:00
0.314015,0.314015,0.314015,0.314015,1675867080,2023-02-08T14:38:00
0.316803,0.316803,0.316803,0.316803,1675865520,2023-02-08T14:12:00
0.315116,0.315116,0.315116,0.315116,1675865040,2023-02-08T14:04:00
0.315901,0.315901,0.315901,0.315901,1675864740,2023-02-08T13:59:00
0.323557,0.323557,0.323557,0.323557,1675864500,2023-02-08T13:55:00
0.321673,0.321673,0.319525,0.319525,1675864200,2023-02-08T13:50:00
0.333587,0.333587,0.333587,0.333587,1675864140,2023-02-08T13:49:00
0.364649,0.364649,0.364649,0.364649,1675862760,2023-02-08T13:26:00
0.375358,0.375358,0.375358,0.375358,1675860060,2023-02-08T12:41:00
0.38201,0.38201,0.38201,0.38201,1675845600,2023-02-08T08:40:00
0.387622,0.387622,0.387622,0.387622,1675828020,2023-02-08T03:47:00
0.393721,0.393721,0.393721,0.393721,1675823820,2023-02-08T02:37:00
0.39898,0.39898,0.39898,0.39898,1675820400,2023-02-08T01:40:00
0.394065,0.394065,0.394065,0.394065,1675820340,2023-02-08T01:39:00
0.400537,0.400537,0.400537,0.400537,1675820220,2023-02-08T01:37:00
0.375296,0.375296,0.375296,0.375296,1675819260,2023-02-08T01:21:00
0.347361,0.347361,0.347361,0.347361,1675819140,2023-02-08T01:19:00
0.309981,0.309981,0.309981,0.309981,1675794360,2023-02-07T18:26:00
0.307761,0.307761,0.307761,0.307761,1675786740,2023-02-07T16:19:00
0.306846,0.306846,0.306846,0.306846,1675786620,2023-02-07T16:17:00
0.314037,0.314037,0.314037,0.314037,1675785480,2023-02-07T15:58:00
0.328948,0.328948,0.328948,0.328948,1675776960,2023-02-07T13:36:00
0.341941,0.341941,0.341941,0.341941,1675772520,2023-02-07T12:22:00
0.34181,0.34181,0.34181,0.34181,1675772400,2023-02-07T12:20:00
0.32956,0.32956,0.32956,0.32956,1675763040,2023-02-07T09:44:00
0.32273,0.32273,0.32273,0.32273,1675751760,2023-02-07T06:36:00
0.310917,0.310917,0.310917,0.310917,1675751040,2023-02-07T06:24:00
0.316355,0.316355,0.316355,0.316355,1675747500,2023-02-07T05:25:00
0.311277,0.311277,0.311277,0.311277,1675740900,2023-02-07T03:35:00
0.287657,0.287657,0.287657,0.287657,1675734360,2023-02-07T01:46:00
0.318934,0.329571,0.318934,0.329571,1675730160,2023-02-07T00:36:00
0.316511,0.316511,0.31206,0.31206,1675730100,2023-02-07T00:35:00
0.332998,0.332998,0.332998,0.332998,1675730040,2023-02-07T00:34:00
0.340853,0.340853,0.340853,0.340853,1675726560,2023-02-06T23:36:00
0.351571,0.351571,0.351571,0.351571,1675707600,2023-02-06T18:20:00
0.355028,0.355028,0.355028,0.355028,1675703100,2023-02-06T17:05:00
0.355761,0.355761,0.355761,0.355761,1675702320,2023-02-06T16:52:00
0.348488,0.348488,0.348488,0.348488,1675700220,2023-02-06T16:17:00
0.341261,0.341261,0.341261,0.341261,1675692720,2023-02-06T14:12:00
0.347002,0.347002,0.347002,0.347002,1675676220,2023-02-06T09:37:00
0.349565,0.349565,0.349565,0.349565,1675673820,2023-02-06T08:57:00
0.348838,0.348838,0.348838,0.348838,1675669380,2023-02-06T07:43:00
0.341762,0.341762,0.341762,0.341762,1675665360,2023-02-06T06:36:00
0.344071,0.344071,0.344071,0.344071,1675660920,2023-02-06T05:22:00
0.35471,0.35471,0.35471,0.35471,1675652700,2023-02-06T03:05:00
0.362532,0.362532,0.362532,0.362532,1675652580,2023-02-06T03:03:00
0.356108,0.356108,0.356108,0.356108,1675651440,2023-02-06T02:44:00
0.346132,0.346132,0.346132,0.346132,1675641720,2023-02-06T00:02:00
0.345589,0.345589,0.345589,0.345589,1675633560,2023-02-05T21:46:00
0.347179,0.347179,0.347179,0.347179,1675632840,2023-02-05T21:34:00
0.341633,0.341633,0.341633,0.341633,1675631520,2023-02-05T21:12:00
0.343366,0.343366,0.343366,0.343366,1675630260,2023-02-05T20:51:00
0.34825,0.34825,0.34825,0.34825,1675627680,2023-02-05T20:08:00
0.327226,0.327226,0.327226,0.327226,1675626600,2023-02-05T19:50:00
0.351107,0.351107,0.351107,0.351107,1675622280,2023-02-05T18:38:00
0.348932,0.348932,0.348932,0.348932,1675621380,2023-02-05T18:23:00
0.361224,0.361224,0.361224,0.361224,1675613220,2023-02-05T16:07:00
0.368908,0.368908,0.368908,0.368908,1675603200,2023-02-05T13:20:00
0.373193,0.373193,0.373193,0.373193,1675600320,2023-02-05T12:32:00
0.3682,0.3682,0.3682,0.3682,1675599660,2023-02-05T12:21:00
0.37654,0.37654,0.37654,0.37654,1675595280,2023-02-05T11:08:00
0.387859,0.387859,0.387859,0.387859,1675593300,2023-02-05T10:35:00
0.394781,0.394781,0.394781,0.394781,1675592820,2023-02-05T10:27:00
0.399143,0.399143,0.399143,0.399143,1675575540,2023-02-05T05:39:00
0.409665,0.409665,0.409665,0.409665,1675562040,2023-02-05T01:54:00
0.40431,0.40431,0.40431,0.40431,1675557840,2023-02-05T00:44:00
0.41037,0.41037,0.41037,0.41037,1675557000,2023-02-05T00:30:00
0.405061,0.405061,0.405061,0.405061,1675539240,2023-02-04T19:34:00
0.397273,0.397273,0.397273,0.397273,1675539120,2023-02-04T19:32:00
0.401581,0.401581,0.401581,0.401581,1675538880,2023-02-04T19:28:00
0.396047,0.396047,0.396047,0.396047,1675537560,2023-02-04T19:06:00
0.403292,0.403292,0.403292,0.403292,1675533180,2023-02-04T17:53:00
0.418777,0.418777,0.418777,0.418777,1675532940,2023-02-04T17:49:00
0.405525,0.405525,0.405525,0.405525,1675523640,2023-02-04T15:14:00
0.388317,0.388317,0.388317,0.388317,1675522680,2023-02-04T14:58:00
0.389372,0.389372,0.389372,0.389372,1675520940,2023-02-04T14:29:00
0.395571,0.395571,0.395571,0.395571,1675518900,2023-02-04T13:55:00
0.392249,0.392249,0.392249,0.392249,1675517760,2023-02-04T13:36:00
0.38895,0.38895,0.38895,0.38895,1675517580,2023-02-04T13:33:00
0.381844,0.381844,0.381844,0.381844,1675503120,2023-02-04T09:32:00
0.382334,0.382334,0.382334,0.382334,1675498500,2023-02-04T08:15:00
0.375954,0.375954,0.375954,0.375954,1675497780,2023-02-04T08:03:00
0.359072,0.359072,0.359072,0.359072,1675495980,2023-02-04T07:33:00
0.381549,0.381549,0.381549,0.381549,1675490880,2023-02-04T06:08:00
0.359873,0.359873,0.359873,0.359873,1675482000,2023-02-04T03:40:00
0.352226,0.352226,0.352226,0.352226,1675470900,2023-02-04T00:35:00
0.35722,0.35722,0.35722,0.35722,1675448940,2023-02-03T18:29:00
0.369691,0.369691,0.369691,0.369691,1675440720,2023-02-03T16:12:00
0.365041,0.365041,0.365041,0.365041,1675429800,2023-02-03T13:10:00
0.367236,0.367236,0.367236,0.367236,1675426140,2023-02-03T12:09:00
0.369668,0.369668,0.369668,0.369668,1675423680,2023-02-03T11:28:00
0.373395,0.373395,0.373395,0.373395,1675422420,2023-02-03T11:07:00
0.378241,0.378241,0.378241,0.378241,1675422300,2023-02-03T11:05:00
0.374074,0.374074,0.374074,0.374074,1675422240,2023-02-03T11:04:00
0.370302,0.370302,0.370302,0.370302,1675422180,2023-02-03T11:03:00
0.352126,0.352126,0.352126,0.352126,1675422000,2023-02-03T11:00:00
0.354046,0.354046,0.354046,0.354046,1675416240,2023-02-03T09:24:00
0.355617,0.355617,0.355617,0.355617,1675416060,2023-02-03T09:21:00
0.363832,0.363832,0.363832,0.363832,1675410060,2023-02-03T07:41:00
0.362393,0.362393,0.362393,0.362393,1675409940,2023-02-03T07:39:00
0.352756,0.352756,0.352756,0.352756,1675408200,2023-02-03T07:10:00
0.345548,0.345548,0.345548,0.345548,1675406040,2023-02-03T06:34:00
0.336023,0.336023,0.336023,0.336023,1675403880,2023-02-03T05:58:00
0.326348,0.326348,0.326348,0.326348,1675399020,2023-02-03T04:37:00
0.325829,0.325829,0.325829,0.325829,1675386120,2023-02-03T01:02:00
0.333861,0.333861,0.333861,0.333861,1675385760,2023-02-03T00:56:00
0.330256,0.330256,0.330256,0.330256,1675376100,2023-02-02T22:15:00
0.31464,0.31464,0.31464,0.31464,1675375500,2023-02-02T22:05:00
0.30417,0.30417,0.30417,0.30417,1675374660,2023-02-02T21:51:00
0.284956,0.284956,0.284956,0.284956,1675374000,2023-02-02T21:40:00
0.311599,0.311599,0.311599,0.311599,1675373820,2023-02-02T21:37:00
0.312068,0.312068,0.312068,0.312068,1675373760,2023-02-02T21:36:00
0.32384,0.32384,0.32384,0.32384,1675373640,2023-02-02T21:34:00
0.332176,0.332176,0.332176,0.332176,1675372020,2023-02-02T21:07:00
0.338835,0.338835,0.338835,0.338835,1675367760,2023-02-02T19:56:00
0.327609,0.327609,0.327609,0.327609,1675367700,2023-02-02T19:55:00
0.327225,0.327225,0.327225,0.327225,1675367520,2023-02-02T19:52:00
0.331133,0.331133,0.331133,0.331133,1675366680,2023-02-02T19:38:00
0.329969,0.329969,0.329969,0.329969,1675366020,2023-02-02T19:27:00
0.335104,0.335104,0.335104,0.335104,1675365540,2023-02-02T19:19:00
0.336837,0.336837,0.335408,0.335408,1675363500,2023-02-02T18:45:00
0.346347,0.346347,0.346347,0.346347,1675363320,2023-02-02T18:42:00
0.350669,0.350669,0.350669,0.350669,1675363140,2023-02-02T18:39:00
0.346619,0.346619,0.346619,0.346619,1675362420,2023-02-02T18:27:00
0.359156,0.359156,0.359156,0.359156,1675361820,2023-02-02T18:17:00
0.350658,0.350658,0.350658,0.350658,1675360260,2023-02-02T17:51:00
0.346534,0.346534,0.345956,0.345956,1675360020,2023-02-02T17:47:00
0.345588,0.345588,0.345588,0.345588,1675359720,2023-02-02T17:42:00
0.339758,0.339758,0.339535,0.339535,1675359600,2023-02-02T17:40:00
0.356194,0.356194,0.326799,0.336669,1675359540,2023-02-02T17:39:00
0.355016,0.355016,0.355016,0.355016,1675358880,2023-02-02T17:28:00
0.367139,0.367139,0.367139,0.367139,1675357980,2023-02-02T17:13:00
0.367873,0.367873,0.367873,0.367873,1675354680,2023-02-02T16:18:00
0.372987,0.372987,0.372987,0.372987,1675354560,2023-02-02T16:16:00
0.392253,0.392253,0.392253,0.392253,1675353960,2023-02-02T16:06:00
0.386885,0.386885,0.386885,0.386885,1675353900,2023-02-02T16:05:00
0.366561,0.366561,0.366561,0.366561,1675352880,2023-02-02T15:48:00
0.366799,0.366799,0.366799,0.366799,1675352640,2023-02-02T15:44:00
0.369933,0.369933,0.369933,0.369933,1675352580,2023-02-02T15:43:00
0.367703,0.367703,0.367703,0.367703,1675352340,2023-02-02T15:39:00
0.380417,0.400014,0.374327,0.374327,1675351800,2023-02-02T15:30:00
0.369633,0.369633,0.369633,0.369633,1675351680,2023-02-02T15:28:00
0.372923,0.372923,0.372923,0.372923,1675351380,2023-02-02T15:23:00
0.382267,0.382267,0.382267,0.382267,1675351260,2023-02-02T15:21:00
0.377611,0.377611,0.377611,0.377611,1675351020,2023-02-02T15:17:00
0.373942,0.373942,0.373942,0.373942,1675350960,2023-02-02T15:16:00
0.376504,0.376504,0.376504,0.376504,1675350840,2023-02-02T15:14:00
0.373574,0.373574,0.373574,0.373574,1675350720,2023-02-02T15:12:00
0.385927,0.385927,0.376401,0.376401,1675350660,2023-02-02T15:11:00
0.416598,0.416598,0.416598,0.416598,1675350600,2023-02-02T15:10:00
0.44355,0.44355,0.44355,0.44355,1675350300,2023-02-02T15:05:00
0.448723,0.448723,0.440743,0.445383,1675350120,2023-02-02T15:02:00
0.460846,0.460846,0.458806,0.458806,1675350060,2023-02-02T15:01:00
0.477127,0.477127,0.477127,0.477127,1675349820,2023-02-02T14:57:00
0.479435,0.479435,0.479435,0.479435,1675345980,2023-02-02T13:53:00
0.496834,0.496834,0.496834,0.496834,1675345920,2023-02-02T13:52:00
0.500487,0.500487,0.500487,0.500487,1675345740,2023-02-02T13:49:00
0.527996,0.527996,0.500648,0.500648,1675345620,2023-02-02T13:47:00
0.50043,0.50043,0.50043,0.50043,1675345500,2023-02-02T13:45:00
0.506352,0.506352,0.506352,0.506352,1675345440,2023-02-02T13:44:00
0.489322,0.489322,0.489322,0.489322,1675345260,2023-02-02T13:41:00
0.484353,0.484353,0.484353,0.484353,1675345020,2023-02-02T13:37:00
0.463859,0.463859,0.463859,0.463859,1675344240,2023-02-02T13:24:00
0.457422,0.457422,0.457422,0.457422,1675344180,2023-02-02T13:23:00
0.45615,0.45615,0.45615,0.45615,1675344060,2023-02-02T13:21:00
0.452707,0.452707,0.452707,0.452707,1675344000,2023-02-02T13:20:00
0.481046,0.481046,0.472825,0.472825,1675343880,2023-02-02T13:18:00
0.470652,0.470652,0.470652,0.470652,1675343760,2023-02-02T13:16:00
0.461159,0.461159,0.461159,0.461159,1675343700,2023-02-02T13:15:00
0.469309,0.47456,0.469309,0.47456,1675343580,2023-02-02T13:13:00
0.475844,0.475844,0.475844,0.475844,1675343520,2023-02-02T13:12:00
0.445717,0.445717,0.445717,0.445717,1675343460,2023-02-02T13:11:00
0.455815,0.455815,0.455815,0.455815,1675343400,2023-02-02T13:10:00
0.443769,0.443769,0.443769,0.443769,1675343280,2023-02-02T13:08:00
0.443124,0.443124,0.443124,0.443124,1675342740,2023-02-02T12:59:00
0.451833,0.451833,0.451833,0.451833,1675342440,2023-02-02T12:54:00
0.442801,0.442801,0.430749,0.430749,1675342380,2023-02-02T12:53:00
0.456747,0.456747,0.4429,0.4429,1675342260,2023-02-02T12:51:00
0.440824,0.440824,0.440824,0.440824,1675342200,2023-02-02T12:50:00
0.447593,0.447593,0.447593,0.447593,1675342140,2023-02-02T12:49:00
0.444376,0.444376,0.444376,0.444376,1675341840,2023-02-02T12:44:00
0.451224,0.451224,0.451224,0.451224,1675341660,2023-02-02T12:41:00
0.469657,0.469657,0.469657,0.469657,1675341540,2023-02-02T12:39:00
0.47401,0.476789,0.47401,0.476789,1675341420,2023-02-02T12:37:00
0.455664,0.464845,0.455664,0.464845,1675341120,2023-02-02T12:32:00
0.442564,0.450982,0.442564,0.450982,1675341060,2023-02-02T12:31:00
0.445866,0.445866,0.445866,0.445866,1675340940,2023-02-02T12:29:00
0.447255,0.447255,0.447255,0.447255,1675340820,2023-02-02T12:27:00
0.465497,0.465497,0.465497,0.465497,1675340580,2023-02-02T12:23:00
0.452294,0.466687,0.438434,0.438434,1675340520,2023-02-02T12:22:00
0.45538,0.464651,0.45538,0.464651,1675340460,2023-02-02T12:21:00
0.484342,0.484342,0.484342,0.484342,1675340400,2023-02-02T12:20:00
0.459689,0.459689,0.459689,0.459689,1675340340,2023-02-02T12:19:00
0.459255,0.459255,0.458107,0.458107,1675340220,2023-02-02T12:17:00
0.442458,0.444828,0.437184,0.437184,1675340100,2023-02-02T12:15:00
0.432866,0.448499,0.432866,0.448499,1675340040,2023-02-02T12:14:00
0.435955,0.435955,0.435955,0.435955,1675339980,2023-02-02T12:13:00
0.439067,0.439067,0.439067,0.439067,1675339860,2023-02-02T12:11:00
0.434478,0.434478,0.434478,0.434478,1675339620,2023-02-02T12:07:00
0.449845,0.449845,0.449845,0.449845,1675339440,2023-02-02T12:04:00
0.431214,0.431214,0.431214,0.431214,1675339260,2023-02-02T12:01:00
0.427801,0.427801,0.427801,0.427801,1675338480,2023-02-02T11:48:00
0.436033,0.436033,0.436033,0.436033,1675338240,2023-02-02T11:44:00
0.450868,0.450868,0.450868,0.450868,1675338060,2023-02-02T11:41:00
0.430755,0.430755,0.430755,0.430755,1675337700,2023-02-02T11:35:00
0.438553,0.438553,0.438553,0.438553,1675337340,2023-02-02T11:29:00
0.436721,0.436721,0.436721,0.436721,1675337220,2023-02-02T11:27:00
0.43119,0.43119,0.43119,0.43119,1675336980,2023-02-02T11:23:00
0.438975,0.438975,0.438975,0.438975,1675336680,2023-02-02T11:18:00
0.431637,0.431637,0.431637,0.431637,1675336620,2023-02-02T11:17:00
0.406768,0.406768,0.406768,0.406768,1675336440,2023-02-02T11:14:00
0.383686,0.383686,0.383686,0.383686,1675336080,2023-02-02T11:08:00
0.407837,0.407837,0.407837,0.407837,1675335960,2023-02-02T11:06:00
0.391299,0.402204,0.391299,0.402204,1675335900,2023-02-02T11:05:00
0.383751,0.383751,0.383751,0.383751,1675335840,2023-02-02T11:04:00
0.373898,0.381204,0.373898,0.381204,1675335720,2023-02-02T11:02:00
0.362376,0.362376,0.362376,0.362376,1675335420,2023-02-02T10:57:00
0.353267,0.353267,0.353267,0.353267,1675335360,2023-02-02T10:56:00
0.372906,0.372906,0.372906,0.372906,1675335120,2023-02-02T10:52:00
0.363327,0.363327,0.363327,0.363327,1675334220,2023-02-02T10:37:00
0.363155,0.363155,0.353318,0.353318,1675333860,2023-02-02T10:31:00
0.348307,0.348307,0.348307,0.348307,1675333740,2023-02-02T10:29:00
0.325794,0.325794,0.325794,0.325794,1675332600,2023-02-02T10:10:00
0.347938,0.347938,0.347938,0.347938,1675326540,2023-02-02T08:29:00
0.334202,0.334202,0.334202,0.334202,1675320240,2023-02-02T06:44:00
0.348054,0.348054,0.348054,0.348054,1675320180,2023-02-02T06:43:00
0.356562,0.356562,0.356562,0.356562,1675320120,2023-02-02T06:42:00
0.358398,0.358398,0.358398,0.358398,1675320060,2023-02-02T06:41:00
0.347734,0.347734,0.347734,0.347734,1675318920,2023-02-02T06:22:00
0.33693,0.33693,0.33693,0.33693,1675301340,2023-02-02T01:29:00
0.335621,0.335621,0.335621,0.335621,1675299780,2023-02-02T01:03:00
0.346999,0.346999,0.346999,0.346999,1675298880,2023-02-02T00:48:00
0.32726,0.32726,0.32726,0.32726,1675298760,2023-02-02T00:46:00
0.342711,0.342711,0.342711,0.342711,1675298520,2023-02-02T00:42:00
0.346488,0.346488,0.346488,0.346488,1675298400,2023-02-02T00:40:00
0.338866,0.338866,0.338866,0.338866,1675290540,2023-02-01T22:29:00
0.339786,0.339786,0.339786,0.339786,1675289460,2023-02-01T22:11:00
0.334024,0.334024,0.334024,0.334024,1675289400,2023-02-01T22:10:00
0.309477,0.309477,0.309477,0.309477,1675259760,2023-02-01T13:56:00
0.31433,0.31433,0.31433,0.31433,1675256160,2023-02-01T12:56:00
0.311131,0.311131,0.311131,0.311131,1675248240,2023-02-01T10:44:00
0.301167,0.301167,0.301167,0.301167,1675205700,2023-01-31T22:55:00
0.323962,0.323962,0.323962,0.323962,1675188000,2023-01-31T18:00:00
0.330284,0.330284,0.330284,0.330284,1675171140,2023-01-31T13:19:00
0.336501,0.336501,0.336501,0.336501,1675149180,2023-01-31T07:13:00
0.33931,0.33931,0.33931,0.33931,1675133580,2023-01-31T02:53:00
0.332197,0.332197,0.332197,0.332197,1675118520,2023-01-30T22:42:00
0.336708,0.336708,0.336708,0.336708,1675118400,2023-01-30T22:40:00
0.330841,0.330841,0.330841,0.330841,1675118340,2023-01-30T22:39:00
0.320666,0.320666,0.320666,0.320666,1675118280,2023-01-30T22:38:00
0.321035,0.321035,0.321035,0.321035,1675117080,2023-01-30T22:18:00
0.30811,0.30811,0.30811,0.30811,1675112280,2023-01-30T20:58:00
0.305146,0.305146,0.305146,0.305146,1675110600,2023-01-30T20:30:00
0.311955,0.311955,0.311955,0.311955,1675104300,2023-01-30T18:45:00
0.320608,0.320608,0.320608,0.320608,1675102800,2023-01-30T18:20:00
0.323116,0.323116,0.323116,0.323116,1675098420,2023-01-30T17:07:00
0.326663,0.326663,0.326663,0.326663,1675098300,2023-01-30T17:05:00
0.30161,0.30161,0.30161,0.30161,1675096080,2023-01-30T16:28:00
0.304494,0.304494,0.304494,0.304494,1675094220,2023-01-30T15:57:00
0.310642,0.310642,0.310642,0.310642,1675093800,2023-01-30T15:50:00
0.310083,0.310083,0.310083,0.310083,1675087680,2023-01-30T14:08:00
0.316669,0.316669,0.316669,0.316669,1675084080,2023-01-30T13:08:00
0.309492,0.309492,0.309492,0.309492,1675083900,2023-01-30T13:05:00
0.30922,0.30922,0.30922,0.30922,1675083180,2023-01-30T12:53:00
0.31732,0.31732,0.31732,0.31732,1675076580,2023-01-30T11:03:00
0.32134,0.32134,0.32134,0.32134,1675076520,2023-01-30T11:02:00
0.322308,0.322308,0.322308,0.322308,1675073700,2023-01-30T10:15:00
0.325389,0.325389,0.325389,0.325389,1675073640,2023-01-30T10:14:00
0.333461,0.333461,0.333461,0.333461,1675073580,2023-01-30T10:13:00
0.298618,0.312123,0.298618,0.312123,1675071240,2023-01-30T09:34:00
0.320458,0.320458,0.320458,0.320458,1675071120,2023-01-30T09:32:00
0.308049,0.308049,0.304174,0.304174,1675070280,2023-01-30T09:18:00
0.303834,0.303834,0.303834,0.303834,1675070160,2023-01-30T09:16:00
0.291085,0.291085,0.291085,0.291085,1675070040,2023-01-30T09:14:00
0.280528,0.280528,0.280528,0.280528,1675069860,2023-01-30T09:11:00
0.277665,0.277665,0.277665,0.277665,1675066500,2023-01-30T08:15:00
0.280006,0.280006,0.280006,0.280006,1675065780,2023-01-30T08:03:00
0.288317,0.288317,0.288317,0.288317,1675065360,2023-01-30T07:56:00
0.293354,0.293354,0.293354,0.293354,1675064940,2023-01-30T07:49:00
0.29901,0.29901,0.29901,0.29901,1675064760,2023-01-30T07:46:00
0.301646,0.301646,0.301646,0.301646,1675063560,2023-01-30T07:26:00
0.304342,0.304342,0.304342,0.304342,1675060500,2023-01-30T06:35:00
0.303033,0.303033,0.303033,0.303033,1675057020,2023-01-30T05:37:00
0.306777,0.306777,0.306777,0.306777,1675056900,2023-01-30T05:35:00
0.308833,0.308833,0.308833,0.308833,1675056360,2023-01-30T05:26:00
0.313385,0.313385,0.313385,0.313385,1675055040,2023-01-30T05:04:00
0.310274,0.310274,0.310274,0.310274,1675053360,2023-01-30T04:36:00
0.310809,0.310809,0.310809,0.310809,1675053000,2023-01-30T04:30:00
0.325636,0.325636,0.325636,0.325636,1675052640,2023-01-30T04:24:00
0.310555,0.310555,0.310555,0.310555,1675048680,2023-01-30T03:18:00
0.312859,0.312859,0.312859,0.312859,1675047420,2023-01-30T02:57:00
0.313908,0.313908,0.313908,0.313908,1675043520,2023-01-30T01:52:00
0.319724,0.319724,0.319724,0.319724,1675038720,2023-01-30T00:32:00
0.325235,0.325235,0.325235,0.325235,1675038660,2023-01-30T00:31:00
0.329821,0.329821,0.329821,0.329821,1675038600,2023-01-30T00:30:00
0.314847,0.314847,0.314847,0.314847,1675037820,2023-01-30T00:17:00
0.308702,0.311834,0.308702,0.311834,1675035060,2023-01-29T23:31:00
0.319391,0.319391,0.315236,0.315236,1675034940,2023-01-29T23:29:00
0.310661,0.310661,0.310661,0.310661,1675034880,2023-01-29T23:28:00
0.306731,0.306731,0.306731,0.306731,1675034580,2023-01-29T23:23:00
0.30771,0.30771,0.30771,0.30771,1675031820,2023-01-29T22:37:00
0.307361,0.307361,0.307361,0.307361,1675031040,2023-01-29T22:24:00
0.311097,0.311097,0.311097,0.311097,1675030980,2023-01-29T22:23:00
0.305635,0.305635,0.305635,0.305635,1675030800,2023-01-29T22:20:00
0.304746,0.304746,0.304746,0.304746,1675028280,2023-01-29T21:38:00
0.30874,0.30874,0.30874,0.30874,1675027620,2023-01-29T21:27:00
0.31037,0.31037,0.31037,0.31037,1675026360,2023-01-29T21:06:00
0.304417,0.315989,0.304417,0.315989,1675026300,2023-01-29T21:05:00
0.306267,0.306267,0.306267,0.306267,1675026240,2023-01-29T21:04:00
0.296384,0.296384,0.296384,0.296384,1675025400,2023-01-29T20:50:00
0.28989,0.28989,0.28989,0.28989,1675025340,2023-01-29T20:49:00
0.29818,0.29818,0.29818,0.29818,1675025160,2023-01-29T20:46:00
0.305086,0.305086,0.305086,0.305086,1675025100,2023-01-29T20:45:00
0.290399,0.290399,0.290399,0.290399,1675025040,2023-01-29T20:44:00
0.281925,0.294799,0.281925,0.294799,1675024980,2023-01-29T20:43:00
0.28491,0.28491,0.28491,0.28491,1675024920,2023-01-29T20:42:00
0.270351,0.270351,0.270351,0.270351,1675024620,2023-01-29T20:37:00
0.256026,0.256026,0.256026,0.256026,1675024500,2023-01-29T20:35:00
0.248663,0.248663,0.248663,0.248663,1675023900,2023-01-29T20:25:00
0.244915,0.244915,0.244915,0.244915,1675023060,2023-01-29T20:11:00
0.244765,0.244765,0.244765,0.244765,1675022340,2023-01-29T19:59:00
0.247258,0.247258,0.247258,0.247258,1675021620,2023-01-29T19:47:00
0.252075,0.252075,0.252075,0.252075,1674982080,2023-01-29T08:48:00
0.256609,0.256609,0.256609,0.256609,1674969600,2023-01-29T05:20:00
0.264101,0.264101,0.264101,0.264101,1674969480,2023-01-29T05:18:00
0.281452,0.281452,0.26042,0.26042,1674969420,2023-01-29T05:17:00
0.2663,0.2663,0.2663,0.2663,1674969180,2023-01-29T05:13:00
0.263473,0.263473,0.263473,0.263473,1674968340,2023-01-29T04:59:00
0.24353,0.24353,0.24353,0.24353,1674967380,2023-01-29T04:43:00
0.241136,0.241136,0.241136,0.241136,1674955260,2023-01-29T01:21:00
0.232455,0.232455,0.232455,0.232455,1674931800,2023-01-28T18:50:00
0.23269,0.23269,0.23269,0.23269,1674926640,2023-01-28T17:24:00
0.234025,0.234025,0.234025,0.234025,1674919080,2023-01-28T15:18:00
0.228434,0.228434,0.228434,0.228434,1674918900,2023-01-28T15:15:00
0.226737,0.226737,0.226436,0.226436,1674918840,2023-01-28T15:14:00
0.24094,0.24094,0.24094,0.24094,1674918540,2023-01-28T15:09:00
0.254168,0.254168,0.254168,0.254168,1674894660,2023-01-28T08:31:00
0.258965,0.258965,0.258965,0.258965,1674894120,2023-01-28T08:22:00
0.255608,0.255608,0.255608,0.255608,1674887160,2023-01-28T06:26:00
0.254393,0.254393,0.254393,0.254393,1674856080,2023-01-27T21:48:00
0.257586,0.257586,0.257586,0.257586,1674849840,2023-01-27T20:04:00
0.266291,0.266291,0.266291,0.266291,1674847860,2023-01-27T19:31:00
0.264946,0.264946,0.264946,0.264946,1674837240,2023-01-27T16:34:00
0.260807,0.260807,0.260807,0.260807,1674837120,2023-01-27T16:32:00
0.25528,0.25528,0.25528,0.25528,1674836760,2023-01-27T16:26:00
0.218665,0.218665,0.218665,0.218665,1674835560,2023-01-27T16:06:00
0.23437,0.23437,0.23437,0.23437,1674824280,2023-01-27T12:58:00
0.23472,0.23472,0.23472,0.23472,1674823560,2023-01-27T12:46:00
0.235316,0.235316,0.235316,0.235316,1674822540,2023-01-27T12:29:00
0.238773,0.238773,0.238773,0.238773,1674820620,2023-01-27T11:57:00
0.238393,0.238393,0.238393,0.238393,1674820200,2023-01-27T11:50:00
0.244855,0.244855,0.244855,0.244855,1674819780,2023-01-27T11:43:00
0.24663,0.24663,0.24663,0.24663,1674807420,2023-01-27T08:17:00
0.242754,0.242754,0.242754,0.242754,1674784680,2023-01-27T01:58:00
0.243577,0.243577,0.243577,0.243577,1674783900,2023-01-27T01:45:00
0.252769,0.252769,0.252769,0.252769,1674779880,2023-01-27T00:38:00
0.246287,0.246287,0.246287,0.246287,1674779280,2023-01-27T00:28:00
0.235985,0.235985,0.235985,0.235985,1674779100,2023-01-27T00:25:00
0.256118,0.256118,0.256118,0.256118,1674764880,2023-01-26T20:28:00
0.255866,0.255866,0.255866,0.255866,1674763740,2023-01-26T20:09:00
0.252546,0.252546,0.252546,0.252546,1674761040,2023-01-26T19:24:00
0.246967,0.246967,0.246967,0.246967,1674760560,2023-01-26T19:16:00
0.264885,0.264885,0.255986,0.255986,1674760380,2023-01-26T19:13:00
0.254794,0.254794,0.254794,0.254794,1674760320,2023-01-26T19:12:00
0.245908,0.245908,0.245908,0.245908,1674755640,2023-01-26T17:54:00
0.253246,0.253246,0.253246,0.253246,1674755100,2023-01-26T17:45:00
0.25384,0.25384,0.25384,0.25384,1674753000,2023-01-26T17:10:00
0.249993,0.249993,0.249993,0.249993,1674749280,2023-01-26T16:08:00
0.248108,0.248108,0.248108,0.248108,1674749160,2023-01-26T16:06:00
0.247936,0.247936,0.247936,0.247936,1674748800,2023-01-26T16:00:00
0.247507,0.247507,0.247507,0.247507,1674748140,2023-01-26T15:49:00
0.24863,0.24863,0.24863,0.24863,1674748020,2023-01-26T15:47:00
0.236523,0.236523,0.236523,0.236523,1674743640,2023-01-26T14:34:00
0.230708,0.230708,0.230708,0.230708,1674743400,2023-01-26T14:30:00
0.229945,0.229945,0.229945,0.229945,1674743340,2023-01-26T14:29:00
0.232893,0.232893,0.232893,0.232893,1674743280,2023-01-26T14:28:00
0.235511,0.235511,0.235511,0.235511,1674743100,2023-01-26T14:25:00
0.238456,0.238456,0.238456,0.238456,1674741360,2023-01-26T13:56:00
0.235961,0.235961,0.235961,0.235961,1674740580,2023-01-26T13:43:00
0.233462,0.233462,0.233462,0.233462,1674739740,2023-01-26T13:29:00
0.241235,0.241235,0.241235,0.241235,1674739620,2023-01-26T13:27:00
0.235018,0.235018,0.235018,0.235018,1674738780,2023-01-26T13:13:00
0.239337,0.239337,0.237229,0.237229,1674738660,2023-01-26T13:11:00
0.241634,0.241634,0.241634,0.241634,1674738600,2023-01-26T13:10:00
0.238804,0.238804,0.238804,0.238804,1674738480,2023-01-26T13:08:00
0.238233,0.238233,0.236643,0.236643,1674738360,2023-01-26T13:06:00
0.240683,0.240683,0.240683,0.240683,1674737940,2023-01-26T12:59:00
0.233709,0.233709,0.233709,0.233709,1674736800,2023-01-26T12:40:00
0.235918,0.235918,0.229302,0.229302,1674736620,2023-01-26T12:37:00
0.233331,0.233331,0.233331,0.233331,1674736500,2023-01-26T12:35:00
0.227311,0.227311,0.227311,0.227311,1674735840,2023-01-26T12:24:00
0.225896,0.225896,0.225896,0.225896,1674735360,2023-01-26T12:16:00
0.225454,0.225454,0.225454,0.225454,1674735300,2023-01-26T12:15:00
0.224013,0.224013,0.224013,0.224013,1674734160,2023-01-26T11:56:00
0.239054,0.239054,0.235833,0.235833,1674734100,2023-01-26T11:55:00
0.247522,0.247522,0.247522,0.247522,1674733740,2023-01-26T11:49:00
0.26162,0.26162,0.26162,0.26162,1674733680,2023-01-26T11:48:00
0.235641,0.235641,0.235641,0.235641,1674732300,2023-01-26T11:25:00
0.232796,0.232796,0.232796,0.232796,1674721740,2023-01-26T08:29:00
0.225155,0.225155,0.225155,0.225155,1674720060,2023-01-26T08:01:00
0.218113,0.218113,0.218113,0.218113,1674719640,2023-01-26T07:54:00
0.218795,0.218795,0.218795,0.218795,1674719460,2023-01-26T07:51:00
0.224027,0.224027,0.224027,0.224027,1674719040,2023-01-26T07:44:00
0.227439,0.227439,0.227439,0.227439,1674718620,2023-01-26T07:37:00
0.231637,0.231637,0.231637,0.231637,1674718500,2023-01-26T07:35:00
0.23329,0.23329,0.23329,0.23329,1674717180,2023-01-26T07:13:00
0.225375,0.225375,0.225375,0.225375,1674716520,2023-01-26T07:02:00
0.225857,0.225857,0.225857,0.225857,1674716400,2023-01-26T07:00:00
0.226722,0.226722,0.226722,0.226722,1674715920,2023-01-26T06:52:00
0.220856,0.220856,0.220856,0.220856,1674715740,2023-01-26T06:49:00
0.212474,0.216361,0.212474,0.216361,1674714300,2023-01-26T06:25:00
0.210042,0.210042,0.210042,0.210042,1674712800,2023-01-26T06:00:00
0.207381,0.207381,0.207381,0.207381,1674711120,2023-01-26T05:32:00
0.209112,0.209112,0.209112,0.209112,1674709260,2023-01-26T05:01:00
0.214666,0.214666,0.214666,0.214666,1674700740,2023-01-26T02:39:00
0.229853,0.229853,0.222312,0.222312,1674700680,2023-01-26T02:38:00
0.232967,0.232967,0.232967,0.232967,1674700560,2023-01-26T02:36:00
0.230549,0.230549,0.230549,0.230549,1674700440,2023-01-26T02:34:00
0.221151,0.221151,0.221151,0.221151,1674697500,2023-01-26T01:45:00
0.216519,0.216519,0.216519,0.216519,1674697080,2023-01-26T01:38:00
0.216107,0.216107,0.216107,0.216107,1674695880,2023-01-26T01:18:00
0.217182,0.217182,0.217182,0.217182,1674695820,2023-01-26T01:17:00
0.220963,0.220963,0.220963,0.220963,1674695760,2023-01-26T01:16:00
0.21968,0.21968,0.21968,0.21968,1674695460,2023-01-26T01:11:00
0.213121,0.213121,0.213121,0.213121,1674695340,2023-01-26T01:09:00
0.206524,0.206524,0.206524,0.206524,1674695220,2023-01-26T01:07:00
0.200345,0.200345,0.200345,0.200345,1674694200,2023-01-26T00:50:00
0.197001,0.199879,0.197001,0.199879,1674694140,2023-01-26T00:49:00
0.203037,0.203037,0.193211,0.193211,1674694080,2023-01-26T00:48:00
0.21588,0.21588,0.21588,0.21588,1674693840,2023-01-26T00:44:00
0.192403,0.192403,0.192403,0.192403,1674693480,2023-01-26T00:38:00
0.185148,0.185148,0.185148,0.185148,1674693300,2023-01-26T00:35:00
0.188065,0.188065,0.186399,0.186399,1674693240,2023-01-26T00:34:00
0.187948,0.187948,0.187948,0.187948,1674693180,2023-01-26T00:33:00
0.192159,0.192159,0.189884,0.189884,1674693120,2023-01-26T00:32:00
0.194482,0.194482,0.194482,0.194482,1674693060,2023-01-26T00:31:00
0.197396,0.197396,0.197396,0.197396,1674693000,2023-01-26T00:30:00
0.201432,0.201432,0.201432,0.201432,1674692940,2023-01-26T00:29:00
0.209414,0.209414,0.20552,0.20552,1674692880,2023-01-26T00:28:00
0.214786,0.216195,0.213609,0.213609,1674692820,2023-01-26T00:27:00
0.21941,0.21941,0.214997,0.214997,1674692760,2023-01-26T00:26:00
0.223464,0.235246,0.223464,0.224186,1674692700,2023-01-26T00:25:00
0.225127,0.225127,0.22052,0.22052,1674692640,2023-01-26T00:24:00
0.231032,0.231032,0.227709,0.227709,1674692580,2023-01-26T00:23:00
0.23282,0.233092,0.229997,0.229997,1674692520,2023-01-26T00:22:00
0.2404,0.2404,0.234513,0.235822,1674692460,2023-01-26T00:21:00
0.246815,0.25149,0.245646,0.245646,1674692400,2023-01-26T00:20:00
0.241166,0.245527,0.241166,0.245527,1674692340,2023-01-26T00:19:00
0.24839,0.248525,0.246051,0.246051,1674692280,2023-01-26T00:18:00
0.254715,0.254715,0.254715,0.254715,1674692220,2023-01-26T00:17:00
0.254738,0.254738,0.254738,0.254738,1674692160,2023-01-26T00:16:00
0.260306,0.260306,0.260306,0.260306,1674692040,2023-01-26T00:14:00
0.260906,0.260906,0.260906,0.260906,1674681540,2023-01-25T21:19:00
0.264793,0.264793,0.264793,0.264793,1674678900,2023-01-25T20:35:00
0.264456,0.264456,0.260471,0.260471,1674671940,2023-01-25T18:39:00
0.272524,0.272524,0.272524,0.272524,1674653460,2023-01-25T13:31:00
0.26497,0.26497,0.26497,0.26497,1674642240,2023-01-25T10:24:00
0.267367,0.267367,0.267367,0.267367,1674625920,2023-01-25T05:52:00
0.26736,0.26736,0.26736,0.26736,1674621480,2023-01-25T04:38:00
0.27101,0.27101,0.27101,0.27101,1674605100,2023-01-25T00:05:00
0.278741,0.278741,0.278741,0.278741,1674598200,2023-01-24T22:10:00
0.27781,0.27781,0.27781,0.27781,1674594660,2023-01-24T21:11:00
0.274452,0.274452,0.274452,0.274452,1674593880,2023-01-24T20:58:00
0.268531,0.268531,0.268531,0.268531,1674581340,2023-01-24T17:29:00
0.272693,0.272693,0.272693,0.272693,1674573900,2023-01-24T15:25:00
0.275979,0.275979,0.275979,0.275979,1674571200,2023-01-24T14:40:00
0.278078,0.278078,0.278078,0.278078,1674568260,2023-01-24T13:51:00
0.275279,0.275279,0.275279,0.275279,1674568080,2023-01-24T13:48:00
0.277895,0.277895,0.277895,0.277895,1674549240,2023-01-24T08:34:00
0.279876,0.279876,0.279876,0.279876,1674548340,2023-01-24T08:19:00
0.282962,0.282962,0.282962,0.282962,1674546960,2023-01-24T07:56:00
0.278251,0.278251,0.278251,0.278251,1674542760,2023-01-24T06:46:00
0.281294,0.281294,0.281294,0.281294,1674539340,2023-01-24T05:49:00
0.282916,0.282916,0.282916,0.282916,1674510240,2023-01-23T21:44:00
0.281079,0.281079,0.281079,0.281079,1674508200,2023-01-23T21:10:00
0.276737,0.276737,0.276737,0.276737,1674500400,2023-01-23T19:00:00
0.276576,0.276576,0.276576,0.276576,1674495600,2023-01-23T17:40:00
0.277488,0.277488,0.277488,0.277488,1674493440,2023-01-23T17:04:00
0.273849,0.273849,0.273849,0.273849,1674488460,2023-01-23T15:41:00
0.271451,0.271451,0.271451,0.271451,1674486540,2023-01-23T15:09:00
0.275775,0.275775,0.275775,0.275775,1674486420,2023-01-23T15:07:00
0.284672,0.284672,0.284672,0.284672,1674477960,2023-01-23T12:46:00
0.280528,0.280528,0.280528,0.280528,1674476880,2023-01-23T12:28:00
0.28043,0.28043,0.28043,0.28043,1674476760,2023-01-23T12:26:00
0.279817,0.279817,0.279817,0.279817,1674473760,2023-01-23T11:36:00
0.272973,0.272973,0.272973,0.272973,1674473040,2023-01-23T11:24:00
0.271898,0.271898,0.271898,0.271898,1674472800,2023-01-23T11:20:00
0.262562,0.262562,0.262562,0.262562,1674465960,2023-01-23T09:26:00
0.260138,0.260138,0.260138,0.260138,1674463380,2023-01-23T08:43:00
0.260295,0.260295,0.260295,0.260295,1674463260,2023-01-23T08:41:00
0.261169,0.261169,0.261169,0.261169,1674456360,2023-01-23T06:46:00
0.263085,0.263085,0.263085,0.263085,1674456060,2023-01-23T06:41:00
0.257752,0.257752,0.257752,0.257752,1674456000,2023-01-23T06:40:00
0.257483,0.257483,0.257483,0.257483,1674455880,2023-01-23T06:38:00
0.256893,0.256893,0.256893,0.256893,1674455580,2023-01-23T06:33:00
0.254772,0.254772,0.254772,0.254772,1674454020,2023-01-23T06:07:00
0.261083,0.261083,0.261083,0.261083,1674451440,2023-01-23T05:24:00
0.271836,0.271836,0.271836,0.271836,1674440220,2023-01-23T02:17:00
0.275802,0.275802,0.275802,0.275802,1674430800,2023-01-22T23:40:00
0.275148,0.275148,0.275148,0.275148,1674422580,2023-01-22T21:23:00
0.27714,0.27714,0.27714,0.27714,1674422220,2023-01-22T21:17:00
0.280836,0.280836,0.280836,0.280836,1674421740,2023-01-22T21:09:00
0.290672,0.290672,0.290672,0.290672,1674419820,2023-01-22T20:37:00
0.310026,0.310026,0.299191,0.299191,1674412500,2023-01-22T18:35:00
0.288516,0.288516,0.288516,0.288516,1674412380,2023-01-22T18:33:00
0.291556,0.291556,0.282636,0.282636,1674412260,2023-01-22T18:31:00
0.299864,0.299864,0.299864,0.299864,1674412200,2023-01-22T18:30:00
0.279998,0.279998,0.279998,0.279998,1674412080,2023-01-22T18:28:00
0.271733,0.271733,0.271733,0.271733,1674412020,2023-01-22T18:27:00
0.269773,0.269773,0.263389,0.263389,1674411960,2023-01-22T18:26:00
0.287946,0.287946,0.28053,0.28053,1674411900,2023-01-22T18:25:00
0.267583,0.267583,0.267583,0.267583,1674411480,2023-01-22T18:18:00
0.261034,0.261034,0.261034,0.261034,1674411180,2023-01-22T18:13:00
0.26057,0.26057,0.26057,0.26057,1674411120,2023-01-22T18:12:00
0.267533,0.267533,0.251732,0.251732,1674411000,2023-01-22T18:10:00
0.297635,0.297635,0.289553,0.289553,1674410880,2023-01-22T18:08:00
0.283012,0.283976,0.283012,0.283976,1674410820,2023-01-22T18:07:00
0.248469,0.281263,0.248469,0.281263,1674410760,2023-01-22T18:06:00
0.317617,0.317617,0.317617,0.317617,1674408600,2023-01-22T17:30:00
0.31146,0.31146,0.31146,0.31146,1674406800,2023-01-22T17:00:00
0.30765,0.30765,0.30765,0.30765,1674402660,2023-01-22T15:51:00
0.307872,0.307872,0.307872,0.307872,1674402120,2023-01-22T15:42:00
0.30753,0.30753,0.30753,0.30753,1674395880,2023-01-22T13:58:00
0.303996,0.303996,0.303996,0.303996,1674382860,2023-01-22T10:21:00
0.321027,0.321027,0.311937,0.311937,1674382800,2023-01-22T10:20:00
0.302869,0.302869,0.302869,0.302869,1674382740,2023-01-22T10:19:00
0.297906,0.297906,0.297906,0.297906,1674382620,2023-01-22T10:17:00
0.291061,0.291061,0.291061,0.291061,1674382380,2023-01-22T10:13:00
0.283701,0.283701,0.283701,0.283701,1674379260,2023-01-22T09:21:00
0.281988,0.281988,0.281988,0.281988,1674379020,2023-01-22T09:17:00
0.281216,0.281216,0.281216,0.281216,1674378540,2023-01-22T09:09:00
0.284736,0.284736,0.284736,0.284736,1674378420,2023-01-22T09:07:00
0.286096,0.286096,0.286096,0.286096,1674376020,2023-01-22T08:27:00
0.291324,0.291324,0.291324,0.291324,1674375960,2023-01-22T08:26:00
0.299003,0.299003,0.299003,0.299003,1674369540,2023-01-22T06:39:00
0.296158,0.296158,0.296158,0.296158,1674365460,2023-01-22T05:31:00
0.297592,0.297592,0.297592,0.297592,1674361200,2023-01-22T04:20:00
0.299357,0.299357,0.299357,0.299357,1674358440,2023-01-22T03:34:00
0.301812,0.301812,0.301812,0.301812,1674350940,2023-01-22T01:29:00
0.303901,0.303901,0.303901,0.303901,1674350820,2023-01-22T01:27:00
0.302079,0.302079,0.302079,0.302079,1674350580,2023-01-22T01:23:00
0.305166,0.305166,0.305166,0.305166,1674342360,2023-01-21T23:06:00
0.300274,0.302281,0.300274,0.302281,1674341880,2023-01-21T22:58:00
0.308269,0.308269,0.308269,0.308269,1674340980,2023-01-21T22:43:00
0.304892,0.310542,0.304892,0.310542,1674340080,2023-01-21T22:28:00
0.331174,0.331174,0.331174,0.331174,1674340020,2023-01-21T22:27:00
0.331056,0.333242,0.331056,0.333242,1674339900,2023-01-21T22:25:00
0.340175,0.340175,0.340175,0.340175,1674335100,2023-01-21T21:05:00
0.341692,0.341692,0.341692,0.341692,1674326760,2023-01-21T18:46:00
0.341124,0.341124,0.341124,0.341124,1674322260,2023-01-21T17:31:00
0.341344,0.341344,0.341344,0.341344,1674322140,2023-01-21T17:29:00
0.341673,0.341673,0.341673,0.341673,1674321240,2023-01-21T17:14:00
0.344205,0.344205,0.344205,0.344205,1674320700,2023-01-21T17:05:00
0.340584,0.340584,0.340584,0.340584,1674320100,2023-01-21T16:55:00
0.334163,0.334163,0.334163,0.334163,1674312600,2023-01-21T14:50:00
0.328052,0.328052,0.328052,0.328052,1674307500,2023-01-21T13:25:00
0.317084,0.317084,0.317084,0.317084,1674307320,2023-01-21T13:22:00
0.315116,0.315116,0.315116,0.315116,1674305040,2023-01-21T12:44:00
0.315838,0.315838,0.315838,0.315838,1674300120,2023-01-21T11:22:00
0.318564,0.318564,0.318564,0.318564,1674299100,2023-01-21T11:05:00
0.336039,0.336039,0.336039,0.336039,1674298680,2023-01-21T10:58:00
0.346734,0.346734,0.346734,0.346734,1674294720,2023-01-21T09:52:00
0.344486,0.344486,0.344486,0.344486,1674294540,2023-01-21T09:49:00
0.340242,0.340242,0.340242,0.340242,1674292620,2023-01-21T09:17:00
0.338265,0.338265,0.338265,0.338265,1674286080,2023-01-21T07:28:00
0.336752,0.336752,0.336752,0.336752,1674286020,2023-01-21T07:27:00
0.334509,0.334509,0.334509,0.334509,1674285600,2023-01-21T07:20:00
0.330053,0.330053,0.330053,0.330053,1674285300,2023-01-21T07:15:00
0.321757,0.321757,0.321757,0.321757,1674285240,2023-01-21T07:14:00
0.320096,0.320096,0.320096,0.320096,1674284940,2023-01-21T07:09:00
0.317743,0.317743,0.317743,0.317743,1674283080,2023-01-21T06:38:00
0.313857,0.313857,0.313857,0.313857,1674281700,2023-01-21T06:15:00
0.310202,0.310202,0.310202,0.310202,1674280860,2023-01-21T06:01:00
0.311979,0.311979,0.311979,0.311979,1674280140,2023-01-21T05:49:00
0.309534,0.309534,0.309534,0.309534,1674277620,2023-01-21T05:07:00
0.310454,0.310454,0.310454,0.310454,1674277140,2023-01-21T04:59:00
0.302832,0.302832,0.302832,0.302832,1674274020,2023-01-21T04:07:00
0.322276,0.322276,0.322276,0.322276,1674273780,2023-01-21T04:03:00
0.326524,0.326524,0.326524,0.326524,1674272160,2023-01-21T03:36:00
0.325565,0.325565,0.325565,0.325565,1674269280,2023-01-21T02:48:00
0.327155,0.327155,0.327155,0.327155,1674266160,2023-01-21T01:56:00
0.313076,0.313076,0.313076,0.313076,1674266040,2023-01-21T01:54:00
0.310658,0.310658,0.310658,0.310658,1674264780,2023-01-21T01:33:00
0.319656,0.319656,0.319656,0.319656,1674264000,2023-01-21T01:20:00
0.323314,0.323314,0.323314,0.323314,1674261300,2023-01-21T00:35:00
0.321657,0.321657,0.321657,0.321657,1674260400,2023-01-21T00:20:00
0.324399,0.324399,0.324399,0.324399,1674260040,2023-01-21T00:14:00
0.337477,0.337477,0.322941,0.322941,1674259980,2023-01-21T00:13:00
0.357142,0.357142,0.357142,0.357142,1674258180,2023-01-20T23:43:00
0.360087,0.360087,0.360087,0.360087,1674258120,2023-01-20T23:42:00
0.356562,0.356562,0.356562,0.356562,1674257520,2023-01-20T23:32:00
0.356619,0.356619,0.356619,0.356619,1674255000,2023-01-20T22:50:00
0.360671,0.360671,0.360671,0.360671,1674254940,2023-01-20T22:49:00
0.360353,0.360353,0.360353,0.360353,1674254700,2023-01-20T22:45:00
0.36424,0.36424,0.36424,0.36424,1674254640,2023-01-20T22:44:00
0.372688,0.372688,0.372688,0.372688,1674254160,2023-01-20T22:36:00
0.376494,0.376494,0.376494,0.376494,1674252780,2023-01-20T22:13:00
0.377276,0.377276,0.377276,0.377276,1674252420,2023-01-20T22:07:00
0.373691,0.373691,0.373691,0.373691,1674252300,2023-01-20T22:05:00
0.365103,0.365103,0.365103,0.365103,1674251700,2023-01-20T21:55:00
0.362632,0.362632,0.362632,0.362632,1674251520,2023-01-20T21:52:00
0.368382,0.368382,0.368382,0.368382,1674251460,2023-01-20T21:51:00
0.357493,0.357493,0.357493,0.357493,1674251220,2023-01-20T21:47:00
0.369354,0.369354,0.354599,0.354599,1674251160,2023-01-20T21:46:00
0.350766,0.387074,0.350766,0.387074,1674251100,2023-01-20T21:45:00
0.339941,0.339941,0.339941,0.339941,1674251040,2023-01-20T21:44:00
0.326747,0.326747,0.326747,0.326747,1674250260,2023-01-20T21:31:00
0.323683,0.323683,0.323683,0.323683,1674250080,2023-01-20T21:28:00
0.325092,0.325092,0.325092,0.325092,1674249960,2023-01-20T21:26:00
0.325632,0.325632,0.325632,0.325632,1674249840,2023-01-20T21:24:00
0.319462,0.319462,0.319462,0.319462,1674248280,2023-01-20T20:58:00
0.311587,0.311587,0.311587,0.311587,1674247800,2023-01-20T20:50:00
0.306743,0.306743,0.306743,0.306743,1674247320,2023-01-20T20:42:00
0.31586,0.31586,0.309742,0.309742,1674247260,2023-01-20T20:41:00
0.319367,0.319367,0.319367,0.319367,1674247200,2023-01-20T20:40:00
0.326808,0.326808,0.326808,0.326808,1674247140,2023-01-20T20:39:00
0.32324,0.32324,0.32324,0.32324,1674247080,2023-01-20T20:38:00
0.314716,0.314716,0.314716,0.314716,1674247020,2023-01-20T20:37:00
0.29957,0.311325,0.29957,0.311325,1674246900,2023-01-20T20:35:00
0.299438,0.300882,0.299438,0.300882,1674246840,2023-01-20T20:34:00
0.282897,0.282897,0.282897,0.282897,1674246780,2023-01-20T20:33:00
0.265956,0.265956,0.265956,0.265956,1674246600,2023-01-20T20:30:00
0.259531,0.259531,0.259531,0.259531,1674246540,2023-01-20T20:29:00
0.258202,0.258202,0.258202,0.258202,1674246480,2023-01-20T20:28:00
0.254806,0.254806,0.254806,0.254806,1674246360,2023-01-20T20:26:00
0.245773,0.245773,0.245773,0.245773,1674242640,2023-01-20T19:24:00
0.243185,0.243185,0.243185,0.243185,1674233100,2023-01-20T16:45:00
0.240473,0.240473,0.240473,0.240473,1674229080,2023-01-20T15:38:00
0.242514,0.242514,0.242514,0.242514,1674227760,2023-01-20T15:16:00
0.240064,0.240064,0.240064,0.240064,1674222120,2023-01-20T13:42:00
0.242036,0.242036,0.242036,0.242036,1674213840,2023-01-20T11:24:00
0.247065,0.247065,0.240917,0.240917,1674212520,2023-01-20T11:02:00
0.256428,0.256428,0.256428,0.256428,1674210240,2023-01-20T10:24:00
0.25804,0.25804,0.25804,0.25804,1674206640,2023-01-20T09:24:00
0.257974,0.257974,0.257974,0.257974,1674178620,2023-01-20T01:37:00
0.255986,0.255986,0.255986,0.255986,1674166980,2023-01-19T22:23:00
0.257828,0.257828,0.257828,0.257828,1674166860,2023-01-19T22:21:00
0.258592,0.258592,0.258592,0.258592,1674157080,2023-01-19T19:38:00
0.256535,0.256535,0.256535,0.256535,1674150660,2023-01-19T17:51:00
0.258611,0.258611,0.258611,0.258611,1674150000,2023-01-19T17:40:00
0.268615,0.268615,0.268615,0.268615,1674149520,2023-01-19T17:32:00
0.272762,0.272762,0.272762,0.272762,1674107340,2023-01-19T05:49:00
0.273218,0.273218,0.273218,0.273218,1674105240,2023-01-19T05:14:00
0.272964,0.272964,0.272964,0.272964,1674103800,2023-01-19T04:50:00
0.273464,0.273464,0.273464,0.273464,1674103620,2023-01-19T04:47:00
0.272846,0.272846,0.272846,0.272846,1674099120,2023-01-19T03:32:00
0.27809,0.27809,0.27809,0.27809,1674089220,2023-01-19T00:47:00
0.280678,0.280678,0.280678,0.280678,1674083940,2023-01-18T23:19:00
0.278742,0.278742,0.278742,0.278742,1674079260,2023-01-18T22:01:00
0.286181,0.286181,0.286181,0.286181,1674043380,2023-01-18T12:03:00
0.294486,0.294486,0.294486,0.294486,1674041460,2023-01-18T11:31:00
0.300866,0.300866,0.300866,0.300866,1674041160,2023-01-18T11:26:00
0.291684,0.291684,0.291684,0.291684,1674034560,2023-01-18T09:36:00
0.290217,0.290217,0.290217,0.290217,1674017760,2023-01-18T04:56:00
0.290349,0.290349,0.290349,0.290349,1674009300,2023-01-18T02:35:00
0.305578,0.305578,0.305578,0.305578,1673999220,2023-01-17T23:47:00
0.291199,0.291199,0.291199,0.291199,1673992080,2023-01-17T21:48:00
0.290492,0.290492,0.290492,0.290492,1673991180,2023-01-17T21:33:00
0.291122,0.291122,0.289105,0.289105,1673990940,2023-01-17T21:29:00
0.290802,0.290802,0.290802,0.290802,1673990400,2023-01-17T21:20:00
0.291156,0.291156,0.291156,0.291156,1673984340,2023-01-17T19:39:00
0.285611,0.285611,0.285611,0.285611,1673973240,2023-01-17T16:34:00
0.281853,0.281853,0.281853,0.281853,1673963880,2023-01-17T13:58:00
0.279955,0.279955,0.279955,0.279955,1673957340,2023-01-17T12:09:00
0.282125,0.282125,0.282125,0.282125,1673956680,2023-01-17T11:58:00
0.28012,0.28012,0.28012,0.28012,1673951220,2023-01-17T10:27:00
0.282263,0.282263,0.282263,0.282263,1673945700,2023-01-17T08:55:00
0.295886,0.295886,0.295886,0.295886,1673945040,2023-01-17T08:44:00
0.282133,0.282133,0.282133,0.282133,1673905260,2023-01-16T21:41:00
0.282706,0.282706,0.282706,0.282706,1673889900,2023-01-16T17:25:00
0.29976,0.29976,0.29976,0.29976,1673887620,2023-01-16T16:47:00
0.286141,0.286141,0.286141,0.286141,1673887200,2023-01-16T16:40:00
0.291035,0.291035,0.291035,0.291035,1673885040,2023-01-16T16:04:00
0.294881,0.294881,0.294881,0.294881,1673884020,2023-01-16T15:47:00
0.295647,0.295647,0.295647,0.295647,1673883900,2023-01-16T15:45:00
0.291222,0.291222,0.291222,0.291222,1673878500,2023-01-16T14:15:00
0.288379,0.288379,0.288379,0.288379,1673877060,2023-01-16T13:51:00
0.283501,0.283501,0.283501,0.283501,1673876100,2023-01-16T13:35:00
0.282867,0.285202,0.282867,0.285202,1673874840,2023-01-16T13:14:00
0.3005,0.3005,0.3005,0.3005,1673874660,2023-01-16T13:11:00
0.311124,0.311124,0.311124,0.311124,1673860140,2023-01-16T09:09:00
0.307104,0.307104,0.307104,0.307104,1673857680,2023-01-16T08:28:00
0.314091,0.314091,0.314091,0.314091,1673850180,2023-01-16T06:23:00
0.313277,0.313277,0.313277,0.313277,1673829960,2023-01-16T00:46:00
0.315756,0.315756,0.315756,0.315756,1673827800,2023-01-16T00:10:00
0.308694,0.308694,0.308694,0.308694,1673826540,2023-01-15T23:49:00
0.299407,0.299407,0.299407,0.299407,1673826480,2023-01-15T23:48:00
0.327866,0.327866,0.327866,0.327866,1673823060,2023-01-15T22:51:00
0.346695,0.346695,0.346695,0.346695,1673822760,2023-01-15T22:46:00
0.327538,0.327538,0.327538,0.327538,1673822640,2023-01-15T22:44:00
0.325664,0.325664,0.325664,0.325664,1673821920,2023-01-15T22:32:00
0.322322,0.326177,0.322322,0.326177,1673821740,2023-01-15T22:29:00
0.322576,0.322576,0.322576,0.322576,1673821320,2023-01-15T22:22:00
0.323687,0.323687,0.323687,0.323687,1673821260,2023-01-15T22:21:00
0.315307,0.315307,0.315307,0.315307,1673821200,2023-01-15T22:20:00
0.294542,0.294542,0.294542,0.294542,1673821140,2023-01-15T22:19:00
0.283206,0.283206,0.283206,0.283206,1673820600,2023-01-15T22:10:00
0.286531,0.286531,0.286531,0.286531,1673820540,2023-01-15T22:09:00
0.290448,0.290448,0.290448,0.290448,1673817240,2023-01-15T21:14:00
0.289742,0.289742,0.289742,0.289742,1673815860,2023-01-15T20:51:00
0.290005,0.290005,0.290005,0.290005,1673809800,2023-01-15T19:10:00
0.305015,0.305015,0.305015,0.305015,1673801520,2023-01-15T16:52:00
0.302665,0.302665,0.302665,0.302665,1673799180,2023-01-15T16:13:00
0.295568,0.295568,0.295568,0.295568,1673790960,2023-01-15T13:56:00
0.289265,0.289265,0.289265,0.289265,1673790600,2023-01-15T13:50:00
0.288765,0.288765,0.288765,0.288765,1673790540,2023-01-15T13:49:00
0.285795,0.285795,0.285795,0.285795,1673790420,2023-01-15T13:47:00
0.284435,0.284435,0.284435,0.284435,1673790240,2023-01-15T13:44:00
0.279982,0.279982,0.279982,0.279982,1673790000,2023-01-15T13:40:00
0.259253,0.259253,0.259253,0.259253,1673784360,2023-01-15T12:06:00
0.263292,0.263292,0.263292,0.263292,1673783880,2023-01-15T11:58:00
0.268054,0.268054,0.268054,0.268054,1673775420,2023-01-15T09:37:00
0.272671,0.272671,0.272671,0.272671,1673774400,2023-01-15T09:20:00
0.278032,0.278032,0.278032,0.278032,1673769420,2023-01-15T07:57:00
0.278583,0.278583,0.278583,0.278583,1673745120,2023-01-15T01:12:00
0.285074,0.285074,0.285074,0.285074,1673738220,2023-01-14T23:17:00
0.294864,0.294864,0.294864,0.294864,1673737860,2023-01-14T23:11:00
0.299751,0.299751,0.299751,0.299751,1673722440,2023-01-14T18:54:00
0.301576,0.301576,0.301576,0.301576,1673714040,2023-01-14T16:34:00
0.304269,0.304269,0.304269,0.304269,1673710020,2023-01-14T15:27:00
0.303829,0.303829,0.303829,0.303829,1673703120,2023-01-14T13:32:00
0.301735,0.301735,0.301735,0.301735,1673702940,2023-01-14T13:29:00
0.300581,0.300581,0.300581,0.300581,1673702640,2023-01-14T13:24:00
0.30244,0.311164,0.30191,0.30191,1673702340,2023-01-14T13:19:00
0.304877,0.315471,0.303032,0.315471,1673702280,2023-01-14T13:18:00
0.303536,0.307796,0.303536,0.307796,1673702220,2023-01-14T13:17:00
0.295862,0.299617,0.295862,0.299617,1673702100,2023-01-14T13:15:00
0.289986,0.289986,0.289986,0.289986,1673701980,2023-01-14T13:13:00
0.287696,0.287696,0.287696,0.287696,1673701680,2023-01-14T13:08:00
0.285883,0.285883,0.285883,0.285883,1673696880,2023-01-14T11:48:00
0.285326,0.285326,0.285326,0.285326,1673696040,2023-01-14T11:34:00
0.283485,0.283485,0.283485,0.283485,1673690220,2023-01-14T09:57:00
0.289531,0.289531,0.289531,0.289531,1673669700,2023-01-14T04:15:00
0.273925,0.273925,0.273925,0.273925,1673649900,2023-01-13T22:45:00
0.260337,0.272815,0.260337,0.272815,1673648040,2023-01-13T22:14:00
0.275779,0.275779,0.275779,0.275779,1673647980,2023-01-13T22:13:00
0.263281,0.263384,0.263281,0.263384,1673647920,2023-01-13T22:12:00
0.243912,0.243912,0.243912,0.243912,1673642400,2023-01-13T20:40:00
0.243496,0.243496,0.243496,0.243496,1673612100,2023-01-13T12:15:00
0.259094,0.259094,0.259094,0.259094,1673608800,2023-01-13T11:20:00
0.244159,0.244159,0.244159,0.244159,1673583180,2023-01-13T04:13:00
0.244004,0.244004,0.244004,0.244004,1673579580,2023-01-13T03:13:00
0.24588,0.24588,0.24588,0.24588,1673551200,2023-01-12T19:20:00
0.248087,0.248087,0.242966,0.242966,1673527740,2023-01-12T12:49:00
0.253057,0.253057,0.253057,0.253057,1673527620,2023-01-12T12:47:00
0.241806,0.241806,0.241806,0.241806,1673527500,2023-01-12T12:45:00
0.227489,0.227489,0.227489,0.227489,1673427540,2023-01-11T08:59:00
0.231786,0.231786,0.231786,0.231786,1673381700,2023-01-10T20:15:00
0.236749,0.236749,0.236749,0.236749,1673364180,2023-01-10T15:23:00
0.230409,0.230409,0.230409,0.230409,1673342220,2023-01-10T09:17:00
0.227321,0.227321,0.227321,0.227321,1673341080,2023-01-10T08:58:00
0.225534,0.225534,0.225534,0.225534,1673326140,2023-01-10T04:49:00
0.226207,0.226207,0.226207,0.226207,1673325780,2023-01-10T04:43:00
0.227449,0.227449,0.227449,0.227449,1673321940,2023-01-10T03:39:00
0.227588,0.227588,0.227588,0.227588,1673316480,2023-01-10T02:08:00
0.230772,0.230772,0.230772,0.230772,1673297100,2023-01-09T20:45:00
0.225908,0.225908,0.225908,0.225908,1673295300,2023-01-09T20:15:00
0.242231,0.242231,0.242231,0.242231,1673295120,2023-01-09T20:12:00
0.248278,0.248278,0.248278,0.248278,1673290380,2023-01-09T18:53:00
0.246014,0.246014,0.246014,0.246014,1673290320,2023-01-09T18:52:00
0.241931,0.241931,0.241931,0.241931,1673290200,2023-01-09T18:50:00
0.237107,0.237107,0.237107,0.237107,1673269740,2023-01-09T13:09:00
0.238252,0.238252,0.238252,0.238252,1673261280,2023-01-09T10:48:00
0.233905,0.233905,0.233905,0.233905,1673260980,2023-01-09T10:43:00
0.233111,0.233111,0.233111,0.233111,1673260680,2023-01-09T10:38:00
0.23188,0.23188,0.229863,0.229863,1673253240,2023-01-09T08:34:00
0.236165,0.236165,0.236165,0.236165,1673251920,2023-01-09T08:12:00
0.239807,0.239807,0.239807,0.239807,1673251260,2023-01-09T08:01:00
0.239569,0.239569,0.239569,0.239569,1673238660,2023-01-09T04:31:00
0.234145,0.234145,0.234145,0.234145,1673208060,2023-01-08T20:01:00
0.235335,0.235335,0.235335,0.235335,1673187540,2023-01-08T14:19:00
0.236035,0.236035,0.236035,0.236035,1673185800,2023-01-08T13:50:00
0.236555,0.236555,0.236555,0.236555,1673180640,2023-01-08T12:24:00
0.236356,0.236356,0.236356,0.236356,1673175660,2023-01-08T11:01:00
0.236926,0.236926,0.236926,0.236926,1673103720,2023-01-07T15:02:00
0.23907,0.23907,0.23907,0.23907,1673083080,2023-01-07T09:18:00
0.237512,0.237512,0.237512,0.237512,1673078880,2023-01-07T08:08:00
0.23802,0.23802,0.23802,0.23802,1673066340,2023-01-07T04:39:00
0.236124,0.236124,0.236124,0.236124,1672863000,2023-01-04T20:10:00
0.236832,0.236832,0.236832,0.236832,1672859400,2023-01-04T19:10:00
0.237095,0.237095,0.237095,0.237095,1672847100,2023-01-04T15:45:00
0.228716,0.228716,0.228716,0.228716,1672783140,2023-01-03T21:59:00
0.228853,0.228853,0.228853,0.228853,1672776240,2023-01-03T20:04:00
0.227637,0.227637,0.227637,0.227637,1672768860,2023-01-03T18:01:00
0.226451,0.226451,0.226451,0.226451,1672761780,2023-01-03T16:03:00
0.228323,0.228323,0.228323,0.228323,1672687200,2023-01-02T19:20:00
0.228937,0.228937,0.228937,0.228937,1672664040,2023-01-02T12:54:00
0.226993,0.226993,0.226993,0.226993,1672639380,2023-01-02T06:03:00
0.21922,0.21922,0.21922,0.21922,1672625820,2023-01-02T02:17:00
0.214724,0.214724,0.214724,0.214724,1672624860,2023-01-02T02:01:00
0.209976,0.209976,0.209976,0.209976,1672622340,2023-01-02T01:19:00
0.211731,0.211731,0.211731,0.211731,1672618020,2023-01-02T00:07:00
0.21287,0.21287,0.21287,0.21287,1672596720,2023-01-01T18:12:00
0.209739,0.209739,0.209739,0.209739,1672584840,2023-01-01T14:54:00
0.208,0.208,0.208,0.208,1672575060,2023-01-01T12:11:00
0.208937,0.208937,0.208937,0.208937,1672574700,2023-01-01T12:05:00
0.207506,0.208206,0.207506,0.208206,1672574640,2023-01-01T12:04:00
0.20617,0.20617,0.20617,0.20617,1672565700,2023-01-01T09:35:00
0.202354,0.202354,0.202354,0.202354,1672559880,2023-01-01T07:58:00
0.197919,0.197919,0.197919,0.197919,1672558020,2023-01-01T07:27:00
0.195994,0.195994,0.195994,0.195994,1672547220,2023-01-01T04:27:00
0.196272,0.196272,0.196272,0.196272,1672546980,2023-01-01T04:23:00
0.197918,0.197918,0.197918,0.197918,1672545240,2023-01-01T03:54:00
0.20015,0.20015,0.199822,0.199822,1672545180,2023-01-01T03:53:00
0.203995,0.203995,0.203995,0.203995,1672545000,2023-01-01T03:50:00
0.206898,0.206898,0.206898,0.206898,1672539540,2023-01-01T02:19:00
0.206045,0.206045,0.206045,0.206045,1672536600,2023-01-01T01:30:00
0.20514,0.20514,0.20514,0.20514,1672534560,2023-01-01T00:56:00
0.205637,0.205637,0.205637,0.205637,1672520760,2022-12-31T21:06:00
0.204326,0.204326,0.204326,0.204326,1672520700,2022-12-31T21:05:00
0.20503,0.20503,0.20503,0.20503,1672507680,2022-12-31T17:28:00
0.203644,0.203644,0.203644,0.203644,1672494120,2022-12-31T13:42:00
0.202056,0.202056,0.202056,0.202056,1672486140,2022-12-31T11:29:00
0.20174,0.20174,0.20174,0.20174,1672482720,2022-12-31T10:32:00
0.198022,0.198022,0.198022,0.198022,1672482600,2022-12-31T10:30:00
0.198999,0.198999,0.197239,0.197239,1672482480,2022-12-31T10:28:00
0.212916,0.212916,0.212916,0.212916,1672466640,2022-12-31T06:04:00
0.216919,0.216919,0.216919,0.216919,1672456320,2022-12-31T03:12:00
0.215276,0.215276,0.215276,0.215276,1672456200,2022-12-31T03:10:00
0.21322,0.21322,0.21322,0.21322,1672437600,2022-12-30T22:00:00
0.21329,0.21329,0.21329,0.21329,1672404540,2022-12-30T12:49:00
0.214988,0.214988,0.214988,0.214988,1672376580,2022-12-30T05:03:00
0.215888,0.215888,0.215888,0.215888,1672338540,2022-12-29T18:29:00
0.213511,0.213511,0.213511,0.213511,1672314540,2022-12-29T11:49:00
0.211756,0.211756,0.211756,0.211756,1672314300,2022-12-29T11:45:00
0.209067,0.209067,0.209067,0.209067,1672308840,2022-12-29T10:14:00
0.209574,0.209574,0.209574,0.209574,1672273560,2022-12-29T00:26:00
0.208439,0.208439,0.208439,0.208439,1672273260,2022-12-29T00:21:00
0.205411,0.205411,0.205411,0.205411,1672273140,2022-12-29T00:19:00
0.218455,0.218455,0.218455,0.218455,1672248960,2022-12-28T17:36:00
0.215875,0.215875,0.215875,0.215875,1672242420,2022-12-28T15:47:00
0.216305,0.216305,0.216305,0.216305,1672230240,2022-12-28T12:24:00
0.214939,0.214939,0.214939,0.214939,1672218060,2022-12-28T09:01:00
0.220809,0.220809,0.220809,0.220809,1672210500,2022-12-28T06:55:00
0.22013,0.22013,0.22013,0.22013,1672210080,2022-12-28T06:48:00
0.23187,0.23187,0.23187,0.23187,1672202160,2022-12-28T04:36:00
0.236131,0.236131,0.236131,0.236131,1672196340,2022-12-28T02:59:00
0.239869,0.239869,0.239869,0.239869,1672187280,2022-12-28T00:28:00
0.232139,0.232139,0.232139,0.232139,1672183320,2022-12-27T23:22:00
0.234887,0.234887,0.234887,0.234887,1672157100,2022-12-27T16:05:00
0.238196,0.238196,0.238196,0.238196,1672149240,2022-12-27T13:54:00
0.236177,0.236177,0.236177,0.236177,1672137600,2022-12-27T10:40:00
0.227858,0.227858,0.227858,0.227858,1672135080,2022-12-27T09:58:00
0.223295,0.223295,0.223295,0.223295,1672121640,2022-12-27T06:14:00
0.216645,0.216645,0.216645,0.216645,1672121580,2022-12-27T06:13:00
0.208842,0.208842,0.208842,0.208842,1672103580,2022-12-27T01:13:00
0.208831,0.208831,0.208831,0.208831,1672100100,2022-12-27T00:15:00
0.206416,0.206416,0.206416,0.206416,1672097880,2022-12-26T23:38:00
0.207533,0.207533,0.207323,0.207323,1672097160,2022-12-26T23:26:00
0.209657,0.209657,0.209657,0.209657,1672096980,2022-12-26T23:23:00
0.207072,0.211232,0.206407,0.211232,1672096920,2022-12-26T23:22:00
0.21471,0.21471,0.21471,0.21471,1672096800,2022-12-26T23:20:00
0.218229,0.218229,0.218229,0.218229,1672096680,2022-12-26T23:18:00
0.228978,0.228978,0.228978,0.228978,1672090680,2022-12-26T21:38:00
0.226253,0.226253,0.226253,0.226253,1672083660,2022-12-26T19:41:00
0.226625,0.226625,0.226625,0.226625,1672072560,2022-12-26T16:36:00
0.22201,0.22201,0.22201,0.22201,1671988860,2022-12-25T17:21:00
0.229044,0.229044,0.229044,0.229044,1671939060,2022-12-25T03:31:00
0.236121,0.236121,0.236121,0.236121,1671931860,2022-12-25T01:31:00
0.236827,0.236827,0.236827,0.236827,1671906780,2022-12-24T18:33:00
0.225313,0.225313,0.225313,0.225313,1671905220,2022-12-24T18:07:00
0.224707,0.224707,0.224707,0.224707,1671894420,2022-12-24T15:07:00
0.225483,0.225483,0.225483,0.225483,1671892260,2022-12-24T14:31:00
0.226784,0.226784,0.226784,0.226784,1671887040,2022-12-24T13:04:00
0.223423,0.223423,0.223423,0.223423,1671879240,2022-12-24T10:54:00
0.224186,0.224186,0.224186,0.224186,1671865920,2022-12-24T07:12:00
0.222653,0.222653,0.222653,0.222653,1671865860,2022-12-24T07:11:00
0.219402,0.219402,0.219402,0.219402,1671858840,2022-12-24T05:14:00
0.234943,0.234943,0.234943,0.234943,1671845580,2022-12-24T01:33:00
0.23521,0.23521,0.23521,0.23521,1671817440,2022-12-23T17:44:00
0.237337,0.237337,0.237337,0.237337,1671813960,2022-12-23T16:46:00
0.24164,0.24164,0.24164,0.24164,1671788940,2022-12-23T09:49:00
0.235194,0.235194,0.235194,0.235194,1671716700,2022-12-22T13:45:00
0.22833,0.22833,0.22833,0.22833,1671705420,2022-12-22T10:37:00
0.226922,0.226922,0.226922,0.226922,1671703140,2022-12-22T09:59:00
0.223251,0.223251,0.223251,0.223251,1671699600,2022-12-22T09:00:00
0.222041,0.222041,0.222041,0.222041,1671699300,2022-12-22T08:55:00
0.223693,0.223693,0.223693,0.223693,1671699060,2022-12-22T08:51:00
0.231627,0.231627,0.231627,0.231627,1671698880,2022-12-22T08:48:00
0.223755,0.223755,0.223755,0.223755,1671698760,2022-12-22T08:46:00
0.215754,0.215754,0.215754,0.215754,1671697740,2022-12-22T08:29:00
0.216306,0.216306,0.216306,0.216306,1671695460,2022-12-22T07:51:00
0.218367,0.218367,0.218367,0.218367,1671680820,2022-12-22T03:47:00
0.21797,0.21797,0.21797,0.21797,1671675240,2022-12-22T02:14:00
0.208572,0.208572,0.208572,0.208572,1671671640,2022-12-22T01:14:00
0.209027,0.209027,0.209027,0.209027,1671671220,2022-12-22T01:07:00
0.211635,0.211635,0.211635,0.211635,1671667980,2022-12-22T00:13:00
0.214684,0.214684,0.214684,0.214684,1671665340,2022-12-21T23:29:00
0.216068,0.216068,0.216068,0.216068,1671664620,2022-12-21T23:17:00
0.215631,0.215631,0.215631,0.215631,1671664560,2022-12-21T23:16:00
0.220132,0.220132,0.220132,0.220132,1671661200,2022-12-21T22:20:00
0.223758,0.223758,0.223758,0.223758,1671658740,2022-12-21T21:39:00
0.228309,0.228309,0.228309,0.228309,1671657600,2022-12-21T21:20:00
0.237324,0.237324,0.237324,0.237324,1671656520,2022-12-21T21:02:00
0.240179,0.240179,0.240179,0.240179,1671645480,2022-12-21T17:58:00
0.241906,0.241906,0.241906,0.241906,1671640980,2022-12-21T16:43:00
0.244124,0.244124,0.244124,0.244124,1671584340,2022-12-21T00:59:00
0.247252,0.247252,0.247252,0.247252,1671568560,2022-12-20T20:36:00
0.246631,0.246631,0.246631,0.246631,1671535440,2022-12-20T11:24:00
0.248374,0.248374,0.248374,0.248374,1671533100,2022-12-20T10:45:00
0.253038,0.253038,0.253038,0.253038,1671532080,2022-12-20T10:28:00
0.254424,0.254424,0.254424,0.254424,1671531480,2022-12-20T10:18:00
0.249724,0.249724,0.249724,0.249724,1671507000,2022-12-20T03:30:00
0.247472,0.247472,0.247472,0.247472,1671487200,2022-12-19T22:00:00
0.250251,0.250251,0.250251,0.250251,1671452340,2022-12-19T12:19:00
0.248237,0.248237,0.248237,0.248237,1671438180,2022-12-19T08:23:00
0.249309,0.249309,0.249309,0.249309,1671417060,2022-12-19T02:31:00
0.242142,0.242142,0.242142,0.242142,1671409200,2022-12-19T00:20:00
0.242604,0.242604,0.242604,0.242604,1671396000,2022-12-18T20:40:00
0.238608,0.238608,0.238608,0.238608,1671379200,2022-12-18T16:00:00
0.237981,0.237981,0.237981,0.237981,1671371700,2022-12-18T13:55:00
0.23859,0.23859,0.23859,0.23859,1671360720,2022-12-18T10:52:00
0.23268,0.23268,0.23268,0.23268,1671278280,2022-12-17T11:58:00
0.240921,0.240921,0.230857,0.230857,1671271680,2022-12-17T10:08:00
0.252655,0.252655,0.252655,0.252655,1671263820,2022-12-17T07:57:00
0.254126,0.254126,0.254126,0.254126,1671263760,2022-12-17T07:56:00
0.230187,0.230187,0.230187,0.230187,1671260340,2022-12-17T06:59:00
0.223642,0.223642,0.223642,0.223642,1671260280,2022-12-17T06:58:00
0.213207,0.213207,0.212918,0.212918,1671254640,2022-12-17T05:24:00
0.215058,0.215058,0.213778,0.213778,1671254580,2022-12-17T05:23:00
0.216883,0.216883,0.216023,0.216023,1671254520,2022-12-17T05:22:00
0.217447,0.217447,0.217447,0.217447,1671250800,2022-12-17T04:20:00
0.224185,0.224185,0.224185,0.224185,1671228360,2022-12-16T22:06:00
0.225733,0.225733,0.225733,0.225733,1671225000,2022-12-16T21:10:00
0.225298,0.225298,0.225298,0.225298,1671218520,2022-12-16T19:22:00
0.225482,0.225482,0.225482,0.225482,1671216300,2022-12-16T18:45:00
0.225596,0.225596,0.225596,0.225596,1671212520,2022-12-16T17:42:00
0.225708,0.226499,0.225708,0.226499,1671211680,2022-12-16T17:28:00
0.252403,0.252403,0.252403,0.252403,1671171720,2022-12-16T06:22:00
0.253117,0.253117,0.253117,0.253117,1671170880,2022-12-16T06:08:00
0.250175,0.250175,0.250175,0.250175,1671151260,2022-12-16T00:41:00
0.249826,0.249826,0.249826,0.249826,1671148980,2022-12-16T00:03:00
0.254418,0.254418,0.254418,0.254418,1671124800,2022-12-15T17:20:00
0.272058,0.272058,0.259156,0.259156,1671117720,2022-12-15T15:22:00
0.278182,0.278182,0.278182,0.278182,1671112680,2022-12-15T13:58:00
0.281986,0.281986,0.281986,0.281986,1671109980,2022-12-15T13:13:00
0.283123,0.283123,0.283123,0.283123,1671109920,2022-12-15T13:12:00
0.258521,0.258521,0.258521,0.258521,1671109800,2022-12-15T13:10:00
0.252039,0.252039,0.252039,0.252039,1671105420,2022-12-15T11:57:00
0.253752,0.253752,0.253752,0.253752,1671093840,2022-12-15T08:44:00
0.257348,0.257348,0.257348,0.257348,1671076980,2022-12-15T04:03:00
0.254128,0.254128,0.254128,0.254128,1671069120,2022-12-15T01:52:00
0.254807,0.254807,0.254807,0.254807,1671061620,2022-12-14T23:47:00
0.255403,0.255403,0.255403,0.255403,1671058860,2022-12-14T23:01:00
0.242982,0.242982,0.242982,0.242982,1671058740,2022-12-14T22:59:00
0.237862,0.237862,0.237862,0.237862,1671050880,2022-12-14T20:48:00
0.244582,0.244582,0.244582,0.244582,1671042300,2022-12-14T18:25:00
0.240344,0.242342,0.240344,0.242342,1671020880,2022-12-14T12:28:00
0.237887,0.237887,0.237887,0.237887,1671005460,2022-12-14T08:11:00
0.24194,0.24194,0.24194,0.24194,1670941380,2022-12-13T14:23:00
0.242834,0.242834,0.242834,0.242834,1670939640,2022-12-13T13:54:00
0.239214,0.239214,0.239214,0.239214,1670932440,2022-12-13T11:54:00
0.237913,0.237913,0.237913,0.237913,1670930280,2022-12-13T11:18:00
0.238132,0.238132,0.238132,0.238132,1670926440,2022-12-13T10:14:00
0.246613,0.246613,0.246613,0.246613,1670926260,2022-12-13T10:11:00
0.248946,0.248946,0.248946,0.248946,1670919600,2022-12-13T08:20:00
0.239959,0.239959,0.239959,0.239959,1670904240,2022-12-13T04:04:00
0.2412,0.2412,0.2412,0.2412,1670903040,2022-12-13T03:44:00
0.239752,0.239752,0.239752,0.239752,1670896200,2022-12-13T01:50:00
0.230755,0.235645,0.230755,0.235645,1670894280,2022-12-13T01:18:00
0.256976,0.256976,0.256976,0.256976,1670893980,2022-12-13T01:13:00
0.264997,0.264997,0.264997,0.264997,1670882040,2022-12-12T21:54:00
0.266972,0.266972,0.266972,0.266972,1670880960,2022-12-12T21:36:00
0.262396,0.262396,0.262396,0.262396,1670834640,2022-12-12T08:44:00
0.260807,0.260807,0.260807,0.260807,1670834520,2022-12-12T08:42:00
0.272118,0.272118,0.272118,0.272118,1670834460,2022-12-12T08:41:00
0.279425,0.279425,0.279425,0.279425,1670834340,2022-12-12T08:39:00
0.286815,0.286815,0.286815,0.286815,1670812980,2022-12-12T02:43:00
0.285224,0.285224,0.285224,0.285224,1670805120,2022-12-12T00:32:00
0.290825,0.290825,0.290825,0.290825,1670763360,2022-12-11T12:56:00
0.291061,0.291061,0.291061,0.291061,1670753280,2022-12-11T10:08:00
0.294903,0.294903,0.294903,0.294903,1670738880,2022-12-11T06:08:00
0.299012,0.299012,0.299012,0.299012,1670708640,2022-12-10T21:44:00
0.303445,0.303445,0.303445,0.303445,1670689320,2022-12-10T16:22:00
0.310231,0.310231,0.310231,0.310231,1670688600,2022-12-10T16:10:00
0.307108,0.307108,0.307108,0.307108,1670684100,2022-12-10T14:55:00
0.307225,0.307225,0.307225,0.307225,1670680380,2022-12-10T13:53:00
0.304132,0.304132,0.304132,0.304132,1670667840,2022-12-10T10:24:00
0.305567,0.305567,0.305567,0.305567,1670635020,2022-12-10T01:17:00
0.30587,0.30587,0.30587,0.30587,1670633160,2022-12-10T00:46:00
0.287757,0.287757,0.287757,0.287757,1670610180,2022-12-09T18:23:00
0.293294,0.293294,0.293294,0.293294,1670551200,2022-12-09T02:00:00
0.296252,0.296252,0.296252,0.296252,1670542200,2022-12-08T23:30:00
0.298056,0.298056,0.298056,0.298056,1670540340,2022-12-08T22:59:00
0.29923,0.29923,0.29923,0.29923,1670535780,2022-12-08T21:43:00
0.300182,0.300182,0.300182,0.300182,1670533140,2022-12-08T20:59:00
0.303353,0.303353,0.303353,0.303353,1670528580,2022-12-08T19:43:00
0.294675,0.294675,0.294675,0.294675,1670507400,2022-12-08T13:50:00
0.293111,0.293111,0.293111,0.293111,1670494140,2022-12-08T10:09:00
0.293479,0.293479,0.293479,0.293479,1670493360,2022-12-08T09:56:00
0.293706,0.293706,0.293706,0.293706,1670480400,2022-12-08T06:20:00
0.295879,0.296919,0.295879,0.296919,1670458140,2022-12-08T00:09:00
0.310782,0.310782,0.310782,0.310782,1670458080,2022-12-08T00:08:00
0.310423,0.310423,0.310423,0.310423,1670406420,2022-12-07T09:47:00
0.313122,0.313122,0.313122,0.313122,1670398200,2022-12-07T07:30:00
0.321483,0.321483,0.321483,0.321483,1670338620,2022-12-06T14:57:00
0.323569,0.323569,0.323569,0.323569,1670294400,2022-12-06T02:40:00
0.323558,0.323558,0.323558,0.323558,1670294220,2022-12-06T02:37:00
0.32506,0.32506,0.32506,0.32506,1670282820,2022-12-05T23:27:00
0.323453,0.323453,0.323453,0.323453,1670273880,2022-12-05T20:58:00
0.333194,0.333194,0.333194,0.333194,1670259060,2022-12-05T16:51:00
0.345766,0.345766,0.345766,0.345766,1670246940,2022-12-05T13:29:00
0.347376,0.347376,0.347376,0.347376,1670241540,2022-12-05T11:59:00
0.345246,0.345246,0.345246,0.345246,1670240280,2022-12-05T11:38:00
0.348426,0.348426,0.348426,0.348426,1670234160,2022-12-05T09:56:00
0.34538,0.34538,0.34538,0.34538,1670221620,2022-12-05T06:27:00
0.347866,0.347866,0.347866,0.347866,1670215920,2022-12-05T04:52:00
0.347392,0.347392,0.347392,0.347392,1670188620,2022-12-04T21:17:00
0.339862,0.339862,0.339862,0.339862,1670167080,2022-12-04T15:18:00
0.339998,0.339998,0.339998,0.339998,1670145600,2022-12-04T09:20:00
0.340506,0.340506,0.340506,0.340506,1670145300,2022-12-04T09:15:00
0.341659,0.341659,0.341659,0.341659,1670137680,2022-12-04T07:08:00
0.346771,0.346771,0.346771,0.346771,1670095260,2022-12-03T19:21:00
0.349979,0.349979,0.349979,0.349979,1670093220,2022-12-03T18:47:00
0.355888,0.355888,0.355888,0.355888,1670092740,2022-12-03T18:39:00
0.327731,0.327731,0.327731,0.327731,1670087820,2022-12-03T17:17:00
0.329945,0.329945,0.329945,0.329945,1670076720,2022-12-03T14:12:00
0.326976,0.326976,0.326976,0.326976,1670072700,2022-12-03T13:05:00
0.325565,0.325565,0.325565,0.325565,1670068560,2022-12-03T11:56:00
0.315209,0.315209,0.315209,0.315209,1670068380,2022-12-03T11:53:00
0.322121,0.322121,0.322121,0.322121,1670025600,2022-12-03T00:00:00
0.318397,0.318397,0.318397,0.318397,1670025420,2022-12-02T23:57:00
0.320109,0.320109,0.320109,0.320109,1670022840,2022-12-02T23:14:00
0.316232,0.316232,0.316232,0.316232,1670005860,2022-12-02T18:31:00
0.318819,0.318819,0.318819,0.318819,1669996380,2022-12-02T15:53:00
0.316525,0.316525,0.316525,0.316525,1669990500,2022-12-02T14:15:00
0.334403,0.334403,0.318327,0.318327,1669971540,2022-12-02T08:59:00
0.349481,0.349481,0.349481,0.349481,1669971480,2022-12-02T08:58:00
0.338448,0.338448,0.338448,0.338448,1669971420,2022-12-02T08:57:00
0.312594,0.312594,0.312594,0.312594,1669971360,2022-12-02T08:56:00
0.299509,0.299509,0.299509,0.299509,1669938300,2022-12-01T23:45:00
0.301457,0.301457,0.301457,0.301457,1669934940,2022-12-01T22:49:00
0.301161,0.301161,0.301161,0.301161,1669933140,2022-12-01T22:19:00
0.302012,0.302012,0.302012,0.302012,1669932840,2022-12-01T22:14:00
0.302351,0.302351,0.302351,0.302351,1669916760,2022-12-01T17:46:00
0.304269,0.304269,0.304269,0.304269,1669878660,2022-12-01T07:11:00
0.301917,0.301917,0.301917,0.301917,1669847880,2022-11-30T22:38:00
0.299958,0.299958,0.299958,0.299958,1669833840,2022-11-30T18:44:00
0.30001,0.30001,0.30001,0.30001,1669823520,2022-11-30T15:52:00
0.300271,0.300271,0.300271,0.300271,1669816500,2022-11-30T13:55:00
0.302203,0.302203,0.302203,0.302203,1669816260,2022-11-30T13:51:00
0.302593,0.302593,0.302593,0.302593,1669801260,2022-11-30T09:41:00
0.301289,0.301289,0.301289,0.301289,1669784340,2022-11-30T04:59:00
0.297771,0.297771,0.297771,0.297771,1669768560,2022-11-30T00:36:00
0.304337,0.304337,0.304337,0.304337,1669762500,2022-11-29T22:55:00
0.305758,0.305758,0.305758,0.305758,1669760820,2022-11-29T22:27:00
0.305702,0.305702,0.305702,0.305702,1669743600,2022-11-29T17:40:00
0.304311,0.304311,0.304311,0.304311,1669732200,2022-11-29T14:30:00
0.302946,0.302946,0.302946,0.302946,1669731840,2022-11-29T14:24:00
0.303842,0.303842,0.303842,0.303842,1669717920,2022-11-29T10:32:00
0.30421,0.30421,0.30421,0.30421,1669697460,2022-11-29T04:51:00
0.290605,0.290605,0.290605,0.290605,1669647000,2022-11-28T14:50:00
0.291672,0.291672,0.291672,0.291672,1669646460,2022-11-28T14:41:00
0.294793,0.294793,0.294793,0.294793,1669632300,2022-11-28T10:45:00
0.296322,0.296322,0.296322,0.296322,1669624860,2022-11-28T08:41:00
0.295258,0.295258,0.295258,0.295258,1669622460,2022-11-28T08:01:00
0.294298,0.294298,0.294298,0.294298,1669622280,2022-11-28T07:58:00
0.309509,0.309509,0.309509,0.309509,1669622220,2022-11-28T07:57:00
0.322219,0.322219,0.322219,0.322219,1669622100,2022-11-28T07:55:00
0.332824,0.332824,0.332824,0.332824,1669621920,2022-11-28T07:52:00
0.337679,0.337679,0.337679,0.337679,1669621140,2022-11-28T07:39:00
0.341596,0.341596,0.341596,0.341596,1669620360,2022-11-28T07:26:00
0.347661,0.347661,0.347661,0.347661,1669620300,2022-11-28T07:25:00
0.349171,0.349171,0.349171,0.349171,1669613940,2022-11-28T05:39:00
0.351507,0.351507,0.351507,0.351507,1669603920,2022-11-28T02:52:00
0.352163,0.352163,0.352163,0.352163,1669603740,2022-11-28T02:49:00
0.35741,0.35741,0.35741,0.35741,1669602840,2022-11-28T02:34:00
0.356394,0.356394,0.356394,0.356394,1669596120,2022-11-28T00:42:00
0.319783,0.319783,0.319783,0.319783,1669595580,2022-11-28T00:33:00
0.340172,0.340172,0.329654,0.329654,1669595460,2022-11-28T00:31:00
0.356326,0.356326,0.356326,0.356326,1669595400,2022-11-28T00:30:00
0.359765,0.359765,0.359765,0.359765,1669595340,2022-11-28T00:29:00
0.362964,0.362964,0.362964,0.362964,1669595280,2022-11-28T00:28:00
0.305436,0.305436,0.305436,0.305436,1669586040,2022-11-27T21:54:00
0.292002,0.292002,0.292002,0.292002,1669539720,2022-11-27T09:02:00
0.293607,0.293607,0.293607,0.293607,1669539240,2022-11-27T08:54:00
0.29062,0.29062,0.29062,0.29062,1669523820,2022-11-27T04:37:00
0.286104,0.286104,0.286104,0.286104,1669498020,2022-11-26T21:27:00
0.289362,0.289362,0.289362,0.289362,1669482240,2022-11-26T17:04:00
0.288367,0.289149,0.288367,0.289149,1669482180,2022-11-26T17:03:00
0.304199,0.304199,0.297089,0.297089,1669478940,2022-11-26T16:09:00
0.307787,0.307787,0.307787,0.307787,1669476540,2022-11-26T15:29:00
0.323207,0.323207,0.311068,0.311068,1669475880,2022-11-26T15:18:00
0.297224,0.338065,0.297224,0.338065,1669475760,2022-11-26T15:16:00
0.284358,0.284358,0.284358,0.284358,1669458660,2022-11-26T10:31:00
0.284528,0.284528,0.284528,0.284528,1669457880,2022-11-26T10:18:00
0.285897,0.285897,0.285897,0.285897,1669456320,2022-11-26T09:52:00
0.278388,0.278388,0.278388,0.278388,1669402560,2022-11-25T18:56:00
0.275249,0.275249,0.275249,0.275249,1669401600,2022-11-25T18:40:00
0.271589,0.271589,0.271589,0.271589,1669397280,2022-11-25T17:28:00
0.274897,0.274897,0.274897,0.274897,1669396920,2022-11-25T17:22:00
0.272095,0.272095,0.272095,0.272095,1669396380,2022-11-25T17:13:00
0.27241,0.27241,0.27241,0.27241,1669395780,2022-11-25T17:03:00
0.271212,0.271212,0.271212,0.271212,1669395420,2022-11-25T16:57:00
0.272746,0.272746,0.272746,0.272746,1669394640,2022-11-25T16:44:00
0.274526,0.274526,0.274526,0.274526,1669377780,2022-11-25T12:03:00
0.273949,0.273949,0.273949,0.273949,1669371960,2022-11-25T10:26:00
0.282378,0.282378,0.282378,0.282378,1669314120,2022-11-24T18:22:00
0.28471,0.28471,0.28471,0.28471,1669303920,2022-11-24T15:32:00
0.287732,0.287732,0.287732,0.287732,1669295520,2022-11-24T13:12:00
0.28978,0.28978,0.28978,0.28978,1669293960,2022-11-24T12:46:00
0.290552,0.290552,0.290552,0.290552,1669292520,2022-11-24T12:22:00
0.278739,0.278739,0.278739,0.278739,1669289400,2022-11-24T11:30:00
0.292181,0.292181,0.292181,0.292181,1669288020,2022-11-24T11:07:00
0.290414,0.290414,0.290414,0.290414,1669287480,2022-11-24T10:58:00
0.310318,0.310318,0.293311,0.293311,1669287300,2022-11-24T10:55:00
0.323829,0.323829,0.323829,0.323829,1669287240,2022-11-24T10:54:00
0.285051,0.285051,0.285051,0.285051,1669287180,2022-11-24T10:53:00
0.273655,0.273655,0.273655,0.273655,1669287060,2022-11-24T10:51:00
0.279972,0.279972,0.275538,0.275538,1669286700,2022-11-24T10:45:00
0.291608,0.291608,0.291608,0.291608,1669286640,2022-11-24T10:44:00
0.300286,0.300286,0.292829,0.292829,1669286400,2022-11-24T10:40:00
0.31155,0.31155,0.31155,0.31155,1669286340,2022-11-24T10:39:00
0.302688,0.302688,0.302688,0.302688,1669286280,2022-11-24T10:38:00
0.289646,0.289646,0.289646,0.289646,1669286160,2022-11-24T10:36:00
0.297837,0.297837,0.297837,0.297837,1669286100,2022-11-24T10:35:00
0.279198,0.279198,0.279198,0.279198,1669285980,2022-11-24T10:33:00
0.277989,0.277989,0.277989,0.277989,1669285920,2022-11-24T10:32:00
0.269401,0.269401,0.269401,0.269401,1669257780,2022-11-24T02:43:00
0.269712,0.269712,0.269712,0.269712,1669257480,2022-11-24T02:38:00
0.267751,0.267751,0.267751,0.267751,1669248600,2022-11-24T00:10:00
0.272794,0.272794,0.272794,0.272794,1669246380,2022-11-23T23:33:00
0.275986,0.275986,0.275986,0.275986,1669246140,2022-11-23T23:29:00
0.275286,0.275286,0.275286,0.275286,1669246020,2022-11-23T23:27:00
0.271893,0.271893,0.271893,0.271893,1669245600,2022-11-23T23:20:00
0.247394,0.247394,0.247394,0.247394,1669245540,2022-11-23T23:19:00
0.217049,0.217049,0.217049,0.217049,1669229340,2022-11-23T18:49:00
0.218138,0.218138,0.218138,0.218138,1669219800,2022-11-23T16:10:00
0.218204,0.218204,0.218204,0.218204,1669218960,2022-11-23T15:56:00
0.219027,0.219027,0.219027,0.219027,1669216020,2022-11-23T15:07:00
0.218744,0.218744,0.218744,0.218744,1669215300,2022-11-23T14:55:00
0.218588,0.218588,0.218588,0.218588,1669214700,2022-11-23T14:45:00
0.218945,0.218945,0.218945,0.218945,1669213620,2022-11-23T14:27:00
0.220533,0.220533,0.220533,0.220533,1669205700,2022-11-23T12:15:00
0.223463,0.223463,0.223463,0.223463,1669205520,2022-11-23T12:12:00
0.225899,0.225899,0.225899,0.225899,1669200960,2022-11-23T10:56:00
0.218273,0.218273,0.218273,0.218273,1669148460,2022-11-22T20:21:00
0.219072,0.219072,0.219072,0.219072,1669138620,2022-11-22T17:37:00
0.230081,0.230081,0.230081,0.230081,1669127040,2022-11-22T14:24:00
0.207876,0.207876,0.207876,0.207876,1669107480,2022-11-22T08:58:00
0.211406,0.211406,0.211406,0.211406,1669100100,2022-11-22T06:55:00
0.211482,0.211482,0.211482,0.211482,1669096440,2022-11-22T05:54:00
0.208761,0.208761,0.208761,0.208761,1669068000,2022-11-21T22:00:00
0.214275,0.214275,0.214275,0.214275,1669048620,2022-11-21T16:37:00
0.222733,0.222733,0.222733,0.222733,1669004520,2022-11-21T04:22:00
0.231045,0.231045,0.231045,0.231045,1668955200,2022-11-20T14:40:00
0.228078,0.228078,0.228078,0.228078,1668947280,2022-11-20T12:28:00
0.242548,0.242548,0.242548,0.242548,1668898440,2022-11-19T22:54:00
0.234364,0.234364,0.234364,0.234364,1668887820,2022-11-19T19:57:00
0.237086,0.237086,0.237086,0.237086,1668884760,2022-11-19T19:06:00
0.233802,0.233802,0.233802,0.233802,1668873420,2022-11-19T15:57:00
0.232028,0.232028,0.232028,0.232028,1668873300,2022-11-19T15:55:00
0.231488,0.231488,0.231488,0.231488,1668852060,2022-11-19T10:01:00
0.229741,0.229741,0.229741,0.229741,1668839460,2022-11-19T06:31:00
0.231177,0.231177,0.231177,0.231177,1668816900,2022-11-19T00:15:00
0.233326,0.233326,0.233326,0.233326,1668793560,2022-11-18T17:46:00
0.237133,0.237133,0.237133,0.237133,1668790860,2022-11-18T17:01:00
0.237844,0.237844,0.237844,0.237844,1668779460,2022-11-18T13:51:00
0.236128,0.236128,0.236128,0.236128,1668777900,2022-11-18T13:25:00
0.235587,0.235587,0.235587,0.235587,1668775920,2022-11-18T12:52:00
0.238916,0.238916,0.238916,0.238916,1668767520,2022-11-18T10:32:00
0.237898,0.237898,0.237898,0.237898,1668723420,2022-11-17T22:17:00
0.240602,0.240602,0.240602,0.240602,1668705300,2022-11-17T17:15:00
0.238405,0.238405,0.238405,0.238405,1668693600,2022-11-17T14:00:00
0.239662,0.239662,0.239662,0.239662,1668687300,2022-11-17T12:15:00
0.237196,0.237196,0.237196,0.237196,1668684360,2022-11-17T11:26:00
0.242591,0.242591,0.242591,0.242591,1668656580,2022-11-17T03:43:00
0.244555,0.244555,0.244555,0.244555,1668636780,2022-11-16T22:13:00
0.246395,0.246395,0.246395,0.246395,1668633720,2022-11-16T21:22:00
0.251249,0.251249,0.251249,0.251249,1668625560,2022-11-16T19:06:00
0.267672,0.267672,0.267672,0.267672,1668573720,2022-11-16T04:42:00
0.264115,0.264115,0.264115,0.264115,1668553680,2022-11-15T23:08:00
0.262657,0.262657,0.262657,0.262657,1668538380,2022-11-15T18:53:00
0.27948,0.27948,0.27948,0.27948,1668507060,2022-11-15T10:11:00
0.276422,0.276422,0.276422,0.276422,1668506760,2022-11-15T10:06:00
0.281133,0.281133,0.281133,0.281133,1668503160,2022-11-15T09:06:00
0.271487,0.271487,0.271487,0.271487,1668490140,2022-11-15T05:29:00
0.272049,0.272049,0.272049,0.272049,1668486480,2022-11-15T04:28:00
0.275413,0.275413,0.275413,0.275413,1668478020,2022-11-15T02:07:00
0.274846,0.274846,0.274846,0.274846,1668475380,2022-11-15T01:23:00
0.268061,0.268061,0.268061,0.268061,1668449100,2022-11-14T18:05:00
0.272078,0.272078,0.272078,0.272078,1668437400,2022-11-14T14:50:00
0.280507,0.280507,0.280507,0.280507,1668432720,2022-11-14T13:32:00
0.27954,0.27954,0.27954,0.27954,1668432120,2022-11-14T13:22:00
0.276764,0.276764,0.276764,0.276764,1668431880,2022-11-14T13:18:00
0.273597,0.273597,0.273597,0.273597,1668423180,2022-11-14T10:53:00
0.273103,0.273103,0.273103,0.273103,1668411060,2022-11-14T07:31:00
0.262736,0.262736,0.258114,0.258114,1668410760,2022-11-14T07:26:00
0.248671,0.248671,0.248671,0.248671,1668408960,2022-11-14T06:56:00
0.236041,0.236041,0.236041,0.236041,1668388140,2022-11-14T01:09:00
0.239694,0.239694,0.239694,0.239694,1668374820,2022-11-13T21:27:00
0.248822,0.248822,0.248822,0.248822,1668356460,2022-11-13T16:21:00
0.254368,0.254368,0.254368,0.254368,1668339900,2022-11-13T11:45:00
0.249765,0.249765,0.249765,0.249765,1668332820,2022-11-13T09:47:00
0.259363,0.259363,0.259363,0.259363,1668317820,2022-11-13T05:37:00
0.25949,0.25949,0.25949,0.25949,1668280080,2022-11-12T19:08:00
0.264177,0.264177,0.261791,0.261791,1668279360,2022-11-12T18:56:00
0.26597,0.26597,0.26597,0.26597,1668277320,2022-11-12T18:22:00
0.268217,0.268217,0.268217,0.268217,1668266700,2022-11-12T15:25:00
0.263974,0.263974,0.263974,0.263974,1668264300,2022-11-12T14:45:00
0.261655,0.261655,0.261655,0.261655,1668264120,2022-11-12T14:42:00
0.254505,0.254505,0.254505,0.254505,1668261780,2022-11-12T14:03:00
0.24349,0.24349,0.24349,0.24349,1668258900,2022-11-12T13:15:00
0.241158,0.241158,0.241158,0.241158,1668258540,2022-11-12T13:09:00
0.251823,0.251823,0.251823,0.251823,1668258300,2022-11-12T13:05:00
0.249264,0.249264,0.249264,0.249264,1668258060,2022-11-12T13:01:00
0.239352,0.239352,0.239352,0.239352,1668246540,2022-11-12T09:49:00
0.242313,0.242313,0.242313,0.242313,1668231420,2022-11-12T05:37:00
0.2519,0.2519,0.2519,0.2519,1668231360,2022-11-12T05:36:00
0.262815,0.262815,0.262815,0.262815,1668222360,2022-11-12T03:06:00
0.264822,0.264822,0.264822,0.264822,1668221580,2022-11-12T02:53:00
0.261067,0.261067,0.261067,0.261067,1668218880,2022-11-12T02:08:00
0.261116,0.261116,0.261116,0.261116,1668207180,2022-11-11T22:53:00
0.259321,0.259321,0.259321,0.259321,1668189660,2022-11-11T18:01:00
0.256385,0.256385,0.256385,0.256385,1668188520,2022-11-11T17:42:00
0.24949,0.24949,0.24949,0.24949,1668179580,2022-11-11T15:13:00
0.263368,0.263368,0.263368,0.263368,1668176700,2022-11-11T14:25:00
0.274424,0.274424,0.274424,0.274424,1668176640,2022-11-11T14:24:00
0.292642,0.292642,0.292642,0.292642,1668176340,2022-11-11T14:19:00
0.305778,0.305778,0.305778,0.305778,1668175860,2022-11-11T14:11:00
1.24136,1.24136,1.24136,1.24136,1668174780,2022-11-11T13:53:00
0.29504,0.29504,0.29504,0.29504,1668172500,2022-11-11T13:15:00
0.286157,0.286157,0.286022,0.286022,1668172380,2022-11-11T13:13:00
0.290637,0.290637,0.290637,0.290637,1668170460,2022-11-11T12:41:00
0.296293,0.296293,0.296293,0.296293,1668169500,2022-11-11T12:25:00
0.297527,0.298242,0.297527,0.298242,1668169020,2022-11-11T12:17:00
0.307929,0.307929,0.307929,0.307929,1668165840,2022-11-11T11:24:00
0.2927,0.2927,0.2927,0.2927,1668165780,2022-11-11T11:23:00
0.27796,0.27796,0.27796,0.27796,1668162360,2022-11-11T10:26:00
0.26825,0.26825,0.26825,0.26825,1668160860,2022-11-11T10:01:00
0.266294,0.266294,0.266294,0.266294,1668160800,2022-11-11T10:00:00
0.271708,0.271708,0.271708,0.271708,1668156660,2022-11-11T08:51:00
0.272148,0.272148,0.272148,0.272148,1668156540,2022-11-11T08:49:00
0.277939,0.277939,0.277939,0.277939,1668155100,2022-11-11T08:25:00
0.281152,0.281152,0.281152,0.281152,1668153300,2022-11-11T07:55:00
0.278882,0.278882,0.278882,0.278882,1668145380,2022-11-11T05:43:00
0.287799,0.287799,0.287799,0.287799,1668131460,2022-11-11T01:51:00
0.295555,0.295555,0.295555,0.295555,1668124500,2022-11-10T23:55:00
0.290716,0.290716,0.290716,0.290716,1668124440,2022-11-10T23:54:00
0.28902,0.28902,0.28902,0.28902,1668122220,2022-11-10T23:17:00
0.292508,0.292508,0.292508,0.292508,1668120660,2022-11-10T22:51:00
0.296146,0.296146,0.296146,0.296146,1668120600,2022-11-10T22:50:00
0.298416,0.298416,0.298416,0.298416,1668120420,2022-11-10T22:47:00
0.296392,0.296392,0.296392,0.296392,1668120360,2022-11-10T22:46:00
0.298621,0.298621,0.298621,0.298621,1668113820,2022-11-10T20:57:00
0.294461,0.294461,0.294461,0.294461,1668113460,2022-11-10T20:51:00
0.290765,0.290765,0.290765,0.290765,1668111960,2022-11-10T20:26:00
0.288545,0.288545,0.288545,0.288545,1668106920,2022-11-10T19:02:00
0.289963,0.289963,0.289963,0.289963,1668105060,2022-11-10T18:31:00
0.285182,0.285182,0.285182,0.285182,1668104880,2022-11-10T18:28:00
0.273484,0.273484,0.273484,0.273484,1668102600,2022-11-10T17:50:00
0.287098,0.287098,0.287098,0.287098,1668100260,2022-11-10T17:11:00
0.269203,0.269203,0.269203,0.269203,1668100140,2022-11-10T17:09:00
0.25023,0.25023,0.25023,0.25023,1668099120,2022-11-10T16:52:00
0.258071,0.258071,0.252003,0.252003,1668098940,2022-11-10T16:49:00
0.266689,0.266689,0.266689,0.266689,1668097980,2022-11-10T16:33:00
0.267742,0.267742,0.267742,0.267742,1668097920,2022-11-10T16:32:00
0.262588,0.262588,0.262588,0.262588,1668097500,2022-11-10T16:25:00
0.247891,0.247891,0.247891,0.247891,1668094080,2022-11-10T15:28:00
0.231344,0.231344,0.231344,0.231344,1668088080,2022-11-10T13:48:00
0.208134,0.208134,0.208134,0.208134,1668080280,2022-11-10T11:38:00
0.208891,0.208891,0.208891,0.208891,1668079680,2022-11-10T11:28:00
0.216216,0.216216,0.216216,0.216216,1668077160,2022-11-10T10:46:00
0.215079,0.215079,0.215079,0.215079,1668073440,2022-11-10T09:44:00
0.201364,0.201364,0.201364,0.201364,1668040320,2022-11-10T00:32:00
0.203254,0.203254,0.203254,0.203254,1668040260,2022-11-10T00:31:00
0.206056,0.206056,0.204276,0.204276,1668039960,2022-11-10T00:26:00
0.202854,0.202854,0.202854,0.202854,1668038700,2022-11-10T00:05:00
0.2047,0.2047,0.2047,0.2047,1668037800,2022-11-09T23:50:00
0.207746,0.207746,0.207746,0.207746,1668036420,2022-11-09T23:27:00
0.221319,0.221319,0.221319,0.221319,1668018600,2022-11-09T18:30:00
0.225376,0.225376,0.225376,0.225376,1668015300,2022-11-09T17:35:00
0.233305,0.233305,0.233305,0.233305,1668000120,2022-11-09T13:22:00
0.23529,0.23529,0.23529,0.23529,1667999460,2022-11-09T13:11:00
0.242553,0.242553,0.242553,0.242553,1667996880,2022-11-09T12:28:00
0.235489,0.235489,0.235489,0.235489,1667993100,2022-11-09T11:25:00
0.232843,0.232843,0.229731,0.229731,1667992080,2022-11-09T11:08:00
0.241485,0.241485,0.241485,0.241485,1667992020,2022-11-09T11:07:00
0.243037,0.244616,0.243037,0.244616,1667988660,2022-11-09T10:11:00
0.248087,0.248087,0.248087,0.248087,1667987340,2022-11-09T09:49:00
0.247213,0.247213,0.247213,0.247213,1667986860,2022-11-09T09:41:00
0.268881,0.268881,0.268881,0.268881,1667983920,2022-11-09T08:52:00
0.270146,0.270146,0.270146,0.270146,1667981460,2022-11-09T08:11:00
0.273191,0.273191,0.273191,0.273191,1667979060,2022-11-09T07:31:00
0.273073,0.273073,0.273073,0.273073,1667964120,2022-11-09T03:22:00
0.285927,0.285927,0.285927,0.285927,1667937720,2022-11-08T20:02:00
0.284547,0.284547,0.284547,0.284547,1667936220,2022-11-08T19:37:00
0.297869,0.297869,0.297869,0.297869,1667936160,2022-11-08T19:36:00
0.352277,0.352277,0.352277,0.352277,1667929980,2022-11-08T17:53:00
0.354869,0.354869,0.354869,0.354869,1667929020,2022-11-08T17:37:00
0.360091,0.360091,0.360091,0.360091,1667924580,2022-11-08T16:23:00
0.367115,0.367115,0.367115,0.367115,1667924460,2022-11-08T16:21:00
0.37203,0.37203,0.37203,0.37203,1667924100,2022-11-08T16:15:00
0.363655,0.363655,0.363655,0.363655,1667924040,2022-11-08T16:14:00
0.338125,0.338125,0.338125,0.338125,1667922660,2022-11-08T15:51:00
0.327597,0.327597,0.327597,0.327597,1667922060,2022-11-08T15:41:00
0.336105,0.336105,0.336105,0.336105,1667917080,2022-11-08T14:18:00
0.344081,0.344081,0.344081,0.344081,1667915340,2022-11-08T13:49:00
0.341199,0.345809,0.341199,0.345809,1667915100,2022-11-08T13:45:00
0.363026,0.363026,0.363026,0.363026,1667912220,2022-11-08T12:57:00
0.367356,0.367356,0.367356,0.367356,1667905500,2022-11-08T11:05:00
0.376658,0.376658,0.376658,0.376658,1667905440,2022-11-08T11:04:00
0.380561,0.380561,0.380561,0.380561,1667905080,2022-11-08T10:58:00
0.422189,0.422189,0.422189,0.422189,1667900340,2022-11-08T09:39:00
0.368252,0.368252,0.368252,0.368252,1667898180,2022-11-08T09:03:00
0.360423,0.360423,0.360423,0.360423,1667888580,2022-11-08T06:23:00
0.351515,0.351515,0.351515,0.351515,1667888340,2022-11-08T06:19:00
0.340022,0.340022,0.340022,0.340022,1667885940,2022-11-08T05:39:00
0.339127,0.339127,0.339127,0.339127,1667885760,2022-11-08T05:36:00
0.346252,0.346252,0.346252,0.346252,1667882220,2022-11-08T04:37:00
0.348666,0.348666,0.348666,0.348666,1667882100,2022-11-08T04:35:00
0.348254,0.348254,0.348254,0.348254,1667880840,2022-11-08T04:14:00
0.34518,0.350051,0.34518,0.350051,1667880600,2022-11-08T04:10:00
0.36357,0.36357,0.36357,0.36357,1667880540,2022-11-08T04:09:00
0.389557,0.389557,0.389557,0.389557,1667871960,2022-11-08T01:46:00
0.396139,0.396139,0.396139,0.396139,1667857260,2022-11-07T21:41:00
0.393946,0.393946,0.393946,0.393946,1667842380,2022-11-07T17:33:00
0.396379,0.396379,0.396379,0.396379,1667840940,2022-11-07T17:09:00
0.394784,0.394784,0.394784,0.394784,1667823540,2022-11-07T12:19:00
0.392852,0.392852,0.392852,0.392852,1667823360,2022-11-07T12:16:00
0.383349,0.383349,0.383349,0.383349,1667813700,2022-11-07T09:35:00
0.378307,0.378307,0.378307,0.378307,1667812320,2022-11-07T09:12:00
0.36567,0.36567,0.36567,0.36567,1667807820,2022-11-07T07:57:00
0.378025,0.378025,0.366125,0.366125,1667806800,2022-11-07T07:40:00
0.377215,0.390822,0.377215,0.390822,1667806740,2022-11-07T07:39:00
0.365633,0.365633,0.365633,0.365633,1667801940,2022-11-07T06:19:00
0.372499,0.372499,0.372499,0.372499,1667797140,2022-11-07T04:59:00
0.376743,0.376743,0.376743,0.376743,1667796780,2022-11-07T04:53:00
0.373451,0.373451,0.373451,0.373451,1667788560,2022-11-07T02:36:00
0.371447,0.371447,0.371447,0.371447,1667778720,2022-11-06T23:52:00
0.366169,0.366169,0.366169,0.366169,1667778120,2022-11-06T23:42:00
0.356189,0.356189,0.356189,0.356189,1667776980,2022-11-06T23:23:00
0.375685,0.375685,0.375685,0.375685,1667776860,2022-11-06T23:21:00
0.385612,0.385612,0.385612,0.385612,1667768340,2022-11-06T20:59:00
0.386166,0.386166,0.386166,0.386166,1667757300,2022-11-06T17:55:00
0.38356,0.38356,0.38356,0.38356,1667744160,2022-11-06T14:16:00
0.386231,0.386231,0.386231,0.386231,1667736000,2022-11-06T12:00:00
0.388729,0.388729,0.388729,0.388729,1667734680,2022-11-06T11:38:00
0.3881,0.3881,0.3881,0.3881,1667734560,2022-11-06T11:36:00
0.388885,0.388885,0.388885,0.388885,1667732580,2022-11-06T11:03:00
0.389231,0.389231,0.389231,0.389231,1667729640,2022-11-06T10:14:00
0.39,0.39,0.39,0.39,1667724780,2022-11-06T08:53:00
0.392136,0.392136,0.392136,0.392136,1667721000,2022-11-06T07:50:00
0.401937,0.401937,0.401937,0.401937,1667720940,2022-11-06T07:49:00
0.407191,0.407191,0.407191,0.407191,1667720880,2022-11-06T07:48:00
0.400813,0.400813,0.400813,0.400813,1667720820,2022-11-06T07:47:00
0.395027,0.395027,0.395027,0.395027,1667720760,2022-11-06T07:46:00
0.385797,0.385797,0.385797,0.385797,1667720640,2022-11-06T07:44:00
0.373668,0.373668,0.373668,0.373668,1667720520,2022-11-06T07:42:00
0.367406,0.367406,0.367406,0.367406,1667717880,2022-11-06T06:58:00
0.367914,0.367914,0.367914,0.367914,1667715540,2022-11-06T06:19:00
0.36823,0.36823,0.36823,0.36823,1667714160,2022-11-06T05:56:00
0.372702,0.372702,0.372702,0.372702,1667710500,2022-11-06T04:55:00
0.386984,0.386984,0.386984,0.386984,1667709900,2022-11-06T04:45:00
0.375365,0.375365,0.375365,0.375365,1667707740,2022-11-06T04:09:00
0.376547,0.376547,0.376547,0.376547,1667705640,2022-11-06T03:34:00
0.410513,0.410513,0.383273,0.383273,1667704020,2022-11-06T03:07:00
0.412179,0.412179,0.412179,0.412179,1667703600,2022-11-06T03:00:00
0.40715,0.40715,0.40715,0.40715,1667703540,2022-11-06T02:59:00
0.398377,0.398377,0.398377,0.398377,1667703480,2022-11-06T02:58:00
0.35957,0.35957,0.35957,0.35957,1667703240,2022-11-06T02:54:00
0.349612,0.349612,0.349612,0.349612,1667688780,2022-11-05T22:53:00
0.350992,0.350992,0.350992,0.350992,1667687940,2022-11-05T22:39:00
0.352639,0.352639,0.352639,0.352639,1667682780,2022-11-05T21:13:00
0.355281,0.355281,0.355281,0.355281,1667679720,2022-11-05T20:22:00
0.355356,0.355356,0.355356,0.355356,1667676060,2022-11-05T19:21:00
0.355196,0.355196,0.355196,0.355196,1667667660,2022-11-05T17:01:00
0.353535,0.353535,0.353535,0.353535,1667660880,2022-11-05T15:08:00
0.35457,0.35457,0.35457,0.35457,1667652300,2022-11-05T12:45:00
0.352325,0.352325,0.352325,0.352325,1667650860,2022-11-05T12:21:00
0.354762,0.354762,0.354762,0.354762,1667640780,2022-11-05T09:33:00
0.35799,0.35799,0.35799,0.35799,1667615100,2022-11-05T02:25:00
0.361515,0.361515,0.361515,0.361515,1667609460,2022-11-05T00:51:00
0.352113,0.352113,0.352113,0.352113,1667594700,2022-11-04T20:45:00
0.354083,0.354083,0.354083,0.354083,1667592960,2022-11-04T20:16:00
0.352505,0.352505,0.352505,0.352505,1667592300,2022-11-04T20:05:00
0.354616,0.354616,0.354616,0.354616,1667592120,2022-11-04T20:02:00
0.354183,0.354183,0.354183,0.354183,1667590620,2022-11-04T19:37:00
0.343585,0.343585,0.343585,0.343585,1667589420,2022-11-04T19:17:00
0.340443,0.340443,0.340443,0.340443,1667589060,2022-11-04T19:11:00
0.334891,0.334891,0.334891,0.334891,1667588520,2022-11-04T19:02:00
0.336547,0.336547,0.336547,0.336547,1667579940,2022-11-04T16:39:00
0.347886,0.347886,0.347886,0.347886,1667579880,2022-11-04T16:38:00
0.33507,0.33507,0.33507,0.33507,1667579760,2022-11-04T16:36:00
0.327978,0.327978,0.327978,0.327978,1667572320,2022-11-04T14:32:00
0.317822,0.317822,0.317822,0.317822,1667569800,2022-11-04T13:50:00
0.332675,0.332675,0.332675,0.332675,1667569440,2022-11-04T13:44:00
0.304314,0.304314,0.304314,0.304314,1667564820,2022-11-04T12:27:00
0.307252,0.307252,0.307252,0.307252,1667564760,2022-11-04T12:26:00
0.310235,0.310235,0.310235,0.310235,1667562000,2022-11-04T11:40:00
0.311653,0.311653,0.311653,0.311653,1667560800,2022-11-04T11:20:00
0.313331,0.313331,0.313331,0.313331,1667560260,2022-11-04T11:11:00
0.313411,0.313411,0.313411,0.313411,1667554080,2022-11-04T09:28:00
0.317222,0.317222,0.317222,0.317222,1667549700,2022-11-04T08:15:00
0.307022,0.307022,0.307022,0.307022,1667549460,2022-11-04T08:11:00
0.322879,0.322879,0.304829,0.304829,1667549400,2022-11-04T08:10:00
0.335506,0.335506,0.335506,0.335506,1667549220,2022-11-04T08:07:00
0.323847,0.323847,0.323847,0.323847,1667535120,2022-11-04T04:12:00
0.325626,0.325626,0.325626,0.325626,1667533860,2022-11-04T03:51:00
0.325217,0.325217,0.325217,0.325217,1667528640,2022-11-04T02:24:00
0.329717,0.329717,0.329717,0.329717,1667528280,2022-11-04T02:18:00
0.328833,0.328833,0.328833,0.328833,1667527560,2022-11-04T02:06:00
0.328691,0.328691,0.328691,0.328691,1667522280,2022-11-04T00:38:00
0.331744,0.331744,0.331744,0.331744,1667522160,2022-11-04T00:36:00
0.323986,0.323986,0.323986,0.323986,1667522100,2022-11-04T00:35:00
0.31144,0.31144,0.31144,0.31144,1667517300,2022-11-03T23:15:00
0.31372,0.31372,0.31372,0.31372,1667508960,2022-11-03T20:56:00
0.312452,0.312452,0.312452,0.312452,1667508180,2022-11-03T20:43:00
0.311361,0.311361,0.311361,0.311361,1667508060,2022-11-03T20:41:00
0.31319,0.31319,0.31319,0.31319,1667507820,2022-11-03T20:37:00
0.317851,0.317851,0.317851,0.317851,1667503680,2022-11-03T19:28:00
0.322349,0.322349,0.322349,0.322349,1667503320,2022-11-03T19:22:00
0.325915,0.325915,0.325915,0.325915,1667500440,2022-11-03T18:34:00
0.324538,0.324538,0.324538,0.324538,1667500200,2022-11-03T18:30:00
0.323284,0.323284,0.323284,0.323284,1667500140,2022-11-03T18:29:00
0.323494,0.323494,0.323494,0.323494,1667498820,2022-11-03T18:07:00
0.333629,0.333629,0.329677,0.329677,1667498760,2022-11-03T18:06:00
0.335226,0.335226,0.335226,0.335226,1667498640,2022-11-03T18:04:00
0.339687,0.339687,0.339687,0.339687,1667498400,2022-11-03T18:00:00
0.344351,0.344351,0.344351,0.344351,1667498340,2022-11-03T17:59:00
0.347208,0.347208,0.347208,0.347208,1667498280,2022-11-03T17:58:00
0.344328,0.344328,0.344328,0.344328,1667498220,2022-11-03T17:57:00
0.333759,0.341627,0.333759,0.341627,1667498160,2022-11-03T17:56:00
0.326006,0.328716,0.326006,0.328716,1667498100,2022-11-03T17:55:00
0.332209,0.332209,0.332209,0.332209,1667496000,2022-11-03T17:20:00
0.32431,0.32431,0.32431,0.32431,1667495700,2022-11-03T17:15:00
0.306397,0.306397,0.306397,0.306397,1667495520,2022-11-03T17:12:00
0.293163,0.308591,0.293163,0.308591,1667495400,2022-11-03T17:10:00
0.293445,0.297429,0.293445,0.297429,1667495280,2022-11-03T17:08:00
0.279399,0.279399,0.279399,0.279399,1667494560,2022-11-03T16:56:00
0.266126,0.266126,0.266126,0.266126,1667494500,2022-11-03T16:55:00
0.273594,0.273594,0.273594,0.273594,1667494440,2022-11-03T16:54:00
0.253245,0.253245,0.253245,0.253245,1667484780,2022-11-03T14:13:00
0.236071,0.236071,0.236071,0.236071,1667478060,2022-11-03T12:21:00
0.237109,0.237109,0.237109,0.237109,1667477460,2022-11-03T12:11:00
0.237459,0.237459,0.237459,0.237459,1667472900,2022-11-03T10:55:00
0.233727,0.233727,0.233727,0.233727,1667456820,2022-11-03T06:27:00
0.234907,0.234907,0.234907,0.234907,1667447580,2022-11-03T03:53:00
0.238653,0.238653,0.238653,0.238653,1667408340,2022-11-02T16:59:00
0.235221,0.235221,0.235221,0.235221,1667388660,2022-11-02T11:31:00
0.236497,0.236497,0.236497,0.236497,1667381100,2022-11-02T09:25:00
0.23851,0.23851,0.23851,0.23851,1667337660,2022-11-01T21:21:00
0.240039,0.240039,0.240039,0.240039,1667319840,2022-11-01T16:24:00
0.238449,0.238449,0.238449,0.238449,1667319720,2022-11-01T16:22:00
0.238672,0.238672,0.238672,0.238672,1667314560,2022-11-01T14:56:00
0.246721,0.246721,0.246721,0.246721,1667297040,2022-11-01T10:04:00
0.24704,0.24704,0.24704,0.24704,1667296140,2022-11-01T09:49:00
0.245492,0.245492,0.2426,0.2426,1667294940,2022-11-01T09:29:00
0.23991,0.23991,0.23991,0.23991,1667294880,2022-11-01T09:28:00
0.241396,0.241396,0.241396,0.241396,1667294760,2022-11-01T09:26:00
0.230929,0.230929,0.230929,0.230929,1667277540,2022-11-01T04:39:00
0.231766,0.231766,0.231766,0.231766,1667273760,2022-11-01T03:36:00
0.229114,0.229114,0.229114,0.229114,1667267820,2022-11-01T01:57:00
0.229601,0.229601,0.229601,0.229601,1667262000,2022-11-01T00:20:00
0.229285,0.229285,0.229285,0.229285,1667254440,2022-10-31T22:14:00
0.239483,0.239483,0.239483,0.239483,1667244480,2022-10-31T19:28:00
0.241156,0.241156,0.241156,0.241156,1667240100,2022-10-31T18:15:00
0.249207,0.249207,0.249207,0.249207,1667231400,2022-10-31T15:50:00
0.247868,0.247868,0.247868,0.247868,1667229780,2022-10-31T15:23:00
0.244197,0.244197,0.244197,0.244197,1667228520,2022-10-31T15:02:00
0.246979,0.246979,0.246979,0.246979,1667226660,2022-10-31T14:31:00
0.258481,0.258481,0.258481,0.258481,1667211240,2022-10-31T10:14:00
0.262278,0.262278,0.262278,0.262278,1667211180,2022-10-31T10:13:00
0.257783,0.257783,0.257783,0.257783,1667206920,2022-10-31T09:02:00
0.255849,0.255849,0.255849,0.255849,1667204220,2022-10-31T08:17:00
0.254249,0.254249,0.254249,0.254249,1667204160,2022-10-31T08:16:00
0.250012,0.250012,0.250012,0.250012,1667202240,2022-10-31T07:44:00
0.248662,0.248662,0.248662,0.248662,1667202180,2022-10-31T07:43:00
0.244099,0.244099,0.244099,0.244099,1667202060,2022-10-31T07:41:00
0.244757,0.244757,0.244757,0.244757,1667181120,2022-10-31T01:52:00
0.250024,0.250024,0.249066,0.249066,1667181000,2022-10-31T01:50:00
0.255195,0.255195,0.255195,0.255195,1667180940,2022-10-31T01:49:00
0.259761,0.259761,0.259761,0.259761,1667180880,2022-10-31T01:48:00
0.268282,0.268282,0.268282,0.268282,1667178060,2022-10-31T01:01:00
0.266147,0.266147,0.266147,0.266147,1667171700,2022-10-30T23:15:00
0.268419,0.268419,0.268419,0.268419,1667165460,2022-10-30T21:31:00
0.268311,0.268311,0.268311,0.268311,1667162460,2022-10-30T20:41:00
0.27001,0.27001,0.27001,0.27001,1667161800,2022-10-30T20:30:00
0.269308,0.269308,0.269308,0.269308,1667147880,2022-10-30T16:38:00
0.291712,0.291712,0.291712,0.291712,1667134440,2022-10-30T12:54:00
0.277718,0.277718,0.277718,0.277718,1667131980,2022-10-30T12:13:00
0.272229,0.272229,0.272229,0.272229,1667124480,2022-10-30T10:08:00
0.276069,0.276069,0.276069,0.276069,1667122260,2022-10-30T09:31:00
0.277104,0.277104,0.277104,0.277104,1667119260,2022-10-30T08:41:00
0.280517,0.280517,0.280517,0.280517,1667112960,2022-10-30T06:56:00
0.278972,0.278972,0.278972,0.278972,1667107320,2022-10-30T05:22:00
0.278449,0.278449,0.278449,0.278449,1667057940,2022-10-29T15:39:00
0.278105,0.278105,0.278105,0.278105,1667054880,2022-10-29T14:48:00
0.279901,0.279901,0.279901,0.279901,1667048460,2022-10-29T13:01:00
0.278694,0.278694,0.278694,0.278694,1667040780,2022-10-29T10:53:00
0.279208,0.279208,0.279208,0.279208,1667040060,2022-10-29T10:41:00
0.280609,0.280609,0.280609,0.280609,1667037780,2022-10-29T10:03:00
0.277844,0.277844,0.277844,0.277844,1667036280,2022-10-29T09:38:00
0.26385,0.26385,0.26385,0.26385,1666982820,2022-10-28T18:47:00
0.266195,0.266195,0.266195,0.266195,1666982400,2022-10-28T18:40:00
0.250914,0.250914,0.250914,0.250914,1666968300,2022-10-28T14:45:00
0.246284,0.246284,0.246284,0.246284,1666947660,2022-10-28T09:01:00
0.246779,0.246779,0.246779,0.246779,1666943280,2022-10-28T07:48:00
0.251473,0.251473,0.251473,0.251473,1666906080,2022-10-27T21:28:00
0.257638,0.257638,0.257638,0.257638,1666873260,2022-10-27T12:21:00
0.256381,0.256381,0.256381,0.256381,1666872420,2022-10-27T12:07:00
0.257612,0.257612,0.257612,0.257612,1666868940,2022-10-27T11:09:00
0.259347,0.259347,0.259347,0.259347,1666858020,2022-10-27T08:07:00
0.257972,0.257972,0.257972,0.257972,1666854480,2022-10-27T07:08:00
0.259014,0.259014,0.259014,0.259014,1666844880,2022-10-27T04:28:00
0.257161,0.257161,0.257161,0.257161,1666829100,2022-10-27T00:05:00
0.267496,0.267496,0.267496,0.267496,1666828560,2022-10-26T23:56:00
0.271672,0.271672,0.271672,0.271672,1666809840,2022-10-26T18:44:00
0.269446,0.269446,0.269446,0.269446,1666806480,2022-10-26T17:48:00
0.270861,0.270861,0.270861,0.270861,1666805340,2022-10-26T17:29:00
0.265804,0.265804,0.265804,0.265804,1666790640,2022-10-26T13:24:00
0.277514,0.277514,0.260065,0.260065,1666790580,2022-10-26T13:23:00
0.28042,0.28042,0.28042,0.28042,1666790520,2022-10-26T13:22:00
0.281966,0.281966,0.281966,0.281966,1666787280,2022-10-26T12:28:00
0.278174,0.278174,0.278174,0.278174,1666787100,2022-10-26T12:25:00
0.276529,0.276529,0.276529,0.276529,1666786680,2022-10-26T12:18:00
0.277159,0.277159,0.277159,0.277159,1666777440,2022-10-26T09:44:00
0.278475,0.278475,0.278475,0.278475,1666777260,2022-10-26T09:41:00
0.280167,0.280167,0.280167,0.280167,1666771680,2022-10-26T08:08:00
0.282174,0.282174,0.282174,0.282174,1666769400,2022-10-26T07:30:00
0.277593,0.277593,0.277593,0.277593,1666768800,2022-10-26T07:20:00
0.276463,0.276463,0.276463,0.276463,1666757700,2022-10-26T04:15:00
0.279646,0.279646,0.279646,0.279646,1666757220,2022-10-26T04:07:00
0.277106,0.277106,0.277106,0.277106,1666747020,2022-10-26T01:17:00
0.28088,0.28088,0.28088,0.28088,1666736760,2022-10-25T22:26:00
0.28554,0.28554,0.28554,0.28554,1666736640,2022-10-25T22:24:00
0.277082,0.277082,0.277082,0.277082,1666736580,2022-10-25T22:23:00
0.272055,0.272055,0.272055,0.272055,1666736340,2022-10-25T22:19:00
0.264471,0.264471,0.264471,0.264471,1666729860,2022-10-25T20:31:00
0.264327,0.264327,0.264327,0.264327,1666720020,2022-10-25T17:47:00
0.261719,0.261719,0.261719,0.261719,1666718580,2022-10-25T17:23:00
0.252729,0.252729,0.252729,0.252729,1666712280,2022-10-25T15:38:00
0.252994,0.252994,0.252994,0.252994,1666706040,2022-10-25T13:54:00
0.249933,0.249933,0.249933,0.249933,1666690560,2022-10-25T09:36:00
0.251373,0.251373,0.251373,0.251373,1666688580,2022-10-25T09:03:00
0.251629,0.251629,0.251629,0.251629,1666688520,2022-10-25T09:02:00
0.252749,0.252749,0.252749,0.252749,1666656120,2022-10-25T00:02:00
0.253969,0.253969,0.253969,0.253969,1666656060,2022-10-25T00:01:00
0.256681,0.256681,0.256681,0.256681,1666641360,2022-10-24T19:56:00
0.262187,0.262187,0.262187,0.262187,1666639440,2022-10-24T19:24:00
0.265727,0.265727,0.265727,0.265727,1666625880,2022-10-24T15:38:00
0.266949,0.266949,0.266949,0.266949,1666600140,2022-10-24T08:29:00
0.268134,0.268134,0.268134,0.268134,1666592880,2022-10-24T06:28:00
0.265443,0.265443,0.265443,0.265443,1666572840,2022-10-24T00:54:00
0.266214,0.266214,0.266214,0.266214,1666550100,2022-10-23T18:35:00
0.255558,0.255558,0.255558,0.255558,1666510980,2022-10-23T07:43:00
0.257468,0.257468,0.257468,0.257468,1666505880,2022-10-23T06:18:00
0.262146,0.262146,0.262146,0.262146,1666474860,2022-10-22T21:41:00
0.265759,0.265759,0.265759,0.265759,1666441260,2022-10-22T12:21:00
0.267502,0.267502,0.267502,0.267502,1666439280,2022-10-22T11:48:00
0.262524,0.262524,0.262524,0.262524,1666380540,2022-10-21T19:29:00
0.251235,0.251235,0.251235,0.251235,1666347960,2022-10-21T10:26:00
0.250182,0.250182,0.250182,0.250182,1666343340,2022-10-21T09:09:00
0.253542,0.253542,0.253542,0.253542,1666341780,2022-10-21T08:43:00
0.256828,0.256828,0.256828,0.256828,1666340340,2022-10-21T08:19:00
0.259174,0.259174,0.259174,0.259174,1666286940,2022-10-20T17:29:00
0.259767,0.259767,0.259767,0.259767,1666281240,2022-10-20T15:54:00
0.259168,0.259168,0.259168,0.259168,1666271760,2022-10-20T13:16:00
0.259235,0.259235,0.259235,0.259235,1666262460,2022-10-20T10:41:00
0.258703,0.258703,0.258703,0.258703,1666258920,2022-10-20T09:42:00
0.256574,0.256574,0.256574,0.256574,1666255740,2022-10-20T08:49:00
0.256847,0.256847,0.256847,0.256847,1666254060,2022-10-20T08:21:00
0.257456,0.257456,0.257456,0.257456,1666250700,2022-10-20T07:25:00
0.255987,0.255987,0.255987,0.255987,1666231740,2022-10-20T02:09:00
0.2594,0.2594,0.2594,0.2594,1666215240,2022-10-19T21:34:00
0.261946,0.261946,0.261946,0.261946,1666191420,2022-10-19T14:57:00
0.260679,0.260679,0.260679,0.260679,1666189680,2022-10-19T14:28:00
0.259214,0.259214,0.259214,0.259214,1666173840,2022-10-19T10:04:00
0.258853,0.258853,0.258853,0.258853,1666163340,2022-10-19T07:09:00
0.262154,0.262154,0.262154,0.262154,1666148220,2022-10-19T02:57:00
0.267028,0.267028,0.267028,0.267028,1666143540,2022-10-19T01:39:00
0.273976,0.273976,0.273976,0.273976,1666110540,2022-10-18T16:29:00
0.278555,0.278555,0.278555,0.278555,1666097400,2022-10-18T12:50:00
0.278683,0.278683,0.278683,0.278683,1666096740,2022-10-18T12:39:00
0.270836,0.283702,0.270836,0.283702,1666096500,2022-10-18T12:35:00
0.281397,0.281397,0.281397,0.281397,1666096380,2022-10-18T12:33:00
0.28812,0.28812,0.28812,0.28812,1666096320,2022-10-18T12:32:00
0.274944,0.274944,0.274944,0.274944,1666096200,2022-10-18T12:30:00
0.263122,0.263122,0.263122,0.263122,1666090080,2022-10-18T10:48:00
0.263829,0.263829,0.263829,0.263829,1666084200,2022-10-18T09:10:00
0.2717,0.2717,0.267105,0.268184,1666080540,2022-10-18T08:09:00
0.282567,0.282567,0.282567,0.282567,1666078380,2022-10-18T07:33:00
0.281634,0.281634,0.281634,0.281634,1666045200,2022-10-17T22:20:00
0.269682,0.269682,0.269682,0.269682,1666032600,2022-10-17T18:50:00
0.260294,0.260294,0.260294,0.260294,1666025160,2022-10-17T16:46:00
0.260706,0.260706,0.260706,0.260706,1666016400,2022-10-17T14:20:00
0.262009,0.262009,0.262009,0.262009,1666012800,2022-10-17T13:20:00
0.266032,0.266032,0.266032,0.266032,1666001160,2022-10-17T10:06:00
0.265868,0.265868,0.265868,0.265868,1665992340,2022-10-17T07:39:00
0.267718,0.267718,0.267718,0.267718,1665983820,2022-10-17T05:17:00
0.26563,0.270924,0.26563,0.270924,1665973920,2022-10-17T02:32:00
0.269502,0.269502,0.262144,0.262144,1665973860,2022-10-17T02:31:00
0.287309,0.287309,0.287309,0.287309,1665953700,2022-10-16T20:55:00
0.279683,0.279683,0.279683,0.279683,1665937020,2022-10-16T16:17:00
0.280961,0.280961,0.280961,0.280961,1665901920,2022-10-16T06:32:00
0.281268,0.281268,0.281268,0.281268,1665896580,2022-10-16T05:03:00
0.284514,0.284514,0.284514,0.284514,1665895380,2022-10-16T04:43:00
0.285497,0.285497,0.285497,0.285497,1665890220,2022-10-16T03:17:00
0.287191,0.287191,0.287191,0.287191,1665888120,2022-10-16T02:42:00
0.29328,0.29328,0.29328,0.29328,1665885720,2022-10-16T02:02:00
0.286185,0.286185,0.286185,0.286185,1665885660,2022-10-16T02:01:00
0.281352,0.281352,0.281352,0.281352,1665874920,2022-10-15T23:02:00
0.286217,0.286217,0.286217,0.286217,1665854400,2022-10-15T17:20:00
0.288053,0.288053,0.288053,0.288053,1665824520,2022-10-15T09:02:00
0.292265,0.292265,0.292265,0.292265,1665823500,2022-10-15T08:45:00
0.296543,0.296543,0.296543,0.296543,1665804300,2022-10-15T03:25:00
0.355043,0.355043,0.355043,0.355043,1665796380,2022-10-15T01:13:00
0.406911,0.406911,0.406911,0.406911,1665777420,2022-10-14T19:57:00
0.294049,0.294049,0.294049,0.294049,1665772980,2022-10-14T18:43:00
0.291183,0.291183,0.291183,0.291183,1665772260,2022-10-14T18:31:00
0.291715,0.291715,0.291715,0.291715,1665769440,2022-10-14T17:44:00
0.293012,0.293012,0.293012,0.293012,1665764880,2022-10-14T16:28:00
0.291999,0.291999,0.291999,0.291999,1665764640,2022-10-14T16:24:00
0.287574,0.287574,0.287574,0.287574,1665764580,2022-10-14T16:23:00
0.303115,0.303115,0.303115,0.303115,1665764340,2022-10-14T16:19:00
0.325081,0.325081,0.325081,0.325081,1665756180,2022-10-14T14:03:00
0.302818,0.302818,0.302818,0.302818,1665754500,2022-10-14T13:35:00
0.305031,0.305031,0.305031,0.305031,1665746280,2022-10-14T11:18:00
0.30775,0.30775,0.30775,0.30775,1665744120,2022-10-14T10:42:00
0.308285,0.308285,0.308285,0.308285,1665741720,2022-10-14T10:02:00
0.305408,0.305408,0.305408,0.305408,1665737220,2022-10-14T08:47:00
0.304877,0.304877,0.304877,0.304877,1665731280,2022-10-14T07:08:00
0.299288,0.299288,0.299288,0.299288,1665730620,2022-10-14T06:57:00
0.297619,0.297619,0.297619,0.297619,1665721020,2022-10-14T04:17:00
0.304673,0.304673,0.304673,0.304673,1665720300,2022-10-14T04:05:00
0.309225,0.309225,0.309225,0.309225,1665719880,2022-10-14T03:58:00
0.313744,0.313744,0.313744,0.313744,1665719820,2022-10-14T03:57:00
0.317884,0.317884,0.317884,0.317884,1665719580,2022-10-14T03:53:00
0.321606,0.321606,0.321606,0.321606,1665719460,2022-10-14T03:51:00
0.32385,0.32385,0.32385,0.32385,1665719400,2022-10-14T03:50:00
0.306889,0.306889,0.306889,0.306889,1665719340,2022-10-14T03:49:00
0.279386,0.279386,0.279386,0.279386,1665697980,2022-10-13T21:53:00
0.278383,0.278383,0.278383,0.278383,1665695040,2022-10-13T21:04:00
0.274598,0.274598,0.274598,0.274598,1665690060,2022-10-13T19:41:00
0.273729,0.273729,0.273729,0.273729,1665683640,2022-10-13T17:54:00
0.273911,0.273911,0.273911,0.273911,1665680280,2022-10-13T16:58:00
0.276638,0.276638,0.276638,0.276638,1665679920,2022-10-13T16:52:00
0.278348,0.279123,0.278348,0.279123,1665679740,2022-10-13T16:49:00
0.2781,0.2781,0.2781,0.2781,1665679440,2022-10-13T16:44:00
0.272385,0.272385,0.272385,0.272385,1665679080,2022-10-13T16:38:00
0.268482,0.268482,0.268482,0.268482,1665675360,2022-10-13T15:36:00
0.26631,0.26631,0.26631,0.26631,1665674580,2022-10-13T15:23:00
0.263177,0.263177,0.263177,0.263177,1665672600,2022-10-13T14:50:00
0.263308,0.263308,0.263308,0.263308,1665665940,2022-10-13T12:59:00
0.27114,0.27114,0.27114,0.27114,1665659880,2022-10-13T11:18:00
0.273512,0.273512,0.273512,0.273512,1665657540,2022-10-13T10:39:00
0.28647,0.28647,0.28647,0.28647,1665649200,2022-10-13T08:20:00
0.275102,0.275102,0.275102,0.275102,1665638400,2022-10-13T05:20:00
0.277314,0.277314,0.277314,0.277314,1665636840,2022-10-13T04:54:00
0.278526,0.278526,0.278526,0.278526,1665636720,2022-10-13T04:52:00
0.276844,0.276844,0.276844,0.276844,1665636480,2022-10-13T04:48:00
0.275541,0.27835,0.275541,0.27835,1665635760,2022-10-13T04:36:00
0.28052,0.28052,0.273385,0.273385,1665635700,2022-10-13T04:35:00
0.297095,0.297095,0.297095,0.297095,1665627360,2022-10-13T02:16:00
0.297551,0.297551,0.297551,0.297551,1665616740,2022-10-12T23:19:00
0.297815,0.297815,0.294179,0.294179,1665616500,2022-10-12T23:15:00
0.303697,0.303697,0.303697,0.303697,1665612960,2022-10-12T22:16:00
0.303548,0.303548,0.303548,0.303548,1665612480,2022-10-12T22:08:00
0.302558,0.302558,0.302558,0.302558,1665611580,2022-10-12T21:53:00
0.303393,0.303393,0.303393,0.303393,1665606300,2022-10-12T20:25:00
0.30428,0.30428,0.30428,0.30428,1665599580,2022-10-12T18:33:00
0.303354,0.303354,0.302976,0.302976,1665598680,2022-10-12T18:18:00
0.305919,0.305919,0.305919,0.305919,1665598200,2022-10-12T18:10:00
0.307369,0.307369,0.307369,0.307369,1665598140,2022-10-12T18:09:00
0.292523,0.292523,0.292523,0.292523,1665591660,2022-10-12T16:21:00
0.289724,0.289724,0.289724,0.289724,1665585840,2022-10-12T14:44:00
0.289191,0.289191,0.289191,0.289191,1665582600,2022-10-12T13:50:00
0.293859,0.293859,0.293859,0.293859,1665582480,2022-10-12T13:48:00
0.299678,0.299678,0.299678,0.299678,1665582120,2022-10-12T13:42:00
0.303276,0.303276,0.303276,0.303276,1665582060,2022-10-12T13:41:00
0.304414,0.304414,0.304414,0.304414,1665575640,2022-10-12T11:54:00
0.300508,0.300508,0.300508,0.300508,1665575400,2022-10-12T11:50:00
0.300414,0.300414,0.300414,0.300414,1665575280,2022-10-12T11:48:00
0.306336,0.306336,0.306336,0.306336,1665574920,2022-10-12T11:42:00
0.308281,0.308281,0.308281,0.308281,1665574500,2022-10-12T11:35:00
0.305356,0.305356,0.305356,0.305356,1665573540,2022-10-12T11:19:00
0.314529,0.314529,0.303956,0.303956,1665573480,2022-10-12T11:18:00
0.3177,0.3177,0.3177,0.3177,1665569280,2022-10-12T10:08:00
0.33737,0.33737,0.33737,0.33737,1665568620,2022-10-12T09:57:00
0.343334,0.343334,0.343334,0.343334,1665568500,2022-10-12T09:55:00
0.350989,0.350989,0.350989,0.350989,1665565560,2022-10-12T09:06:00
0.357865,0.357865,0.357865,0.357865,1665564900,2022-10-12T08:55:00
0.36354,0.36354,0.36354,0.36354,1665564360,2022-10-12T08:46:00
0.367593,0.367593,0.367593,0.367593,1665564060,2022-10-12T08:41:00
0.369138,0.369138,0.369138,0.369138,1665559680,2022-10-12T07:28:00
0.372974,0.372974,0.372974,0.372974,1665558420,2022-10-12T07:07:00
0.372454,0.372454,0.372454,0.372454,1665540360,2022-10-12T02:06:00
0.374871,0.374871,0.374871,0.374871,1665539460,2022-10-12T01:51:00
0.37434,0.37434,0.37434,0.37434,1665533040,2022-10-12T00:04:00
0.379984,0.379984,0.379984,0.379984,1665528900,2022-10-11T22:55:00
0.379151,0.379151,0.379151,0.379151,1665528660,2022-10-11T22:51:00
0.378212,0.378212,0.378212,0.378212,1665528600,2022-10-11T22:50:00
0.38313,0.38313,0.380921,0.380921,1665528540,2022-10-11T22:49:00
0.406031,0.406031,0.406031,0.406031,1665528180,2022-10-11T22:43:00
0.409057,0.409057,0.409057,0.409057,1665528060,2022-10-11T22:41:00
0.40833,0.40833,0.40833,0.40833,1665527700,2022-10-11T22:35:00
0.416692,0.416692,0.416692,0.416692,1665527580,2022-10-11T22:33:00
0.430798,0.430798,0.430798,0.430798,1665526980,2022-10-11T22:23:00
0.437588,0.437588,0.437588,0.437588,1665525900,2022-10-11T22:05:00
0.434751,0.434751,0.434751,0.434751,1665522780,2022-10-11T21:13:00
0.457905,0.457905,0.457905,0.457905,1665521280,2022-10-11T20:48:00
0.460581,0.460581,0.460581,0.460581,1665520140,2022-10-11T20:29:00
0.462363,0.462363,0.462363,0.462363,1665520020,2022-10-11T20:27:00
0.463628,0.463628,0.463628,0.463628,1665519000,2022-10-11T20:10:00
0.460829,0.460829,0.460829,0.460829,1665518400,2022-10-11T20:00:00
0.446434,0.446434,0.446434,0.446434,1665516600,2022-10-11T19:30:00
0.447605,0.447605,0.447605,0.447605,1665515520,2022-10-11T19:12:00
0.44603,0.44603,0.44603,0.44603,1665514740,2022-10-11T18:59:00
0.451373,0.451373,0.451373,0.451373,1665513960,2022-10-11T18:46:00
0.453849,0.453849,0.453849,0.453849,1665512460,2022-10-11T18:21:00
0.457077,0.457077,0.457077,0.457077,1665512340,2022-10-11T18:19:00
0.456029,0.456029,0.456029,0.456029,1665512280,2022-10-11T18:18:00
0.451844,0.454251,0.451844,0.454251,1665512220,2022-10-11T18:17:00
0.446003,0.446003,0.446003,0.446003,1665512160,2022-10-11T18:16:00
0.44105,0.44105,0.44105,0.44105,1665510480,2022-10-11T17:48:00
0.44374,0.44374,0.44374,0.44374,1665509760,2022-10-11T17:36:00
0.448617,0.448617,0.448617,0.448617,1665509400,2022-10-11T17:30:00
0.452207,0.452207,0.452207,0.452207,1665509160,2022-10-11T17:26:00
0.450335,0.450335,0.449984,0.449984,1665508980,2022-10-11T17:23:00
0.454069,0.454069,0.454069,0.454069,1665508920,2022-10-11T17:22:00
0.448752,0.448752,0.448752,0.448752,1665508860,2022-10-11T17:21:00
0.447229,0.447229,0.447229,0.447229,1665507420,2022-10-11T16:57:00
0.446242,0.446242,0.446242,0.446242,1665504480,2022-10-11T16:08:00
0.449078,0.449078,0.449078,0.449078,1665504240,2022-10-11T16:04:00
0.449958,0.449958,0.449958,0.449958,1665503220,2022-10-11T15:47:00
0.452251,0.452251,0.452251,0.452251,1665503040,2022-10-11T15:44:00
0.454611,0.454611,0.454611,0.454611,1665502980,2022-10-11T15:43:00
0.458279,0.458279,0.458279,0.458279,1665502920,2022-10-11T15:42:00
0.433925,0.433925,0.433925,0.433925,1665502680,2022-10-11T15:38:00
0.438176,0.438176,0.438176,0.438176,1665502380,2022-10-11T15:33:00
0.436005,0.436005,0.436005,0.436005,1665502020,2022-10-11T15:27:00
0.43474,0.43474,0.43474,0.43474,1665501900,2022-10-11T15:25:00
0.43212,0.436416,0.43212,0.436416,1665501780,2022-10-11T15:23:00
0.428181,0.428181,0.428181,0.428181,1665501300,2022-10-11T15:15:00
0.427977,0.427977,0.427977,0.427977,1665501060,2022-10-11T15:11:00
0.421218,0.421218,0.421218,0.421218,1665500280,2022-10-11T14:58:00
0.390018,0.390018,0.390018,0.390018,1665499380,2022-10-11T14:43:00
0.387654,0.387654,0.387654,0.387654,1665499320,2022-10-11T14:42:00
0.391116,0.391116,0.391116,0.391116,1665499260,2022-10-11T14:41:00
0.383195,0.383195,0.383195,0.383195,1665498960,2022-10-11T14:36:00
0.378748,0.379725,0.378748,0.379725,1665498900,2022-10-11T14:35:00
0.377887,0.377887,0.377887,0.377887,1665498840,2022-10-11T14:34:00
0.375581,0.375581,0.375581,0.375581,1665496680,2022-10-11T13:58:00
0.338636,0.341942,0.338636,0.341942,1665493140,2022-10-11T12:59:00
0.336355,0.336355,0.336355,0.336355,1665492660,2022-10-11T12:51:00
0.338906,0.338906,0.338906,0.338906,1665491760,2022-10-11T12:36:00
0.3363,0.3363,0.3363,0.3363,1665490620,2022-10-11T12:17:00
0.340969,0.340969,0.340969,0.340969,1665490560,2022-10-11T12:16:00
0.337849,0.343989,0.337849,0.343989,1665489060,2022-10-11T11:51:00
0.338506,0.338506,0.338506,0.338506,1665488760,2022-10-11T11:46:00
0.349046,0.349046,0.349046,0.349046,1665488340,2022-10-11T11:39:00
0.354141,0.354141,0.354141,0.354141,1665487320,2022-10-11T11:22:00
0.355814,0.355814,0.355814,0.355814,1665487020,2022-10-11T11:17:00
0.350305,0.350305,0.350305,0.350305,1665486420,2022-10-11T11:07:00
0.351562,0.351562,0.351562,0.351562,1665486240,2022-10-11T11:04:00
0.354792,0.3568,0.354792,0.3568,1665486120,2022-10-11T11:02:00
0.360811,0.360811,0.360811,0.360811,1665486060,2022-10-11T11:01:00
0.364018,0.364018,0.364018,0.364018,1665486000,2022-10-11T11:00:00
0.370822,0.370822,0.370822,0.370822,1665485880,2022-10-11T10:58:00
0.362242,0.362242,0.362242,0.362242,1665485820,2022-10-11T10:57:00
0.358589,0.358589,0.358589,0.358589,1665485640,2022-10-11T10:54:00
0.365892,0.365892,0.365892,0.365892,1665485520,2022-10-11T10:52:00
0.373323,0.373323,0.373323,0.373323,1665485460,2022-10-11T10:51:00
0.375056,0.375056,0.371638,0.371638,1665485400,2022-10-11T10:50:00
0.381937,0.381937,0.381937,0.381937,1665485280,2022-10-11T10:48:00
0.377087,0.392418,0.377087,0.392418,1665485220,2022-10-11T10:47:00
0.414895,0.414895,0.414895,0.414895,1665485160,2022-10-11T10:46:00
0.406952,0.413474,0.406952,0.413474,1665485100,2022-10-11T10:45:00
0.374693,0.401343,0.374693,0.401343,1665485040,2022-10-11T10:44:00
0.376343,0.376343,0.371645,0.371645,1665484980,2022-10-11T10:43:00
0.321191,0.346972,0.321191,0.346972,1665484920,2022-10-11T10:42:00
0.288708,0.288708,0.288708,0.288708,1665484860,2022-10-11T10:41:00
0.266407,0.266407,0.266407,0.266407,1665481020,2022-10-11T09:37:00
0.265358,0.266341,0.265358,0.266341,1665476220,2022-10-11T08:17:00
0.283287,0.283287,0.283287,0.283287,1665470340,2022-10-11T06:39:00
0.285399,0.285399,0.285399,0.285399,1665457980,2022-10-11T03:13:00
0.290555,0.290555,0.290555,0.290555,1665441600,2022-10-10T22:40:00
0.292237,0.292237,0.292237,0.292237,1665440640,2022-10-10T22:24:00
0.297988,0.297988,0.297988,0.297988,1665440520,2022-10-10T22:22:00
0.307587,0.307587,0.307587,0.307587,1665438000,2022-10-10T21:40:00
0.312737,0.312737,0.312737,0.312737,1665435240,2022-10-10T20:54:00
0.311587,0.311587,0.311587,0.311587,1665434640,2022-10-10T20:44:00
0.301291,0.309402,0.301291,0.309402,1665434400,2022-10-10T20:40:00
0.321765,0.321765,0.321765,0.321765,1665434280,2022-10-10T20:38:00
0.329399,0.329399,0.329399,0.329399,1665433260,2022-10-10T20:21:00
0.333383,0.333383,0.333383,0.333383,1665432780,2022-10-10T20:13:00
0.32971,0.331904,0.32971,0.331904,1665432060,2022-10-10T20:01:00
0.32356,0.32356,0.32356,0.32356,1665430680,2022-10-10T19:38:00
0.320249,0.320249,0.320249,0.320249,1665429180,2022-10-10T19:13:00
0.317554,0.317554,0.317554,0.317554,1665427680,2022-10-10T18:48:00
0.317729,0.317729,0.317729,0.317729,1665419940,2022-10-10T16:39:00
0.310362,0.310362,0.310362,0.310362,1665419820,2022-10-10T16:37:00
0.298965,0.298965,0.298965,0.298965,1665394140,2022-10-10T09:29:00
0.302398,0.302398,0.302398,0.302398,1665388800,2022-10-10T08:00:00
0.304282,0.304282,0.304282,0.304282,1665387900,2022-10-10T07:45:00
0.304738,0.304738,0.304738,0.304738,1665377340,2022-10-10T04:49:00
0.305493,0.305493,0.305493,0.305493,1665374100,2022-10-10T03:55:00
0.319432,0.319432,0.311984,0.311984,1665374040,2022-10-10T03:54:00
0.307894,0.307894,0.307894,0.307894,1665373920,2022-10-10T03:52:00
0.29039,0.29039,0.29039,0.29039,1665373740,2022-10-10T03:49:00
0.285234,0.285234,0.285234,0.285234,1665361020,2022-10-10T00:17:00
0.28438,0.28438,0.28438,0.28438,1665360840,2022-10-10T00:14:00
0.281522,0.281522,0.281522,0.281522,1665348240,2022-10-09T20:44:00
0.284886,0.284886,0.284886,0.284886,1665327960,2022-10-09T15:06:00
0.286598,0.286598,0.286598,0.286598,1665327360,2022-10-09T14:56:00
0.28056,0.28056,0.28056,0.28056,1665327300,2022-10-09T14:55:00
0.276735,0.276735,0.276735,0.276735,1665327240,2022-10-09T14:54:00
0.275909,0.275909,0.275909,0.275909,1665327180,2022-10-09T14:53:00
0.27047,0.27047,0.27047,0.27047,1665327120,2022-10-09T14:52:00
0.26526,0.26526,0.26526,0.26526,1665327060,2022-10-09T14:51:00
0.259711,0.259711,0.259711,0.259711,1665326940,2022-10-09T14:49:00
0.256475,0.256475,0.256475,0.256475,1665326820,2022-10-09T14:47:00
0.251831,0.251831,0.251831,0.251831,1665323400,2022-10-09T13:50:00
0.264164,0.264164,0.256514,0.256514,1665303900,2022-10-09T08:25:00
0.258474,0.258474,0.258474,0.258474,1665303720,2022-10-09T08:22:00
0.256973,0.256973,0.256973,0.256973,1665292140,2022-10-09T05:09:00
0.259157,0.259157,0.259157,0.259157,1665273720,2022-10-09T00:02:00
0.273464,0.273464,0.273464,0.273464,1665267480,2022-10-08T22:18:00
0.259324,0.259324,0.259324,0.259324,1665262740,2022-10-08T20:59:00
0.257714,0.257714,0.257714,0.257714,1665261840,2022-10-08T20:44:00
0.265256,0.265256,0.265256,0.265256,1665257760,2022-10-08T19:36:00
0.269081,0.269081,0.262894,0.262894,1665257700,2022-10-08T19:35:00
0.281353,0.282573,0.281353,0.282573,1665248880,2022-10-08T17:08:00
0.296675,0.296675,0.296675,0.296675,1665248760,2022-10-08T17:06:00
0.304837,0.304837,0.304837,0.304837,1665248640,2022-10-08T17:04:00
0.294865,0.294865,0.294865,0.294865,1665248580,2022-10-08T17:03:00
0.292273,0.292273,0.292217,0.292217,1665248520,2022-10-08T17:02:00
0.281998,0.281998,0.281998,0.281998,1665248460,2022-10-08T17:01:00
0.26849,0.284366,0.26849,0.284366,1665248400,2022-10-08T17:00:00
0.258287,0.258287,0.258287,0.258287,1665244380,2022-10-08T15:53:00
0.257889,0.257889,0.257889,0.257889,1665244020,2022-10-08T15:47:00
0.255352,0.255352,0.250913,0.250913,1665243960,2022-10-08T15:46:00
0.269791,0.269791,0.269791,0.269791,1665240900,2022-10-08T14:55:00
0.269465,0.269465,0.269465,0.269465,1665239280,2022-10-08T14:28:00
0.272923,0.272923,0.272455,0.272455,1665239160,2022-10-08T14:26:00
0.262799,0.262799,0.262799,0.262799,1665239040,2022-10-08T14:24:00
0.250591,0.250591,0.250591,0.250591,1665238920,2022-10-08T14:22:00
0.25253,0.25253,0.25253,0.25253,1665233220,2022-10-08T12:47:00
0.249187,0.249187,0.249187,0.249187,1665233040,2022-10-08T12:44:00
0.247707,0.247707,0.247707,0.247707,1665229380,2022-10-08T11:43:00
0.242814,0.242814,0.242814,0.242814,1665229140,2022-10-08T11:39:00
0.240493,0.240493,0.240493,0.240493,1665228720,2022-10-08T11:32:00
0.238171,0.238171,0.238171,0.238171,1665210960,2022-10-08T06:36:00
0.23778,0.23778,0.23778,0.23778,1665210660,2022-10-08T06:31:00
0.238198,0.238198,0.238198,0.238198,1665169620,2022-10-07T19:07:00
0.24147,0.24147,0.24147,0.24147,1665159480,2022-10-07T16:18:00
0.241177,0.241177,0.241177,0.241177,1665150180,2022-10-07T13:43:00
0.243756,0.243756,0.243756,0.243756,1665132180,2022-10-07T08:43:00
0.244672,0.244672,0.244672,0.244672,1665119520,2022-10-07T05:12:00
0.245552,0.245552,0.245552,0.245552,1665111540,2022-10-07T02:59:00
0.244507,0.244507,0.244507,0.244507,1665106860,2022-10-07T01:41:00
0.244497,0.244497,0.244497,0.244497,1665106500,2022-10-07T01:35:00
0.24791,0.24791,0.24791,0.24791,1665102120,2022-10-07T00:22:00
0.24813,0.24813,0.24813,0.24813,1665082680,2022-10-06T18:58:00
0.237334,0.237334,0.237334,0.237334,1665069000,2022-10-06T15:10:00
0.258666,0.258666,0.258666,0.258666,1665037200,2022-10-06T06:20:00
0.254948,0.254948,0.254948,0.254948,1665016320,2022-10-06T00:32:00
0.249493,0.249493,0.249493,0.249493,1665012060,2022-10-05T23:21:00
0.251093,0.251093,0.251093,0.251093,1665005820,2022-10-05T21:37:00
0.254368,0.254368,0.254368,0.254368,1664999280,2022-10-05T19:48:00
0.254681,0.254681,0.254681,0.254681,1664973900,2022-10-05T12:45:00
0.259103,0.259103,0.259103,0.259103,1664967360,2022-10-05T10:56:00
0.256567,0.256567,0.256567,0.256567,1664965860,2022-10-05T10:31:00
0.257495,0.257495,0.257495,0.257495,1664960400,2022-10-05T09:00:00
0.260373,0.260373,0.260373,0.260373,1664954760,2022-10-05T07:26:00
0.259345,0.259345,0.259345,0.259345,1664954040,2022-10-05T07:14:00
0.258087,0.258087,0.258087,0.258087,1664953380,2022-10-05T07:03:00
0.259365,0.259365,0.259365,0.259365,1664951820,2022-10-05T06:37:00
0.250551,0.250551,0.250551,0.250551,1664951700,2022-10-05T06:35:00
0.237112,0.237112,0.237112,0.237112,1664945100,2022-10-05T04:45:00
0.238359,0.238359,0.238359,0.238359,1664945040,2022-10-05T04:44:00
0.239411,0.239411,0.239411,0.239411,1664940060,2022-10-05T03:21:00
0.241326,0.241326,0.241326,0.241326,1664920080,2022-10-04T21:48:00
0.239027,0.239027,0.239027,0.239027,1664892900,2022-10-04T14:15:00
0.241126,0.241126,0.241126,0.241126,1664885040,2022-10-04T12:04:00
0.24457,0.24457,0.24457,0.24457,1664873100,2022-10-04T08:45:00
0.242324,0.242324,0.242324,0.242324,1664854680,2022-10-04T03:38:00
0.243254,0.243254,0.243254,0.243254,1664844060,2022-10-04T00:41:00
0.243647,0.243647,0.243647,0.243647,1664837760,2022-10-03T22:56:00
0.245213,0.245213,0.245213,0.245213,1664827260,2022-10-03T20:01:00
0.243693,0.243693,0.243693,0.243693,1664827200,2022-10-03T20:00:00
0.241038,0.241038,0.241038,0.241038,1664826000,2022-10-03T19:40:00
0.258061,0.258061,0.245302,0.245302,1664815380,2022-10-03T16:43:00
0.267184,0.267184,0.267184,0.267184,1664815260,2022-10-03T16:41:00
0.253807,0.253807,0.253807,0.253807,1664815200,2022-10-03T16:40:00
0.248865,0.248865,0.248865,0.248865,1664815140,2022-10-03T16:39:00
0.239615,0.239615,0.239615,0.239615,1664809740,2022-10-03T15:09:00
0.23805,0.23805,0.23805,0.23805,1664806980,2022-10-03T14:23:00
0.237169,0.237169,0.237169,0.237169,1664806440,2022-10-03T14:14:00
0.23534,0.23534,0.23534,0.23534,1664795940,2022-10-03T11:19:00
0.236872,0.236872,0.236872,0.236872,1664794740,2022-10-03T10:59:00
0.235182,0.235182,0.235182,0.235182,1664784900,2022-10-03T08:15:00
0.235634,0.235634,0.235634,0.235634,1664783460,2022-10-03T07:51:00
0.237221,0.237221,0.237221,0.237221,1664770500,2022-10-03T04:15:00
0.238717,0.238717,0.238717,0.238717,1664738340,2022-10-02T19:19:00
0.238843,0.238843,0.238843,0.238843,1664717100,2022-10-02T13:25:00
0.242237,0.242237,0.242237,0.242237,1664710560,2022-10-02T11:36:00
0.239611,0.239611,0.239611,0.239611,1664709120,2022-10-02T11:12:00
0.241464,0.241464,0.241464,0.241464,1664707860,2022-10-02T10:51:00
0.246512,0.246512,0.246512,0.246512,1664704980,2022-10-02T10:03:00
0.243265,0.243265,0.243265,0.243265,1664704860,2022-10-02T10:01:00
0.238751,0.238751,0.238751,0.238751,1664704680,2022-10-02T09:58:00
0.23543,0.23543,0.23543,0.23543,1664702640,2022-10-02T09:24:00
0.240015,0.240015,0.240015,0.240015,1664702520,2022-10-02T09:22:00
0.248871,0.248871,0.246085,0.246085,1664698560,2022-10-02T08:16:00
0.251413,0.251413,0.251413,0.251413,1664682180,2022-10-02T03:43:00
0.2532,0.2532,0.2532,0.2532,1664681940,2022-10-02T03:39:00
0.26669,0.26669,0.26669,0.26669,1664677980,2022-10-02T02:33:00
0.266256,0.266256,0.266256,0.266256,1664677740,2022-10-02T02:29:00
0.261473,0.261473,0.261473,0.261473,1664677260,2022-10-02T02:21:00
0.271986,0.271986,0.271986,0.271986,1664677200,2022-10-02T02:20:00
0.257835,0.257835,0.257835,0.257835,1664677020,2022-10-02T02:17:00
0.260357,0.260357,0.260357,0.260357,1664674860,2022-10-02T01:41:00
0.267542,0.267542,0.267542,0.267542,1664670240,2022-10-02T00:24:00
0.267348,0.267348,0.267348,0.267348,1664664360,2022-10-01T22:46:00
0.265434,0.265434,0.265434,0.265434,1664664240,2022-10-01T22:44:00
0.261822,0.261822,0.261822,0.261822,1664662140,2022-10-01T22:09:00
0.259499,0.259499,0.259499,0.259499,1664659920,2022-10-01T21:32:00
0.260638,0.260638,0.260638,0.260638,1664656860,2022-10-01T20:41:00
0.262873,0.262873,0.262873,0.262873,1664656680,2022-10-01T20:38:00
0.26125,0.26125,0.26125,0.26125,1664656380,2022-10-01T20:33:00
0.261584,0.262492,0.261584,0.262492,1664656320,2022-10-01T20:32:00
0.270153,0.270153,0.270153,0.270153,1664656200,2022-10-01T20:30:00
0.2772,0.2772,0.2772,0.2772,1664656140,2022-10-01T20:29:00
0.283504,0.283844,0.283504,0.283844,1664651340,2022-10-01T19:09:00
0.286012,0.286012,0.286012,0.286012,1664651040,2022-10-01T19:04:00
0.289563,0.289563,0.289563,0.289563,1664650740,2022-10-01T18:59:00
0.289276,0.289276,0.289276,0.289276,1664649900,2022-10-01T18:45:00
0.285313,0.285313,0.285313,0.285313,1664649060,2022-10-01T18:31:00
0.284873,0.285825,0.284873,0.285825,1664648820,2022-10-01T18:27:00
0.283373,0.283373,0.283373,0.283373,1664648460,2022-10-01T18:21:00
0.275715,0.275715,0.275715,0.275715,1664648400,2022-10-01T18:20:00
0.277473,0.277473,0.277473,0.277473,1664647980,2022-10-01T18:13:00
0.283457,0.283457,0.283457,0.283457,1664647860,2022-10-01T18:11:00
0.281274,0.286795,0.281274,0.286795,1664647500,2022-10-01T18:05:00
0.279737,0.279737,0.279737,0.279737,1664646900,2022-10-01T17:55:00
0.281625,0.281625,0.281625,0.281625,1664646780,2022-10-01T17:53:00
0.284223,0.284223,0.284223,0.284223,1664646720,2022-10-01T17:52:00
0.291721,0.291879,0.291721,0.291879,1664646660,2022-10-01T17:51:00
0.31978,0.31978,0.305031,0.305031,1664646600,2022-10-01T17:50:00
0.341426,0.341426,0.341426,0.341426,1664646540,2022-10-01T17:49:00
0.356639,0.356639,0.356639,0.356639,1664646480,2022-10-01T17:48:00
0.27684,0.27684,0.27684,0.27684,1664646420,2022-10-01T17:47:00
0.266155,0.266155,0.266155,0.266155,1664644920,2022-10-01T17:22:00
0.264321,0.264321,0.264321,0.264321,1664642220,2022-10-01T16:37:00
0.263858,0.263858,0.263858,0.263858,1664641080,2022-10-01T16:18:00
0.259719,0.259719,0.259719,0.259719,1664639700,2022-10-01T15:55:00
0.256074,0.256074,0.256074,0.256074,1664639220,2022-10-01T15:47:00
0.255301,0.255301,0.255301,0.255301,1664638860,2022-10-01T15:41:00
0.254344,0.254344,0.254344,0.254344,1664638800,2022-10-01T15:40:00
0.250466,0.252162,0.250466,0.252162,1664638680,2022-10-01T15:38:00
0.248658,0.248658,0.248658,0.248658,1664638560,2022-10-01T15:36:00
0.247884,0.247884,0.247884,0.247884,1664637600,2022-10-01T15:20:00
0.247332,0.247332,0.247332,0.247332,1664635740,2022-10-01T14:49:00
0.245304,0.245304,0.245304,0.245304,1664635680,2022-10-01T14:48:00
0.243323,0.243323,0.243323,0.243323,1664635260,2022-10-01T14:41:00
0.241178,0.241178,0.241178,0.241178,1664634000,2022-10-01T14:20:00
0.243977,0.243977,0.243977,0.243977,1664632380,2022-10-01T13:53:00
0.245737,0.245737,0.245737,0.245737,1664631960,2022-10-01T13:46:00
0.2465,0.2465,0.2465,0.2465,1664630220,2022-10-01T13:17:00
0.247456,0.247456,0.247456,0.247456,1664629380,2022-10-01T13:03:00
0.248197,0.248197,0.248197,0.248197,1664629020,2022-10-01T12:57:00
0.246878,0.246878,0.246878,0.246878,1664627640,2022-10-01T12:34:00
0.244507,0.244507,0.244507,0.244507,1664623620,2022-10-01T11:27:00
0.243878,0.243878,0.243878,0.243878,1664623560,2022-10-01T11:26:00
0.241927,0.241927,0.241927,0.241927,1664623200,2022-10-01T11:20:00
0.241204,0.241204,0.241204,0.241204,1664622120,2022-10-01T11:02:00
0.24077,0.24077,0.24077,0.24077,1664621340,2022-10-01T10:49:00
0.244931,0.244931,0.244931,0.244931,1664621040,2022-10-01T10:44:00
0.247591,0.247591,0.247591,0.247591,1664620500,2022-10-01T10:35:00
0.25196,0.25196,0.25196,0.25196,1664620440,2022-10-01T10:34:00
0.25668,0.25668,0.25668,0.25668,1664619360,2022-10-01T10:16:00
0.259479,0.259479,0.259479,0.259479,1664619300,2022-10-01T10:15:00
0.258511,0.258511,0.258511,0.258511,1664618100,2022-10-01T09:55:00
0.259503,0.259503,0.259503,0.259503,1664617680,2022-10-01T09:48:00
0.261527,0.261527,0.261527,0.261527,1664617620,2022-10-01T09:47:00
0.263416,0.263416,0.263416,0.263416,1664616900,2022-10-01T09:35:00
0.265522,0.265522,0.265522,0.265522,1664616480,2022-10-01T09:28:00
2.70574,2.70574,0.266039,0.266039,1664616360,2022-10-01T09:26:00
0.269112,0.269112,0.269112,0.269112,1664615760,2022-10-01T09:16:00
0.267589,0.267589,0.267589,0.267589,1664614260,2022-10-01T08:51:00
0.270194,0.270194,0.270194,0.270194,1664613300,2022-10-01T08:35:00
0.269646,0.269646,0.269646,0.269646,1664613180,2022-10-01T08:33:00
0.268749,0.268749,0.268749,0.268749,1664613120,2022-10-01T08:32:00
0.26687,0.267826,0.26687,0.267826,1664613060,2022-10-01T08:31:00
0.268127,0.268127,0.268127,0.268127,1664612280,2022-10-01T08:18:00
0.263477,0.2667,0.263477,0.2667,1664612220,2022-10-01T08:17:00
0.26281,0.26281,0.26281,0.26281,1664612100,2022-10-01T08:15:00
0.262004,0.262004,0.262004,0.262004,1664612040,2022-10-01T08:14:00
0.261297,0.261297,0.261297,0.261297,1664611980,2022-10-01T08:13:00
0.262867,0.262867,0.26044,0.26044,1664611320,2022-10-01T08:02:00
0.264501,0.264501,0.264501,0.264501,1664610900,2022-10-01T07:55:00
0.266468,0.266468,0.266468,0.266468,1664610780,2022-10-01T07:53:00
0.262234,0.264999,0.262234,0.264999,1664610660,2022-10-01T07:51:00
0.261523,0.263816,0.261523,0.263816,1664610600,2022-10-01T07:50:00
0.265038,0.265038,0.26309,0.26309,1664610540,2022-10-01T07:49:00
0.275134,0.275134,0.267626,0.267626,1664610360,2022-10-01T07:46:00
0.269602,0.273077,0.269602,0.273077,1664610300,2022-10-01T07:45:00
0.258004,0.263933,0.258004,0.263933,1664610240,2022-10-01T07:44:00
0.254539,0.256446,0.254539,0.256446,1664610180,2022-10-01T07:43:00
0.256744,0.256744,0.256744,0.256744,1664610120,2022-10-01T07:42:00
0.261388,0.261388,0.261388,0.261388,1664610000,2022-10-01T07:40:00
0.261599,0.263154,0.261599,0.263154,1664609280,2022-10-01T07:28:00
0.261274,0.261274,0.261274,0.261274,1664609220,2022-10-01T07:27:00
0.23561,0.258677,0.23561,0.258677,1664609160,2022-10-01T07:26:00
0.227782,0.227782,0.227782,0.227782,1664609100,2022-10-01T07:25:00
0.226999,0.226999,0.226999,0.226999,1664609040,2022-10-01T07:24:00
0.225758,0.225758,0.225758,0.225758,1664608440,2022-10-01T07:14:00
0.226366,0.226366,0.226366,0.226366,1664603760,2022-10-01T05:56:00
0.227482,0.227482,0.227482,0.227482,1664603280,2022-10-01T05:48:00
0.228936,0.228936,0.228936,0.228936,1664602800,2022-10-01T05:40:00
0.233435,0.233435,0.233435,0.233435,1664602740,2022-10-01T05:39:00
0.235812,0.235812,0.235812,0.235812,1664602380,2022-10-01T05:33:00
0.235144,0.235144,0.235144,0.235144,1664601360,2022-10-01T05:16:00
0.233327,0.234436,0.233327,0.234436,1664601300,2022-10-01T05:15:00
0.231817,0.231817,0.231817,0.231817,1664601180,2022-10-01T05:13:00
0.228773,0.230678,0.228773,0.230678,1664601120,2022-10-01T05:12:00
0.229387,0.229387,0.229387,0.229387,1664600700,2022-10-01T05:05:00
0.230236,0.230236,0.230236,0.230236,1664600640,2022-10-01T05:04:00
0.22573,0.22573,0.22573,0.22573,1664600280,2022-10-01T04:58:00
0.217069,0.217069,0.217069,0.217069,1664600160,2022-10-01T04:56:00
0.206859,0.206859,0.206859,0.206859,1664597700,2022-10-01T04:15:00
0.207796,0.207796,0.207796,0.207796,1664595060,2022-10-01T03:31:00
0.210281,0.210281,0.210281,0.210281,1664590680,2022-10-01T02:18:00
0.213229,0.213229,0.213229,0.213229,1664586480,2022-10-01T01:08:00
0.208282,0.208282,0.208282,0.208282,1664586180,2022-10-01T01:03:00
0.207707,0.207707,0.207707,0.207707,1664584560,2022-10-01T00:36:00
0.203881,0.203881,0.203881,0.203881,1664580420,2022-09-30T23:27:00
0.199484,0.203783,0.199484,0.203783,1664580360,2022-09-30T23:26:00
0.197299,0.198385,0.197299,0.198385,1664580120,2022-09-30T23:22:00
0.195927,0.195927,0.195927,0.195927,1664579880,2022-09-30T23:18:00
0.195089,0.195089,0.195089,0.195089,1664579460,2022-09-30T23:11:00
0.194205,0.194205,0.194205,0.194205,1664577180,2022-09-30T22:33:00
0.194872,0.194872,0.194872,0.194872,1664577120,2022-09-30T22:32:00
0.196863,0.196863,0.196863,0.196863,1664574120,2022-09-30T21:42:00
0.197366,0.197366,0.197366,0.197366,1664573700,2022-09-30T21:35:00
0.19997,0.19997,0.19997,0.19997,1664573400,2022-09-30T21:30:00
0.200933,0.200933,0.200933,0.200933,1664572620,2022-09-30T21:17:00
0.194592,0.194592,0.194592,0.194592,1664572560,2022-09-30T21:16:00
0.188594,0.188594,0.188594,0.188594,1664571420,2022-09-30T20:57:00
0.187271,0.187271,0.187271,0.187271,1664571360,2022-09-30T20:56:00
0.187586,0.187586,0.186224,0.186224,1664571300,2022-09-30T20:55:00
0.194775,0.194775,0.194775,0.194775,1664571180,2022-09-30T20:53:00
0.199986,0.199986,0.199986,0.199986,1664571060,2022-09-30T20:51:00
0.201727,0.201727,0.201727,0.201727,1664570400,2022-09-30T20:40:00
0.200524,0.200524,0.200524,0.200524,1664569920,2022-09-30T20:32:00
0.198581,0.198581,0.198581,0.198581,1664569860,2022-09-30T20:31:00
0.196665,0.197202,0.196665,0.197202,1664569740,2022-09-30T20:29:00
0.196334,0.196334,0.196334,0.196334,1664569440,2022-09-30T20:24:00
0.200562,0.200562,0.200562,0.200562,1664569080,2022-09-30T20:18:00
0.198151,0.198151,0.198151,0.198151,1664568960,2022-09-30T20:16:00
0.191002,0.195995,0.191002,0.195995,1664568900,2022-09-30T20:15:00
0.184201,0.184201,0.184201,0.184201,1664568840,2022-09-30T20:14:00
0.180652,0.180652,0.180652,0.180652,1664568780,2022-09-30T20:13:00
0.176075,0.176075,0.176075,0.176075,1664568720,2022-09-30T20:12:00
0.172825,0.17424,0.172825,0.17424,1664568660,2022-09-30T20:11:00
0.172249,0.172249,0.172249,0.172249,1664567880,2022-09-30T19:58:00
0.17368,0.17368,0.17368,0.17368,1664565960,2022-09-30T19:26:00
0.17448,0.17448,0.17448,0.17448,1664565540,2022-09-30T19:19:00
0.177285,0.177285,0.177285,0.177285,1664565480,2022-09-30T19:18:00
0.179066,0.179066,0.179066,0.179066,1664565420,2022-09-30T19:17:00
0.1848,0.1848,0.1848,0.1848,1664565360,2022-09-30T19:16:00
0.193562,0.193562,0.190174,0.190174,1664565240,2022-09-30T19:14:00
0.196767,0.196767,0.195267,0.195267,1664565180,2022-09-30T19:13:00
0.174506,0.174506,0.174506,0.174506,1664565120,2022-09-30T19:12:00
0.153117,0.153117,0.153117,0.153117,1664565060,2022-09-30T19:11:00
0.157273,0.157273,0.157273,0.157273,1664565000,2022-09-30T19:10:00
0.160823,0.160823,0.160823,0.160823,1664564640,2022-09-30T19:04:00
0.161282,0.161282,0.161282,0.161282,1664564580,2022-09-30T19:03:00
0.164212,0.164212,0.164212,0.164212,1664564520,2022-09-30T19:02:00
0.167037,0.167037,0.165358,0.165358,1664564460,2022-09-30T19:01:00
0.179208,0.179208,0.165764,0.165764,1664564400,2022-09-30T19:00:00
0.179975,0.179975,0.179952,0.179952,1664564340,2022-09-30T18:59:00
0.15127,0.15127,0.15127,0.15127,1664564280,2022-09-30T18:58:00
0.14209,0.143995,0.14209,0.143995,1664564220,2022-09-30T18:57:00
0.140348,0.140348,0.140348,0.140348,1664564160,2022-09-30T18:56:00
0.137876,0.137876,0.137876,0.137876,1664564100,2022-09-30T18:55:00
0.137418,0.137418,0.137418,0.137418,1664563740,2022-09-30T18:49:00
0.139762,0.139762,0.139762,0.139762,1664563440,2022-09-30T18:44:00
0.139153,0.140361,0.139153,0.140361,1664563380,2022-09-30T18:43:00
0.139853,0.139853,0.139853,0.139853,1664563200,2022-09-30T18:40:00
0.134881,0.137218,0.134881,0.137218,1664563140,2022-09-30T18:39:00
0.131004,0.134372,0.131004,0.134372,1664563080,2022-09-30T18:38:00
0.127983,0.128938,0.127983,0.128938,1664562900,2022-09-30T18:35:00
0.127167,0.127754,0.127167,0.127754,1664562240,2022-09-30T18:24:00
0.135621,0.135621,0.127857,0.127857,1664562120,2022-09-30T18:22:00
0.12135,0.125886,0.12135,0.125122,1664562060,2022-09-30T18:21:00
0.121926,0.121926,0.121926,0.121926,1664562000,2022-09-30T18:20:00
0.114121,0.114121,0.114121,0.114121,1664561820,2022-09-30T18:17:00
0.107134,0.107134,0.107134,0.107134,1664561700,2022-09-30T18:15:00
0.107843,0.107843,0.107843,0.107843,1664561580,2022-09-30T18:13:00
0.104462,0.104462,0.104462,0.104462,1664561520,2022-09-30T18:12:00
0.098503,0.098503,0.098503,0.098503,1664545560,2022-09-30T13:46:00
0.0987013,0.0987013,0.0987013,0.0987013,1664536860,2022-09-30T11:21:00
0.10047,0.10047,0.10047,0.10047,1664529060,2022-09-30T09:11:00
0.102654,0.102654,0.102654,0.102654,1664497080,2022-09-30T00:18:00
0.102019,0.102019,0.102019,0.102019,1664486760,2022-09-29T21:26:00
0.0999552,0.0999552,0.0999552,0.0999552,1664440260,2022-09-29T08:31:00
0.0973229,0.0973229,0.0973229,0.0973229,1664347020,2022-09-28T06:37:00
0.0974868,0.0974868,0.0974868,0.0974868,1664346660,2022-09-28T06:31:00
0.105397,0.105397,0.105397,0.105397,1664288160,2022-09-27T14:16:00
0.105512,0.105512,0.105512,0.105512,1664270880,2022-09-27T09:28:00
0.100375,0.100375,0.100375,0.100375,1664194860,2022-09-26T12:21:00
0.103645,0.103645,0.103645,0.103645,1664181840,2022-09-26T08:44:00
0.103239,0.103239,0.103239,0.103239,1664149860,2022-09-25T23:51:00
0.104011,0.104011,0.104011,0.104011,1664135160,2022-09-25T19:46:00
0.104326,0.104326,0.104326,0.104326,1664135040,2022-09-25T19:44:00
0.106889,0.106889,0.106889,0.106889,1664134560,2022-09-25T19:36:00
0.106026,0.106026,0.106026,0.106026,1664133840,2022-09-25T19:24:00
0.103169,0.10452,0.103169,0.10452,1664133780,2022-09-25T19:23:00
0.0985877,0.101677,0.0985877,0.101677,1664133720,2022-09-25T19:22:00
0.0956429,0.0956429,0.0956429,0.0956429,1664127480,2022-09-25T17:38:00
0.0970322,0.0970322,0.0970322,0.0970322,1664127180,2022-09-25T17:33:00
0.0967039,0.0967039,0.0967039,0.0967039,1664123280,2022-09-25T16:28:00
0.0976048,0.0976048,0.0976048,0.0976048,1664123040,2022-09-25T16:24:00
0.0969825,0.0969825,0.0969825,0.0969825,1664122260,2022-09-25T16:11:00
0.0964007,0.0964007,0.0964007,0.0964007,1664118600,2022-09-25T15:10:00
0.0971747,0.0971747,0.0971747,0.0971747,1664116920,2022-09-25T14:42:00
0.0966436,0.0966436,0.0966436,0.0966436,1664116860,2022-09-25T14:41:00
0.0974123,0.0974123,0.0974123,0.0974123,1664116680,2022-09-25T14:38:00
0.102275,0.102275,0.102275,0.102275,1664116620,2022-09-25T14:37:00
0.107273,0.107273,0.107273,0.107273,1664116440,2022-09-25T14:34:00
0.107744,0.107744,0.107744,0.107744,1664116320,2022-09-25T14:32:00
0.105817,0.105817,0.105817,0.105817,1664116260,2022-09-25T14:31:00
0.104593,0.104593,0.104593,0.104593,1664116200,2022-09-25T14:30:00
0.102201,0.102201,0.102201,0.102201,1664115960,2022-09-25T14:26:00
0.100706,0.100706,0.100706,0.100706,1664115900,2022-09-25T14:25:00
0.0964148,0.0964148,0.0964148,0.0964148,1664115660,2022-09-25T14:21:00
0.0919364,0.0919364,0.0919364,0.0919364,1664115420,2022-09-25T14:17:00
0.0895034,0.0895034,0.0895034,0.0895034,1664115180,2022-09-25T14:13:00
0.0892356,0.0892356,0.0892356,0.0892356,1664114580,2022-09-25T14:03:00
0.0993246,0.0993246,0.0927295,0.0927295,1664114400,2022-09-25T14:00:00
0.101977,0.101977,0.101977,0.101977,1664114340,2022-09-25T13:59:00
0.103111,0.103111,0.103111,0.103111,1664114280,2022-09-25T13:58:00
0.103954,0.103954,0.103954,0.103954,1664114220,2022-09-25T13:57:00
0.0903609,0.0903609,0.0903609,0.0903609,1664113800,2022-09-25T13:50:00
0.0885535,0.0885535,0.0885535,0.0885535,1664113080,2022-09-25T13:38:00
0.088744,0.088744,0.088744,0.088744,1664112000,2022-09-25T13:20:00
0.0888099,0.0888099,0.0888099,0.0888099,1664111460,2022-09-25T13:11:00
0.0917922,0.0917922,0.0917922,0.0917922,1664111160,2022-09-25T13:06:00
0.0931035,0.0931035,0.0931035,0.0931035,1664110860,2022-09-25T13:01:00
0.0932053,0.0939915,0.0932053,0.0939915,1664110740,2022-09-25T12:59:00
0.0943084,0.0943084,0.0943084,0.0943084,1664110680,2022-09-25T12:58:00
0.0954399,0.0954399,0.0931415,0.0931415,1664110560,2022-09-25T12:56:00
0.0988707,0.0988707,0.0988707,0.0988707,1664110320,2022-09-25T12:52:00
0.0981839,0.0983642,0.0981839,0.0983642,1664109900,2022-09-25T12:45:00
0.098776,0.098776,0.098776,0.098776,1664109840,2022-09-25T12:44:00
0.0998555,0.0998555,0.0987092,0.0987092,1664109720,2022-09-25T12:42:00
0.100218,0.100218,0.0984775,0.0984775,1664109600,2022-09-25T12:40:00
0.103674,0.105048,0.103075,0.105048,1664108880,2022-09-25T12:28:00
0.103503,0.104377,0.103189,0.103189,1664108820,2022-09-25T12:27:00
0.104362,0.104362,0.104362,0.104362,1664108760,2022-09-25T12:26:00
0.105038,0.105038,0.105038,0.105038,1664108700,2022-09-25T12:25:00
0.105616,0.105616,0.105616,0.105616,1664108640,2022-09-25T12:24:00
0.109716,0.109716,0.109716,0.109716,1664108100,2022-09-25T12:15:00
0.11106,0.11106,0.11106,0.11106,1664107740,2022-09-25T12:09:00
0.114892,0.114892,0.114892,0.114892,1664106840,2022-09-25T11:54:00
0.113381,0.114315,0.113381,0.114315,1664106780,2022-09-25T11:53:00
0.120205,0.120205,0.120205,0.120205,1664106000,2022-09-25T11:40:00
0.118268,0.118268,0.118268,0.118268,1664105940,2022-09-25T11:39:00
0.12211,0.12211,0.12211,0.12211,1664105880,2022-09-25T11:38:00
0.120229,0.120229,0.118271,0.119397,1664105820,2022-09-25T11:37:00
0.118236,0.118236,0.118236,0.118236,1664105760,2022-09-25T11:36:00
0.126926,0.126926,0.126926,0.126926,1664104920,2022-09-25T11:22:00
0.126112,0.126112,0.126112,0.126112,1664104860,2022-09-25T11:21:00
0.136247,0.136247,0.136247,0.136247,1664103180,2022-09-25T10:53:00
0.138211,0.138211,0.138211,0.138211,1664103120,2022-09-25T10:52:00
0.151912,0.151912,0.151912,0.151912,1664103060,2022-09-25T10:51:00
0.108543,0.108543,0.108543,0.108543,1664087460,2022-09-25T06:31:00
0.111139,0.111139,0.111139,0.111139,1664049540,2022-09-24T19:59:00
0.111733,0.111733,0.111733,0.111733,1664046960,2022-09-24T19:16:00
0.111517,0.111517,0.111517,0.111517,1664045280,2022-09-24T18:48:00
0.112157,0.112157,0.112157,0.112157,1664045220,2022-09-24T18:47:00
0.112105,0.112105,0.112105,0.112105,1664041500,2022-09-24T17:45:00
0.111946,0.111946,0.111946,0.111946,1664036100,2022-09-24T16:15:00
0.110801,0.110801,0.110801,0.110801,1664032320,2022-09-24T15:12:00
0.109558,0.109558,0.109558,0.109558,1664018280,2022-09-24T11:18:00
0.107249,0.107249,0.107249,0.107249,1663961760,2022-09-23T19:36:00
0.109179,0.109179,0.109179,0.109179,1663923900,2022-09-23T09:05:00
0.108619,0.108619,0.108619,0.108619,1663884720,2022-09-22T22:12:00
0.111719,0.111719,0.111719,0.111719,1663877880,2022-09-22T20:18:00
0.111518,0.111518,0.111518,0.111518,1663871640,2022-09-22T18:34:00
0.112299,0.112299,0.112299,0.112299,1663821960,2022-09-22T04:46:00
0.113256,0.113256,0.113256,0.113256,1663814040,2022-09-22T02:34:00
0.11281,0.11281,0.11281,0.11281,1663796640,2022-09-21T21:44:00
0.122913,0.122913,0.122913,0.122913,1663786500,2022-09-21T18:55:00
0.12286,0.12286,0.122134,0.122134,1663762680,2022-09-21T12:18:00
0.122744,0.122744,0.122744,0.122744,1663762560,2022-09-21T12:16:00
0.121366,0.121366,0.121366,0.121366,1663729500,2022-09-21T03:05:00
0.123612,0.123612,0.123612,0.123612,1663703160,2022-09-20T19:46:00
0.128079,0.128079,0.128079,0.128079,1663692900,2022-09-20T16:55:00
0.127573,0.127573,0.127573,0.127573,1663674300,2022-09-20T11:45:00
0.129008,0.129008,0.129008,0.129008,1663663740,2022-09-20T08:49:00
0.130966,0.130966,0.130966,0.130966,1663631160,2022-09-19T23:46:00
0.128237,0.128237,0.128237,0.128237,1663603020,2022-09-19T15:57:00
0.124206,0.124206,0.124206,0.124206,1663572540,2022-09-19T07:29:00
0.123737,0.123737,0.123737,0.123737,1663572420,2022-09-19T07:27:00
0.123507,0.123507,0.123507,0.123507,1663572060,2022-09-19T07:21:00
0.124237,0.124237,0.124237,0.124237,1663572000,2022-09-19T07:20:00
0.128868,0.128868,0.128868,0.128868,1663569300,2022-09-19T06:35:00
0.133121,0.133121,0.133121,0.133121,1663559100,2022-09-19T03:45:00
0.148745,0.148745,0.148745,0.148745,1663482420,2022-09-18T06:27:00
0.147672,0.147672,0.147672,0.147672,1663475640,2022-09-18T04:34:00
0.144212,0.144212,0.144212,0.144212,1663414920,2022-09-17T11:42:00
0.145003,0.145003,0.145003,0.145003,1663414680,2022-09-17T11:38:00
0.143952,0.143952,0.143952,0.143952,1663411200,2022-09-17T10:40:00
0.144497,0.144497,0.144497,0.144497,1663411020,2022-09-17T10:37:00
0.147824,0.147824,0.147824,0.147824,1663407120,2022-09-17T09:32:00
0.148732,0.148732,0.148732,0.148732,1663405500,2022-09-17T09:05:00
0.14868,0.14868,0.14868,0.14868,1663405380,2022-09-17T09:03:00
0.149496,0.149496,0.149496,0.149496,1663393260,2022-09-17T05:41:00
0.148081,0.148081,0.148081,0.148081,1663352700,2022-09-16T18:25:00
0.149448,0.149448,0.149448,0.149448,1663350000,2022-09-16T17:40:00
0.150477,0.150477,0.150477,0.150477,1663349760,2022-09-16T17:36:00
0.15043,0.15043,0.15043,0.15043,1663338960,2022-09-16T14:36:00
0.151791,0.151791,0.151791,0.151791,1663338420,2022-09-16T14:27:00
0.151784,0.151784,0.151784,0.151784,1663306800,2022-09-16T05:40:00
0.15282,0.15282,0.15282,0.15282,1663293000,2022-09-16T01:50:00
0.15279,0.15279,0.15279,0.15279,1663287780,2022-09-16T00:23:00
0.151411,0.151411,0.151411,0.151411,1663287720,2022-09-16T00:22:00
0.152782,0.152782,0.152782,0.152782,1663287180,2022-09-16T00:13:00
0.151777,0.151777,0.151777,0.151777,1663285800,2022-09-15T23:50:00
0.153038,0.153038,0.153038,0.153038,1663283640,2022-09-15T23:14:00
0.158174,0.158174,0.158174,0.158174,1663260420,2022-09-15T16:47:00
0.160966,0.160966,0.160966,0.160966,1663260300,2022-09-15T16:45:00
0.161677,0.161677,0.161677,0.161677,1663260120,2022-09-15T16:42:00
0.164076,0.164076,0.164076,0.164076,1663259280,2022-09-15T16:28:00
0.161602,0.161602,0.161602,0.161602,1663258380,2022-09-15T16:13:00
0.15886,0.15886,0.15886,0.15886,1663258320,2022-09-15T16:12:00
0.161452,0.161452,0.161452,0.161452,1663257840,2022-09-15T16:04:00
0.159355,0.159355,0.159355,0.159355,1663257780,2022-09-15T16:03:00
0.171278,0.171278,0.171278,0.171278,1663230120,2022-09-15T08:22:00
0.171062,0.171062,0.171062,0.171062,1663223700,2022-09-15T06:35:00
0.172185,0.172185,0.172185,0.172185,1663212060,2022-09-15T03:21:00
0.170629,0.170629,0.170629,0.170629,1663208820,2022-09-15T02:27:00
0.17496,0.17496,0.17496,0.17496,1663201860,2022-09-15T00:31:00
0.174984,0.174984,0.174984,0.174984,1663192680,2022-09-14T21:58:00
0.176716,0.176716,0.176716,0.176716,1663192260,2022-09-14T21:51:00
0.177178,0.177178,0.177178,0.177178,1663192200,2022-09-14T21:50:00
0.174463,0.174463,0.174463,0.174463,1663192140,2022-09-14T21:49:00
0.170215,0.170215,0.170215,0.170215,1663178280,2022-09-14T17:58:00
0.171773,0.171773,0.171773,0.171773,1663178100,2022-09-14T17:55:00
0.174574,0.174574,0.174574,0.174574,1663177860,2022-09-14T17:51:00
0.173876,0.177275,0.173876,0.177275,1663177740,2022-09-14T17:49:00
0.173304,0.173304,0.173304,0.173304,1663177500,2022-09-14T17:45:00
0.174153,0.174153,0.174153,0.174153,1663177200,2022-09-14T17:40:00
0.171524,0.171524,0.171524,0.171524,1663176480,2022-09-14T17:28:00
0.170461,0.170461,0.170461,0.170461,1663176360,2022-09-14T17:26:00
0.1745,0.1745,0.1745,0.1745,1663176240,2022-09-14T17:24:00
0.173547,0.176146,0.173547,0.176146,1663175580,2022-09-14T17:13:00
0.170362,0.170362,0.170362,0.170362,1663174980,2022-09-14T17:03:00
0.170168,0.170168,0.170168,0.170168,1663174800,2022-09-14T17:00:00
0.17292,0.17292,0.17292,0.17292,1663174140,2022-09-14T16:49:00
0.170106,0.170106,0.170106,0.170106,1663173660,2022-09-14T16:41:00
0.171088,0.171088,0.171088,0.171088,1663173240,2022-09-14T16:34:00
0.177026,0.177026,0.177026,0.177026,1663164180,2022-09-14T14:03:00
0.177123,0.177123,0.177123,0.177123,1663147140,2022-09-14T09:19:00
0.179134,0.179134,0.179134,0.179134,1663146720,2022-09-14T09:12:00
0.181098,0.181098,0.181098,0.181098,1663143660,2022-09-14T08:21:00
0.182387,0.182387,0.182387,0.182387,1663143540,2022-09-14T08:19:00
0.173356,0.173356,0.173356,0.173356,1663130580,2022-09-14T04:43:00
0.173466,0.173466,0.173466,0.173466,1663106880,2022-09-13T22:08:00
0.175018,0.175018,0.175018,0.175018,1663103880,2022-09-13T21:18:00
0.176991,0.176991,0.176991,0.176991,1663103820,2022-09-13T21:17:00
0.178717,0.178717,0.178717,0.178717,1663103520,2022-09-13T21:12:00
0.172044,0.172044,0.172044,0.172044,1663097460,2022-09-13T19:31:00
0.174337,0.174337,0.174337,0.174337,1663095180,2022-09-13T18:53:00
0.179237,0.179237,0.179237,0.179237,1663092540,2022-09-13T18:09:00
0.181711,0.181711,0.181711,0.181711,1663090980,2022-09-13T17:43:00
0.184577,0.184577,0.184577,0.184577,1663090860,2022-09-13T17:41:00
0.185807,0.185807,0.185807,0.185807,1663090440,2022-09-13T17:34:00
0.180474,0.182946,0.180474,0.182946,1663090380,2022-09-13T17:33:00
0.175744,0.175744,0.175744,0.175744,1663083120,2022-09-13T15:32:00
0.176619,0.176619,0.176619,0.176619,1663082460,2022-09-13T15:21:00
0.174768,0.174768,0.174768,0.174768,1663081200,2022-09-13T15:00:00
0.175779,0.175779,0.175779,0.175779,1663080600,2022-09-13T14:50:00
0.178775,0.178775,0.178775,0.178775,1663080060,2022-09-13T14:41:00
0.180012,0.180012,0.180012,0.180012,1663077120,2022-09-13T13:52:00
0.180847,0.180847,0.180847,0.180847,1663076880,2022-09-13T13:48:00
0.180267,0.180267,0.180267,0.180267,1663075560,2022-09-13T13:26:00
0.178131,0.178131,0.178131,0.178131,1663075380,2022-09-13T13:23:00
0.186093,0.186093,0.186093,0.186093,1663057440,2022-09-13T08:24:00
0.187276,0.187276,0.183298,0.183298,1663054680,2022-09-13T07:38:00
0.197105,0.197105,0.197105,0.197105,1663052820,2022-09-13T07:07:00
0.200484,0.200484,0.200484,0.200484,1663043100,2022-09-13T04:25:00
0.198812,0.198812,0.198812,0.198812,1663036260,2022-09-13T02:31:00
0.192574,0.192574,0.192574,0.192574,1663035840,2022-09-13T02:24:00
0.193996,0.193996,0.193996,0.193996,1663032720,2022-09-13T01:32:00
0.194816,0.194816,0.194816,0.194816,1663005000,2022-09-12T17:50:00
0.195632,0.195632,0.195632,0.195632,1663004520,2022-09-12T17:42:00
0.197614,0.197614,0.197614,0.197614,1663004460,2022-09-12T17:41:00
0.202369,0.202369,0.202369,0.202369,1663003500,2022-09-12T17:25:00
0.199489,0.199489,0.199489,0.199489,1663003020,2022-09-12T17:17:00
0.196612,0.196612,0.196612,0.196612,1663002780,2022-09-12T17:13:00
0.195267,0.195267,0.195267,0.195267,1663002720,2022-09-12T17:12:00
0.196533,0.196533,0.196533,0.196533,1663002180,2022-09-12T17:03:00
0.195432,0.195432,0.195432,0.195432,1663002120,2022-09-12T17:02:00
0.197003,0.197003,0.197003,0.197003,1663001640,2022-09-12T16:54:00
0.195916,0.195916,0.195916,0.195916,1663001580,2022-09-12T16:53:00
0.197317,0.197317,0.197317,0.197317,1663000920,2022-09-12T16:42:00
0.195844,0.195844,0.195844,0.195844,1663000320,2022-09-12T16:32:00
0.195736,0.195736,0.195736,0.195736,1662999600,2022-09-12T16:20:00
0.194901,0.194901,0.194901,0.194901,1662999300,2022-09-12T16:15:00
0.196715,0.196715,0.196715,0.196715,1662998700,2022-09-12T16:05:00
0.195335,0.195335,0.195335,0.195335,1662998460,2022-09-12T16:01:00
0.19739,0.19739,0.19739,0.19739,1662997800,2022-09-12T15:50:00
0.196716,0.196716,0.196716,0.196716,1662997680,2022-09-12T15:48:00
0.198513,0.198513,0.198513,0.198513,1662997320,2022-09-12T15:42:00
0.203535,0.203535,0.203535,0.203535,1662947280,2022-09-12T01:48:00
0.202419,0.202419,0.202419,0.202419,1662946200,2022-09-12T01:30:00
0.198339,0.198339,0.198339,0.198339,1662945480,2022-09-12T01:18:00
0.197645,0.197645,0.197645,0.197645,1662943980,2022-09-12T00:53:00
0.201379,0.201379,0.201379,0.201379,1662902580,2022-09-11T13:23:00
0.20092,0.20092,0.20092,0.20092,1662887160,2022-09-11T09:06:00
0.201715,0.201715,0.201715,0.201715,1662872520,2022-09-11T05:02:00
0.200514,0.200514,0.200514,0.200514,1662871920,2022-09-11T04:52:00
0.197085,0.197085,0.197085,0.197085,1662831480,2022-09-10T17:38:00
0.195517,0.195517,0.195517,0.195517,1662831360,2022-09-10T17:36:00
0.194853,0.194853,0.194853,0.194853,1662830100,2022-09-10T17:15:00
0.195621,0.195621,0.195621,0.195621,1662826200,2022-09-10T16:10:00
0.199706,0.199706,0.199706,0.199706,1662826020,2022-09-10T16:07:00
0.202862,0.202862,0.202862,0.202862,1662825420,2022-09-10T15:57:00
0.199915,0.199915,0.199915,0.199915,1662824760,2022-09-10T15:46:00
0.199099,0.199099,0.199099,0.199099,1662824220,2022-09-10T15:37:00
0.19688,0.199901,0.19688,0.199901,1662823860,2022-09-10T15:31:00
0.198359,0.198359,0.198359,0.198359,1662823140,2022-09-10T15:19:00
0.204095,0.204095,0.204095,0.204095,1662783720,2022-09-10T04:22:00
0.204255,0.204255,0.204255,0.204255,1662783600,2022-09-10T04:20:00
0.202355,0.202355,0.202355,0.202355,1662770760,2022-09-10T00:46:00
0.204504,0.204504,0.204504,0.204504,1662761400,2022-09-09T22:10:00
0.204078,0.204078,0.204078,0.204078,1662722640,2022-09-09T11:24:00
0.202703,0.202703,0.202703,0.202703,1662705300,2022-09-09T06:35:00
0.201494,0.201494,0.201494,0.201494,1662700620,2022-09-09T05:17:00
0.194746,0.194746,0.194746,0.194746,1662632820,2022-09-08T10:27:00
0.194192,0.194192,0.194192,0.194192,1662601620,2022-09-08T01:47:00
0.198968,0.198968,0.198968,0.198968,1662588420,2022-09-07T22:07:00
0.18763,0.18763,0.18763,0.18763,1662556500,2022-09-07T13:15:00
0.185647,0.185647,0.185647,0.185647,1662527520,2022-09-07T05:12:00
0.187441,0.187441,0.187441,0.187441,1662510060,2022-09-07T00:21:00
0.193331,0.193331,0.193331,0.193331,1662484980,2022-09-06T17:23:00
0.190916,0.190916,0.190916,0.190916,1662484800,2022-09-06T17:20:00
0.187689,0.187689,0.187689,0.187689,1662484740,2022-09-06T17:19:00
0.202998,0.202998,0.202998,0.202998,1662479880,2022-09-06T15:58:00
0.20208,0.20208,0.20208,0.20208,1662452400,2022-09-06T08:20:00
0.200318,0.200318,0.200318,0.200318,1662439620,2022-09-06T04:47:00
0.199601,0.199601,0.199601,0.199601,1662421620,2022-09-05T23:47:00
0.200261,0.200261,0.200261,0.200261,1662394980,2022-09-05T16:23:00
0.198328,0.198328,0.198328,0.198328,1662380460,2022-09-05T12:21:00
0.201264,0.201264,0.201264,0.201264,1662361920,2022-09-05T07:12:00
0.202095,0.202095,0.202095,0.202095,1662353400,2022-09-05T04:50:00
0.202915,0.202915,0.202915,0.202915,1662332880,2022-09-04T23:08:00
0.198808,0.198808,0.198808,0.198808,1662332820,2022-09-04T23:07:00
0.198193,0.198193,0.198193,0.198193,1662332520,2022-09-04T23:02:00
0.195864,0.195864,0.195864,0.195864,1662303180,2022-09-04T14:53:00
0.19457,0.19457,0.19457,0.19457,1662301980,2022-09-04T14:33:00
0.195624,0.195624,0.195624,0.195624,1662245520,2022-09-03T22:52:00
0.196236,0.196236,0.196236,0.196236,1662241500,2022-09-03T21:45:00
0.196242,0.196242,0.196242,0.196242,1662204480,2022-09-03T11:28:00
0.193437,0.19859,0.193437,0.19859,1662158760,2022-09-02T22:46:00
0.200947,0.200947,0.200947,0.200947,1662146640,2022-09-02T19:24:00
0.203949,0.203949,0.203949,0.203949,1662144720,2022-09-02T18:52:00
0.208808,0.208808,0.208808,0.208808,1662139440,2022-09-02T17:24:00
0.209982,0.209982,0.209982,0.209982,1662138420,2022-09-02T17:07:00
0.212421,0.212421,0.212421,0.212421,1662122820,2022-09-02T12:47:00
0.217679,0.217679,0.217679,0.217679,1662122700,2022-09-02T12:45:00
0.209287,0.209287,0.209287,0.209287,1662052500,2022-09-01T17:15:00
0.212222,0.212222,0.212222,0.212222,1662039360,2022-09-01T13:36:00
0.211859,0.211859,0.211859,0.211859,1662010380,2022-09-01T05:33:00
0.214391,0.214391,0.214391,0.214391,1661974560,2022-08-31T19:36:00
0.216108,0.216108,0.216108,0.216108,1661935380,2022-08-31T08:43:00
0.217474,0.217474,0.217474,0.217474,1661932920,2022-08-31T08:02:00
0.218681,0.218681,0.218681,0.218681,1661931780,2022-08-31T07:43:00
0.212843,0.212843,0.212843,0.212843,1661901000,2022-08-30T23:10:00
0.217259,0.217259,0.217259,0.217259,1661895600,2022-08-30T21:40:00
0.218744,0.218744,0.218744,0.218744,1661894400,2022-08-30T21:20:00
0.212435,0.212435,0.212435,0.212435,1661886240,2022-08-30T19:04:00
0.203343,0.209547,0.203343,0.209547,1661878980,2022-08-30T17:03:00
0.211107,0.211107,0.205038,0.205038,1661878920,2022-08-30T17:02:00
0.210861,0.211486,0.210861,0.211486,1661878800,2022-08-30T17:00:00
0.211094,0.211094,0.211094,0.211094,1661878740,2022-08-30T16:59:00
0.233093,0.233093,0.233093,0.233093,1661844780,2022-08-30T07:33:00
0.232091,0.232091,0.232091,0.232091,1661833860,2022-08-30T04:31:00
0.227762,0.227762,0.227762,0.227762,1661797740,2022-08-29T18:29:00
0.229272,0.229272,0.229272,0.229272,1661794260,2022-08-29T17:31:00
0.225612,0.225612,0.225612,0.225612,1661782560,2022-08-29T14:16:00
0.222893,0.222893,0.222893,0.222893,1661780340,2022-08-29T13:39:00
0.216579,0.216579,0.216579,0.216579,1661779440,2022-08-29T13:24:00
0.211433,0.211433,0.211433,0.211433,1661726820,2022-08-28T22:47:00
0.212432,0.212432,0.212432,0.212432,1661690280,2022-08-28T12:38:00
0.212195,0.212195,0.212195,0.212195,1661643300,2022-08-27T23:35:00
0.208541,0.208541,0.208541,0.208541,1661616240,2022-08-27T16:04:00
0.212907,0.212907,0.212907,0.212907,1661558880,2022-08-27T00:08:00
0.217719,0.217719,0.217719,0.217719,1661553420,2022-08-26T22:37:00
0.219318,0.219318,0.219318,0.219318,1661552880,2022-08-26T22:28:00
0.221726,0.221726,0.221726,0.221726,1661548080,2022-08-26T21:08:00
0.221485,0.221485,0.221485,0.221485,1661539140,2022-08-26T18:39:00
0.233788,0.233788,0.233788,0.233788,1661516940,2022-08-26T12:29:00
0.240468,0.240468,0.240468,0.240468,1661507880,2022-08-26T09:58:00
0.244983,0.244983,0.244983,0.244983,1661507640,2022-08-26T09:54:00
0.233946,0.233946,0.233946,0.233946,1661507520,2022-08-26T09:52:00
0.228324,0.228324,0.228324,0.228324,1661507220,2022-08-26T09:47:00
0.22362,0.22362,0.22362,0.22362,1661507100,2022-08-26T09:45:00
0.225397,0.225397,0.225397,0.225397,1661497920,2022-08-26T07:12:00
0.233018,0.233018,0.233018,0.233018,1661450520,2022-08-25T18:02:00
0.229785,0.229785,0.229785,0.229785,1661408160,2022-08-25T06:16:00
0.229653,0.229653,0.229653,0.229653,1661400540,2022-08-25T04:09:00
0.232137,0.232137,0.232137,0.232137,1661396280,2022-08-25T02:58:00
0.230918,0.230918,0.230918,0.230918,1661396220,2022-08-25T02:57:00
0.220615,0.220615,0.220615,0.220615,1661309220,2022-08-24T02:47:00
0.219187,0.219187,0.219187,0.219187,1661308560,2022-08-24T02:36:00
0.217276,0.217276,0.217276,0.217276,1661305980,2022-08-24T01:53:00
0.212398,0.212398,0.210118,0.210118,1661203500,2022-08-22T21:25:00
0.214348,0.214348,0.214348,0.214348,1661195520,2022-08-22T19:12:00
0.207427,0.207427,0.207427,0.207427,1661194920,2022-08-22T19:02:00
0.206324,0.206324,0.206324,0.206324,1661187960,2022-08-22T17:06:00
0.205164,0.205164,0.205164,0.205164,1661185740,2022-08-22T16:29:00
0.204582,0.204582,0.204582,0.204582,1661180880,2022-08-22T15:08:00
0.205721,0.205721,0.205721,0.205721,1661180340,2022-08-22T14:59:00
0.207063,0.207063,0.207063,0.207063,1661173020,2022-08-22T12:57:00
0.203647,0.203647,0.203647,0.203647,1661172840,2022-08-22T12:54:00
0.202622,0.202622,0.202622,0.202622,1661172780,2022-08-22T12:53:00
0.209607,0.209607,0.209607,0.209607,1661142420,2022-08-22T04:27:00
0.208941,0.208941,0.208941,0.208941,1661135760,2022-08-22T02:36:00
0.210787,0.210787,0.210787,0.210787,1661123100,2022-08-21T23:05:00
0.209803,0.209803,0.209803,0.209803,1661102100,2022-08-21T17:15:00
0.210991,0.210991,0.210991,0.210991,1661098620,2022-08-21T16:17:00
0.214573,0.214573,0.214573,0.214573,1661090100,2022-08-21T13:55:00
0.21168,0.21168,0.21168,0.21168,1661079300,2022-08-21T10:55:00
0.20416,0.20416,0.20416,0.20416,1661053320,2022-08-21T03:42:00
0.198313,0.198313,0.198313,0.198313,1661028840,2022-08-20T20:54:00
0.199473,0.199473,0.199473,0.199473,1661023920,2022-08-20T19:32:00
0.198857,0.198857,0.198857,0.198857,1661022600,2022-08-20T19:10:00
0.201306,0.201306,0.201306,0.201306,1661021340,2022-08-20T18:49:00
0.204033,0.204033,0.204033,0.204033,1661010240,2022-08-20T15:44:00
0.20443,0.20443,0.20443,0.20443,1660984260,2022-08-20T08:31:00
0.204579,0.204579,0.204579,0.204579,1660983480,2022-08-20T08:18:00
0.202579,0.202579,0.202579,0.202579,1660977540,2022-08-20T06:39:00
0.199552,0.199552,0.199552,0.199552,1660969500,2022-08-20T04:25:00
0.198449,0.198449,0.198449,0.198449,1660957260,2022-08-20T01:01:00
0.201099,0.202763,0.201099,0.202763,1660946580,2022-08-19T22:03:00
0.208539,0.208539,0.208539,0.208539,1660917540,2022-08-19T13:59:00
0.2168,0.2168,0.2168,0.2168,1660894500,2022-08-19T07:35:00
0.214777,0.214777,0.214777,0.214777,1660894380,2022-08-19T07:33:00
0.222591,0.222591,0.21777,0.220216,1660876380,2022-08-19T02:33:00
0.223784,0.223784,0.223784,0.223784,1660876320,2022-08-19T02:32:00
0.226845,0.226845,0.226845,0.226845,1660876260,2022-08-19T02:31:00
0.222972,0.222972,0.222972,0.222972,1660876200,2022-08-19T02:30:00
0.236344,0.236344,0.236344,0.236344,1660876140,2022-08-19T02:29:00
0.244721,0.244721,0.244721,0.244721,1660841460,2022-08-18T16:51:00
0.245426,0.245426,0.245426,0.245426,1660833180,2022-08-18T14:33:00
0.246507,0.246507,0.246507,0.246507,1660822740,2022-08-18T11:39:00
0.246655,0.246655,0.246655,0.246655,1660808700,2022-08-18T07:45:00
0.246725,0.246725,0.246725,0.246725,1660808520,2022-08-18T07:42:00
0.247806,0.247806,0.247806,0.247806,1660800000,2022-08-18T05:20:00
0.247593,0.247593,0.247593,0.247593,1660793460,2022-08-18T03:31:00
0.249197,0.249197,0.249197,0.249197,1660752780,2022-08-17T16:13:00
0.255188,0.255188,0.255188,0.255188,1660749420,2022-08-17T15:17:00
0.263138,0.263138,0.263138,0.263138,1660738200,2022-08-17T12:10:00
0.263314,0.263314,0.263314,0.263314,1660728240,2022-08-17T09:24:00
0.270439,0.270439,0.270439,0.270439,1660723140,2022-08-17T07:59:00
0.28689,0.28689,0.28689,0.28689,1660719420,2022-08-17T06:57:00
0.292507,0.292507,0.292507,0.292507,1660717740,2022-08-17T06:29:00
0.2914,0.2914,0.2914,0.2914,1660715880,2022-08-17T05:58:00
0.292981,0.292981,0.292981,0.292981,1660715700,2022-08-17T05:55:00
0.293062,0.293062,0.293062,0.293062,1660715640,2022-08-17T05:54:00
0.292207,0.295271,0.292207,0.295271,1660715520,2022-08-17T05:52:00
0.293219,0.293219,0.293219,0.293219,1660715160,2022-08-17T05:46:00
0.298166,0.298166,0.298166,0.298166,1660715100,2022-08-17T05:45:00
0.294835,0.29606,0.294835,0.29606,1660715040,2022-08-17T05:44:00
0.288892,0.288892,0.288892,0.288892,1660714980,2022-08-17T05:43:00
0.286974,0.286974,0.286974,0.286974,1660714860,2022-08-17T05:41:00
0.286048,0.286048,0.286048,0.286048,1660714800,2022-08-17T05:40:00
0.282601,0.282601,0.282601,0.282601,1660714500,2022-08-17T05:35:00
0.290155,0.290155,0.285143,0.285143,1660714380,2022-08-17T05:33:00
0.269691,0.269691,0.269691,0.269691,1660714260,2022-08-17T05:31:00
0.24421,0.24421,0.24421,0.24421,1660703880,2022-08-17T02:38:00
0.244692,0.244692,0.244692,0.244692,1660684680,2022-08-16T21:18:00
0.241219,0.241219,0.241219,0.241219,1660678680,2022-08-16T19:38:00
0.23766,0.23766,0.23766,0.23766,1660675620,2022-08-16T18:47:00
0.238182,0.238182,0.238182,0.238182,1660675200,2022-08-16T18:40:00
0.242606,0.242606,0.242606,0.242606,1660672980,2022-08-16T18:03:00
0.248424,0.248424,0.248424,0.248424,1660672440,2022-08-16T17:54:00
0.259138,0.259138,0.252536,0.252536,1660672320,2022-08-16T17:52:00
0.240853,0.263607,0.240853,0.263607,1660672260,2022-08-16T17:51:00
0.216523,0.219825,0.216523,0.219825,1660668420,2022-08-16T16:47:00
0.219548,0.219548,0.219548,0.219548,1660668240,2022-08-16T16:44:00
0.219675,0.219675,0.219675,0.219675,1660668120,2022-08-16T16:42:00
0.226312,0.226312,0.226312,0.226312,1660667880,2022-08-16T16:38:00
0.231222,0.231222,0.231222,0.231222,1660666200,2022-08-16T16:10:00
0.233035,0.233035,0.230229,0.230229,1660665420,2022-08-16T15:57:00
0.23135,0.23135,0.23135,0.23135,1660665360,2022-08-16T15:56:00
0.226323,0.226323,0.226323,0.226323,1660665300,2022-08-16T15:55:00
0.225061,0.225061,0.225061,0.225061,1660648860,2022-08-16T11:21:00
0.222582,0.222582,0.222582,0.222582,1660642080,2022-08-16T09:28:00
0.220622,0.220622,0.220622,0.220622,1660640100,2022-08-16T08:55:00
0.217559,0.217559,0.217559,0.217559,1660639140,2022-08-16T08:39:00
0.216522,0.216522,0.216522,0.216522,1660638960,2022-08-16T08:36:00
0.215771,0.215771,0.215771,0.215771,1660638780,2022-08-16T08:33:00
0.214558,0.214558,0.214558,0.214558,1660634460,2022-08-16T07:21:00
0.21523,0.21523,0.21523,0.21523,1660631700,2022-08-16T06:35:00
0.209959,0.209959,0.209959,0.209959,1660631160,2022-08-16T06:26:00
0.208269,0.209182,0.208269,0.209182,1660630380,2022-08-16T06:13:00
0.207675,0.207675,0.207675,0.207675,1660618380,2022-08-16T02:53:00
0.205259,0.205259,0.205259,0.205259,1660618320,2022-08-16T02:52:00
0.203344,0.203344,0.203344,0.203344,1660605540,2022-08-15T23:19:00
0.202184,0.202184,0.202184,0.202184,1660600320,2022-08-15T21:52:00
0.200478,0.200478,0.200478,0.200478,1660599720,2022-08-15T21:42:00
0.213636,0.213636,0.20434,0.20434,1660597860,2022-08-15T21:11:00
0.208763,0.208763,0.208763,0.208763,1660597800,2022-08-15T21:10:00
0.207119,0.207119,0.205768,0.205768,1660597680,2022-08-15T21:08:00
0.200231,0.200231,0.200231,0.200231,1660597620,2022-08-15T21:07:00
0.202642,0.202642,0.202642,0.202642,1660597560,2022-08-15T21:06:00
0.208818,0.208818,0.208818,0.208818,1660597440,2022-08-15T21:04:00
0.20765,0.20765,0.20765,0.20765,1660596480,2022-08-15T20:48:00
0.20545,0.20545,0.20545,0.20545,1660595160,2022-08-15T20:26:00
0.199847,0.199847,0.199847,0.199847,1660595100,2022-08-15T20:25:00
0.213254,0.213254,0.213254,0.213254,1660594680,2022-08-15T20:18:00
0.213371,0.213371,0.213371,0.213371,1660594500,2022-08-15T20:15:00
0.210412,0.210412,0.210412,0.210412,1660594440,2022-08-15T20:14:00
0.213743,0.213743,0.208795,0.208795,1660594380,2022-08-15T20:13:00
0.221171,0.221171,0.221171,0.221171,1660594200,2022-08-15T20:10:00
0.220885,0.220885,0.218201,0.219318,1660594140,2022-08-15T20:09:00
0.235623,0.235623,0.235623,0.235623,1660594020,2022-08-15T20:07:00
0.241934,0.241934,0.241934,0.241934,1660589280,2022-08-15T18:48:00
0.24207,0.24207,0.240572,0.240572,1660589220,2022-08-15T18:47:00
0.25425,0.25425,0.25425,0.25425,1660582740,2022-08-15T16:59:00
0.251536,0.251536,0.251536,0.251536,1660553160,2022-08-15T08:46:00
0.247919,0.247919,0.247919,0.247919,1660552140,2022-08-15T08:29:00
0.256508,0.256508,0.256508,0.256508,1660530900,2022-08-15T02:35:00
0.252638,0.252638,0.252638,0.252638,1660525980,2022-08-15T01:13:00
0.252399,0.252399,0.252399,0.252399,1660515840,2022-08-14T22:24:00
0.253747,0.253747,0.253747,0.253747,1660513560,2022-08-14T21:46:00
0.247316,0.247316,0.247316,0.247316,1660513500,2022-08-14T21:45:00
0.275167,0.275167,0.275167,0.275167,1660474380,2022-08-14T10:53:00
0.276183,0.276183,0.276183,0.276183,1660468200,2022-08-14T09:10:00
0.273875,0.273875,0.273875,0.273875,1660442460,2022-08-14T02:01:00
0.27529,0.27529,0.27529,0.27529,1660440300,2022-08-14T01:25:00
0.278071,0.278071,0.274687,0.274687,1660410300,2022-08-13T17:05:00
0.287717,0.287717,0.287717,0.287717,1660402740,2022-08-13T14:59:00
0.289225,0.289225,0.289225,0.289225,1660383960,2022-08-13T09:46:00
0.289971,0.289971,0.289971,0.289971,1660369080,2022-08-13T05:38:00
0.287543,0.287543,0.287543,0.287543,1660362720,2022-08-13T03:52:00
0.282025,0.282025,0.282025,0.282025,1660342920,2022-08-12T22:22:00
0.280641,0.280641,0.280641,0.280641,1660342020,2022-08-12T22:07:00
0.280531,0.280531,0.280531,0.280531,1660333200,2022-08-12T19:40:00
0.277666,0.277666,0.277666,0.277666,1660328040,2022-08-12T18:14:00
0.277574,0.277574,0.277574,0.277574,1660325220,2022-08-12T17:27:00
0.279546,0.279546,0.279546,0.279546,1660321380,2022-08-12T16:23:00
0.270533,0.270533,0.270533,0.270533,1660311000,2022-08-12T13:30:00
0.266566,0.266566,0.266566,0.266566,1660296360,2022-08-12T09:26:00
0.265054,0.265054,0.265054,0.265054,1660292100,2022-08-12T08:15:00
0.266278,0.266278,0.266278,0.266278,1660285500,2022-08-12T06:25:00
0.272702,0.272702,0.272702,0.272702,1660285440,2022-08-12T06:24:00
0.278097,0.278097,0.278097,0.278097,1660247760,2022-08-11T19:56:00
0.28176,0.28176,0.28176,0.28176,1660233180,2022-08-11T15:53:00
0.286052,0.286052,0.286052,0.286052,1660219680,2022-08-11T12:08:00
0.288381,0.288381,0.288381,0.288381,1660219620,2022-08-11T12:07:00
0.289483,0.289483,0.289483,0.289483,1660219260,2022-08-11T12:01:00
0.28688,0.28688,0.28688,0.28688,1660190100,2022-08-11T03:55:00
0.286444,0.286444,0.286444,0.286444,1660172100,2022-08-10T22:55:00
0.292106,0.292106,0.292106,0.292106,1660171260,2022-08-10T22:41:00
0.294578,0.294578,0.294578,0.294578,1660171200,2022-08-10T22:40:00
0.275017,0.275017,0.275017,0.275017,1660170960,2022-08-10T22:36:00
0.278176,0.278176,0.278176,0.278176,1660169700,2022-08-10T22:15:00
0.27483,0.27483,0.27483,0.27483,1660163940,2022-08-10T20:39:00
0.2761,0.2761,0.2761,0.2761,1660153860,2022-08-10T17:51:00
0.251151,0.251151,0.251151,0.251151,1660102080,2022-08-10T03:28:00
0.251513,0.251513,0.251513,0.251513,1660100220,2022-08-10T02:57:00
0.259176,0.259176,0.259176,0.259176,1660083120,2022-08-09T22:12:00
0.25956,0.260991,0.25956,0.260991,1660083000,2022-08-09T22:10:00
0.252837,0.252837,0.252837,0.252837,1660080720,2022-08-09T21:32:00
0.24408,0.24408,0.24408,0.24408,1660076520,2022-08-09T20:22:00
0.243899,0.243899,0.243899,0.243899,1660075620,2022-08-09T20:07:00
0.247654,0.247654,0.247654,0.247654,1660068480,2022-08-09T18:08:00
0.248783,0.248783,0.248783,0.248783,1660056360,2022-08-09T14:46:00
0.249262,0.249262,0.249262,0.249262,1660056000,2022-08-09T14:40:00
0.26519,0.26519,0.26519,0.26519,1660000020,2022-08-08T23:07:00
0.267538,0.267538,0.267538,0.267538,1659997620,2022-08-08T22:27:00
0.268876,0.268876,0.266142,0.266142,1659997500,2022-08-08T22:25:00
0.279429,0.279429,0.279429,0.279429,1659997260,2022-08-08T22:21:00
0.286888,0.286888,0.286888,0.286888,1659993060,2022-08-08T21:11:00
0.285383,0.285383,0.285383,0.285383,1659993000,2022-08-08T21:10:00
0.27376,0.27376,0.27376,0.27376,1659992940,2022-08-08T21:09:00
0.292047,0.292047,0.292047,0.292047,1659991920,2022-08-08T20:52:00
0.286213,0.286213,0.286213,0.286213,1659986820,2022-08-08T19:27:00
0.293543,0.293543,0.293543,0.293543,1659965460,2022-08-08T13:31:00
0.289273,0.289273,0.289273,0.289273,1659964860,2022-08-08T13:21:00
0.292064,0.292064,0.292064,0.292064,1659964560,2022-08-08T13:16:00
0.288066,0.288066,0.288066,0.288066,1659956460,2022-08-08T11:01:00
0.29252,0.29252,0.29252,0.29252,1659949500,2022-08-08T09:05:00
0.28052,0.28052,0.28052,0.28052,1659946620,2022-08-08T08:17:00
0.28174,0.28174,0.28174,0.28174,1659938160,2022-08-08T05:56:00
0.274544,0.274544,0.274544,0.274544,1659937920,2022-08-08T05:52:00
0.275588,0.275588,0.275588,0.275588,1659907080,2022-08-07T21:18:00
0.274497,0.274497,0.274497,0.274497,1659886860,2022-08-07T15:41:00
0.275622,0.275622,0.275622,0.275622,1659877020,2022-08-07T12:57:00
0.270033,0.270033,0.270033,0.270033,1659859920,2022-08-07T08:12:00
0.268523,0.268523,0.268523,0.268523,1659858600,2022-08-07T07:50:00
0.270815,0.270815,0.270815,0.270815,1659838440,2022-08-07T02:14:00
0.269244,0.269244,0.269244,0.269244,1659834540,2022-08-07T01:09:00
0.267384,0.267384,0.267384,0.267384,1659834300,2022-08-07T01:05:00
0.268879,0.268879,0.268879,0.268879,1659832560,2022-08-07T00:36:00
0.265062,0.265062,0.265062,0.265062,1659831360,2022-08-07T00:16:00
0.259887,0.259887,0.259887,0.259887,1659831120,2022-08-07T00:12:00
0.26305,0.26305,0.26305,0.26305,1659757800,2022-08-06T03:50:00
0.260822,0.260822,0.260822,0.260822,1659757020,2022-08-06T03:37:00
0.257514,0.257514,0.257514,0.257514,1659743220,2022-08-05T23:47:00
0.258847,0.258847,0.258847,0.258847,1659739860,2022-08-05T22:51:00
0.260433,0.260433,0.260433,0.260433,1659700860,2022-08-05T12:01:00
0.255723,0.255723,0.255723,0.255723,1659699600,2022-08-05T11:40:00
0.251276,0.251276,0.251276,0.251276,1659693240,2022-08-05T09:54:00
0.254386,0.254386,0.254386,0.254386,1659686640,2022-08-05T08:04:00
0.251749,0.251749,0.251749,0.251749,1659680460,2022-08-05T06:21:00
0.241885,0.241885,0.241885,0.241885,1659652560,2022-08-04T22:36:00
0.243468,0.243468,0.243468,0.243468,1659643080,2022-08-04T19:58:00
0.242103,0.242103,0.242103,0.242103,1659634380,2022-08-04T17:33:00
0.247669,0.247669,0.247669,0.247669,1659567360,2022-08-03T22:56:00
0.246905,0.246905,0.246905,0.246905,1659487260,2022-08-03T00:41:00
0.257916,0.257916,0.257916,0.257916,1659457500,2022-08-02T16:25:00
0.238146,0.238146,0.238146,0.238146,1659426420,2022-08-02T07:47:00
0.24456,0.24456,0.24456,0.24456,1659384540,2022-08-01T20:09:00
0.24678,0.24678,0.24678,0.24678,1659373260,2022-08-01T17:01:00
0.249746,0.249746,0.249746,0.249746,1659368280,2022-08-01T15:38:00
0.254612,0.254612,0.254612,0.254612,1659336360,2022-08-01T06:46:00
0.258078,0.258078,0.258078,0.258078,1659333360,2022-08-01T05:56:00
0.257412,0.257412,0.257412,0.257412,1659322200,2022-08-01T02:50:00
0.260108,0.260108,0.260108,0.260108,1659308760,2022-07-31T23:06:00
0.259115,0.259115,0.259115,0.259115,1659297840,2022-07-31T20:04:00
0.257404,0.257404,0.257404,0.257404,1659290400,2022-07-31T18:00:00
0.260932,0.260932,0.260932,0.260932,1659274080,2022-07-31T13:28:00
0.263198,0.263198,0.263198,0.263198,1659262740,2022-07-31T10:19:00
0.264818,0.264818,0.264818,0.264818,1659249240,2022-07-31T06:34:00
0.263602,0.263602,0.263602,0.263602,1659237180,2022-07-31T03:13:00
0.265573,0.265573,0.265573,0.265573,1659228360,2022-07-31T00:46:00
0.263628,0.263628,0.263628,0.263628,1659224400,2022-07-30T23:40:00
0.273386,0.273386,0.273386,0.273386,1659205920,2022-07-30T18:32:00
0.271194,0.271194,0.271194,0.271194,1659191820,2022-07-30T14:37:00
0.272387,0.272387,0.272387,0.272387,1659190560,2022-07-30T14:16:00
0.276407,0.276407,0.276407,0.276407,1659188100,2022-07-30T13:35:00
0.269539,0.269539,0.269539,0.269539,1659180240,2022-07-30T11:24:00
0.274212,0.274212,0.274212,0.274212,1659123780,2022-07-29T19:43:00
0.273692,0.273692,0.273692,0.273692,1659108420,2022-07-29T15:27:00
0.265943,0.265943,0.265943,0.265943,1659097320,2022-07-29T12:22:00
0.272496,0.272496,0.272496,0.272496,1659079140,2022-07-29T07:19:00
0.275399,0.275399,0.275399,0.275399,1659074700,2022-07-29T06:05:00
0.276383,0.276383,0.276383,0.276383,1659070920,2022-07-29T05:02:00
0.275389,0.275389,0.275389,0.275389,1659067320,2022-07-29T04:02:00
0.27525,0.27525,0.27525,0.27525,1659058020,2022-07-29T01:27:00
0.285217,0.285217,0.285217,0.285217,1659046560,2022-07-28T22:16:00
0.288669,0.288669,0.288669,0.288669,1659028140,2022-07-28T17:09:00
0.286634,0.286634,0.286634,0.286634,1659025020,2022-07-28T16:17:00
0.270312,0.270312,0.270312,0.270312,1658961000,2022-07-27T22:30:00
0.259744,0.259744,0.259744,0.259744,1658953560,2022-07-27T20:26:00
0.254285,0.254285,0.254285,0.254285,1658945040,2022-07-27T18:04:00
0.247855,0.247855,0.247855,0.247855,1658937480,2022-07-27T15:58:00
0.240445,0.240445,0.240445,0.240445,1658877300,2022-07-26T23:15:00
0.233999,0.233999,0.233999,0.233999,1658864460,2022-07-26T19:41:00
0.230217,0.230217,0.230217,0.230217,1658863860,2022-07-26T19:31:00
0.226252,0.226252,0.226252,0.226252,1658862960,2022-07-26T19:16:00
0.225816,0.225816,0.225816,0.225816,1658856060,2022-07-26T17:21:00
0.223428,0.223428,0.223428,0.223428,1658855820,2022-07-26T17:17:00
0.221391,0.221391,0.221391,0.221391,1658843340,2022-07-26T13:49:00
0.220908,0.220908,0.220908,0.220908,1658841480,2022-07-26T13:18:00
0.228577,0.228577,0.228577,0.228577,1658803020,2022-07-26T02:37:00
0.231323,0.231323,0.231323,0.231323,1658792940,2022-07-25T23:49:00
0.235668,0.235668,0.235668,0.235668,1658776020,2022-07-25T19:07:00
0.235392,0.235392,0.235392,0.235392,1658775960,2022-07-25T19:06:00
0.236486,0.236486,0.236486,0.236486,1658775900,2022-07-25T19:05:00
0.241819,0.241819,0.241819,0.241819,1658759880,2022-07-25T14:38:00
0.245609,0.245609,0.245609,0.245609,1658757180,2022-07-25T13:53:00
0.243137,0.243137,0.243137,0.243137,1658736180,2022-07-25T08:03:00
0.240805,0.240805,0.240805,0.240805,1658728140,2022-07-25T05:49:00
0.242291,0.242291,0.242291,0.242291,1658718960,2022-07-25T03:16:00
0.246421,0.246421,0.246421,0.246421,1658712960,2022-07-25T01:36:00
0.253365,0.253365,0.253365,0.253365,1658708400,2022-07-25T00:20:00
0.252784,0.252784,0.252784,0.252784,1658708340,2022-07-25T00:19:00
0.25568,0.25568,0.25568,0.25568,1658707200,2022-07-25T00:00:00
0.262569,0.262569,0.262569,0.262569,1658706540,2022-07-24T23:49:00
0.267256,0.267256,0.267256,0.267256,1658704140,2022-07-24T23:09:00
0.274717,0.274717,0.274717,0.274717,1658699340,2022-07-24T21:49:00
0.28343,0.28343,0.28343,0.28343,1658696640,2022-07-24T21:04:00
0.28538,0.28538,0.28538,0.28538,1658687400,2022-07-24T18:30:00
0.285013,0.285013,0.285013,0.285013,1658685600,2022-07-24T18:00:00
0.273858,0.273858,0.273858,0.273858,1658608680,2022-07-23T20:38:00
0.269744,0.269744,0.269744,0.269744,1658539440,2022-07-23T01:24:00
0.269753,0.269753,0.269753,0.269753,1658537940,2022-07-23T00:59:00
0.26056,0.26056,0.26056,0.26056,1658525880,2022-07-22T21:38:00
0.250836,0.250836,0.250836,0.250836,1658521260,2022-07-22T20:21:00
0.260028,0.260028,0.260028,0.260028,1658506500,2022-07-22T16:15:00
0.258504,0.258504,0.258504,0.258504,1658505900,2022-07-22T16:05:00
0.262782,0.262782,0.262782,0.262782,1658472660,2022-07-22T06:51:00
0.258467,0.258467,0.258467,0.258467,1658420640,2022-07-21T16:24:00
0.256156,0.256156,0.256156,0.256156,1658398020,2022-07-21T10:07:00
0.259155,0.259155,0.259155,0.259155,1658397780,2022-07-21T10:03:00
0.259689,0.259689,0.259689,0.259689,1658397540,2022-07-21T09:59:00
0.260012,0.260012,0.254101,0.254101,1658397480,2022-07-21T09:58:00
0.278258,0.278258,0.278258,0.278258,1658396460,2022-07-21T09:41:00
0.276161,0.276161,0.276161,0.276161,1658385000,2022-07-21T06:30:00
0.275014,0.275014,0.275014,0.275014,1658375460,2022-07-21T03:51:00
0.293891,0.293891,0.293891,0.293891,1658324100,2022-07-20T13:35:00
0.293059,0.293059,0.293059,0.293059,1658323080,2022-07-20T13:18:00
0.293051,0.293051,0.293051,0.293051,1658322360,2022-07-20T13:06:00
0.282394,0.282394,0.282394,0.282394,1658303220,2022-07-20T07:47:00
0.287324,0.287324,0.287324,0.287324,1658288580,2022-07-20T03:43:00
0.292605,0.292605,0.292605,0.292605,1658280480,2022-07-20T01:28:00
0.288851,0.288851,0.288851,0.288851,1658280420,2022-07-20T01:27:00
0.286077,0.286077,0.285711,0.285711,1658280000,2022-07-20T01:20:00
0.291606,0.291606,0.291606,0.291606,1658256360,2022-07-19T18:46:00
0.281416,0.281416,0.281416,0.281416,1658238720,2022-07-19T13:52:00
0.282123,0.282123,0.282123,0.282123,1658237280,2022-07-19T13:28:00
0.274499,0.274499,0.274499,0.274499,1658220000,2022-07-19T08:40:00
0.269796,0.269796,0.269796,0.269796,1658199600,2022-07-19T03:00:00
0.271621,0.271621,0.271621,0.271621,1658197320,2022-07-19T02:22:00
0.263235,0.263235,0.263235,0.263235,1658152920,2022-07-18T14:02:00
0.266844,0.266844,0.266844,0.266844,1658149740,2022-07-18T13:09:00
0.266797,0.266797,0.266797,0.266797,1658145420,2022-07-18T11:57:00
0.260932,0.260932,0.260932,0.260932,1658145000,2022-07-18T11:50:00
0.259138,0.259138,0.259138,0.259138,1658143680,2022-07-18T11:28:00
0.256787,0.256787,0.256787,0.256787,1658140080,2022-07-18T10:28:00
0.266224,0.266224,0.266224,0.266224,1658139960,2022-07-18T10:26:00
0.266405,0.266405,0.266405,0.266405,1658138520,2022-07-18T10:02:00
0.270907,0.270907,0.270907,0.270907,1658138400,2022-07-18T10:00:00
0.272753,0.272753,0.272753,0.272753,1658138280,2022-07-18T09:58:00
0.250492,0.250492,0.250492,0.250492,1658064840,2022-07-17T13:34:00
0.251494,0.251494,0.251494,0.251494,1658056560,2022-07-17T11:16:00
0.254756,0.254756,0.254756,0.254756,1658040360,2022-07-17T06:46:00
0.245295,0.245295,0.245295,0.245295,1658038560,2022-07-17T06:16:00
0.244153,0.244153,0.244153,0.244153,1658035320,2022-07-17T05:22:00
0.245425,0.245425,0.245425,0.245425,1658014260,2022-07-16T23:31:00
0.247874,0.247874,0.247874,0.247874,1658013180,2022-07-16T23:13:00
0.249267,0.249267,0.249267,0.249267,1658012160,2022-07-16T22:56:00
0.252967,0.252967,0.252967,0.252967,1658008020,2022-07-16T21:47:00
0.248679,0.248679,0.248679,0.248679,1657997460,2022-07-16T18:51:00
0.235073,0.235073,0.235073,0.235073,1657984440,2022-07-16T15:14:00
0.235171,0.235171,0.235171,0.235171,1657980900,2022-07-16T14:15:00
0.238263,0.238263,0.238263,0.238263,1657928880,2022-07-15T23:48:00
0.243026,0.243026,0.243026,0.243026,1657927140,2022-07-15T23:19:00
0.247196,0.247196,0.247196,0.247196,1657916520,2022-07-15T20:22:00
0.239986,0.239986,0.239986,0.239986,1657884000,2022-07-15T11:20:00
0.238106,0.238106,0.238106,0.238106,1657879500,2022-07-15T10:05:00
0.232795,0.232795,0.232795,0.232795,1657876560,2022-07-15T09:16:00
0.23678,0.23678,0.23678,0.23678,1657851540,2022-07-15T02:19:00
0.224659,0.224659,0.224659,0.224659,1657814340,2022-07-14T15:59:00
0.221903,0.221903,0.221903,0.221903,1657813920,2022-07-14T15:52:00
0.210281,0.210281,0.210281,0.210281,1657747740,2022-07-13T21:29:00
0.210117,0.210117,0.210117,0.210117,1657704600,2022-07-13T09:30:00
0.202203,0.202203,0.202203,0.202203,1657670100,2022-07-12T23:55:00
0.201249,0.202331,0.201249,0.202331,1657661880,2022-07-12T21:38:00
0.214201,0.214201,0.214201,0.214201,1657647300,2022-07-12T17:35:00
0.214498,0.214498,0.214498,0.214498,1657632720,2022-07-12T13:32:00
0.21492,0.21492,0.21492,0.21492,1657609920,2022-07-12T07:12:00
0.222159,0.222159,0.222159,0.222159,1657576800,2022-07-11T22:00:00
0.225956,0.225956,0.225956,0.225956,1657511760,2022-07-11T03:56:00
0.229678,0.229678,0.229678,0.229678,1657478100,2022-07-10T18:35:00
0.23379,0.23379,0.23379,0.23379,1657443480,2022-07-10T08:58:00
0.238085,0.238085,0.238085,0.238085,1657442160,2022-07-10T08:36:00
0.243515,0.243515,0.243515,0.243515,1657419540,2022-07-10T02:19:00
0.246358,0.246358,0.246358,0.246358,1657398900,2022-07-09T20:35:00
0.24655,0.24655,0.24655,0.24655,1657389840,2022-07-09T18:04:00
0.24329,0.24329,0.24329,0.24329,1657355100,2022-07-09T08:25:00
478934000000.0,478934000000.0,478934000000.0,478934000000.0,1657353900,2022-07-09T08:05:00
0.244525,0.244525,0.244525,0.244525,1657347720,2022-07-09T06:22:00
0.245559,0.245559,0.245559,0.245559,1657312500,2022-07-08T20:35:00
0.2448,0.2448,0.2448,0.2448,1657307400,2022-07-08T19:10:00
0.242953,0.242953,0.242953,0.242953,1657301460,2022-07-08T17:31:00
0.243683,0.243683,0.243683,0.243683,1657300440,2022-07-08T17:14:00
0.246885,0.246885,0.246885,0.246885,1657300140,2022-07-08T17:09:00
0.24397,0.24397,0.24397,0.24397,1657299660,2022-07-08T17:01:00
0.247213,0.247213,0.247213,0.247213,1657292700,2022-07-08T15:05:00
0.235105,0.235105,0.235105,0.235105,1657285080,2022-07-08T12:58:00
0.233389,0.233389,0.233389,0.233389,1657285020,2022-07-08T12:57:00
0.226295,0.226295,0.226295,0.226295,1657284660,2022-07-08T12:51:00
0.223315,0.223315,0.223315,0.223315,1657284600,2022-07-08T12:50:00
0.225191,0.225191,0.225191,0.225191,1657277820,2022-07-08T10:57:00
0.229263,0.229263,0.229263,0.229263,1657277400,2022-07-08T10:50:00
0.229605,0.229605,0.229605,0.229605,1657275240,2022-07-08T10:14:00
0.234685,0.234685,0.234685,0.234685,1657270740,2022-07-08T08:59:00
0.243025,0.243025,0.243025,0.243025,1657252620,2022-07-08T03:57:00
0.235661,0.235661,0.235661,0.235661,1657204620,2022-07-07T14:37:00
0.233913,0.233913,0.233913,0.233913,1657203900,2022-07-07T14:25:00
0.227859,0.227859,0.227859,0.227859,1657190220,2022-07-07T10:37:00
0.226118,0.226118,0.226118,0.226118,1657185840,2022-07-07T09:24:00
0.232681,0.232681,0.227644,0.227644,1657185780,2022-07-07T09:23:00
0.24121,0.24121,0.24121,0.24121,1657155900,2022-07-07T01:05:00
0.234376,0.234376,0.234376,0.234376,1657139280,2022-07-06T20:28:00
0.223425,0.223425,0.223425,0.223425,1657129620,2022-07-06T17:47:00
0.23333,0.23333,0.23333,0.23333,1657127400,2022-07-06T17:10:00
0.234185,0.234185,0.234185,0.234185,1657127160,2022-07-06T17:06:00
0.232806,0.232806,0.232806,0.232806,1657110060,2022-07-06T12:21:00
0.232439,0.232439,0.232439,0.232439,1657073760,2022-07-06T02:16:00
0.23541,0.23541,0.23541,0.23541,1657049880,2022-07-05T19:38:00
0.231028,0.231028,0.231028,0.231028,1657025160,2022-07-05T12:46:00
0.236822,0.236822,0.236822,0.236822,1657021440,2022-07-05T11:44:00
0.225424,0.225424,0.225424,0.225424,1656932940,2022-07-04T11:09:00
0.217935,0.217935,0.217935,0.217935,1656923640,2022-07-04T08:34:00
0.21611,0.21611,0.21611,0.21611,1656922980,2022-07-04T08:23:00
0.21486,0.21486,0.21486,0.21486,1656922920,2022-07-04T08:22:00
0.213427,0.213427,0.213427,0.213427,1656922020,2022-07-04T08:07:00
0.212328,0.212328,0.212328,0.212328,1656920520,2022-07-04T07:42:00
0.212401,0.212401,0.212401,0.212401,1656908340,2022-07-04T04:19:00
0.211272,0.211272,0.211272,0.211272,1656904020,2022-07-04T03:07:00
0.216132,0.216132,0.216132,0.216132,1656890160,2022-07-03T23:16:00
0.215903,0.215903,0.215903,0.215903,1656871620,2022-07-03T18:07:00
0.220947,0.220947,0.220947,0.220947,1656802800,2022-07-02T23:00:00
0.219722,0.219722,0.219722,0.219722,1656781920,2022-07-02T17:12:00
0.219892,0.219892,0.219892,0.219892,1656774000,2022-07-02T15:00:00
0.215517,0.215517,0.215517,0.215517,1656756720,2022-07-02T10:12:00
0.219197,0.219197,0.219197,0.219197,1656725340,2022-07-02T01:29:00
0.22225,0.22225,0.22225,0.22225,1656698040,2022-07-01T17:54:00
0.219918,0.219918,0.219918,0.219918,1656686340,2022-07-01T14:39:00
0.222658,0.222658,0.222658,0.222658,1656679140,2022-07-01T12:39:00
0.229807,0.229807,0.229807,0.229807,1656644100,2022-07-01T02:55:00
0.2243,0.2243,0.2243,0.2243,1656634800,2022-07-01T00:20:00
0.219743,0.219743,0.219743,0.219743,1656611520,2022-06-30T17:52:00
0.21484,0.21484,0.21484,0.21484,1656600480,2022-06-30T14:48:00
0.211421,0.211421,0.211421,0.211421,1656600360,2022-06-30T14:46:00
0.204375,0.204375,0.204375,0.204375,1656600120,2022-06-30T14:42:00
0.202589,0.202589,0.202589,0.202589,1656595440,2022-06-30T13:24:00
0.207951,0.207951,0.207951,0.207951,1656595140,2022-06-30T13:19:00
0.203795,0.203795,0.203795,0.203795,1656595080,2022-06-30T13:18:00
0.215369,0.215369,0.215369,0.215369,1656592740,2022-06-30T12:39:00
0.213514,0.213514,0.213514,0.213514,1656586620,2022-06-30T10:57:00
0.214525,0.214525,0.214525,0.214525,1656575700,2022-06-30T07:55:00
0.222856,0.222856,0.222856,0.222856,1656575580,2022-06-30T07:53:00
0.230748,0.230748,0.230748,0.230748,1656572760,2022-06-30T07:06:00
0.233546,0.233546,0.233546,0.233546,1656569520,2022-06-30T06:12:00
0.227145,0.227145,0.227145,0.227145,1656568800,2022-06-30T06:00:00
0.23771,0.23771,0.23771,0.23771,1656568740,2022-06-30T05:59:00
0.243588,0.243588,0.243588,0.243588,1656516420,2022-06-29T15:27:00
0.251513,0.251513,0.251513,0.251513,1656514080,2022-06-29T14:48:00
0.251417,0.251417,0.251417,0.251417,1656508200,2022-06-29T13:10:00
0.24777,0.24777,0.24777,0.24777,1656507960,2022-06-29T13:06:00
0.249318,0.249318,0.249318,0.249318,1656488160,2022-06-29T07:36:00
0.251727,0.251727,0.251727,0.251727,1656464880,2022-06-29T01:08:00
0.25987,0.25987,0.25987,0.25987,1656439680,2022-06-28T18:08:00
0.266521,0.266521,0.266521,0.266521,1656407580,2022-06-28T09:13:00
0.258544,0.258544,0.258544,0.258544,1656386940,2022-06-28T03:29:00
0.248063,0.248063,0.248063,0.248063,1656363360,2022-06-27T20:56:00
0.248855,0.248855,0.248855,0.248855,1656363300,2022-06-27T20:55:00
0.254145,0.254145,0.254145,0.254145,1656361320,2022-06-27T20:22:00
0.258712,0.258712,0.258712,0.258712,1656357420,2022-06-27T19:17:00
0.262074,0.262074,0.262074,0.262074,1656341520,2022-06-27T14:52:00
0.259287,0.259287,0.259287,0.259287,1656341340,2022-06-27T14:49:00
0.256935,0.256935,0.256935,0.256935,1656341040,2022-06-27T14:44:00
0.25897,0.25897,0.25897,0.25897,1656340740,2022-06-27T14:39:00
0.25765,0.25765,0.25765,0.25765,1656340080,2022-06-27T14:28:00
0.25763,0.25763,0.25763,0.25763,1656340020,2022-06-27T14:27:00
0.262245,0.262245,0.262245,0.262245,1656339900,2022-06-27T14:25:00
0.274089,0.274089,0.274089,0.274089,1656302280,2022-06-27T03:58:00
0.263593,0.263593,0.263593,0.263593,1656295320,2022-06-27T02:02:00
0.262847,0.262847,0.262847,0.262847,1656287040,2022-06-26T23:44:00
0.269363,0.269363,0.269363,0.269363,1656279060,2022-06-26T21:31:00
0.271444,0.271444,0.271444,0.271444,1656278400,2022-06-26T21:20:00
0.272867,0.272867,0.272867,0.272867,1656263520,2022-06-26T17:12:00
0.274212,0.274212,0.274212,0.274212,1656235800,2022-06-26T09:30:00
0.273497,0.273497,0.273497,0.273497,1656216000,2022-06-26T04:00:00
0.275823,0.275823,0.275823,0.275823,1656198660,2022-06-25T23:11:00
0.273258,0.273258,0.273258,0.273258,1656198600,2022-06-25T23:10:00
0.267162,0.267162,0.267162,0.267162,1656179520,2022-06-25T17:52:00
0.273307,0.273307,0.273307,0.273307,1656178200,2022-06-25T17:30:00
0.284994,0.284994,0.284994,0.284994,1656178020,2022-06-25T17:27:00
0.302047,0.302047,0.302047,0.302047,1656154320,2022-06-25T10:52:00
0.302045,0.302045,0.302045,0.302045,1656147000,2022-06-25T08:50:00
0.293656,0.297388,0.293656,0.297388,1656146880,2022-06-25T08:48:00
0.290659,0.290659,0.290659,0.290659,1656146700,2022-06-25T08:45:00
0.286167,0.286167,0.286167,0.286167,1656139020,2022-06-25T06:37:00
0.288269,0.288269,0.288269,0.288269,1656120300,2022-06-25T01:25:00
0.283725,0.283725,0.283725,0.283725,1656118380,2022-06-25T00:53:00
0.291541,0.291541,0.291541,0.291541,1656107340,2022-06-24T21:49:00
0.300722,0.300722,0.300722,0.300722,1656102720,2022-06-24T20:32:00
0.286451,0.286451,0.286451,0.286451,1656099300,2022-06-24T19:35:00
0.283834,0.283834,0.283834,0.283834,1656099000,2022-06-24T19:30:00
0.277533,0.277533,0.277533,0.277533,1656098880,2022-06-24T19:28:00
0.272891,0.272891,0.272891,0.272891,1656098580,2022-06-24T19:23:00
0.272629,0.272629,0.272629,0.272629,1656098520,2022-06-24T19:22:00
0.266759,0.266759,0.266759,0.266759,1656098400,2022-06-24T19:20:00
0.261703,0.261703,0.261703,0.261703,1656090180,2022-06-24T17:03:00
0.260903,0.260903,0.260903,0.260903,1656074100,2022-06-24T12:35:00
0.265676,0.265676,0.265676,0.265676,1656073260,2022-06-24T12:21:00
0.270086,0.270086,0.270086,0.270086,1656072840,2022-06-24T12:14:00
0.259931,0.259931,0.259931,0.259931,1656057120,2022-06-24T07:52:00
0.266771,0.266771,0.266771,0.266771,1656056880,2022-06-24T07:48:00
0.268337,0.268337,0.268337,0.268337,1656033600,2022-06-24T01:20:00
0.263878,0.263878,0.263878,0.263878,1656022560,2022-06-23T22:16:00
0.256615,0.256615,0.256615,0.256615,1656022140,2022-06-23T22:09:00
0.251474,0.251474,0.251474,0.251474,1655988720,2022-06-23T12:52:00
0.248573,0.248573,0.248573,0.248573,1655983440,2022-06-23T11:24:00
0.247558,0.247558,0.247558,0.247558,1655983020,2022-06-23T11:17:00
0.246389,0.246389,0.246389,0.246389,1655979660,2022-06-23T10:21:00
0.236772,0.236772,0.236772,0.236772,1655963220,2022-06-23T05:47:00
0.23389,0.23389,0.23389,0.23389,1655961060,2022-06-23T05:11:00
0.228245,0.228245,0.228245,0.228245,1655935140,2022-06-22T21:59:00
0.233056,0.233056,0.233056,0.233056,1655935020,2022-06-22T21:57:00
0.242473,0.242473,0.242473,0.242473,1655893680,2022-06-22T10:28:00
0.240868,0.240868,0.240868,0.240868,1655882520,2022-06-22T07:22:00
0.242081,0.242081,0.242081,0.242081,1655882400,2022-06-22T07:20:00
0.25311,0.25311,0.25311,0.25311,1655882340,2022-06-22T07:19:00
0.27746,0.27746,0.27746,0.27746,1655814000,2022-06-21T12:20:00
0.272212,0.272212,0.272212,0.272212,1655813820,2022-06-21T12:17:00
0.281327,0.285949,0.281327,0.285949,1655803200,2022-06-21T09:20:00
0.263576,0.263576,0.263576,0.263576,1655803080,2022-06-21T09:18:00
0.253153,0.253153,0.253153,0.253153,1655801280,2022-06-21T08:48:00
0.241484,0.241484,0.241484,0.241484,1655773680,2022-06-21T01:08:00
0.239487,0.239487,0.239487,0.239487,1655754840,2022-06-20T19:54:00
0.240528,0.240528,0.240528,0.240528,1655749680,2022-06-20T18:28:00
0.246572,0.246572,0.246572,0.246572,1655737080,2022-06-20T14:58:00
0.237949,0.237949,0.237949,0.237949,1655734860,2022-06-20T14:21:00
0.234547,0.234547,0.234547,0.234547,1655717280,2022-06-20T09:28:00
0.232327,0.232327,0.232327,0.232327,1655717220,2022-06-20T09:27:00
0.22747,0.22747,0.22747,0.22747,1655667780,2022-06-19T19:43:00
0.227734,0.227734,0.227734,0.227734,1655665560,2022-06-19T19:06:00
0.218873,0.218873,0.218873,0.218873,1655661420,2022-06-19T17:57:00
0.224281,0.224281,0.224281,0.224281,1655653380,2022-06-19T15:43:00
0.232888,0.232888,0.232888,0.232888,1655641440,2022-06-19T12:24:00
0.221788,0.221788,0.221788,0.221788,1655608920,2022-06-19T03:22:00
0.216748,0.216748,0.216748,0.216748,1655596380,2022-06-18T23:53:00
0.199508,0.199508,0.199508,0.199508,1655588940,2022-06-18T21:49:00
0.189252,0.189252,0.189252,0.189252,1655585640,2022-06-18T20:54:00
0.193868,0.193868,0.193868,0.193868,1655582760,2022-06-18T20:06:00
0.194929,0.199266,0.194929,0.199266,1655582040,2022-06-18T19:54:00
0.208133,0.208133,0.208133,0.208133,1655577060,2022-06-18T18:31:00
0.220681,0.220681,0.220681,0.220681,1655543760,2022-06-18T09:16:00
0.220198,0.220198,0.220198,0.220198,1655538180,2022-06-18T07:43:00
0.237992,0.237992,0.237992,0.237992,1655498280,2022-06-17T20:38:00
0.236791,0.236791,0.236791,0.236791,1655492100,2022-06-17T18:55:00
0.236744,0.236744,0.236744,0.236744,1655484360,2022-06-17T16:46:00
0.237754,0.237754,0.237754,0.237754,1655484300,2022-06-17T16:45:00
0.239904,0.239904,0.239904,0.239904,1655476260,2022-06-17T14:31:00
0.244033,0.244033,0.244033,0.244033,1655475780,2022-06-17T14:23:00
0.248888,0.248888,0.248888,0.248888,1655466060,2022-06-17T11:41:00
0.245534,0.245534,0.245534,0.245534,1655446680,2022-06-17T06:18:00
0.247593,0.247593,0.247593,0.247593,1655446440,2022-06-17T06:14:00
0.241615,0.241615,0.241615,0.241615,1655415600,2022-06-16T21:40:00
0.241474,0.241474,0.241474,0.241474,1655406180,2022-06-16T19:03:00
0.226279,0.226279,0.226279,0.226279,1655406000,2022-06-16T19:00:00
0.221032,0.221032,0.221032,0.221032,1655402880,2022-06-16T18:08:00
0.219935,0.219935,0.219935,0.219935,1655392020,2022-06-16T15:07:00
0.222917,0.222917,0.222917,0.222917,1655382660,2022-06-16T12:31:00
0.221798,0.221798,0.221798,0.221798,1655377740,2022-06-16T11:09:00
0.231665,0.231665,0.231665,0.231665,1655377620,2022-06-16T11:07:00
0.258316,0.258316,0.258316,0.258316,1655351700,2022-06-16T03:55:00
0.260451,0.260451,0.260451,0.260451,1655347560,2022-06-16T02:46:00
0.258277,0.258277,0.258277,0.258277,1655345220,2022-06-16T02:07:00
0.255476,0.255476,0.255476,0.255476,1655336820,2022-06-15T23:47:00
0.244537,0.244537,0.244537,0.244537,1655326140,2022-06-15T20:49:00
0.219725,0.219725,0.219725,0.219725,1655317920,2022-06-15T18:32:00
0.225538,0.225538,0.225538,0.225538,1655294880,2022-06-15T12:08:00
0.211715,0.211715,0.211715,0.211715,1655285100,2022-06-15T09:25:00
0.236755,0.236755,0.236755,0.236755,1655275680,2022-06-15T06:48:00
0.25789,0.25789,0.25789,0.25789,1655257680,2022-06-15T01:48:00
0.258555,0.258555,0.258555,0.258555,1655252460,2022-06-15T00:21:00
0.262099,0.262099,0.262099,0.262099,1655231460,2022-06-14T18:31:00
0.262818,0.262818,0.262818,0.262818,1655228220,2022-06-14T17:37:00
0.265287,0.265287,0.265287,0.265287,1655227920,2022-06-14T17:32:00
0.260992,0.260992,0.260992,0.260992,1655227860,2022-06-14T17:31:00
0.257545,0.257545,0.257545,0.257545,1655227800,2022-06-14T17:30:00
0.255042,0.255042,0.255042,0.255042,1655227740,2022-06-14T17:29:00
0.247766,0.247766,0.247766,0.247766,1655227440,2022-06-14T17:24:00
0.238959,0.238959,0.238959,0.238959,1655227260,2022-06-14T17:21:00
0.234049,0.234049,0.234049,0.234049,1655227200,2022-06-14T17:20:00
0.235767,0.235767,0.235767,0.235767,1655225700,2022-06-14T16:55:00
0.229791,0.229791,0.229791,0.229791,1655220960,2022-06-14T15:36:00
0.216235,0.216235,0.216235,0.216235,1655207700,2022-06-14T11:55:00
0.223074,0.223074,0.223074,0.223074,1655203140,2022-06-14T10:39:00
0.226258,0.226258,0.226258,0.226258,1655194620,2022-06-14T08:17:00
0.224387,0.224387,0.224387,0.224387,1655186220,2022-06-14T05:57:00
0.223351,0.223351,0.223351,0.223351,1655185920,2022-06-14T05:52:00
0.212117,0.212117,0.212117,0.212117,1655169780,2022-06-14T01:23:00
0.219739,0.219739,0.219739,0.219739,1655166420,2022-06-14T00:27:00
0.230294,0.230294,0.230294,0.230294,1655153520,2022-06-13T20:52:00
0.229182,0.229182,0.229182,0.229182,1655153160,2022-06-13T20:46:00
0.228658,0.228658,0.228658,0.228658,1655152500,2022-06-13T20:35:00
0.222082,0.222082,0.222082,0.222082,1655149740,2022-06-13T19:49:00
0.21989,0.21989,0.21989,0.21989,1655148000,2022-06-13T19:20:00
0.215857,0.215857,0.215857,0.215857,1655145960,2022-06-13T18:46:00
0.2136,0.2136,0.2136,0.2136,1655131320,2022-06-13T14:42:00
0.223321,0.223321,0.223321,0.223321,1655124240,2022-06-13T12:44:00
0.22575,0.22575,0.22575,0.22575,1655124180,2022-06-13T12:43:00
0.227465,0.227465,0.227465,0.227465,1655116860,2022-06-13T10:41:00
0.231742,0.231742,0.231742,0.231742,1655108940,2022-06-13T08:29:00
0.239796,0.239796,0.239796,0.239796,1655102940,2022-06-13T06:49:00
0.235201,0.23633,0.235201,0.23633,1655092740,2022-06-13T03:59:00
0.237905,0.237905,0.237905,0.237905,1655092680,2022-06-13T03:58:00
0.250625,0.250625,0.250625,0.250625,1655089320,2022-06-13T03:02:00
0.252237,0.252237,0.252237,0.252237,1655085300,2022-06-13T01:55:00
0.25246,0.25246,0.25246,0.25246,1655085120,2022-06-13T01:52:00
0.272907,0.272907,0.272907,0.272907,1655078760,2022-06-13T00:06:00
0.27901,0.27901,0.27901,0.27901,1655073720,2022-06-12T22:42:00
0.28671,0.28671,0.28671,0.28671,1655044800,2022-06-12T14:40:00
0.288277,0.288277,0.288277,0.288277,1655044560,2022-06-12T14:36:00
0.292488,0.292488,0.292488,0.292488,1655044380,2022-06-12T14:33:00
0.29293,0.29293,0.29293,0.29293,1655036400,2022-06-12T12:20:00
0.288479,0.288479,0.288479,0.288479,1655018640,2022-06-12T07:24:00
0.304662,0.304662,0.304662,0.304662,1654979280,2022-06-11T20:28:00
0.305611,0.305611,0.305611,0.305611,1654974120,2022-06-11T19:02:00
0.304104,0.304104,0.304104,0.304104,1654973100,2022-06-11T18:45:00
0.295922,0.295922,0.295922,0.295922,1654965840,2022-06-11T16:44:00
0.289665,0.289665,0.289665,0.289665,1654962660,2022-06-11T15:51:00
0.29321,0.29321,0.29321,0.29321,1654959300,2022-06-11T14:55:00
0.295891,0.295891,0.295891,0.295891,1654954380,2022-06-11T13:33:00
0.296803,0.296803,0.296803,0.296803,1654954320,2022-06-11T13:32:00
0.304201,0.304201,0.304201,0.304201,1654954260,2022-06-11T13:31:00
0.314019,0.314019,0.314019,0.314019,1654953240,2022-06-11T13:14:00
0.328955,0.328955,0.328955,0.328955,1654944660,2022-06-11T10:51:00
0.338519,0.338519,0.338519,0.338519,1654944600,2022-06-11T10:50:00
0.347517,0.347517,0.344564,0.344564,1654944480,2022-06-11T10:48:00
0.349449,0.349449,0.349449,0.349449,1654944360,2022-06-11T10:46:00
0.35757,0.35757,0.35757,0.35757,1654939140,2022-06-11T09:19:00
0.372779,0.372779,0.372779,0.372779,1654925400,2022-06-11T05:30:00
0.373366,0.373366,0.373366,0.373366,1654921740,2022-06-11T04:29:00
0.375429,0.375429,0.375429,0.375429,1654914120,2022-06-11T02:22:00
0.376934,0.376934,0.376934,0.376934,1654895100,2022-06-10T21:05:00
0.376042,0.376042,0.376042,0.376042,1654894800,2022-06-10T21:00:00
0.378465,0.378465,0.378465,0.378465,1654880160,2022-06-10T16:56:00
0.387445,0.387445,0.387445,0.387445,1654879680,2022-06-10T16:48:00
0.391146,0.391146,0.391146,0.391146,1654879380,2022-06-10T16:43:00
0.408271,0.408271,0.408271,0.408271,1654873740,2022-06-10T15:09:00
0.410683,0.410683,0.410683,0.410683,1654872480,2022-06-10T14:48:00
0.406346,0.406346,0.406346,0.406346,1654870020,2022-06-10T14:07:00
0.408464,0.409631,0.408464,0.409631,1654869420,2022-06-10T13:57:00
0.425369,0.425369,0.425369,0.425369,1654869300,2022-06-10T13:55:00
0.456727,0.456727,0.456727,0.456727,1654851060,2022-06-10T08:51:00
0.455209,0.455209,0.455209,0.455209,1654817820,2022-06-09T23:37:00
0.451547,0.451547,0.451547,0.451547,1654811460,2022-06-09T21:51:00
0.43849,0.43849,0.43849,0.43849,1654803600,2022-06-09T19:40:00
0.481571,0.481571,0.481571,0.481571,1654797240,2022-06-09T17:54:00
0.479433,0.479433,0.479433,0.479433,1654789800,2022-06-09T15:50:00
0.479186,0.479186,0.479186,0.479186,1654789020,2022-06-09T15:37:00
0.472216,0.472216,0.472216,0.472216,1654788900,2022-06-09T15:35:00
0.478731,0.478731,0.478731,0.478731,1654788840,2022-06-09T15:34:00
0.518735,0.518735,0.505607,0.505607,1654787280,2022-06-09T15:08:00
0.49908,0.49908,0.49908,0.49908,1654787100,2022-06-09T15:05:00
0.472182,0.472182,0.472182,0.472182,1654786980,2022-06-09T15:03:00
0.465688,0.465688,0.465688,0.465688,1654769460,2022-06-09T10:11:00
0.468025,0.468025,0.468025,0.468025,1654767720,2022-06-09T09:42:00
0.458734,0.458734,0.458734,0.458734,1654762560,2022-06-09T08:16:00
0.459157,0.459157,0.459157,0.459157,1654758480,2022-06-09T07:08:00
0.455099,0.455099,0.455099,0.455099,1654713900,2022-06-08T18:45:00
0.461924,0.461924,0.461924,0.461924,1654708560,2022-06-08T17:16:00
0.467506,0.467506,0.467506,0.467506,1654699740,2022-06-08T14:49:00
0.465818,0.465818,0.465818,0.465818,1654697460,2022-06-08T14:11:00
0.458394,0.458394,0.458394,0.458394,1654697340,2022-06-08T14:09:00
0.454162,0.454892,0.454162,0.454892,1654696620,2022-06-08T13:57:00
0.449721,0.449721,0.449721,0.449721,1654696020,2022-06-08T13:47:00
0.428711,0.428711,0.428711,0.428711,1654690560,2022-06-08T12:16:00
0.42119,0.42119,0.42119,0.42119,1654683780,2022-06-08T10:23:00
0.424872,0.424872,0.424872,0.424872,1654647300,2022-06-08T00:15:00
0.422768,0.422768,0.422768,0.422768,1654644540,2022-06-07T23:29:00
0.435178,0.435178,0.435178,0.435178,1654638480,2022-06-07T21:48:00
0.429238,0.429238,0.429238,0.429238,1654629840,2022-06-07T19:24:00
0.424643,0.424643,0.424643,0.424643,1654619520,2022-06-07T16:32:00
0.421634,0.421634,0.421634,0.421634,1654610220,2022-06-07T13:57:00
0.431374,0.431374,0.431374,0.431374,1654609920,2022-06-07T13:52:00
0.383526,0.383526,0.383526,0.383526,1654593240,2022-06-07T09:14:00
0.392342,0.392342,0.392342,0.392342,1654581840,2022-06-07T06:04:00
0.392857,0.392857,0.392857,0.392857,1654563480,2022-06-07T00:58:00
0.389829,0.389829,0.389829,0.389829,1654563180,2022-06-07T00:53:00
0.393369,0.393369,0.393369,0.393369,1654562040,2022-06-07T00:34:00
0.401074,0.401074,0.401074,0.401074,1654559460,2022-06-06T23:51:00
0.405761,0.405761,0.405761,0.405761,1654537740,2022-06-06T17:49:00
0.420623,0.420623,0.420623,0.420623,1654531980,2022-06-06T16:13:00
0.430481,0.430481,0.430481,0.430481,1654527900,2022-06-06T15:05:00
0.438484,0.438484,0.438484,0.438484,1654526220,2022-06-06T14:37:00
0.441432,0.441432,0.441432,0.441432,1654518060,2022-06-06T12:21:00
0.434699,0.434699,0.434699,0.434699,1654495020,2022-06-06T05:57:00
0.434732,0.434732,0.434732,0.434732,1654484880,2022-06-06T03:08:00
0.42481,0.42481,0.42481,0.42481,1654450380,2022-06-05T17:33:00
0.41277,0.41277,0.41277,0.41277,1654434900,2022-06-05T13:15:00
0.405217,0.405217,0.405217,0.405217,1654380000,2022-06-04T22:00:00
0.397472,0.397472,0.397472,0.397472,1654349460,2022-06-04T13:31:00
0.39498,0.39498,0.39498,0.39498,1654329240,2022-06-04T07:54:00
0.390341,0.390341,0.390341,0.390341,1654312020,2022-06-04T03:07:00
0.38971,0.38971,0.38971,0.38971,1654266900,2022-06-03T14:35:00
0.395414,0.395414,0.395414,0.395414,1654264560,2022-06-03T13:56:00
0.40854,0.40854,0.40854,0.40854,1654264380,2022-06-03T13:53:00
0.4132,0.4132,0.4132,0.4132,1654254420,2022-06-03T11:07:00
0.435258,0.435258,0.435258,0.435258,1654200840,2022-06-02T20:14:00
0.435645,0.435645,0.435645,0.435645,1654197120,2022-06-02T19:12:00
0.445678,0.445678,0.445678,0.445678,1654194420,2022-06-02T18:27:00
0.442244,0.442244,0.442244,0.442244,1654194240,2022-06-02T18:24:00
0.437478,0.437478,0.437478,0.437478,1654194060,2022-06-02T18:21:00
0.44129,0.44129,0.44129,0.44129,1654194000,2022-06-02T18:20:00
0.455155,0.455155,0.455155,0.455155,1654133760,2022-06-02T01:36:00
0.456635,0.456635,0.456635,0.456635,1654110360,2022-06-01T19:06:00
0.464001,0.464001,0.464001,0.464001,1654108500,2022-06-01T18:35:00
0.465748,0.465748,0.465748,0.465748,1654108020,2022-06-01T18:27:00
0.493815,0.493815,0.493815,0.493815,1654092180,2022-06-01T14:03:00
0.491127,0.491127,0.491127,0.491127,1654090140,2022-06-01T13:29:00
0.488692,0.488692,0.488692,0.488692,1654086720,2022-06-01T12:32:00
0.483843,0.483843,0.483843,0.483843,1654065120,2022-06-01T06:32:00
0.484728,0.484728,0.484728,0.484728,1654059540,2022-06-01T04:59:00
0.490572,0.490572,0.490572,0.490572,1654055460,2022-06-01T03:51:00
0.500128,0.500128,0.500128,0.500128,1654039620,2022-05-31T23:27:00
0.508823,0.508823,0.508823,0.508823,1654039320,2022-05-31T23:22:00
0.510989,0.510989,0.510989,0.510989,1654017960,2022-05-31T17:26:00
0.501462,0.501462,0.501462,0.501462,1653987300,2022-05-31T08:55:00
0.491979,0.491979,0.491979,0.491979,1653977100,2022-05-31T06:05:00
0.49973,0.49973,0.49973,0.49973,1653971520,2022-05-31T04:32:00
0.507935,0.507935,0.507935,0.507935,1653969660,2022-05-31T04:01:00
0.514971,0.514971,0.514971,0.514971,1653969180,2022-05-31T03:53:00
0.518244,0.518244,0.518244,0.518244,1653968760,2022-05-31T03:46:00
0.52491,0.52491,0.517438,0.520556,1653961860,2022-05-31T01:51:00
0.540827,0.540827,0.540827,0.540827,1653960240,2022-05-31T01:24:00
0.538299,0.538299,0.538299,0.538299,1653960180,2022-05-31T01:23:00
0.544722,0.544722,0.544722,0.544722,1653952020,2022-05-30T23:07:00
0.557744,0.557744,0.557744,0.557744,1653949920,2022-05-30T22:32:00
0.565149,0.565149,0.565149,0.565149,1653947340,2022-05-30T21:49:00
0.559778,0.559778,0.559778,0.559778,1653946500,2022-05-30T21:35:00
0.556926,0.556926,0.556926,0.556926,1653946380,2022-05-30T21:33:00
0.543035,0.543035,0.543035,0.543035,1653942720,2022-05-30T20:32:00
0.541937,0.541937,0.541937,0.541937,1653941460,2022-05-30T20:11:00
0.541194,0.541194,0.541194,0.541194,1653939600,2022-05-30T19:40:00
0.544256,0.544256,0.544256,0.544256,1653939480,2022-05-30T19:38:00
0.531715,0.531715,0.531715,0.531715,1653938280,2022-05-30T19:18:00
0.534502,0.534502,0.534502,0.534502,1653938220,2022-05-30T19:17:00
0.511672,0.511672,0.511672,0.511672,1653937980,2022-05-30T19:13:00
0.499487,0.499487,0.499487,0.499487,1653936180,2022-05-30T18:43:00
0.495061,0.495061,0.495061,0.495061,1653935880,2022-05-30T18:38:00
0.491732,0.491732,0.491732,0.491732,1653934680,2022-05-30T18:18:00
0.48226,0.48226,0.48226,0.48226,1653922380,2022-05-30T14:53:00
0.478543,0.478543,0.478543,0.478543,1653921420,2022-05-30T14:37:00
0.480015,0.480015,0.480015,0.480015,1653921300,2022-05-30T14:35:00
0.474932,0.474932,0.474932,0.474932,1653919320,2022-05-30T14:02:00
0.469811,0.469811,0.469811,0.469811,1653915840,2022-05-30T13:04:00
0.469255,0.469255,0.469255,0.469255,1653913140,2022-05-30T12:19:00
0.465013,0.465013,0.465013,0.465013,1653891900,2022-05-30T06:25:00
0.457101,0.457101,0.457101,0.457101,1653883020,2022-05-30T03:57:00
0.453747,0.453747,0.453747,0.453747,1653880800,2022-05-30T03:20:00
0.456076,0.456076,0.456076,0.456076,1653880740,2022-05-30T03:19:00
0.447926,0.447926,0.447926,0.447926,1653877440,2022-05-30T02:24:00
0.43501,0.43501,0.43501,0.43501,1653868140,2022-05-29T23:49:00
0.435009,0.435009,0.435009,0.435009,1653844800,2022-05-29T17:20:00
0.420615,0.420615,0.420615,0.420615,1653844200,2022-05-29T17:10:00
0.432089,0.432089,0.432089,0.432089,1653843180,2022-05-29T16:53:00
0.431713,0.431713,0.431713,0.431713,1653841140,2022-05-29T16:19:00
0.429039,0.429039,0.429039,0.429039,1653832740,2022-05-29T13:59:00
0.43277,0.43277,0.43277,0.43277,1653831720,2022-05-29T13:42:00
0.434949,0.434949,0.434949,0.434949,1653829980,2022-05-29T13:13:00
0.431134,0.432786,0.431134,0.432786,1653829920,2022-05-29T13:12:00
0.441253,0.441253,0.431393,0.431393,1653829860,2022-05-29T13:11:00
0.449042,0.449042,0.449042,0.449042,1653829800,2022-05-29T13:10:00
0.45804,0.45804,0.45804,0.45804,1653784260,2022-05-29T00:31:00
0.460435,0.460435,0.460435,0.460435,1653778380,2022-05-28T22:53:00
0.463118,0.463118,0.463118,0.463118,1653771960,2022-05-28T21:06:00
0.460511,0.460511,0.460511,0.460511,1653757740,2022-05-28T17:09:00
0.461471,0.461471,0.461471,0.461471,1653729180,2022-05-28T09:13:00
0.450381,0.450381,0.450381,0.450381,1653693660,2022-05-27T23:21:00
0.454425,0.454425,0.454425,0.454425,1653693360,2022-05-27T23:16:00
0.460203,0.460203,0.460203,0.460203,1653690060,2022-05-27T22:21:00
0.443162,0.443162,0.443162,0.443162,1653678960,2022-05-27T19:16:00
0.471862,0.471862,0.471862,0.471862,1653678540,2022-05-27T19:09:00
0.474556,0.474556,0.474556,0.474556,1653676740,2022-05-27T18:39:00
0.472677,0.472677,0.472677,0.472677,1653676500,2022-05-27T18:35:00
0.476389,0.476389,0.476389,0.476389,1653669300,2022-05-27T16:35:00
0.487763,0.487763,0.487763,0.487763,1653661200,2022-05-27T14:20:00
0.490479,0.490479,0.490479,0.490479,1653657660,2022-05-27T13:21:00
0.481335,0.481335,0.481335,0.481335,1653656220,2022-05-27T12:57:00
0.475335,0.475335,0.475335,0.475335,1653656160,2022-05-27T12:56:00
0.476919,0.476919,0.476919,0.476919,1653655680,2022-05-27T12:48:00
0.465565,0.465565,0.465565,0.465565,1653655380,2022-05-27T12:43:00
0.45378,0.45378,0.45378,0.45378,1653654720,2022-05-27T12:32:00
0.455375,0.455375,0.455375,0.455375,1653654600,2022-05-27T12:30:00
0.446322,0.446322,0.446322,0.446322,1653647880,2022-05-27T10:38:00
0.450593,0.450593,0.450593,0.450593,1653641940,2022-05-27T08:59:00
0.448292,0.448292,0.448292,0.448292,1653641760,2022-05-27T08:56:00
0.446064,0.446064,0.446064,0.446064,1653615000,2022-05-27T01:30:00
0.444836,0.444836,0.444836,0.444836,1653614940,2022-05-27T01:29:00
0.47191,0.47191,0.47191,0.47191,1653603480,2022-05-26T22:18:00
0.473289,0.473289,0.473289,0.473289,1653601320,2022-05-26T21:42:00
0.469598,0.469598,0.469598,0.469598,1653596940,2022-05-26T20:29:00
0.468245,0.468245,0.468245,0.468245,1653594000,2022-05-26T19:40:00
0.49308,0.49308,0.49308,0.49308,1653584760,2022-05-26T17:06:00
0.504352,0.504352,0.504352,0.504352,1653581880,2022-05-26T16:18:00
0.48629,0.48629,0.48629,0.48629,1653572880,2022-05-26T13:48:00
0.484116,0.484116,0.484116,0.484116,1653569160,2022-05-26T12:46:00
0.499349,0.499349,0.499349,0.499349,1653562200,2022-05-26T10:50:00
0.500339,0.500339,0.500339,0.500339,1653559680,2022-05-26T10:08:00
0.500286,0.500286,0.500286,0.500286,1653556680,2022-05-26T09:18:00
0.523098,0.523098,0.523098,0.523098,1653553200,2022-05-26T08:20:00
0.529225,0.529225,0.529225,0.529225,1653551640,2022-05-26T07:54:00
0.525588,0.525588,0.525588,0.525588,1653545640,2022-05-26T06:14:00
0.527932,0.527932,0.527932,0.527932,1653537840,2022-05-26T04:04:00
0.531827,0.531827,0.531827,0.531827,1653523920,2022-05-26T00:12:00
0.531539,0.531539,0.531539,0.531539,1653512820,2022-05-25T21:07:00
0.534711,0.534711,0.534711,0.534711,1653512220,2022-05-25T20:57:00
0.528037,0.528037,0.528037,0.528037,1653511500,2022-05-25T20:45:00
0.52623,0.52623,0.52623,0.52623,1653505320,2022-05-25T19:02:00
0.547657,0.547657,0.525774,0.525774,1653505080,2022-05-25T18:58:00
0.561426,0.561426,0.561426,0.561426,1653505020,2022-05-25T18:57:00
0.551914,0.551914,0.551914,0.551914,1653504960,2022-05-25T18:56:00
0.520054,0.520054,0.520054,0.520054,1653504600,2022-05-25T18:50:00
0.498512,0.498512,0.498512,0.498512,1653502980,2022-05-25T18:23:00
0.487684,0.487684,0.487684,0.487684,1653500760,2022-05-25T17:46:00
0.478549,0.486188,0.478549,0.486188,1653498960,2022-05-25T17:16:00
0.485775,0.485775,0.485775,0.485775,1653497400,2022-05-25T16:50:00
0.458891,0.458891,0.458891,0.458891,1653497280,2022-05-25T16:48:00
0.451926,0.451926,0.451926,0.451926,1653492960,2022-05-25T15:36:00
0.457496,0.457496,0.457496,0.457496,1653483840,2022-05-25T13:04:00
0.45894,0.45894,0.45894,0.45894,1653481860,2022-05-25T12:31:00
0.461527,0.461527,0.461527,0.461527,1653480840,2022-05-25T12:14:00
0.472081,0.472081,0.472081,0.472081,1653476880,2022-05-25T11:08:00
0.473992,0.473992,0.473992,0.473992,1653476580,2022-05-25T11:03:00
0.474798,0.474798,0.474798,0.474798,1653476460,2022-05-25T11:01:00
0.471048,0.471048,0.471048,0.471048,1653476340,2022-05-25T10:59:00
0.468154,0.468154,0.468154,0.468154,1653476220,2022-05-25T10:57:00
0.46893,0.46893,0.46893,0.46893,1653476100,2022-05-25T10:55:00
0.480866,0.480866,0.480866,0.480866,1653474780,2022-05-25T10:33:00
0.484424,0.484424,0.484424,0.484424,1653472740,2022-05-25T09:59:00
0.499536,0.499536,0.499536,0.499536,1653472560,2022-05-25T09:56:00
0.508461,0.508461,0.508461,0.508461,1653466980,2022-05-25T08:23:00
0.508589,0.508589,0.508589,0.508589,1653465720,2022-05-25T08:02:00
0.511134,0.511134,0.511134,0.511134,1653431580,2022-05-24T22:33:00
0.511771,0.511771,0.511771,0.511771,1653427620,2022-05-24T21:27:00
0.513365,0.513365,0.513365,0.513365,1653426720,2022-05-24T21:12:00
0.517981,0.517981,0.517981,0.517981,1653426600,2022-05-24T21:10:00
0.52807,0.52807,0.52807,0.52807,1653426540,2022-05-24T21:09:00
0.527084,0.527084,0.527084,0.527084,1653412080,2022-05-24T17:08:00
0.544235,0.544235,0.544235,0.544235,1653409380,2022-05-24T16:23:00
0.538798,0.538798,0.538798,0.538798,1653402480,2022-05-24T14:28:00
0.557497,0.557497,0.557497,0.557497,1653393960,2022-05-24T12:06:00
0.55958,0.55958,0.55958,0.55958,1653388680,2022-05-24T10:38:00
0.558854,0.558854,0.558854,0.558854,1653388620,2022-05-24T10:37:00
0.565053,0.565053,0.565053,0.565053,1653366300,2022-05-24T04:25:00
0.571462,0.571462,0.571462,0.571462,1653364320,2022-05-24T03:52:00
0.569814,0.569814,0.569814,0.569814,1653360000,2022-05-24T02:40:00
0.571693,0.571693,0.571693,0.571693,1653359340,2022-05-24T02:29:00
0.563398,0.563398,0.563398,0.563398,1653352260,2022-05-24T00:31:00
0.571808,0.571808,0.571808,0.571808,1653337800,2022-05-23T20:30:00
0.562502,0.562502,0.562502,0.562502,1653335640,2022-05-23T19:54:00
0.575106,0.575106,0.575106,0.575106,1653328680,2022-05-23T17:58:00
0.56653,0.56653,0.56653,0.56653,1653327900,2022-05-23T17:45:00
0.56122,0.56122,0.56122,0.56122,1653326220,2022-05-23T17:17:00
0.573007,0.573007,0.573007,0.573007,1653325440,2022-05-23T17:04:00
0.578606,0.578606,0.578606,0.578606,1653310860,2022-05-23T13:01:00
0.561194,0.561194,0.561194,0.561194,1653267000,2022-05-23T00:50:00
0.562393,0.562393,0.562393,0.562393,1653266940,2022-05-23T00:49:00
0.574255,0.574255,0.574255,0.574255,1653261540,2022-05-22T23:19:00
0.560676,0.560676,0.560676,0.560676,1653238140,2022-05-22T16:49:00
0.561246,0.561246,0.561246,0.561246,1653233460,2022-05-22T15:31:00
0.557701,0.557701,0.557701,0.557701,1653233400,2022-05-22T15:30:00
0.556662,0.556662,0.556662,0.556662,1653210300,2022-05-22T09:05:00
0.554879,0.554879,0.554879,0.554879,1653201600,2022-05-22T06:40:00
0.56923,0.56923,0.56923,0.56923,1653187440,2022-05-22T02:44:00
0.58115,0.58115,0.58115,0.58115,1653173040,2022-05-21T22:44:00
0.581195,0.581195,0.581195,0.581195,1653170100,2022-05-21T21:55:00
0.578504,0.578504,0.578504,0.578504,1653156120,2022-05-21T18:02:00
0.580321,0.580321,0.580321,0.580321,1653146220,2022-05-21T15:17:00
0.567648,0.567648,0.567648,0.567648,1653127500,2022-05-21T10:05:00
0.578113,0.578113,0.578113,0.578113,1653106680,2022-05-21T04:18:00
0.578462,0.578462,0.578462,0.578462,1653106020,2022-05-21T04:07:00
0.581287,0.581287,0.581287,0.581287,1653104520,2022-05-21T03:42:00
0.585681,0.585681,0.585681,0.585681,1653100920,2022-05-21T02:42:00
0.583023,0.583023,0.583023,0.583023,1653098040,2022-05-21T01:54:00
0.585927,0.585927,0.585927,0.585927,1653097320,2022-05-21T01:42:00
0.575732,0.575732,0.575732,0.575732,1653091140,2022-05-20T23:59:00
0.576356,0.576356,0.576356,0.576356,1653090660,2022-05-20T23:51:00
0.572586,0.572586,0.572586,0.572586,1653089820,2022-05-20T23:37:00
0.559289,0.559289,0.559289,0.559289,1653072960,2022-05-20T18:56:00
0.554552,0.554552,0.554552,0.554552,1653072240,2022-05-20T18:44:00
0.549374,0.549374,0.549374,0.549374,1653069480,2022-05-20T17:58:00
0.554302,0.554302,0.554302,0.554302,1653063060,2022-05-20T16:11:00
0.571883,0.571883,0.571883,0.571883,1653059760,2022-05-20T15:16:00
0.591243,0.591243,0.591243,0.591243,1653056760,2022-05-20T14:26:00
0.610534,0.610534,0.610534,0.610534,1653048000,2022-05-20T12:00:00
0.600647,0.600647,0.600647,0.600647,1653039840,2022-05-20T09:44:00
0.595933,0.595933,0.595933,0.595933,1653030240,2022-05-20T07:04:00
0.599908,0.599908,0.599908,0.599908,1653027360,2022-05-20T06:16:00
0.59864,0.59864,0.59864,0.59864,1653007680,2022-05-20T00:48:00
0.600246,0.600246,0.600246,0.600246,1653006180,2022-05-20T00:23:00
0.611247,0.611247,0.611247,0.611247,1653003900,2022-05-19T23:45:00
0.602909,0.602909,0.602909,0.602909,1652987280,2022-05-19T19:08:00
0.596456,0.596456,0.596456,0.596456,1652981040,2022-05-19T17:24:00
0.576684,0.576684,0.576684,0.576684,1652960400,2022-05-19T11:40:00
0.572694,0.572694,0.572694,0.572694,1652946000,2022-05-19T07:40:00
0.565261,0.565261,0.565261,0.565261,1652927580,2022-05-19T02:33:00
0.558771,0.558771,0.558771,0.558771,1652927280,2022-05-19T02:28:00
0.565603,0.568508,0.565603,0.568508,1652925540,2022-05-19T01:59:00
0.564095,0.564095,0.564095,0.564095,1652925420,2022-05-19T01:57:00
0.56512,0.56512,0.56512,0.56512,1652925360,2022-05-19T01:56:00
0.562206,0.562206,0.562206,0.562206,1652925240,2022-05-19T01:54:00
0.564699,0.564699,0.564699,0.564699,1652925120,2022-05-19T01:52:00
0.559408,0.559408,0.559408,0.559408,1652924820,2022-05-19T01:47:00
0.546419,0.546419,0.546419,0.546419,1652918160,2022-05-18T23:56:00
0.559233,0.559233,0.559233,0.559233,1652909160,2022-05-18T21:26:00
0.557026,0.557026,0.557026,0.557026,1652908980,2022-05-18T21:23:00
0.556536,0.556536,0.556536,0.556536,1652907360,2022-05-18T20:56:00
0.567001,0.567001,0.567001,0.567001,1652905860,2022-05-18T20:31:00
0.559572,0.559572,0.559572,0.559572,1652903640,2022-05-18T19:54:00
0.571184,0.571184,0.571184,0.571184,1652900880,2022-05-18T19:08:00
0.568332,0.568332,0.568332,0.568332,1652898600,2022-05-18T18:30:00
0.569614,0.569614,0.569614,0.569614,1652898480,2022-05-18T18:28:00
0.564855,0.564855,0.564855,0.564855,1652898240,2022-05-18T18:24:00
0.564003,0.564003,0.564003,0.564003,1652897880,2022-05-18T18:18:00
0.577501,0.577501,0.577501,0.577501,1652897760,2022-05-18T18:16:00
0.58647,0.58647,0.58647,0.58647,1652896920,2022-05-18T18:02:00
0.5936,0.5936,0.570927,0.570927,1652896860,2022-05-18T18:01:00
0.629066,0.629066,0.629066,0.629066,1652890920,2022-05-18T16:22:00
0.617801,0.617801,0.617801,0.617801,1652888400,2022-05-18T15:40:00
0.62847,0.62847,0.62847,0.62847,1652887980,2022-05-18T15:33:00
0.639293,0.639293,0.639293,0.639293,1652887800,2022-05-18T15:30:00
0.646377,0.647908,0.646377,0.647908,1652887260,2022-05-18T15:21:00
0.66066,0.66066,0.66066,0.66066,1652886960,2022-05-18T15:16:00
0.689569,0.689569,0.689569,0.689569,1652862360,2022-05-18T08:26:00
0.693628,0.693628,0.693628,0.693628,1652859060,2022-05-18T07:31:00
0.701352,0.701352,0.701352,0.701352,1652857800,2022-05-18T07:10:00
0.701847,0.701847,0.701847,0.701847,1652856600,2022-05-18T06:50:00
0.706253,0.706253,0.706253,0.706253,1652854740,2022-05-18T06:19:00
0.703932,0.703932,0.703932,0.703932,1652852820,2022-05-18T05:47:00
0.704303,0.704303,0.704303,0.704303,1652850300,2022-05-18T05:05:00
0.712899,0.712899,0.712899,0.712899,1652845500,2022-05-18T03:45:00
0.726534,0.726534,0.726534,0.726534,1652828160,2022-05-17T22:56:00
0.720099,0.720099,0.720099,0.720099,1652817180,2022-05-17T19:53:00
0.733123,0.733123,0.733123,0.733123,1652809500,2022-05-17T17:45:00
0.745537,0.745537,0.745537,0.745537,1652809440,2022-05-17T17:44:00
0.726575,0.726575,0.726575,0.726575,1652809380,2022-05-17T17:43:00
0.691913,0.691913,0.691913,0.691913,1652809080,2022-05-17T17:38:00
0.695112,0.695112,0.695112,0.695112,1652808960,2022-05-17T17:36:00
0.691406,0.691406,0.691406,0.691406,1652807220,2022-05-17T17:07:00
0.700543,0.700543,0.700543,0.700543,1652786340,2022-05-17T11:19:00
0.703416,0.703416,0.703416,0.703416,1652783460,2022-05-17T10:31:00
0.705789,0.705789,0.705789,0.705789,1652781540,2022-05-17T09:59:00
0.699566,0.699566,0.699566,0.699566,1652762460,2022-05-17T04:41:00
0.687689,0.687689,0.687689,0.687689,1652761560,2022-05-17T04:26:00
0.682892,0.682892,0.682892,0.682892,1652755860,2022-05-17T02:51:00
0.687942,0.687942,0.687942,0.687942,1652737560,2022-05-16T21:46:00
0.685857,0.685857,0.685857,0.685857,1652733180,2022-05-16T20:33:00
0.688998,0.688998,0.688998,0.688998,1652732580,2022-05-16T20:23:00
0.704833,0.704833,0.704833,0.704833,1652726520,2022-05-16T18:42:00
0.714773,0.714773,0.714773,0.714773,1652726100,2022-05-16T18:35:00
0.706404,0.706404,0.706404,0.706404,1652720700,2022-05-16T17:05:00
0.712748,0.712748,0.712748,0.712748,1652715060,2022-05-16T15:31:00
0.720025,0.720025,0.720025,0.720025,1652711040,2022-05-16T14:24:00
0.72915,0.72915,0.72915,0.72915,1652706600,2022-05-16T13:10:00
0.739227,0.739227,0.739227,0.739227,1652702100,2022-05-16T11:55:00
0.73137,0.73137,0.73137,0.73137,1652698980,2022-05-16T11:03:00
0.729327,0.729327,0.729327,0.729327,1652686740,2022-05-16T07:39:00
0.740999,0.740999,0.740999,0.740999,1652684760,2022-05-16T07:06:00
0.758859,0.758859,0.758859,0.758859,1652680560,2022-05-16T05:56:00
0.768473,0.768473,0.768473,0.768473,1652680500,2022-05-16T05:55:00
0.769414,0.769414,0.769414,0.769414,1652674740,2022-05-16T04:19:00
0.795843,0.795843,0.795843,0.795843,1652662020,2022-05-16T00:47:00
0.829177,0.829177,0.829177,0.829177,1652659200,2022-05-16T00:00:00
0.830401,0.830401,0.830401,0.830401,1652658360,2022-05-15T23:46:00
0.830597,0.830597,0.830597,0.830597,1652656740,2022-05-15T23:19:00
0.83153,0.83153,0.83153,0.83153,1652654880,2022-05-15T22:48:00
0.834599,0.834599,0.834599,0.834599,1652653620,2022-05-15T22:27:00
0.819075,0.819075,0.819075,0.819075,1652647380,2022-05-15T20:43:00
0.77847,0.77847,0.77847,0.77847,1652646180,2022-05-15T20:23:00
0.764184,0.764184,0.764184,0.764184,1652646120,2022-05-15T20:22:00
0.733079,0.733079,0.733079,0.733079,1652643900,2022-05-15T19:45:00
0.786095,0.786095,0.786095,0.786095,1652635080,2022-05-15T17:18:00
0.690671,0.690671,0.690671,0.690671,1652629800,2022-05-15T15:50:00
0.684341,0.684341,0.684341,0.684341,1652625600,2022-05-15T14:40:00
0.690329,0.690329,0.682367,0.689524,1652623860,2022-05-15T14:11:00
0.704288,0.704288,0.704288,0.704288,1652623740,2022-05-15T14:09:00
0.734628,0.734628,0.734628,0.734628,1652621760,2022-05-15T13:36:00
0.734701,0.734701,0.734701,0.734701,1652613060,2022-05-15T11:11:00
0.717241,0.717241,0.717241,0.717241,1652592240,2022-05-15T05:24:00
0.719462,0.719462,0.719462,0.719462,1652590020,2022-05-15T04:47:00
0.720577,0.720577,0.720577,0.720577,1652588100,2022-05-15T04:15:00
0.730731,0.730731,0.730731,0.730731,1652567280,2022-05-14T22:28:00
0.729441,0.729441,0.729441,0.729441,1652566320,2022-05-14T22:12:00
0.723981,0.723981,0.723981,0.723981,1652562780,2022-05-14T21:13:00
0.726789,0.726789,0.726789,0.726789,1652561820,2022-05-14T20:57:00
0.733932,0.733932,0.733932,0.733932,1652548740,2022-05-14T17:19:00
0.719762,0.719762,0.719762,0.719762,1652546100,2022-05-14T16:35:00
0.712121,0.712121,0.712121,0.712121,1652545320,2022-05-14T16:22:00
0.711737,0.716752,0.711737,0.716752,1652541300,2022-05-14T15:15:00
0.706527,0.706527,0.706527,0.706527,1652541000,2022-05-14T15:10:00
0.68379,0.68379,0.68379,0.68379,1652540940,2022-05-14T15:09:00
0.745612,0.745612,0.745612,0.745612,1652538720,2022-05-14T14:32:00
0.747761,0.747761,0.747761,0.747761,1652536320,2022-05-14T13:52:00
0.754169,0.754169,0.754169,0.754169,1652533740,2022-05-14T13:09:00
0.751235,0.751235,0.751235,0.751235,1652533440,2022-05-14T13:04:00
0.756969,0.756969,0.756969,0.756969,1652532060,2022-05-14T12:41:00
0.760754,0.760754,0.760754,0.760754,1652531520,2022-05-14T12:32:00
0.753151,0.753151,0.753151,0.753151,1652530500,2022-05-14T12:15:00
0.776977,0.776977,0.776977,0.776977,1652524560,2022-05-14T10:36:00
0.781141,0.781141,0.781141,0.781141,1652521560,2022-05-14T09:46:00
0.789893,0.789893,0.789893,0.789893,1652511960,2022-05-14T07:06:00
0.796322,0.796322,0.796322,0.796322,1652511600,2022-05-14T07:00:00
0.798906,0.798906,0.798906,0.798906,1652507220,2022-05-14T05:47:00
0.796783,0.796783,0.796783,0.796783,1652500740,2022-05-14T03:59:00
0.801224,0.801224,0.801224,0.801224,1652497740,2022-05-14T03:09:00
0.791278,0.791278,0.791278,0.791278,1652491800,2022-05-14T01:30:00
0.770902,0.770902,0.770902,0.770902,1652488140,2022-05-14T00:29:00
0.774523,0.774523,0.774523,0.774523,1652487600,2022-05-14T00:20:00
0.784799,0.784799,0.784799,0.784799,1652487540,2022-05-14T00:19:00
0.808962,0.808962,0.808962,0.808962,1652484600,2022-05-13T23:30:00
0.822194,0.822194,0.822194,0.822194,1652473440,2022-05-13T20:24:00
0.817402,0.817402,0.817402,0.817402,1652469300,2022-05-13T19:15:00
0.820325,0.820325,0.820325,0.820325,1652468340,2022-05-13T18:59:00
0.817337,0.817337,0.817337,0.817337,1652467260,2022-05-13T18:41:00
0.80795,0.80795,0.80795,0.80795,1652466840,2022-05-13T18:34:00
0.799446,0.799446,0.799446,0.799446,1652466780,2022-05-13T18:33:00
0.803422,0.803422,0.803422,0.803422,1652466720,2022-05-13T18:32:00
0.790624,0.790624,0.790624,0.790624,1652466600,2022-05-13T18:30:00
0.766382,0.766382,0.766382,0.766382,1652466420,2022-05-13T18:27:00
0.755273,0.755273,0.755273,0.755273,1652466060,2022-05-13T18:21:00
0.762985,0.762985,0.762985,0.762985,1652465460,2022-05-13T18:11:00
0.78552,0.78552,0.78552,0.78552,1652458740,2022-05-13T16:19:00
0.803862,0.803862,0.803862,0.803862,1652457000,2022-05-13T15:50:00
0.743559,0.743559,0.743559,0.743559,1652456880,2022-05-13T15:48:00
0.727775,0.727775,0.727775,0.727775,1652455380,2022-05-13T15:23:00
0.739817,0.739817,0.739817,0.739817,1652455320,2022-05-13T15:22:00
0.759561,0.759561,0.759561,0.759561,1652453820,2022-05-13T14:57:00
0.755344,0.755344,0.755344,0.755344,1652453640,2022-05-13T14:54:00
0.754392,0.754392,0.754392,0.754392,1652452980,2022-05-13T14:43:00
0.747187,0.747187,0.747187,0.747187,1652452860,2022-05-13T14:41:00
0.737695,0.737695,0.737695,0.737695,1652451780,2022-05-13T14:23:00
0.737091,0.737091,0.737091,0.737091,1652444760,2022-05-13T12:26:00
0.735326,0.735326,0.735326,0.735326,1652442720,2022-05-13T11:52:00
0.732592,0.732592,0.732592,0.732592,1652442360,2022-05-13T11:46:00
0.743114,0.743114,0.743114,0.743114,1652438340,2022-05-13T10:39:00
0.756055,0.756055,0.756055,0.756055,1652434500,2022-05-13T09:35:00
0.754655,0.754655,0.754655,0.754655,1652433900,2022-05-13T09:25:00
0.739143,0.739143,0.739143,0.739143,1652429940,2022-05-13T08:19:00
0.742453,0.742453,0.742453,0.742453,1652429820,2022-05-13T08:17:00
0.755436,0.755436,0.755436,0.755436,1652423340,2022-05-13T06:29:00
0.748598,0.748598,0.748598,0.748598,1652423040,2022-05-13T06:24:00
0.7572,0.7572,0.7572,0.7572,1652422920,2022-05-13T06:22:00
0.772407,0.772407,0.772407,0.772407,1652422740,2022-05-13T06:19:00
0.739689,0.739689,0.739689,0.739689,1652409300,2022-05-13T02:35:00
0.71754,0.71754,0.71754,0.71754,1652408340,2022-05-13T02:19:00
0.684277,0.684277,0.684277,0.684277,1652398680,2022-05-12T23:38:00
0.668331,0.668331,0.668331,0.668331,1652395500,2022-05-12T22:45:00
0.659288,0.659288,0.659288,0.659288,1652395440,2022-05-12T22:44:00
0.669103,0.669103,0.669103,0.669103,1652389560,2022-05-12T21:06:00
0.667654,0.667654,0.667654,0.667654,1652389200,2022-05-12T21:00:00
0.659529,0.659529,0.659529,0.659529,1652387820,2022-05-12T20:37:00
0.66379,0.66379,0.66379,0.66379,1652382780,2022-05-12T19:13:00
0.670389,0.670389,0.670389,0.670389,1652381700,2022-05-12T18:55:00
0.680525,0.680525,0.680525,0.680525,1652380440,2022-05-12T18:34:00
0.709714,0.709714,0.709714,0.709714,1652380140,2022-05-12T18:29:00
0.728179,0.728179,0.728179,0.728179,1652378400,2022-05-12T18:00:00
0.755377,0.755377,0.755377,0.755377,1652375760,2022-05-12T17:16:00
0.761817,0.761817,0.761817,0.761817,1652374260,2022-05-12T16:51:00
0.767737,0.767737,0.767737,0.767737,1652370000,2022-05-12T15:40:00
0.772025,0.772025,0.772025,0.772025,1652369460,2022-05-12T15:31:00
0.748755,0.748755,0.748755,0.748755,1652360760,2022-05-12T13:06:00
0.754206,0.754206,0.754206,0.754206,1652357160,2022-05-12T12:06:00
0.758559,0.758559,0.758559,0.758559,1652356920,2022-05-12T12:02:00
0.746804,0.746804,0.746804,0.746804,1652354460,2022-05-12T11:21:00
0.726101,0.726101,0.726101,0.726101,1652352420,2022-05-12T10:47:00
0.721823,0.721823,0.721823,0.721823,1652330820,2022-05-12T04:47:00
0.731511,0.731511,0.731511,0.731511,1652329200,2022-05-12T04:20:00
0.767741,0.767741,0.767741,0.767741,1652328300,2022-05-12T04:05:00
0.845165,0.845165,0.845165,0.845165,1652316120,2022-05-12T00:42:00
0.842174,0.842174,0.842174,0.842174,1652315880,2022-05-12T00:38:00
0.794219,0.794219,0.794219,0.794219,1652315460,2022-05-12T00:31:00
0.750127,0.750127,0.750127,0.750127,1652314140,2022-05-12T00:09:00
0.761806,0.761806,0.761806,0.761806,1652312640,2022-05-11T23:44:00
0.782246,0.782246,0.782246,0.782246,1652312460,2022-05-11T23:41:00
0.808716,0.808716,0.808716,0.808716,1652311920,2022-05-11T23:32:00
0.811443,0.811443,0.811443,0.811443,1652311500,2022-05-11T23:25:00
0.805189,0.805189,0.805189,0.805189,1652309520,2022-05-11T22:52:00
0.80788,0.80788,0.80788,0.80788,1652305620,2022-05-11T21:47:00
0.807452,0.807452,0.807452,0.807452,1652305320,2022-05-11T21:42:00
0.851022,0.851022,0.851022,0.851022,1652297760,2022-05-11T19:36:00
0.862444,0.862444,0.862444,0.862444,1652297400,2022-05-11T19:30:00
0.862131,0.862131,0.862131,0.862131,1652291100,2022-05-11T17:45:00
0.895116,0.895116,0.895116,0.895116,1652283540,2022-05-11T15:39:00
0.8881,0.8881,0.8881,0.8881,1652281380,2022-05-11T15:03:00
0.876323,0.876323,0.876323,0.876323,1652281140,2022-05-11T14:59:00
0.864734,0.864734,0.864734,0.864734,1652280900,2022-05-11T14:55:00
0.864489,0.864489,0.864489,0.864489,1652280420,2022-05-11T14:47:00
0.858143,0.858143,0.858143,0.858143,1652280360,2022-05-11T14:46:00
0.833503,0.833503,0.833503,0.833503,1652277240,2022-05-11T13:54:00
0.766865,0.769646,0.766865,0.769646,1652276280,2022-05-11T13:38:00
0.790902,0.790902,0.790902,0.790902,1652276040,2022-05-11T13:34:00
0.790346,0.790346,0.790346,0.790346,1652275860,2022-05-11T13:31:00
0.79281,0.79281,0.79281,0.79281,1652274480,2022-05-11T13:08:00
0.907036,0.907036,0.907036,0.907036,1652274420,2022-05-11T13:07:00
1.01936,1.01936,1.01936,1.01936,1652274300,2022-05-11T13:05:00
1.10643,1.10643,1.08364,1.08364,1652272920,2022-05-11T12:42:00
1.09647,1.09647,1.09647,1.09647,1652272860,2022-05-11T12:41:00
1.17636,1.17636,1.17636,1.17636,1652267280,2022-05-11T11:08:00
1.19501,1.19501,1.19501,1.19501,1652266920,2022-05-11T11:02:00
1.22833,1.22833,1.21107,1.21107,1652266860,2022-05-11T11:01:00
1.09414,1.26496,1.09414,1.26496,1652266680,2022-05-11T10:58:00
1.07186,1.07186,1.07186,1.07186,1652266500,2022-05-11T10:55:00
1.08102,1.08102,1.08102,1.08102,1652262300,2022-05-11T09:45:00
1.0716,1.0716,1.0716,1.0716,1652260500,2022-05-11T09:15:00
1.07774,1.07774,1.07774,1.07774,1652250360,2022-05-11T06:26:00
1.09088,1.09088,1.09088,1.09088,1652247240,2022-05-11T05:34:00
1.10168,1.10168,1.10168,1.10168,1652246400,2022-05-11T05:20:00
1.10121,1.10121,1.10121,1.10121,1652242440,2022-05-11T04:14:00
1.10401,1.10401,1.10401,1.10401,1652241900,2022-05-11T04:05:00
1.10695,1.10695,1.10695,1.10695,1652240400,2022-05-11T03:40:00
1.1076,1.1076,1.1076,1.1076,1652238660,2022-05-11T03:11:00
1.07729,1.07729,1.07729,1.07729,1652235600,2022-05-11T02:20:00
1.04927,1.04927,1.04927,1.04927,1652221620,2022-05-10T22:27:00
1.03312,1.03312,1.03312,1.03312,1652220720,2022-05-10T22:12:00
1.04134,1.04134,1.04134,1.04134,1652220120,2022-05-10T22:02:00
1.06467,1.06467,1.06467,1.06467,1652220060,2022-05-10T22:01:00
1.13224,1.13224,1.13224,1.13224,1652209020,2022-05-10T18:57:00
1.13411,1.13411,1.13411,1.13411,1652206500,2022-05-10T18:15:00
1.12542,1.12542,1.12542,1.12542,1652203080,2022-05-10T17:18:00
1.12453,1.12453,1.12453,1.12453,1652202660,2022-05-10T17:11:00
1.11153,1.11153,1.11153,1.11153,1652199660,2022-05-10T16:21:00
1.08903,1.08903,1.08903,1.08903,1652196720,2022-05-10T15:32:00
1.10022,1.10022,1.10022,1.10022,1652192880,2022-05-10T14:28:00
1.09692,1.09692,1.09692,1.09692,1652191980,2022-05-10T14:13:00
1.09529,1.09529,1.09529,1.09529,1652186820,2022-05-10T12:47:00
1.09044,1.09044,1.09044,1.09044,1652186520,2022-05-10T12:42:00
1.05919,1.05919,1.05919,1.05919,1652184900,2022-05-10T12:15:00
1.06702,1.06702,1.06702,1.06702,1652184840,2022-05-10T12:14:00
1.08821,1.08821,1.08821,1.08821,1652182440,2022-05-10T11:34:00
1.08775,1.08775,1.08775,1.08775,1652181540,2022-05-10T11:19:00
1.07423,1.07423,1.07423,1.07423,1652173680,2022-05-10T09:08:00
1.115,1.115,1.115,1.115,1652173620,2022-05-10T09:07:00
1.12973,1.12973,1.12973,1.12973,1652169840,2022-05-10T08:04:00
1.11788,1.11788,1.11788,1.11788,1652168280,2022-05-10T07:38:00
1.11994,1.11994,1.11994,1.11994,1652167440,2022-05-10T07:24:00
1.14518,1.14518,1.0991,1.0991,1652165760,2022-05-10T06:56:00
1.15867,1.15867,1.15867,1.15867,1652164920,2022-05-10T06:42:00
1.13908,1.13908,1.13908,1.13908,1652164740,2022-05-10T06:39:00
1.12002,1.12132,1.12002,1.12132,1652164680,2022-05-10T06:38:00
1.1053,1.10822,1.1053,1.10822,1652163600,2022-05-10T06:20:00
1.10509,1.10509,1.10509,1.10509,1652163480,2022-05-10T06:18:00
1.1003,1.1003,1.1003,1.1003,1652163180,2022-05-10T06:13:00
1.0839,1.0839,1.0839,1.0839,1652162820,2022-05-10T06:07:00
1.08671,1.08671,1.08671,1.08671,1652162460,2022-05-10T06:01:00
1.03655,1.03655,1.03655,1.03655,1652149980,2022-05-10T02:33:00
1.0462,1.0462,1.0462,1.0462,1652147820,2022-05-10T01:57:00
1.04905,1.04905,1.04905,1.04905,1652145780,2022-05-10T01:23:00
1.00598,1.00598,1.00598,1.00598,1652144220,2022-05-10T00:57:00
0.990894,0.990894,0.990894,0.990894,1652141040,2022-05-10T00:04:00
1.00057,1.00057,1.00057,1.00057,1652138940,2022-05-09T23:29:00
1.0029,1.0029,1.0029,1.0029,1652138640,2022-05-09T23:24:00
0.994983,0.994983,0.994983,0.994983,1652138460,2022-05-09T23:21:00
1.03739,1.03739,1.01163,1.01163,1652138400,2022-05-09T23:20:00
1.04446,1.04446,1.04446,1.04446,1652138340,2022-05-09T23:19:00
1.01323,1.01323,1.01323,1.01323,1652138160,2022-05-09T23:16:00
0.984275,0.984275,0.984275,0.984275,1652137980,2022-05-09T23:13:00
0.984138,0.984138,0.984138,0.984138,1652137800,2022-05-09T23:10:00
1.00233,1.00233,1.00233,1.00233,1652136180,2022-05-09T22:43:00
1.01644,1.01644,1.01644,1.01644,1652136120,2022-05-09T22:42:00
0.956916,0.956916,0.956916,0.956916,1652136060,2022-05-09T22:41:00
0.951349,0.951349,0.951349,0.951349,1652135640,2022-05-09T22:34:00
0.986326,0.986326,0.986326,0.986326,1652135580,2022-05-09T22:33:00
1.00857,1.00857,1.00857,1.00857,1652135400,2022-05-09T22:30:00
0.987134,0.987134,0.987134,0.987134,1652135280,2022-05-09T22:28:00
0.949376,0.949376,0.949376,0.949376,1652135220,2022-05-09T22:27:00
0.924268,0.924268,0.924268,0.924268,1652135100,2022-05-09T22:25:00
0.915407,0.915407,0.915407,0.915407,1652134320,2022-05-09T22:12:00
0.915248,0.915248,0.915248,0.915248,1652134260,2022-05-09T22:11:00
0.940881,0.940881,0.940881,0.940881,1652134020,2022-05-09T22:07:00
0.962939,0.962939,0.962939,0.962939,1652128980,2022-05-09T20:43:00
0.956324,0.956324,0.956324,0.956324,1652128920,2022-05-09T20:42:00
0.958987,0.958987,0.958987,0.958987,1652127300,2022-05-09T20:15:00
0.934716,0.934716,0.934716,0.934716,1652126760,2022-05-09T20:06:00
0.959281,0.959281,0.959281,0.959281,1652126520,2022-05-09T20:02:00
0.925738,0.925738,0.925738,0.925738,1652125860,2022-05-09T19:51:00
0.933718,0.933718,0.933718,0.933718,1652124660,2022-05-09T19:31:00
0.948628,0.948628,0.948628,0.948628,1652122860,2022-05-09T19:01:00
0.912206,0.912206,0.912206,0.912206,1652122800,2022-05-09T19:00:00
0.991479,0.991479,0.991479,0.991479,1652122740,2022-05-09T18:59:00
1.01357,1.01357,1.01357,1.01357,1652119920,2022-05-09T18:12:00
1.02116,1.02116,1.02116,1.02116,1652119080,2022-05-09T17:58:00
1.02365,1.02365,1.02365,1.02365,1652117520,2022-05-09T17:32:00
1.0602,1.0602,1.0602,1.0602,1652112960,2022-05-09T16:16:00
1.04839,1.04839,1.04839,1.04839,1652112420,2022-05-09T16:07:00
1.04651,1.04651,1.04651,1.04651,1652111760,2022-05-09T15:56:00
1.00688,1.00688,1.00688,1.00688,1652111100,2022-05-09T15:45:00
1.00397,1.00397,1.00397,1.00397,1652110920,2022-05-09T15:42:00
0.989848,1.01082,0.989848,1.01082,1652110800,2022-05-09T15:40:00
1.04652,1.04652,1.00052,1.00052,1652110740,2022-05-09T15:39:00
1.07936,1.07936,1.07936,1.07936,1652109120,2022-05-09T15:12:00
1.10029,1.10029,1.10029,1.10029,1652104920,2022-05-09T14:02:00
1.09668,1.09668,1.09668,1.09668,1652103960,2022-05-09T13:46:00
1.09221,1.09221,1.09221,1.09221,1652103900,2022-05-09T13:45:00
1.07853,1.08194,1.05686,1.08194,1652103840,2022-05-09T13:44:00
1.13704,1.13704,1.13704,1.13704,1652103780,2022-05-09T13:43:00
1.14165,1.14165,1.14165,1.14165,1652102700,2022-05-09T13:25:00
1.14553,1.14553,1.14553,1.14553,1652099760,2022-05-09T12:36:00
1.14872,1.14872,1.14872,1.14872,1652099220,2022-05-09T12:27:00
1.1358,1.14249,1.1358,1.14249,1652099100,2022-05-09T12:25:00
1.15317,1.15317,1.12944,1.12944,1652099040,2022-05-09T12:24:00
1.18768,1.18768,1.18768,1.18768,1652096580,2022-05-09T11:43:00
1.17396,1.17396,1.17396,1.17396,1652095920,2022-05-09T11:32:00
1.16888,1.16888,1.16888,1.16888,1652095800,2022-05-09T11:30:00
1.15681,1.15681,1.15681,1.15681,1652095620,2022-05-09T11:27:00
1.11507,1.11507,1.11507,1.11507,1652095560,2022-05-09T11:26:00
1.21845,1.21845,1.21845,1.21845,1652095500,2022-05-09T11:25:00
1.21579,1.21579,1.21579,1.21579,1652095320,2022-05-09T11:22:00
1.21488,1.21488,1.21488,1.21488,1652095020,2022-05-09T11:17:00
1.23665,1.24178,1.23665,1.24178,1652079900,2022-05-09T07:05:00
1.23533,1.23533,1.23533,1.23533,1652078280,2022-05-09T06:38:00
1.25301,1.25301,1.25301,1.25301,1652071500,2022-05-09T04:45:00
1.25768,1.25768,1.25768,1.25768,1652066400,2022-05-09T03:20:00
1.26635,1.26635,1.26635,1.26635,1652062860,2022-05-09T02:21:00
1.2791,1.2791,1.2791,1.2791,1652061540,2022-05-09T01:59:00
1.29429,1.29429,1.29429,1.29429,1652054340,2022-05-08T23:59:00
1.2945,1.2945,1.2945,1.2945,1652052180,2022-05-08T23:23:00
1.29328,1.29328,1.29328,1.29328,1652051280,2022-05-08T23:08:00
1.2844,1.2844,1.2844,1.2844,1652047380,2022-05-08T22:03:00
1.28774,1.28774,1.28774,1.28774,1652045160,2022-05-08T21:26:00
1.26262,1.26262,1.26262,1.26262,1652043480,2022-05-08T20:58:00
1.25549,1.25549,1.25549,1.25549,1652041140,2022-05-08T20:19:00
1.2491,1.2491,1.2491,1.2491,1652040120,2022-05-08T20:02:00
1.25513,1.25513,1.25513,1.25513,1652038260,2022-05-08T19:31:00
1.2643,1.2643,1.2643,1.2643,1652034180,2022-05-08T18:23:00
1.26595,1.26595,1.26595,1.26595,1652031360,2022-05-08T17:36:00
1.25049,1.25049,1.25049,1.25049,1652031000,2022-05-08T17:30:00
1.26008,1.26008,1.26008,1.26008,1652030820,2022-05-08T17:27:00
1.24957,1.24957,1.24957,1.24957,1652030640,2022-05-08T17:24:00
1.26859,1.26859,1.26859,1.26859,1652028720,2022-05-08T16:52:00
1.27344,1.27344,1.27344,1.27344,1652027040,2022-05-08T16:24:00
1.26812,1.26812,1.26812,1.26812,1652022960,2022-05-08T15:16:00
1.27851,1.27851,1.27851,1.27851,1652017440,2022-05-08T13:44:00
1.28348,1.28348,1.28348,1.28348,1652004960,2022-05-08T10:16:00
1.27573,1.27573,1.27573,1.27573,1651998420,2022-05-08T08:27:00
1.27966,1.27966,1.27966,1.27966,1651998300,2022-05-08T08:25:00
1.27143,1.27143,1.27143,1.27143,1651995840,2022-05-08T07:44:00
1.27755,1.27755,1.27755,1.27755,1651992000,2022-05-08T06:40:00
1.26755,1.26755,1.26755,1.26755,1651988340,2022-05-08T05:39:00
1.27886,1.27886,1.27886,1.27886,1651986000,2022-05-08T05:00:00
1.29059,1.29059,1.29059,1.29059,1651980720,2022-05-08T03:32:00
1.28603,1.28603,1.28603,1.28603,1651980120,2022-05-08T03:22:00
1.28815,1.28815,1.28815,1.28815,1651980060,2022-05-08T03:21:00
1.31818,1.31818,1.31818,1.31818,1651979700,2022-05-08T03:15:00
1.31671,1.31671,1.31671,1.31671,1651978800,2022-05-08T03:00:00
1.33986,1.33986,1.33986,1.33986,1651977900,2022-05-08T02:45:00
1.37377,1.37377,1.37377,1.37377,1651975500,2022-05-08T02:05:00
1.3836,1.3836,1.3836,1.3836,1651973220,2022-05-08T01:27:00
1.37856,1.37856,1.37856,1.37856,1651973160,2022-05-08T01:26:00
1.41602,1.41602,1.41602,1.41602,1651973100,2022-05-08T01:25:00
1.45444,1.45444,1.45444,1.45444,1651972500,2022-05-08T01:15:00
1.47192,1.47192,1.47192,1.47192,1651972320,2022-05-08T01:12:00
1.49037,1.49037,1.49037,1.49037,1651972260,2022-05-08T01:11:00
1.43226,1.43226,1.43226,1.43226,1651971600,2022-05-08T01:00:00
1.44633,1.44633,1.44633,1.44633,1651968540,2022-05-08T00:09:00
1.45138,1.45138,1.45138,1.45138,1651968480,2022-05-08T00:08:00
1.46515,1.46515,1.45323,1.45323,1651962300,2022-05-07T22:25:00
1.48966,1.48966,1.48966,1.48966,1651959720,2022-05-07T21:42:00
1.51209,1.51209,1.51209,1.51209,1651955280,2022-05-07T20:28:00
1.52603,1.52603,1.51309,1.51309,1651949880,2022-05-07T18:58:00
1.44488,1.44488,1.44488,1.44488,1651949280,2022-05-07T18:48:00
1.42647,1.42647,1.42647,1.42647,1651945980,2022-05-07T17:53:00
1.40914,1.40914,1.40914,1.40914,1651944420,2022-05-07T17:27:00
1.41357,1.41357,1.41357,1.41357,1651940640,2022-05-07T16:24:00
1.41002,1.41002,1.41002,1.41002,1651940460,2022-05-07T16:21:00
1.39756,1.39756,1.39756,1.39756,1651936680,2022-05-07T15:18:00
1.37878,1.37878,1.37878,1.37878,1651935960,2022-05-07T15:06:00
1.36168,1.36168,1.36168,1.36168,1651931640,2022-05-07T13:54:00
1.37221,1.37221,1.37221,1.37221,1651931520,2022-05-07T13:52:00
1.37013,1.37013,1.37013,1.37013,1651930200,2022-05-07T13:30:00
1.36475,1.36475,1.36475,1.36475,1651927920,2022-05-07T12:52:00
1.36903,1.36903,1.36903,1.36903,1651927620,2022-05-07T12:47:00
1.38036,1.38036,1.38036,1.38036,1651925400,2022-05-07T12:10:00
1.36941,1.36941,1.36941,1.36941,1651925340,2022-05-07T12:09:00
1.39119,1.39119,1.39119,1.39119,1651925220,2022-05-07T12:07:00
1.42669,1.42669,1.42669,1.42669,1651925100,2022-05-07T12:05:00
1.45274,1.45274,1.45274,1.45274,1651925040,2022-05-07T12:04:00
1.48225,1.48225,1.4682,1.4682,1651924980,2022-05-07T12:03:00
1.44755,1.44755,1.44755,1.44755,1651924860,2022-05-07T12:01:00
1.39075,1.39075,1.39075,1.39075,1651922400,2022-05-07T11:20:00
1.38248,1.38248,1.38248,1.38248,1651920180,2022-05-07T10:43:00
1.3919,1.3919,1.3919,1.3919,1651917840,2022-05-07T10:04:00
1.38425,1.38425,1.38174,1.38174,1651917300,2022-05-07T09:55:00
1.3759,1.3759,1.3759,1.3759,1651916100,2022-05-07T09:35:00
1.37586,1.37586,1.37586,1.37586,1651915260,2022-05-07T09:21:00
1.35156,1.35156,1.35156,1.35156,1651912680,2022-05-07T08:38:00
1.3579,1.3579,1.3579,1.3579,1651911720,2022-05-07T08:22:00
1.34619,1.34619,1.34619,1.34619,1651910580,2022-05-07T08:03:00
1.35853,1.35853,1.35853,1.35853,1651910520,2022-05-07T08:02:00
1.35289,1.36422,1.35289,1.36422,1651910400,2022-05-07T08:00:00
1.26434,1.33037,1.26434,1.33037,1651910340,2022-05-07T07:59:00
1.32495,1.32495,1.32495,1.32495,1651910280,2022-05-07T07:58:00
1.43194,1.43194,1.43194,1.43194,1651910220,2022-05-07T07:57:00
1.4236,1.4236,1.4236,1.4236,1651909740,2022-05-07T07:49:00
1.41389,1.41389,1.41389,1.41389,1651909440,2022-05-07T07:44:00
1.42911,1.42911,1.42911,1.42911,1651908300,2022-05-07T07:25:00
1.41892,1.41892,1.41892,1.41892,1651907880,2022-05-07T07:18:00
1.44232,1.44232,1.44232,1.44232,1651903260,2022-05-07T06:01:00
1.4674,1.4674,1.4674,1.4674,1651899360,2022-05-07T04:56:00
1.49047,1.49047,1.49047,1.49047,1651899240,2022-05-07T04:54:00
1.51001,1.51001,1.51001,1.51001,1651890120,2022-05-07T02:22:00
1.51694,1.51694,1.51694,1.51694,1651888080,2022-05-07T01:48:00
1.52267,1.52267,1.52267,1.52267,1651876560,2022-05-06T22:36:00
1.53674,1.53674,1.53674,1.53674,1651876500,2022-05-06T22:35:00
1.56918,1.56918,1.56918,1.56918,1651867920,2022-05-06T20:12:00
1.58083,1.58083,1.58083,1.58083,1651866360,2022-05-06T19:46:00
1.58675,1.58675,1.58675,1.58675,1651860120,2022-05-06T18:02:00
1.59929,1.59929,1.59929,1.59929,1651858860,2022-05-06T17:41:00
1.61168,1.61168,1.61168,1.61168,1651857420,2022-05-06T17:17:00
1.61702,1.61702,1.61702,1.61702,1651855200,2022-05-06T16:40:00
1.61461,1.61461,1.61461,1.61461,1651854960,2022-05-06T16:36:00
1.60544,1.60544,1.60544,1.60544,1651850460,2022-05-06T15:21:00
1.60128,1.60128,1.60128,1.60128,1651849020,2022-05-06T14:57:00
1.59492,1.59492,1.59492,1.59492,1651848720,2022-05-06T14:52:00
1.58515,1.58515,1.58515,1.58515,1651848660,2022-05-06T14:51:00
1.56855,1.56855,1.56855,1.56855,1651848600,2022-05-06T14:50:00
1.55835,1.55835,1.55835,1.55835,1651848480,2022-05-06T14:48:00
1.58141,1.58141,1.58141,1.58141,1651848420,2022-05-06T14:47:00
1.58955,1.58955,1.58955,1.58955,1651848300,2022-05-06T14:45:00
1.57719,1.57719,1.57719,1.57719,1651848120,2022-05-06T14:42:00
1.52548,1.52548,1.52548,1.52548,1651848060,2022-05-06T14:41:00
1.51956,1.51956,1.51956,1.51956,1651843020,2022-05-06T13:17:00
1.49409,1.49409,1.49409,1.49409,1651842420,2022-05-06T13:07:00
1.47437,1.47807,1.47437,1.47807,1651841820,2022-05-06T12:57:00
1.49745,1.49745,1.49745,1.49745,1651841700,2022-05-06T12:55:00
1.49086,1.49086,1.49086,1.49086,1651841340,2022-05-06T12:49:00
1.50062,1.50062,1.50062,1.50062,1651841220,2022-05-06T12:47:00
1.4973,1.4973,1.4973,1.4973,1651839960,2022-05-06T12:26:00
1.50674,1.50674,1.50674,1.50674,1651839300,2022-05-06T12:15:00
1.5099,1.5099,1.5099,1.5099,1651837800,2022-05-06T11:50:00
1.52014,1.52014,1.52014,1.52014,1651836600,2022-05-06T11:30:00
1.54969,1.54969,1.51113,1.51113,1651836540,2022-05-06T11:29:00
1.56678,1.56678,1.56678,1.56678,1651835160,2022-05-06T11:06:00
1.55722,1.55722,1.55722,1.55722,1651834500,2022-05-06T10:55:00
1.5698,1.5698,1.5698,1.5698,1651834080,2022-05-06T10:48:00
1.56796,1.56796,1.56796,1.56796,1651832820,2022-05-06T10:27:00
1.57025,1.57025,1.57025,1.57025,1651827360,2022-05-06T08:56:00
1.57507,1.57507,1.57507,1.57507,1651825860,2022-05-06T08:31:00
1.57051,1.57051,1.57051,1.57051,1651824240,2022-05-06T08:04:00
1.55268,1.55268,1.55268,1.55268,1651824060,2022-05-06T08:01:00
1.5491,1.5491,1.5491,1.5491,1651821300,2022-05-06T07:15:00
1.56423,1.56423,1.56423,1.56423,1651821120,2022-05-06T07:12:00
1.5636,1.5636,1.5636,1.5636,1651819980,2022-05-06T06:53:00
1.52662,1.52662,1.52662,1.52662,1651819920,2022-05-06T06:52:00
1.62975,1.62975,1.62975,1.62975,1651818720,2022-05-06T06:32:00
1.64308,1.64308,1.64308,1.64308,1651810980,2022-05-06T04:23:00
1.67182,1.67182,1.67182,1.67182,1651809900,2022-05-06T04:05:00
1.68088,1.68088,1.68088,1.68088,1651807080,2022-05-06T03:18:00
1.68333,1.68333,1.68333,1.68333,1651798140,2022-05-06T00:49:00
1.69352,1.69352,1.69352,1.69352,1651797420,2022-05-06T00:37:00
1.7057,1.7057,1.7057,1.7057,1651790700,2022-05-05T22:45:00
1.71775,1.71775,1.71775,1.71775,1651788540,2022-05-05T22:09:00
1.71161,1.71161,1.71161,1.71161,1651788120,2022-05-05T22:02:00
1.73978,1.73978,1.73978,1.73978,1651783800,2022-05-05T20:50:00
1.72307,1.73188,1.72307,1.73188,1651783140,2022-05-05T20:39:00
1.72651,1.72651,1.72651,1.72651,1651782420,2022-05-05T20:27:00
1.71251,1.71251,1.71251,1.71251,1651781700,2022-05-05T20:15:00
1.71154,1.71154,1.71154,1.71154,1651779060,2022-05-05T19:31:00
1.7442,1.7442,1.7442,1.7442,1651778760,2022-05-05T19:26:00
1.74045,1.74045,1.74045,1.74045,1651778700,2022-05-05T19:25:00
1.76881,1.76881,1.76881,1.76881,1651778640,2022-05-05T19:24:00
1.7211,1.7211,1.7211,1.7211,1651778460,2022-05-05T19:21:00
1.71118,1.71118,1.71118,1.71118,1651777140,2022-05-05T18:59:00
1.71859,1.71859,1.71859,1.71859,1651777020,2022-05-05T18:57:00
1.73898,1.73898,1.73898,1.73898,1651776840,2022-05-05T18:54:00
1.65661,1.65661,1.65661,1.65661,1651776660,2022-05-05T18:51:00
1.65887,1.65887,1.65887,1.65887,1651775460,2022-05-05T18:31:00
1.67489,1.67489,1.67489,1.67489,1651771920,2022-05-05T17:32:00
1.6643,1.6643,1.6643,1.6643,1651771740,2022-05-05T17:29:00
1.65237,1.65237,1.65237,1.65237,1651771680,2022-05-05T17:28:00
1.65925,1.65925,1.65925,1.65925,1651771440,2022-05-05T17:24:00
1.68747,1.68747,1.68747,1.68747,1651770900,2022-05-05T17:15:00
1.69223,1.69223,1.6797,1.6797,1651770660,2022-05-05T17:11:00
1.76079,1.76079,1.74933,1.74933,1651770540,2022-05-05T17:09:00
1.78572,1.78572,1.78572,1.78572,1651769760,2022-05-05T16:56:00
1.7737,1.7737,1.7737,1.7737,1651768860,2022-05-05T16:41:00
1.7985,1.7985,1.7985,1.7985,1651768140,2022-05-05T16:29:00
1.74268,1.74268,1.74268,1.74268,1651768080,2022-05-05T16:28:00
1.71323,1.71323,1.71323,1.71323,1651768020,2022-05-05T16:27:00
1.67519,1.67519,1.67519,1.67519,1651767300,2022-05-05T16:15:00
1.65318,1.65318,1.65318,1.65318,1651766220,2022-05-05T15:57:00
1.66368,1.66368,1.66368,1.66368,1651765920,2022-05-05T15:52:00
1.66143,1.66143,1.66143,1.66143,1651765860,2022-05-05T15:51:00
1.68769,1.68769,1.68769,1.68769,1651765620,2022-05-05T15:47:00
1.66946,1.67506,1.66249,1.67506,1651765560,2022-05-05T15:46:00
1.71045,1.71045,1.71045,1.71045,1651765500,2022-05-05T15:45:00
1.72385,1.72385,1.72385,1.72385,1651765440,2022-05-05T15:44:00
1.71548,1.71548,1.71548,1.71548,1651765260,2022-05-05T15:41:00
1.72673,1.72673,1.72673,1.72673,1651764900,2022-05-05T15:35:00
1.71851,1.71851,1.68873,1.68873,1651764540,2022-05-05T15:29:00
1.79245,1.79245,1.79245,1.79245,1651764180,2022-05-05T15:23:00
1.7963,1.7963,1.7963,1.7963,1651764120,2022-05-05T15:22:00
1.82692,1.82692,1.82692,1.82692,1651763040,2022-05-05T15:04:00
1.85349,1.85349,1.85349,1.85349,1651762980,2022-05-05T15:03:00
1.86745,1.86745,1.86745,1.86745,1651762560,2022-05-05T14:56:00
1.83521,1.83521,1.83521,1.83521,1651762200,2022-05-05T14:50:00
1.80562,1.80562,1.80562,1.80562,1651761420,2022-05-05T14:37:00
1.76537,1.76537,1.76537,1.76537,1651761240,2022-05-05T14:34:00
1.7496,1.7496,1.7496,1.7496,1651759560,2022-05-05T14:06:00
1.7458,1.7458,1.7458,1.7458,1651759320,2022-05-05T14:02:00
1.77761,1.77761,1.77761,1.77761,1651759260,2022-05-05T14:01:00
1.82489,1.82489,1.82489,1.82489,1651758960,2022-05-05T13:56:00
1.7952,1.7952,1.7952,1.7952,1651758840,2022-05-05T13:54:00
1.79128,1.79128,1.79128,1.79128,1651757880,2022-05-05T13:38:00
1.78691,1.78691,1.78691,1.78691,1651757520,2022-05-05T13:32:00
1.78925,1.78925,1.78925,1.78925,1651757160,2022-05-05T13:26:00
1.78519,1.78519,1.78519,1.78519,1651755720,2022-05-05T13:02:00
1.77174,1.77409,1.77174,1.77409,1651755540,2022-05-05T12:59:00
1.80703,1.80703,1.80703,1.80703,1651755420,2022-05-05T12:57:00
1.83894,1.83894,1.83894,1.83894,1651755180,2022-05-05T12:53:00
1.82948,1.82948,1.82948,1.82948,1651753080,2022-05-05T12:18:00
1.83227,1.83227,1.83227,1.83227,1651750380,2022-05-05T11:33:00
1.83749,1.83749,1.83749,1.83749,1651746240,2022-05-05T10:24:00
1.827,1.827,1.827,1.827,1651745220,2022-05-05T10:07:00
1.81069,1.81069,1.81069,1.81069,1651744740,2022-05-05T09:59:00
1.81216,1.81216,1.81216,1.81216,1651743660,2022-05-05T09:41:00
1.81296,1.81296,1.81296,1.81296,1651739700,2022-05-05T08:35:00
1.76657,1.76657,1.76657,1.76657,1651735740,2022-05-05T07:29:00
1.77805,1.77805,1.77805,1.77805,1651735440,2022-05-05T07:24:00
1.83681,1.83681,1.83681,1.83681,1651734420,2022-05-05T07:07:00
1.81803,1.81803,1.81803,1.81803,1651734060,2022-05-05T07:01:00
1.80346,1.80346,1.80346,1.80346,1651734000,2022-05-05T07:00:00
1.84645,1.84645,1.84645,1.84645,1651733400,2022-05-05T06:50:00
1.87968,1.87968,1.87968,1.87968,1651730220,2022-05-05T05:57:00
1.90868,1.90868,1.90868,1.90868,1651728540,2022-05-05T05:29:00
1.92261,1.92261,1.92261,1.92261,1651726320,2022-05-05T04:52:00
1.91302,1.91302,1.91302,1.91302,1651725300,2022-05-05T04:35:00
1.94573,1.94573,1.90248,1.90248,1651725120,2022-05-05T04:32:00
2.01401,2.01401,2.01401,2.01401,1651722780,2022-05-05T03:53:00
1.99916,1.99916,1.99916,1.99916,1651722540,2022-05-05T03:49:00
2.01911,2.01911,2.00152,2.00152,1651721940,2022-05-05T03:39:00
1.97811,1.97811,1.97811,1.97811,1651719780,2022-05-05T03:03:00
2.04787,2.04787,2.04787,2.04787,1651713900,2022-05-05T01:25:00
2.03217,2.03217,2.03217,2.03217,1651713420,2022-05-05T01:17:00
2.0432,2.0432,2.0432,2.0432,1651710060,2022-05-05T00:21:00
2.06224,2.06224,2.06224,2.06224,1651707900,2022-05-04T23:45:00
2.0838,2.0838,2.0838,2.0838,1651707660,2022-05-04T23:41:00
2.08059,2.08059,2.08059,2.08059,1651707540,2022-05-04T23:39:00
2.10649,2.10649,2.10649,2.10649,1651707420,2022-05-04T23:37:00
2.12392,2.12392,2.12392,2.12392,1651707120,2022-05-04T23:32:00
2.11445,2.11445,2.11445,2.11445,1651707060,2022-05-04T23:31:00
2.07035,2.07327,2.07035,2.07327,1651707000,2022-05-04T23:30:00
2.04605,2.04605,2.04605,2.04605,1651706940,2022-05-04T23:29:00
2.19631,2.19631,2.00349,2.00349,1651706880,2022-05-04T23:28:00
2.19408,2.19408,2.10662,2.10662,1651706820,2022-05-04T23:27:00
2.16176,2.16176,2.15905,2.15905,1651706760,2022-05-04T23:26:00
2.21125,2.21125,2.15906,2.15906,1651706700,2022-05-04T23:25:00
2.17443,2.19247,2.17443,2.19247,1651706640,2022-05-04T23:24:00
2.29682,2.29682,2.29682,2.29682,1651706580,2022-05-04T23:23:00
2.32815,2.32815,2.32815,2.32815,1651706280,2022-05-04T23:18:00
2.33678,2.33678,2.33678,2.33678,1651706220,2022-05-04T23:17:00
2.33642,2.33642,2.33642,2.33642,1651705440,2022-05-04T23:04:00
2.40962,2.40962,2.40962,2.40962,1651705020,2022-05-04T22:57:00
2.42127,2.42127,2.42127,2.42127,1651704480,2022-05-04T22:48:00
2.40049,2.40049,2.40049,2.40049,1651703700,2022-05-04T22:35:00
2.40664,2.40664,2.40664,2.40664,1651703400,2022-05-04T22:30:00
2.3896,2.3896,2.3896,2.3896,1651703220,2022-05-04T22:27:00
2.38407,2.38407,2.38407,2.38407,1651703160,2022-05-04T22:26:00
2.40757,2.40757,2.40757,2.40757,1651701000,2022-05-04T21:50:00
2.38699,2.38699,2.38699,2.38699,1651700880,2022-05-04T21:48:00
2.3949,2.40557,2.3949,2.40557,1651699260,2022-05-04T21:21:00
2.36001,2.36001,2.36001,2.36001,1651697400,2022-05-04T20:50:00
2.38533,2.38533,2.37798,2.37798,1651697340,2022-05-04T20:49:00
2.39376,2.39376,2.39376,2.39376,1651697280,2022-05-04T20:48:00
2.41019,2.41019,2.41019,2.41019,1651696800,2022-05-04T20:40:00
2.40541,2.40541,2.40541,2.40541,1651695600,2022-05-04T20:20:00
2.4087,2.4087,2.4087,2.4087,1651694880,2022-05-04T20:08:00
2.40497,2.40497,2.40497,2.40497,1651694520,2022-05-04T20:02:00
2.43665,2.43665,2.43665,2.43665,1651694460,2022-05-04T20:01:00
2.45724,2.45724,2.45724,2.45724,1651694340,2022-05-04T19:59:00
2.4694,2.4694,2.4694,2.4694,1651694160,2022-05-04T19:56:00
2.4566,2.4566,2.4566,2.4566,1651694100,2022-05-04T19:55:00
2.4471,2.4471,2.4471,2.4471,1651694040,2022-05-04T19:54:00
2.35058,2.35058,2.35058,2.35058,1651693560,2022-05-04T19:46:00
2.24834,2.24834,2.24834,2.24834,1651692600,2022-05-04T19:30:00
2.24105,2.24105,2.24105,2.24105,1651691760,2022-05-04T19:16:00
2.23356,2.23356,2.23356,2.23356,1651691640,2022-05-04T19:14:00
2.21753,2.21753,2.21753,2.21753,1651690620,2022-05-04T18:57:00
2.2176,2.2176,2.20223,2.20223,1651690560,2022-05-04T18:56:00
2.17626,2.17626,2.17626,2.17626,1651690200,2022-05-04T18:50:00
2.1102,2.1102,2.1102,2.1102,1651689960,2022-05-04T18:46:00
2.03986,2.09215,2.03986,2.09215,1651685520,2022-05-04T17:32:00
2.04469,2.04469,2.04469,2.04469,1651685460,2022-05-04T17:31:00
2.01949,2.01949,2.01949,2.01949,1651682760,2022-05-04T16:46:00
2.03178,2.03178,2.03178,2.03178,1651682460,2022-05-04T16:41:00
2.02837,2.02837,2.02837,2.02837,1651682400,2022-05-04T16:40:00
2.00733,2.00733,2.00733,2.00733,1651679760,2022-05-04T15:56:00
1.981,1.981,1.981,1.981,1651677480,2022-05-04T15:18:00
1.97903,1.97903,1.97903,1.97903,1651674540,2022-05-04T14:29:00
1.98786,1.98786,1.98786,1.98786,1651666200,2022-05-04T12:10:00
1.9051,1.9051,1.9051,1.9051,1651665120,2022-05-04T11:52:00
1.92793,1.92793,1.92793,1.92793,1651665060,2022-05-04T11:51:00
1.85521,1.85521,1.85521,1.85521,1651664100,2022-05-04T11:35:00
1.84858,1.84858,1.84858,1.84858,1651659600,2022-05-04T10:20:00
1.85291,1.85291,1.85291,1.85291,1651656480,2022-05-04T09:28:00
1.86401,1.86401,1.86401,1.86401,1651656000,2022-05-04T09:20:00
1.8454,1.8454,1.8454,1.8454,1651651200,2022-05-04T08:00:00
1.83181,1.83181,1.83181,1.83181,1651650300,2022-05-04T07:45:00
1.81577,1.81577,1.81577,1.81577,1651650240,2022-05-04T07:44:00
1.90388,1.90388,1.90388,1.90388,1651644360,2022-05-04T06:06:00
1.90191,1.90191,1.90191,1.90191,1651640580,2022-05-04T05:03:00
1.89852,1.89852,1.89852,1.89852,1651635180,2022-05-04T03:33:00
1.89445,1.89445,1.89445,1.89445,1651634400,2022-05-04T03:20:00
1.89247,1.89247,1.89247,1.89247,1651631280,2022-05-04T02:28:00
1.89523,1.89523,1.89523,1.89523,1651623900,2022-05-04T00:25:00
1.91832,1.91832,1.91832,1.91832,1651620960,2022-05-03T23:36:00
1.91194,1.91194,1.91194,1.91194,1651613580,2022-05-03T21:33:00
1.90174,1.90174,1.90174,1.90174,1651611360,2022-05-03T20:56:00
1.94809,1.94809,1.94809,1.94809,1651610400,2022-05-03T20:40:00
1.93912,1.93912,1.93912,1.93912,1651609680,2022-05-03T20:28:00
1.9428,1.9428,1.9428,1.9428,1651609500,2022-05-03T20:25:00
1.95371,1.95371,1.95371,1.95371,1651608540,2022-05-03T20:09:00
1.96687,1.96687,1.96687,1.96687,1651608360,2022-05-03T20:06:00
1.99195,1.99195,1.99195,1.99195,1651607940,2022-05-03T19:59:00
2.00144,2.00144,2.00144,2.00144,1651607280,2022-05-03T19:48:00
2.02783,2.02783,2.02783,2.02783,1651604580,2022-05-03T19:03:00
2.05466,2.05466,2.05466,2.05466,1651602120,2022-05-03T18:22:00
1.91872,2.06931,1.91872,2.06931,1651601640,2022-05-03T18:14:00
1.94942,1.94942,1.94942,1.94942,1651599240,2022-05-03T17:34:00
1.97384,1.97384,1.97384,1.97384,1651598400,2022-05-03T17:20:00
1.98383,1.98383,1.98383,1.98383,1651598280,2022-05-03T17:18:00
1.9878,1.9878,1.9878,1.9878,1651597020,2022-05-03T16:57:00
1.93976,1.93976,1.93976,1.93976,1651596420,2022-05-03T16:47:00
1.9141,1.9141,1.9141,1.9141,1651592580,2022-05-03T15:43:00
1.96591,1.96591,1.96591,1.96591,1651589580,2022-05-03T14:53:00
1.98481,1.98481,1.98481,1.98481,1651589400,2022-05-03T14:50:00
1.98516,1.98516,1.98516,1.98516,1651586700,2022-05-03T14:05:00
1.99707,1.99707,1.99707,1.99707,1651586340,2022-05-03T13:59:00
1.98416,1.98416,1.98416,1.98416,1651585800,2022-05-03T13:50:00
1.96643,1.96643,1.96643,1.96643,1651585560,2022-05-03T13:46:00
1.96214,1.96214,1.94498,1.94498,1651585500,2022-05-03T13:45:00
2.0219,2.0219,2.0219,2.0219,1651580580,2022-05-03T12:23:00
2.02376,2.02376,2.02376,2.02376,1651572480,2022-05-03T10:08:00
2.04057,2.04057,2.04057,2.04057,1651568160,2022-05-03T08:56:00
2.03293,2.03293,2.02207,2.02207,1651566420,2022-05-03T08:27:00
2.02104,2.02104,2.02104,2.02104,1651565160,2022-05-03T08:06:00
2.06065,2.06065,2.06065,2.06065,1651565100,2022-05-03T08:05:00
2.09451,2.09451,2.09451,2.09451,1651564860,2022-05-03T08:01:00
1.94988,1.94988,1.94988,1.94988,1651563540,2022-05-03T07:39:00
1.94013,1.94013,1.94013,1.94013,1651560420,2022-05-03T06:47:00
1.90089,1.90089,1.90089,1.90089,1651560000,2022-05-03T06:40:00
1.89732,1.89732,1.89732,1.89732,1651559760,2022-05-03T06:36:00
1.88319,1.88319,1.88319,1.88319,1651552020,2022-05-03T04:27:00
1.84703,1.84703,1.84703,1.84703,1651550160,2022-05-03T03:56:00
1.81457,1.81457,1.81457,1.81457,1651550100,2022-05-03T03:55:00
1.79454,1.79454,1.79454,1.79454,1651549680,2022-05-03T03:48:00
1.785,1.785,1.785,1.785,1651541880,2022-05-03T01:38:00
1.77871,1.77871,1.77871,1.77871,1651540620,2022-05-03T01:17:00
1.78528,1.78528,1.78528,1.78528,1651540320,2022-05-03T01:12:00
1.77169,1.77169,1.77169,1.77169,1651539720,2022-05-03T01:02:00
1.75425,1.75425,1.75425,1.75425,1651539600,2022-05-03T01:00:00
1.82738,1.82738,1.82738,1.82738,1651537380,2022-05-03T00:23:00
1.72229,1.72229,1.72229,1.72229,1651533240,2022-05-02T23:14:00
1.73362,1.73362,1.73362,1.73362,1651531260,2022-05-02T22:41:00
1.7224,1.7224,1.7224,1.7224,1651527900,2022-05-02T21:45:00
1.69459,1.69459,1.69459,1.69459,1651513920,2022-05-02T17:52:00
1.70972,1.70972,1.70972,1.70972,1651513020,2022-05-02T17:37:00
1.70851,1.70851,1.70851,1.70851,1651512540,2022-05-02T17:29:00
1.7045,1.7045,1.7045,1.7045,1651508700,2022-05-02T16:25:00
1.70239,1.70239,1.70239,1.70239,1651507920,2022-05-02T16:12:00
1.69281,1.69281,1.69281,1.69281,1651502400,2022-05-02T14:40:00
1.67794,1.67794,1.67794,1.67794,1651502100,2022-05-02T14:35:00
1.68178,1.68178,1.68178,1.68178,1651501740,2022-05-02T14:29:00
1.66445,1.66445,1.66445,1.66445,1651500900,2022-05-02T14:15:00
1.64479,1.64479,1.64479,1.64479,1651495920,2022-05-02T12:52:00
1.63625,1.63625,1.63625,1.63625,1651492680,2022-05-02T11:58:00
1.63346,1.63346,1.63346,1.63346,1651491180,2022-05-02T11:33:00
1.65162,1.65162,1.65162,1.65162,1651485840,2022-05-02T10:04:00
1.65491,1.65491,1.65491,1.65491,1651482720,2022-05-02T09:12:00
1.66915,1.66915,1.66915,1.66915,1651479120,2022-05-02T08:12:00
1.69056,1.69056,1.66433,1.66433,1651477560,2022-05-02T07:46:00
1.66518,1.66518,1.66518,1.66518,1651476360,2022-05-02T07:26:00
1.65843,1.65843,1.65843,1.65843,1651476240,2022-05-02T07:24:00
1.63359,1.63359,1.63359,1.63359,1651462320,2022-05-02T03:32:00
1.6375,1.6375,1.6375,1.6375,1651459320,2022-05-02T02:42:00
1.64252,1.64252,1.64252,1.64252,1651458420,2022-05-02T02:27:00
1.63155,1.63155,1.63155,1.63155,1651455600,2022-05-02T01:40:00
1.63828,1.63828,1.63828,1.63828,1651454160,2022-05-02T01:16:00
1.62852,1.62852,1.62852,1.62852,1651453560,2022-05-02T01:06:00
1.63281,1.63281,1.63281,1.63281,1651447740,2022-05-01T23:29:00
1.59906,1.59906,1.59906,1.59906,1651440660,2022-05-01T21:31:00
1.59337,1.59344,1.59337,1.59344,1651440540,2022-05-01T21:29:00
1.60926,1.60926,1.60926,1.60926,1651439340,2022-05-01T21:09:00
1.60406,1.60406,1.60406,1.60406,1651439160,2022-05-01T21:06:00
1.61405,1.61405,1.61405,1.61405,1651439040,2022-05-01T21:04:00
1.58818,1.58818,1.5255,1.57554,1651438980,2022-05-01T21:03:00
1.68766,1.68766,1.68766,1.68766,1651435800,2022-05-01T20:10:00
1.71324,1.71324,1.71324,1.71324,1651428600,2022-05-01T18:10:00
1.71958,1.71958,1.71958,1.71958,1651426620,2022-05-01T17:37:00
1.72689,1.72689,1.72689,1.72689,1651424340,2022-05-01T16:59:00
1.72297,1.72297,1.72297,1.72297,1651423800,2022-05-01T16:50:00
1.73357,1.73357,1.73357,1.73357,1651423380,2022-05-01T16:43:00
1.72637,1.72637,1.72637,1.72637,1651411860,2022-05-01T13:31:00
1.74586,1.74586,1.74586,1.74586,1651411020,2022-05-01T13:17:00
1.75754,1.75754,1.75754,1.75754,1651410600,2022-05-01T13:10:00
1.74907,1.74907,1.74907,1.74907,1651409220,2022-05-01T12:47:00
1.75705,1.75705,1.75705,1.75705,1651405620,2022-05-01T11:47:00
1.76929,1.76929,1.76929,1.76929,1651404420,2022-05-01T11:27:00
1.77062,1.77062,1.77062,1.77062,1651396020,2022-05-01T09:07:00
1.77879,1.77879,1.77879,1.77879,1651395240,2022-05-01T08:54:00
1.76534,1.76534,1.76534,1.76534,1651395180,2022-05-01T08:53:00
1.71287,1.71287,1.71287,1.71287,1651392240,2022-05-01T08:04:00
1.71452,1.71452,1.71452,1.71452,1651392180,2022-05-01T08:03:00
1.7133,1.7133,1.7133,1.7133,1651389300,2022-05-01T07:15:00
1.71862,1.71862,1.71862,1.71862,1651386900,2022-05-01T06:35:00
1.70038,1.70038,1.70038,1.70038,1651365060,2022-05-01T00:31:00
1.72234,1.72234,1.72234,1.72234,1651363740,2022-05-01T00:09:00
1.71204,1.71204,1.71204,1.71204,1651363320,2022-05-01T00:02:00
1.74344,1.74344,1.74344,1.74344,1651359660,2022-04-30T23:01:00
1.73392,1.73392,1.73392,1.73392,1651358940,2022-04-30T22:49:00
1.74023,1.74023,1.74023,1.74023,1651358820,2022-04-30T22:47:00
1.77461,1.77461,1.77461,1.77461,1651355220,2022-04-30T21:47:00
1.76194,1.76194,1.76194,1.76194,1651351200,2022-04-30T20:40:00
1.75429,1.75429,1.75429,1.75429,1651350840,2022-04-30T20:34:00
1.76929,1.76929,1.76929,1.76929,1651344540,2022-04-30T18:49:00
1.79566,1.79566,1.79566,1.79566,1651333260,2022-04-30T15:41:00
1.78398,1.79278,1.78398,1.79278,1651331580,2022-04-30T15:13:00
1.77218,1.79397,1.77218,1.79397,1651331520,2022-04-30T15:12:00
1.7841,1.7841,1.7841,1.7841,1651331460,2022-04-30T15:11:00
1.82243,1.82243,1.82243,1.82243,1651328880,2022-04-30T14:28:00
1.79592,1.80846,1.79592,1.80846,1651328400,2022-04-30T14:20:00
1.80419,1.80419,1.80419,1.80419,1651328340,2022-04-30T14:19:00
1.79388,1.79388,1.79388,1.79388,1651327140,2022-04-30T13:59:00
1.78689,1.78689,1.78689,1.78689,1651325940,2022-04-30T13:39:00
1.78377,1.78377,1.78377,1.78377,1651308300,2022-04-30T08:45:00
1.77034,1.77034,1.77034,1.77034,1651307760,2022-04-30T08:36:00
1.75572,1.75572,1.75572,1.75572,1651304160,2022-04-30T07:36:00
1.79925,1.79925,1.79925,1.79925,1651303380,2022-04-30T07:23:00
1.81368,1.81368,1.81368,1.81368,1651295460,2022-04-30T05:11:00
1.81621,1.81621,1.81621,1.81621,1651290480,2022-04-30T03:48:00
1.81765,1.81765,1.81765,1.81765,1651290420,2022-04-30T03:47:00
1.84711,1.84711,1.84711,1.84711,1651278600,2022-04-30T00:30:00
1.85154,1.85154,1.85154,1.85154,1651277520,2022-04-30T00:12:00
1.84044,1.84044,1.84044,1.84044,1651275660,2022-04-29T23:41:00
1.85189,1.85189,1.85189,1.85189,1651274940,2022-04-29T23:29:00
1.86559,1.86559,1.86559,1.86559,1651274280,2022-04-29T23:18:00
1.85227,1.85227,1.85227,1.85227,1651273740,2022-04-29T23:09:00
1.86034,1.86034,1.86034,1.86034,1651273200,2022-04-29T23:00:00
1.86283,1.86283,1.86283,1.86283,1651270740,2022-04-29T22:19:00
1.88496,1.88496,1.88496,1.88496,1651256460,2022-04-29T18:21:00
1.88987,1.88987,1.88987,1.88987,1651255020,2022-04-29T17:57:00
1.89822,1.89822,1.89822,1.89822,1651253220,2022-04-29T17:27:00
1.90569,1.90569,1.90569,1.90569,1651252980,2022-04-29T17:23:00
1.86643,1.88685,1.86403,1.88685,1651250700,2022-04-29T16:45:00
1.88134,1.88134,1.88134,1.88134,1651250340,2022-04-29T16:39:00
1.90075,1.90075,1.90075,1.90075,1651247760,2022-04-29T15:56:00
1.90045,1.90045,1.90045,1.90045,1651245960,2022-04-29T15:26:00
1.89335,1.89335,1.89335,1.89335,1651245540,2022-04-29T15:19:00
1.91219,1.91219,1.91219,1.91219,1651242780,2022-04-29T14:33:00
1.90148,1.90148,1.90148,1.90148,1651240320,2022-04-29T13:52:00
1.89341,1.89341,1.89341,1.89341,1651237800,2022-04-29T13:10:00
1.91213,1.91213,1.91213,1.91213,1651236960,2022-04-29T12:56:00
1.95353,1.95353,1.95353,1.95353,1651236600,2022-04-29T12:50:00
1.93755,1.99256,1.93755,1.99256,1651236540,2022-04-29T12:49:00
1.83745,1.83745,1.83745,1.83745,1651235340,2022-04-29T12:29:00
1.80901,1.81903,1.80901,1.81903,1651234560,2022-04-29T12:16:00
1.81488,1.81488,1.81488,1.81488,1651233780,2022-04-29T12:03:00
1.83031,1.83031,1.82318,1.82318,1651233480,2022-04-29T11:58:00
1.8374,1.8374,1.8374,1.8374,1651233360,2022-04-29T11:56:00
1.87402,1.87402,1.87402,1.87402,1651227420,2022-04-29T10:17:00
1.87299,1.88782,1.87299,1.88782,1651222860,2022-04-29T09:01:00
1.87286,1.87286,1.87286,1.87286,1651220520,2022-04-29T08:22:00
1.90119,1.90119,1.90119,1.90119,1651219620,2022-04-29T08:07:00
1.91126,1.91126,1.91126,1.91126,1651216080,2022-04-29T07:08:00
1.89567,1.89567,1.89567,1.89567,1651215780,2022-04-29T07:03:00
1.9011,1.9011,1.9011,1.9011,1651215120,2022-04-29T06:52:00
1.89486,1.89486,1.89486,1.89486,1651214040,2022-04-29T06:34:00
1.92585,1.92585,1.92585,1.92585,1651213980,2022-04-29T06:33:00
1.94789,1.94789,1.94789,1.94789,1651207800,2022-04-29T04:50:00
1.95781,1.95781,1.95781,1.95781,1651204980,2022-04-29T04:03:00
1.9527,1.9527,1.9527,1.9527,1651193820,2022-04-29T00:57:00
1.97024,1.97024,1.97024,1.97024,1651191480,2022-04-29T00:18:00
1.96527,1.96527,1.96527,1.96527,1651189620,2022-04-28T23:47:00
1.9777,1.9777,1.9777,1.9777,1651185360,2022-04-28T22:36:00
1.96405,1.96405,1.96405,1.96405,1651184880,2022-04-28T22:28:00
1.95474,1.95474,1.95474,1.95474,1651176300,2022-04-28T20:05:00
1.96679,1.96679,1.96679,1.96679,1651175520,2022-04-28T19:52:00
1.95746,1.95746,1.95746,1.95746,1651174920,2022-04-28T19:42:00
1.92088,1.92088,1.92088,1.92088,1651166580,2022-04-28T17:23:00
1.92284,1.92284,1.92284,1.92284,1651166460,2022-04-28T17:21:00
1.93034,1.93034,1.93034,1.93034,1651166400,2022-04-28T17:20:00
1.90514,1.90514,1.90514,1.90514,1651160880,2022-04-28T15:48:00
1.88742,1.88742,1.88742,1.88742,1651155000,2022-04-28T14:10:00
1.88105,1.88105,1.88105,1.88105,1651154760,2022-04-28T14:06:00
1.86389,1.86389,1.86389,1.86389,1651154280,2022-04-28T13:58:00
1.86812,1.86812,1.86812,1.86812,1651150140,2022-04-28T12:49:00
1.87941,1.87941,1.87941,1.87941,1651145820,2022-04-28T11:37:00
1.88732,1.88732,1.88732,1.88732,1651134720,2022-04-28T08:32:00
1.89102,1.89102,1.89102,1.89102,1651134000,2022-04-28T08:20:00
1.92151,1.92151,1.909,1.909,1651132920,2022-04-28T08:02:00
1.88845,1.88845,1.88845,1.88845,1651132800,2022-04-28T08:00:00
1.85156,1.85156,1.85156,1.85156,1651130760,2022-04-28T07:26:00
1.88333,1.88333,1.88333,1.88333,1651123680,2022-04-28T05:28:00
1.84649,1.84649,1.84649,1.84649,1651118100,2022-04-28T03:55:00
1.84543,1.84543,1.84543,1.84543,1651115520,2022-04-28T03:12:00
1.81567,1.82613,1.81567,1.82613,1651111200,2022-04-28T02:00:00
1.83383,1.83383,1.83383,1.83383,1651107000,2022-04-28T00:50:00
1.84166,1.84166,1.84166,1.84166,1651103160,2022-04-27T23:46:00
1.82679,1.82679,1.82679,1.82679,1651102440,2022-04-27T23:34:00
1.83033,1.83033,1.83033,1.83033,1651102320,2022-04-27T23:32:00
1.83815,1.83815,1.83815,1.83815,1651102140,2022-04-27T23:29:00
1.85241,1.85241,1.85241,1.85241,1651101360,2022-04-27T23:16:00
1.8418,1.8418,1.8418,1.8418,1651099920,2022-04-27T22:52:00
1.84997,1.84997,1.84997,1.84997,1651099620,2022-04-27T22:47:00
1.84484,1.84484,1.84484,1.84484,1651097760,2022-04-27T22:16:00
1.85139,1.85139,1.85139,1.85139,1651097460,2022-04-27T22:11:00
1.85791,1.85791,1.85791,1.85791,1651097040,2022-04-27T22:04:00
1.84955,1.84955,1.84955,1.84955,1651096980,2022-04-27T22:03:00
1.86696,1.86696,1.85827,1.85827,1651096860,2022-04-27T22:01:00
1.89515,1.89515,1.89515,1.89515,1651096140,2022-04-27T21:49:00
1.88788,1.88788,1.88788,1.88788,1651093620,2022-04-27T21:07:00
1.86524,1.86524,1.86524,1.86524,1651093500,2022-04-27T21:05:00
1.88199,1.88199,1.88199,1.88199,1651093440,2022-04-27T21:04:00
1.88678,1.88678,1.88678,1.88678,1651088700,2022-04-27T19:45:00
1.86108,1.86108,1.86108,1.86108,1651085760,2022-04-27T18:56:00
1.86371,1.86371,1.86371,1.86371,1651085400,2022-04-27T18:50:00
1.88064,1.88064,1.88064,1.88064,1651079580,2022-04-27T17:13:00
1.86737,1.86737,1.86737,1.86737,1651071900,2022-04-27T15:05:00
1.89924,1.89924,1.89924,1.89924,1651063920,2022-04-27T12:52:00
1.8922,1.8922,1.8922,1.8922,1651062240,2022-04-27T12:24:00
1.89011,1.89011,1.89011,1.89011,1651049880,2022-04-27T08:58:00
1.87023,1.87023,1.87023,1.87023,1651046280,2022-04-27T07:58:00
1.85519,1.85519,1.85519,1.85519,1651040880,2022-04-27T06:28:00
1.86252,1.86252,1.86252,1.86252,1651025160,2022-04-27T02:06:00
1.88006,1.88006,1.88006,1.88006,1651024560,2022-04-27T01:56:00
1.86864,1.86864,1.86864,1.86864,1651022220,2022-04-27T01:17:00
1.86412,1.86412,1.86412,1.86412,1651021980,2022-04-27T01:13:00
1.84354,1.84354,1.84354,1.84354,1651015320,2022-04-26T23:22:00
1.86767,1.86767,1.86767,1.86767,1651010220,2022-04-26T21:57:00
1.87369,1.87369,1.85877,1.85877,1651008900,2022-04-26T21:35:00
1.85057,1.85057,1.85057,1.85057,1651007280,2022-04-26T21:08:00
1.85805,1.85805,1.85805,1.85805,1651002600,2022-04-26T19:50:00
1.85089,1.85089,1.85089,1.85089,1651001820,2022-04-26T19:37:00
1.85586,1.85586,1.85586,1.85586,1651001220,2022-04-26T19:27:00
1.85827,1.85827,1.85827,1.85827,1650998340,2022-04-26T18:39:00
1.87045,1.87045,1.87045,1.87045,1650997860,2022-04-26T18:31:00
1.8886,1.8886,1.8886,1.8886,1650995520,2022-04-26T17:52:00
1.9127,1.9127,1.9127,1.9127,1650994680,2022-04-26T17:38:00
1.87556,1.87556,1.87556,1.87556,1650994500,2022-04-26T17:35:00
1.84615,1.84615,1.84615,1.84615,1650989760,2022-04-26T16:16:00
1.81341,1.81341,1.81341,1.81341,1650989460,2022-04-26T16:11:00
1.90543,1.90543,1.90543,1.90543,1650988380,2022-04-26T15:53:00
1.91537,1.91537,1.91537,1.91537,1650987600,2022-04-26T15:40:00
1.91986,1.91986,1.91986,1.91986,1650985680,2022-04-26T15:08:00
1.9855,1.9855,1.9855,1.9855,1650978180,2022-04-26T13:03:00
1.97375,1.97375,1.97375,1.97375,1650978120,2022-04-26T13:02:00
1.9901,1.9901,1.9901,1.9901,1650973860,2022-04-26T11:51:00
1.9717,1.9717,1.9717,1.9717,1650973740,2022-04-26T11:49:00
1.97838,1.97838,1.97838,1.97838,1650972720,2022-04-26T11:32:00
1.97281,1.97281,1.97281,1.97281,1650970680,2022-04-26T10:58:00
1.97211,1.97211,1.97211,1.97211,1650970380,2022-04-26T10:53:00
1.99678,1.99678,1.99678,1.99678,1650967740,2022-04-26T10:09:00
2.0228,2.0228,2.0228,2.0228,1650967440,2022-04-26T10:04:00
2.03992,2.03992,2.03992,2.03992,1650964860,2022-04-26T09:21:00
2.05305,2.05305,2.05305,2.05305,1650963600,2022-04-26T09:00:00
2.04298,2.04298,2.04298,2.04298,1650962340,2022-04-26T08:39:00
2.05659,2.05659,2.05659,2.05659,1650961800,2022-04-26T08:30:00
2.06372,2.06372,2.06372,2.06372,1650953040,2022-04-26T06:04:00
2.0478,2.0478,2.0478,2.0478,1650945540,2022-04-26T03:59:00
2.03549,2.03549,2.03549,2.03549,1650941160,2022-04-26T02:46:00
2.03126,2.03126,2.03126,2.03126,1650939600,2022-04-26T02:20:00
2.04884,2.04884,2.04884,2.04884,1650935040,2022-04-26T01:04:00
2.03147,2.03147,2.03147,2.03147,1650934500,2022-04-26T00:55:00
2.0098,2.0098,2.0098,2.0098,1650934080,2022-04-26T00:48:00
1.97489,1.97489,1.97489,1.97489,1650932100,2022-04-26T00:15:00
1.97609,1.97609,1.97609,1.97609,1650926100,2022-04-25T22:35:00
1.97984,1.97984,1.97984,1.97984,1650922680,2022-04-25T21:38:00
2.00692,2.00692,2.00692,2.00692,1650920760,2022-04-25T21:06:00
2.00945,2.00945,2.00945,2.00945,1650916080,2022-04-25T19:48:00
1.99514,1.99514,1.99514,1.99514,1650913740,2022-04-25T19:09:00
1.97896,1.97896,1.97896,1.97896,1650908460,2022-04-25T17:41:00
1.99952,1.99952,1.99952,1.99952,1650906720,2022-04-25T17:12:00
1.95929,1.95929,1.95929,1.95929,1650903360,2022-04-25T16:16:00
1.93689,1.93689,1.93689,1.93689,1650897540,2022-04-25T14:39:00
1.91484,1.91484,1.91484,1.91484,1650891360,2022-04-25T12:56:00
1.88267,1.88267,1.88267,1.88267,1650885360,2022-04-25T11:16:00
1.89493,1.89493,1.89493,1.89493,1650884880,2022-04-25T11:08:00
1.85962,1.85962,1.85962,1.85962,1650875640,2022-04-25T08:34:00
1.84773,1.84773,1.84773,1.84773,1650872940,2022-04-25T07:49:00
1.88131,1.88131,1.88131,1.88131,1650872700,2022-04-25T07:45:00
1.8714,1.8714,1.8714,1.8714,1650872460,2022-04-25T07:41:00
1.87042,1.87042,1.87042,1.87042,1650871920,2022-04-25T07:32:00
1.87484,1.87484,1.87484,1.87484,1650871800,2022-04-25T07:30:00
1.85476,1.85726,1.85476,1.85726,1650871620,2022-04-25T07:27:00
1.9033,1.9033,1.9033,1.9033,1650871560,2022-04-25T07:26:00
1.93886,1.93886,1.93886,1.93886,1650870420,2022-04-25T07:07:00
1.95952,1.95952,1.95952,1.95952,1650869520,2022-04-25T06:52:00
1.93895,1.93895,1.93895,1.93895,1650869280,2022-04-25T06:48:00
1.9955,1.9955,1.9955,1.9955,1650853860,2022-04-25T02:31:00
1.98695,1.98695,1.98695,1.98695,1650848160,2022-04-25T00:56:00
2.01553,2.01553,2.01553,2.01553,1650846660,2022-04-25T00:31:00
2.06039,2.06039,2.06039,2.06039,1650846600,2022-04-25T00:30:00
2.14992,2.14992,2.14992,2.14992,1650836700,2022-04-24T21:45:00
2.14483,2.14483,2.14483,2.14483,1650832500,2022-04-24T20:35:00
2.12458,2.12458,2.12458,2.12458,1650832440,2022-04-24T20:34:00
2.11588,2.11588,2.11588,2.11588,1650828060,2022-04-24T19:21:00
2.09972,2.09972,2.09972,2.09972,1650826500,2022-04-24T18:55:00
2.07824,2.07824,2.07824,2.07824,1650823380,2022-04-24T18:03:00
2.08875,2.08875,2.08875,2.08875,1650822240,2022-04-24T17:44:00
2.04846,2.07674,2.04846,2.07674,1650821700,2022-04-24T17:35:00
2.04361,2.04361,2.04361,2.04361,1650821640,2022-04-24T17:34:00
2.01373,2.01373,2.01373,2.01373,1650818340,2022-04-24T16:39:00
1.99157,1.99157,1.99157,1.99157,1650817980,2022-04-24T16:33:00
1.97677,1.97677,1.97677,1.97677,1650802920,2022-04-24T12:22:00
2.00176,2.00176,2.00176,2.00176,1650795180,2022-04-24T10:13:00
2.00774,2.00774,2.00774,2.00774,1650794400,2022-04-24T10:00:00
1.99349,1.99349,1.99349,1.99349,1650794340,2022-04-24T09:59:00
1.98554,1.98554,1.98554,1.98554,1650794280,2022-04-24T09:58:00
1.9708,1.9708,1.9708,1.9708,1650792900,2022-04-24T09:35:00
1.97269,1.97269,1.97269,1.97269,1650785400,2022-04-24T07:30:00
1.96127,1.96127,1.96127,1.96127,1650785220,2022-04-24T07:27:00
1.9538,1.9538,1.9538,1.9538,1650785160,2022-04-24T07:26:00
1.94603,1.94603,1.94603,1.94603,1650784980,2022-04-24T07:23:00
1.93329,1.93329,1.93329,1.93329,1650784740,2022-04-24T07:19:00
1.92274,1.92274,1.92274,1.92274,1650783480,2022-04-24T06:58:00
1.93249,1.93249,1.93249,1.93249,1650782580,2022-04-24T06:43:00
1.93053,1.93053,1.93053,1.93053,1650778920,2022-04-24T05:42:00
1.89302,1.89738,1.89302,1.89738,1650778680,2022-04-24T05:38:00
1.92142,1.92142,1.92142,1.92142,1650774840,2022-04-24T04:34:00
1.90548,1.90548,1.90548,1.90548,1650769980,2022-04-24T03:13:00
1.91387,1.91387,1.91387,1.91387,1650767640,2022-04-24T02:34:00
1.93139,1.93139,1.93139,1.93139,1650761880,2022-04-24T00:58:00
1.93229,1.93229,1.93229,1.93229,1650761460,2022-04-24T00:51:00
1.89094,1.89094,1.89094,1.89094,1650760080,2022-04-24T00:28:00
1.87837,1.87837,1.87837,1.87837,1650759720,2022-04-24T00:22:00
1.88781,1.88781,1.88781,1.88781,1650756900,2022-04-23T23:35:00
1.89708,1.89708,1.89708,1.89708,1650752340,2022-04-23T22:19:00
1.8848,1.8848,1.8848,1.8848,1650749820,2022-04-23T21:37:00
1.88082,1.88082,1.88082,1.88082,1650749760,2022-04-23T21:36:00
1.89499,1.89499,1.89499,1.89499,1650747720,2022-04-23T21:02:00
1.90526,1.90526,1.90526,1.90526,1650746760,2022-04-23T20:46:00
1.91217,1.91217,1.91217,1.91217,1650746160,2022-04-23T20:36:00
1.92815,1.92815,1.92815,1.92815,1650726720,2022-04-23T15:12:00
1.94742,1.94742,1.94742,1.94742,1650719580,2022-04-23T13:13:00
1.95451,1.95451,1.95451,1.95451,1650711300,2022-04-23T10:55:00
1.9466,1.9466,1.9466,1.9466,1650694740,2022-04-23T06:19:00
1.95512,1.95512,1.95512,1.95512,1650693960,2022-04-23T06:06:00
1.96897,1.96897,1.96897,1.96897,1650692100,2022-04-23T05:35:00
1.9295,1.9295,1.9295,1.9295,1650682200,2022-04-23T02:50:00
1.91949,1.91949,1.91949,1.91949,1650681120,2022-04-23T02:32:00
1.93198,1.93198,1.93198,1.93198,1650671880,2022-04-22T23:58:00
1.93711,1.93711,1.93711,1.93711,1650667080,2022-04-22T22:38:00
1.96578,1.96578,1.96578,1.96578,1650665940,2022-04-22T22:19:00
1.94969,1.94969,1.94969,1.94969,1650664080,2022-04-22T21:48:00
1.93043,1.93043,1.93043,1.93043,1650663900,2022-04-22T21:45:00
1.91158,1.91158,1.91158,1.91158,1650657900,2022-04-22T20:05:00
1.90117,1.90117,1.90117,1.90117,1650657780,2022-04-22T20:03:00
1.92642,1.92642,1.92642,1.92642,1650657420,2022-04-22T19:57:00
1.96609,1.96609,1.96609,1.96609,1650657120,2022-04-22T19:52:00
2.01173,2.01173,2.01173,2.01173,1650655860,2022-04-22T19:31:00
2.03087,2.03087,2.03087,2.03087,1650643080,2022-04-22T15:58:00
2.02842,2.02842,2.02842,2.02842,1650642840,2022-04-22T15:54:00
1.98651,1.98651,1.98651,1.98651,1650642300,2022-04-22T15:45:00
2.01183,2.01183,2.01183,2.01183,1650642120,2022-04-22T15:42:00
2.00771,2.00771,2.00771,2.00771,1650641580,2022-04-22T15:33:00
2.02824,2.02824,2.02824,2.02824,1650640440,2022-04-22T15:14:00
2.01662,2.01662,2.01662,2.01662,1650640200,2022-04-22T15:10:00
2.01303,2.01303,2.01303,2.01303,1650639720,2022-04-22T15:02:00
2.02341,2.0388,2.02341,2.0388,1650636060,2022-04-22T14:01:00
2.06425,2.06425,2.06425,2.06425,1650635940,2022-04-22T13:59:00
2.14389,2.14389,2.14389,2.14389,1650630360,2022-04-22T12:26:00
2.15216,2.15216,2.15216,2.15216,1650629280,2022-04-22T12:08:00
2.15884,2.15884,2.15884,2.15884,1650627840,2022-04-22T11:44:00
2.16559,2.16559,2.16559,2.16559,1650621360,2022-04-22T09:56:00
2.18106,2.18106,2.18106,2.18106,1650621120,2022-04-22T09:52:00
2.18499,2.18499,2.18499,2.18499,1650620340,2022-04-22T09:39:00
2.20199,2.20199,2.20199,2.20199,1650612000,2022-04-22T07:20:00
2.24678,2.24678,2.24678,2.24678,1650611640,2022-04-22T07:14:00
2.49135,2.49135,2.49135,2.49135,1650610860,2022-04-22T07:01:00
2.25609,2.25609,2.25609,2.25609,1650605760,2022-04-22T05:36:00
2.24232,2.24232,2.24232,2.24232,1650602640,2022-04-22T04:44:00
2.2385,2.2385,2.2385,2.2385,1650599700,2022-04-22T03:55:00
2.19161,2.2039,2.19161,2.2039,1650599580,2022-04-22T03:53:00
2.16546,2.16546,2.16546,2.16546,1650598320,2022-04-22T03:32:00
2.18211,2.18211,2.18211,2.18211,1650595620,2022-04-22T02:47:00
2.16485,2.16485,2.16485,2.16485,1650591360,2022-04-22T01:36:00
2.14478,2.14478,2.14478,2.14478,1650589020,2022-04-22T00:57:00
2.15489,2.15489,2.15489,2.15489,1650584100,2022-04-21T23:35:00
2.1747,2.1747,2.1747,2.1747,1650582600,2022-04-21T23:10:00
2.16791,2.16791,2.16791,2.16791,1650582060,2022-04-21T23:01:00
2.15344,2.15344,2.15344,2.15344,1650581040,2022-04-21T22:44:00
2.16356,2.16356,2.16356,2.16356,1650580200,2022-04-21T22:30:00
2.18964,2.18964,2.18964,2.18964,1650578700,2022-04-21T22:05:00
2.20777,2.20777,2.20777,2.20777,1650575880,2022-04-21T21:18:00
2.19399,2.19399,2.19399,2.19399,1650575160,2022-04-21T21:06:00
2.20685,2.20685,2.20685,2.20685,1650574740,2022-04-21T20:59:00
2.18251,2.19547,2.18251,2.19547,1650573480,2022-04-21T20:38:00
2.20737,2.20737,2.20737,2.20737,1650572340,2022-04-21T20:19:00
2.23703,2.23703,2.23703,2.23703,1650567780,2022-04-21T19:03:00
2.2226,2.2226,2.2226,2.2226,1650567540,2022-04-21T18:59:00
2.23867,2.23867,2.23867,2.23867,1650566460,2022-04-21T18:41:00
2.26642,2.26642,2.26642,2.26642,1650565620,2022-04-21T18:27:00
2.31628,2.31628,2.31628,2.31628,1650554280,2022-04-21T15:18:00
2.29865,2.29865,2.29865,2.29865,1650554100,2022-04-21T15:15:00
2.32983,2.32983,2.32983,2.32983,1650553200,2022-04-21T15:00:00
2.34941,2.34941,2.34941,2.34941,1650551700,2022-04-21T14:35:00
2.32656,2.32656,2.32656,2.32656,1650550260,2022-04-21T14:11:00
2.34168,2.34168,2.34168,2.34168,1650543540,2022-04-21T12:19:00
2.38,2.38,2.38,2.38,1650540300,2022-04-21T11:25:00
2.33374,2.33374,2.33374,2.33374,1650535680,2022-04-21T10:08:00
2.31784,2.31784,2.31784,2.31784,1650535620,2022-04-21T10:07:00
2.31938,2.31938,2.31938,2.31938,1650533880,2022-04-21T09:38:00
2.31538,2.31757,2.31538,2.31757,1650529320,2022-04-21T08:22:00
2.3191,2.3191,2.3191,2.3191,1650523980,2022-04-21T06:53:00
2.31598,2.31598,2.31598,2.31598,1650522480,2022-04-21T06:28:00
2.31207,2.31207,2.31207,2.31207,1650519600,2022-04-21T05:40:00
2.27064,2.27064,2.27064,2.27064,1650519000,2022-04-21T05:30:00
2.30693,2.30693,2.30693,2.30693,1650516780,2022-04-21T04:53:00
2.2956,2.2956,2.2956,2.2956,1650511860,2022-04-21T03:31:00
2.29503,2.30748,2.29503,2.30748,1650509040,2022-04-21T02:44:00
2.30234,2.30234,2.30234,2.30234,1650508980,2022-04-21T02:43:00
2.34353,2.34353,2.34353,2.34353,1650508740,2022-04-21T02:39:00
2.32113,2.32113,2.32113,2.32113,1650504120,2022-04-21T01:22:00
2.27166,2.27166,2.27166,2.27166,1650503880,2022-04-21T01:18:00
2.41735,2.41735,2.41735,2.41735,1650502980,2022-04-21T01:03:00
2.41144,2.41144,2.41144,2.41144,1650494700,2022-04-20T22:45:00
2.40162,2.40162,2.40162,2.40162,1650491460,2022-04-20T21:51:00
2.39688,2.39688,2.39688,2.39688,1650488700,2022-04-20T21:05:00
2.419,2.419,2.419,2.419,1650488520,2022-04-20T21:02:00
2.40629,2.40629,2.38917,2.38917,1650487260,2022-04-20T20:41:00
2.47802,2.47802,2.47802,2.47802,1650487080,2022-04-20T20:38:00
2.47376,2.47376,2.47376,2.47376,1650484560,2022-04-20T19:56:00
2.44751,2.44751,2.44751,2.44751,1650481140,2022-04-20T18:59:00
2.46276,2.46276,2.46276,2.46276,1650480480,2022-04-20T18:48:00
2.47665,2.47665,2.47665,2.47665,1650480420,2022-04-20T18:47:00
2.48254,2.48254,2.48254,2.48254,1650480120,2022-04-20T18:42:00
2.50414,2.50414,2.50414,2.50414,1650478800,2022-04-20T18:20:00
2.51473,2.51473,2.51473,2.51473,1650477960,2022-04-20T18:06:00
2.51795,2.51795,2.51795,2.51795,1650474660,2022-04-20T17:11:00
2.48691,2.48691,2.48691,2.48691,1650469020,2022-04-20T15:37:00
2.50964,2.50964,2.50964,2.50964,1650467940,2022-04-20T15:19:00
2.50379,2.50379,2.50379,2.50379,1650467280,2022-04-20T15:08:00
2.53529,2.53529,2.53529,2.53529,1650466440,2022-04-20T14:54:00
2.54371,2.54371,2.54371,2.54371,1650465420,2022-04-20T14:37:00
2.55361,2.55361,2.55361,2.55361,1650465300,2022-04-20T14:35:00
2.563,2.563,2.563,2.563,1650463980,2022-04-20T14:13:00
2.60779,2.60779,2.60779,2.60779,1650459900,2022-04-20T13:05:00
2.6298,2.6298,2.6298,2.6298,1650459780,2022-04-20T13:03:00
2.6556,2.6556,2.6556,2.6556,1650459720,2022-04-20T13:02:00
2.6335,2.6528,2.6335,2.6528,1650459540,2022-04-20T12:59:00
2.6472,2.6472,2.6472,2.6472,1650459360,2022-04-20T12:56:00
2.67027,2.67027,2.67027,2.67027,1650459180,2022-04-20T12:53:00
2.77742,2.77742,2.77742,2.77742,1650459120,2022-04-20T12:52:00
2.60834,2.60834,2.60834,2.60834,1650459060,2022-04-20T12:51:00
2.40487,2.40487,2.40487,2.40487,1650458160,2022-04-20T12:36:00
2.40654,2.40654,2.40654,2.40654,1650456960,2022-04-20T12:16:00
2.36026,2.36026,2.36026,2.36026,1650455280,2022-04-20T11:48:00
2.36263,2.36263,2.36263,2.36263,1650454320,2022-04-20T11:32:00
2.37597,2.37597,2.37597,2.37597,1650452580,2022-04-20T11:03:00
2.35322,2.35322,2.35322,2.35322,1650450780,2022-04-20T10:33:00
2.35925,2.35925,2.35925,2.35925,1650449580,2022-04-20T10:13:00
2.36511,2.36511,2.36511,2.36511,1650445140,2022-04-20T08:59:00
2.34092,2.34092,2.34092,2.34092,1650442560,2022-04-20T08:16:00
2.34021,2.34021,2.34021,2.34021,1650433740,2022-04-20T05:49:00
2.34473,2.34473,2.34473,2.34473,1650432960,2022-04-20T05:36:00
2.35343,2.35343,2.35343,2.35343,1650427500,2022-04-20T04:05:00
2.34181,2.34181,2.34181,2.34181,1650421140,2022-04-20T02:19:00
2.31511,2.31511,2.31511,2.31511,1650416400,2022-04-20T01:00:00
2.34645,2.34645,2.34645,2.34645,1650416160,2022-04-20T00:56:00
2.35167,2.35167,2.35167,2.35167,1650414540,2022-04-20T00:29:00
2.29099,2.29099,2.29099,2.29099,1650401940,2022-04-19T20:59:00
2.29679,2.29679,2.29679,2.29679,1650399480,2022-04-19T20:18:00
2.31562,2.31562,2.31562,2.31562,1650396540,2022-04-19T19:29:00
2.29087,2.29087,2.29087,2.29087,1650394260,2022-04-19T18:51:00
2.29666,2.29666,2.29666,2.29666,1650392880,2022-04-19T18:28:00
2.30466,2.30466,2.30466,2.30466,1650391440,2022-04-19T18:04:00
2.28277,2.28277,2.28277,2.28277,1650388260,2022-04-19T17:11:00
2.33443,2.33443,2.30502,2.30502,1650387180,2022-04-19T16:53:00
2.35641,2.35641,2.35641,2.35641,1650386460,2022-04-19T16:41:00
2.36144,2.36144,2.36144,2.36144,1650386400,2022-04-19T16:40:00
2.36439,2.36439,2.36439,2.36439,1650386220,2022-04-19T16:37:00
2.26736,2.26736,2.26736,2.26736,1650378780,2022-04-19T14:33:00
2.2555,2.2555,2.2555,2.2555,1650378420,2022-04-19T14:27:00
2.27155,2.27155,2.27155,2.27155,1650378000,2022-04-19T14:20:00
2.28587,2.28587,2.28587,2.28587,1650377940,2022-04-19T14:19:00
2.39982,2.39982,2.39982,2.39982,1650377700,2022-04-19T14:15:00
2.35911,2.35911,2.35911,2.35911,1650377580,2022-04-19T14:13:00
2.30043,2.30043,2.30043,2.30043,1650377460,2022-04-19T14:11:00
2.2754,2.2754,2.2754,2.2754,1650377340,2022-04-19T14:09:00
2.25922,2.25922,2.25922,2.25922,1650377280,2022-04-19T14:08:00
2.18228,2.18228,2.18228,2.18228,1650377160,2022-04-19T14:06:00
2.16266,2.16266,2.16266,2.16266,1650371220,2022-04-19T12:27:00
2.18535,2.18535,2.18535,2.18535,1650370620,2022-04-19T12:17:00
2.19357,2.19357,2.19357,2.19357,1650368400,2022-04-19T11:40:00
2.20086,2.20086,2.20086,2.20086,1650365280,2022-04-19T10:48:00
2.19559,2.19559,2.19559,2.19559,1650364440,2022-04-19T10:34:00
2.19823,2.19823,2.19823,2.19823,1650362820,2022-04-19T10:07:00
2.17656,2.17656,2.17656,2.17656,1650362700,2022-04-19T10:05:00
2.16248,2.16248,2.16248,2.16248,1650361860,2022-04-19T09:51:00
2.15583,2.15583,2.15583,2.15583,1650359700,2022-04-19T09:15:00
2.16567,2.16567,2.16567,2.16567,1650343560,2022-04-19T04:46:00
2.17798,2.17798,2.17798,2.17798,1650341940,2022-04-19T04:19:00
2.17087,2.17087,2.17087,2.17087,1650338100,2022-04-19T03:15:00
2.17167,2.17167,2.17167,2.17167,1650336540,2022-04-19T02:49:00
2.1801,2.1801,2.1801,2.1801,1650336360,2022-04-19T02:46:00
2.18131,2.19398,2.18131,2.19398,1650335340,2022-04-19T02:29:00
2.18085,2.18085,2.18085,2.18085,1650335280,2022-04-19T02:28:00
2.20437,2.20437,2.20437,2.20437,1650330060,2022-04-19T01:01:00
2.18751,2.18751,2.18751,2.18751,1650327660,2022-04-19T00:21:00
2.16692,2.16692,2.16692,2.16692,1650327540,2022-04-19T00:19:00
2.15009,2.15009,2.15009,2.15009,1650327360,2022-04-19T00:16:00
2.11376,2.11376,2.11376,2.11376,1650325380,2022-04-18T23:43:00
2.11466,2.11466,2.11466,2.11466,1650325320,2022-04-18T23:42:00
2.1506,2.1506,2.1506,2.1506,1650324480,2022-04-18T23:28:00
2.14106,2.14106,2.14106,2.14106,1650324180,2022-04-18T23:23:00
2.12431,2.12431,2.12431,2.12431,1650322980,2022-04-18T23:03:00
2.12357,2.12357,2.12357,2.12357,1650321720,2022-04-18T22:42:00
2.12459,2.12459,2.12459,2.12459,1650321000,2022-04-18T22:30:00
2.1379,2.1379,2.1379,2.1379,1650320760,2022-04-18T22:26:00
2.11651,2.12783,2.11651,2.12783,1650318240,2022-04-18T21:44:00
2.10621,2.10621,2.10621,2.10621,1650313260,2022-04-18T20:21:00
2.08956,2.08956,2.08956,2.08956,1650310980,2022-04-18T19:43:00
2.11029,2.11029,2.11029,2.11029,1650309780,2022-04-18T19:23:00
2.10104,2.10104,2.10104,2.10104,1650309300,2022-04-18T19:15:00
2.11819,2.11819,2.11819,2.11819,1650308400,2022-04-18T19:00:00
2.10415,2.10415,2.10415,2.10415,1650308280,2022-04-18T18:58:00
2.08238,2.08238,2.08238,2.08238,1650307920,2022-04-18T18:52:00
2.05579,2.05579,2.05579,2.05579,1650306720,2022-04-18T18:32:00
2.04601,2.04601,2.04601,2.04601,1650306300,2022-04-18T18:25:00
2.0105,2.0105,2.0105,2.0105,1650301980,2022-04-18T17:13:00
1.98312,1.98312,1.98312,1.98312,1650297960,2022-04-18T16:06:00
2.0102,2.0102,2.0102,2.0102,1650297300,2022-04-18T15:55:00
2.00734,2.00734,2.00734,2.00734,1650297120,2022-04-18T15:52:00
2.02108,2.02108,2.02108,2.02108,1650287400,2022-04-18T13:10:00
2.01599,2.01599,2.01599,2.01599,1650287280,2022-04-18T13:08:00
1.98228,1.98228,1.98228,1.98228,1650286320,2022-04-18T12:52:00
1.94449,1.94449,1.94449,1.94449,1650282660,2022-04-18T11:51:00
1.91863,1.91863,1.91863,1.91863,1650282300,2022-04-18T11:45:00
1.93137,1.93137,1.93137,1.93137,1650280380,2022-04-18T11:13:00
1.91718,1.91718,1.91718,1.91718,1650276900,2022-04-18T10:15:00
1.90573,1.90573,1.90573,1.90573,1650271140,2022-04-18T08:39:00
1.90763,1.90763,1.90763,1.90763,1650271020,2022-04-18T08:37:00
1.90972,1.90972,1.90972,1.90972,1650268260,2022-04-18T07:51:00
1.90323,1.90323,1.89017,1.89017,1650264360,2022-04-18T06:46:00
1.87595,1.87595,1.87595,1.87595,1650264240,2022-04-18T06:44:00
1.88012,1.88012,1.88012,1.88012,1650263340,2022-04-18T06:29:00
1.88275,1.88275,1.88275,1.88275,1650262800,2022-04-18T06:20:00
1.89989,1.89989,1.89989,1.89989,1650260640,2022-04-18T05:44:00
1.90689,1.90689,1.90689,1.90689,1650260520,2022-04-18T05:42:00
1.87485,1.87485,1.87485,1.87485,1650260460,2022-04-18T05:41:00
1.88413,1.88413,1.85166,1.85166,1650260400,2022-04-18T05:40:00
1.94337,1.94337,1.94337,1.94337,1650256800,2022-04-18T04:40:00
1.97237,1.97237,1.97237,1.97237,1650255720,2022-04-18T04:22:00
2.03529,2.03529,2.03529,2.03529,1650254580,2022-04-18T04:03:00
2.05177,2.05177,2.05177,2.05177,1650252060,2022-04-18T03:21:00
2.0774,2.0774,2.0774,2.0774,1650249000,2022-04-18T02:30:00
2.08368,2.08368,2.08368,2.08368,1650245520,2022-04-18T01:32:00
9.09938,9.09938,9.09938,9.09938,1650232500,2022-04-17T21:55:00
8.92546,8.92546,8.92546,8.92546,1650225540,2022-04-17T19:59:00
5.12701,5.12701,5.12701,5.12701,1650225360,2022-04-17T19:56:00
4.18063,4.21419,4.18063,4.21419,1650225300,2022-04-17T19:55:00
4.52826,4.52826,4.52826,4.52826,1650225240,2022-04-17T19:54:00
9.47638,9.47638,9.47638,9.47638,1650220140,2022-04-17T18:29:00
6.66975,6.66975,6.66975,6.66975,1650214980,2022-04-17T17:03:00
9.77054,9.77054,9.77054,9.77054,1650205560,2022-04-17T14:26:00
8.90974,8.90974,8.90974,8.90974,1650199440,2022-04-17T12:44:00
2.15541,2.15541,2.15541,2.15541,1650199140,2022-04-17T12:39:00
2.14226,2.14226,2.14226,2.14226,1650196740,2022-04-17T11:59:00
2.13042,2.13042,2.13042,2.13042,1650195600,2022-04-17T11:40:00
2.14019,2.14019,2.12168,2.12168,1650193200,2022-04-17T11:00:00
2.09464,2.09464,2.09464,2.09464,1650192840,2022-04-17T10:54:00
2.10938,2.10938,2.10938,2.10938,1650189960,2022-04-17T10:06:00
2.10625,2.10625,2.10625,2.10625,1650184200,2022-04-17T08:30:00
2.07489,2.09039,2.07489,2.09039,1650173820,2022-04-17T05:37:00
2.08056,2.08056,2.08056,2.08056,1650165840,2022-04-17T03:24:00
2.07666,2.07666,2.07666,2.07666,1650162900,2022-04-17T02:35:00
2.07558,2.07558,2.07558,2.07558,1650156000,2022-04-17T00:40:00
2.06535,2.06535,2.06535,2.06535,1650154860,2022-04-17T00:21:00
2.06318,2.06318,2.06318,2.06318,1650154800,2022-04-17T00:20:00
2.09049,2.09049,2.09049,2.09049,1650154380,2022-04-17T00:13:00
2.11807,2.11807,2.11807,2.11807,1650148440,2022-04-16T22:34:00
2.06302,2.06302,2.06302,2.06302,1650146100,2022-04-16T21:55:00
2.03687,2.04051,2.03687,2.04051,1650145320,2022-04-16T21:42:00
2.08737,2.08737,2.08737,2.08737,1650143640,2022-04-16T21:14:00
2.08377,2.08377,2.08377,2.08377,1650140640,2022-04-16T20:24:00
2.07658,2.07658,2.07658,2.07658,1650137940,2022-04-16T19:39:00
2.08315,2.08315,2.08315,2.08315,1650137520,2022-04-16T19:32:00
2.10283,2.10283,2.10283,2.10283,1650136800,2022-04-16T19:20:00
2.17526,2.17526,2.17526,2.17526,1650127320,2022-04-16T16:42:00
2.16934,2.16934,2.16934,2.16934,1650121980,2022-04-16T15:13:00
2.16442,2.16442,2.16442,2.16442,1650119940,2022-04-16T14:39:00
2.14819,2.14819,2.14819,2.14819,1650116160,2022-04-16T13:36:00
2.13509,2.13509,2.13509,2.13509,1650109260,2022-04-16T11:41:00
2.16125,2.16125,2.16125,2.16125,1650108660,2022-04-16T11:31:00
2.15645,2.15645,2.15645,2.15645,1650105480,2022-04-16T10:38:00
2.17137,2.17137,2.17137,2.17137,1650104460,2022-04-16T10:21:00
2.16617,2.16617,2.16617,2.16617,1650104400,2022-04-16T10:20:00
2.18415,2.18415,2.18415,2.18415,1650104280,2022-04-16T10:18:00
2.16843,2.16843,2.16843,2.16843,1650100860,2022-04-16T09:21:00
2.18224,2.18224,2.18224,2.18224,1650100740,2022-04-16T09:19:00
2.20169,2.20169,2.20169,2.20169,1650099780,2022-04-16T09:03:00
2.22184,2.22184,2.22184,2.22184,1650099120,2022-04-16T08:52:00
2.21371,2.21371,2.21371,2.21371,1650099060,2022-04-16T08:51:00
2.20262,2.20262,2.20262,2.20262,1650098100,2022-04-16T08:35:00
2.1849,2.1849,2.1849,2.1849,1650098040,2022-04-16T08:34:00
2.16716,2.16716,2.16716,2.16716,1650097560,2022-04-16T08:26:00
2.16359,2.16359,2.16359,2.16359,1650084900,2022-04-16T04:55:00
2.1549,2.1549,2.1549,2.1549,1650084840,2022-04-16T04:54:00
2.14068,2.14068,2.14068,2.14068,1650082080,2022-04-16T04:08:00
2.13244,2.13476,2.13244,2.13476,1650077340,2022-04-16T02:49:00
2.16692,2.16692,2.16692,2.16692,1650076620,2022-04-16T02:37:00
2.18537,2.18537,2.18537,2.18537,1650076140,2022-04-16T02:29:00
2.19052,2.19052,2.19052,2.19052,1650075420,2022-04-16T02:17:00
2.20862,2.20862,2.20862,2.20862,1650074460,2022-04-16T02:01:00
2.22913,2.22913,2.22913,2.22913,1650070620,2022-04-16T00:57:00
2.26339,2.26339,2.26339,2.26339,1650068400,2022-04-16T00:20:00
2.27275,2.27275,2.27275,2.27275,1650068340,2022-04-16T00:19:00
2.22057,2.22057,2.22057,2.22057,1650068220,2022-04-16T00:17:00
2.18604,2.18604,2.18604,2.18604,1650064620,2022-04-15T23:17:00
2.23423,2.23423,2.23423,2.23423,1650064200,2022-04-15T23:10:00
2.15643,2.15643,2.15643,2.15643,1650057480,2022-04-15T21:18:00
2.25023,2.25023,2.25023,2.25023,1650053640,2022-04-15T20:14:00
2.26668,2.26668,2.26668,2.26668,1650052980,2022-04-15T20:03:00
2.27606,2.27606,2.27606,2.27606,1650049860,2022-04-15T19:11:00
2.25252,2.25252,2.25252,2.25252,1650048180,2022-04-15T18:43:00
2.26731,2.26731,2.26731,2.26731,1650047040,2022-04-15T18:24:00
2.24768,2.24768,2.24768,2.24768,1650039600,2022-04-15T16:20:00
2.24576,2.24576,2.24576,2.24576,1650039060,2022-04-15T16:11:00
2.23641,2.23641,2.23641,2.23641,1650037740,2022-04-15T15:49:00
2.20835,2.20835,2.20835,2.20835,1650030420,2022-04-15T13:47:00
2.21495,2.21495,2.21495,2.21495,1650024660,2022-04-15T12:11:00
2.2286,2.2286,2.2286,2.2286,1650023820,2022-04-15T11:57:00
2.24753,2.24753,2.24753,2.24753,1650018300,2022-04-15T10:25:00
2.26171,2.26171,2.26171,2.26171,1650017340,2022-04-15T10:09:00
2.2559,2.2559,2.2559,2.2559,1650016680,2022-04-15T09:58:00
2.24081,2.24081,2.24081,2.24081,1650014640,2022-04-15T09:24:00
2.25247,2.25247,2.25247,2.25247,1650005760,2022-04-15T06:56:00
2.26696,2.26696,2.26696,2.26696,1650005640,2022-04-15T06:54:00
2.23259,2.23259,2.23259,2.23259,1650005580,2022-04-15T06:53:00
2.23792,2.2973,2.23792,2.2973,1650004500,2022-04-15T06:35:00
2.34328,2.34328,2.34328,2.34328,1650000360,2022-04-15T05:26:00
2.30794,2.30794,2.30794,2.30794,1649994360,2022-04-15T03:46:00
2.2896,2.2896,2.2896,2.2896,1649982900,2022-04-15T00:35:00
2.30262,2.30262,2.30262,2.30262,1649981880,2022-04-15T00:18:00
2.31886,2.31886,2.31886,2.31886,1649978760,2022-04-14T23:26:00
2.30687,2.30687,2.30687,2.30687,1649972340,2022-04-14T21:39:00
2.30529,2.30529,2.30529,2.30529,1649968380,2022-04-14T20:33:00
2.3274,2.3274,2.3274,2.3274,1649957040,2022-04-14T17:24:00
2.36044,2.36044,2.36044,2.36044,1649953800,2022-04-14T16:30:00
2.39367,2.39367,2.39367,2.39367,1649953320,2022-04-14T16:22:00
2.42043,2.42043,2.42043,2.42043,1649952840,2022-04-14T16:14:00
2.40985,2.40985,2.40985,2.40985,1649951880,2022-04-14T15:58:00
2.43333,2.43333,2.43333,2.43333,1649951460,2022-04-14T15:51:00
2.48143,2.48143,2.48143,2.48143,1649948040,2022-04-14T14:54:00
2.50237,2.50237,2.50237,2.50237,1649947920,2022-04-14T14:52:00
2.50218,2.50218,2.50218,2.50218,1649944800,2022-04-14T14:00:00
2.56167,2.56167,2.56167,2.56167,1649941140,2022-04-14T12:59:00
2.5268,2.54332,2.5268,2.54332,1649939880,2022-04-14T12:38:00
2.53804,2.53804,2.53804,2.53804,1649939340,2022-04-14T12:29:00
2.53819,2.53819,2.53819,2.53819,1649937300,2022-04-14T11:55:00
2.52786,2.52786,2.52786,2.52786,1649935980,2022-04-14T11:33:00
2.54555,2.54555,2.54555,2.54555,1649934300,2022-04-14T11:05:00
2.54982,2.54982,2.54982,2.54982,1649933640,2022-04-14T10:54:00
2.53051,2.53051,2.53051,2.53051,1649933580,2022-04-14T10:53:00
2.55623,2.55623,2.55623,2.55623,1649931120,2022-04-14T10:12:00
2.58746,2.58746,2.58746,2.58746,1649930940,2022-04-14T10:09:00
2.59504,2.59504,2.59504,2.59504,1649927280,2022-04-14T09:08:00
2.60679,2.60679,2.60679,2.60679,1649926500,2022-04-14T08:55:00
2.6457,2.6457,2.6457,2.6457,1649926440,2022-04-14T08:54:00
2.64217,2.64217,2.64217,2.64217,1649924880,2022-04-14T08:28:00
2.57543,2.57543,2.57543,2.57543,1649924460,2022-04-14T08:21:00
2.58573,2.58573,2.58573,2.58573,1649922960,2022-04-14T07:56:00
2.58023,2.58023,2.58023,2.58023,1649907360,2022-04-14T03:36:00
2.57933,2.57933,2.57933,2.57933,1649907300,2022-04-14T03:35:00
2.59037,2.59037,2.59037,2.59037,1649905560,2022-04-14T03:06:00
2.58882,2.58882,2.58882,2.58882,1649904840,2022-04-14T02:54:00
2.6415,2.6415,2.6415,2.6415,1649904480,2022-04-14T02:48:00
2.64834,2.64834,2.64834,2.64834,1649896080,2022-04-14T00:28:00
2.64901,2.64901,2.64901,2.64901,1649894220,2022-04-13T23:57:00
2.62071,2.62071,2.62071,2.62071,1649889960,2022-04-13T22:46:00
2.56882,2.56882,2.56882,2.56882,1649880360,2022-04-13T20:06:00
2.5569,2.5569,2.5569,2.5569,1649878020,2022-04-13T19:27:00
2.58807,2.58807,2.58807,2.58807,1649877840,2022-04-13T19:24:00
2.62845,2.62845,2.62845,2.62845,1649877660,2022-04-13T19:21:00
2.58146,2.58146,2.58146,2.58146,1649877540,2022-04-13T19:19:00
2.54444,2.54444,2.54444,2.54444,1649877060,2022-04-13T19:11:00
2.58944,2.58944,2.58944,2.58944,1649876820,2022-04-13T19:07:00
2.53696,2.53696,2.53696,2.53696,1649876760,2022-04-13T19:06:00
2.47661,2.47661,2.47661,2.47661,1649876100,2022-04-13T18:55:00
2.42089,2.42089,2.42089,2.42089,1649871720,2022-04-13T17:42:00
2.45297,2.45297,2.45297,2.45297,1649865960,2022-04-13T16:06:00
2.44826,2.44826,2.44826,2.44826,1649865720,2022-04-13T16:02:00
2.53526,2.53526,2.53526,2.53526,1649865660,2022-04-13T16:01:00
2.45414,2.45414,2.45414,2.45414,1649865600,2022-04-13T16:00:00
2.42052,2.42052,2.42052,2.42052,1649863620,2022-04-13T15:27:00
2.41186,2.41186,2.41186,2.41186,1649862120,2022-04-13T15:02:00
2.45098,2.45098,2.45098,2.45098,1649860740,2022-04-13T14:39:00
2.47831,2.47831,2.47831,2.47831,1649859420,2022-04-13T14:17:00
2.48599,2.48599,2.48599,2.48599,1649858340,2022-04-13T13:59:00
2.47976,2.47976,2.47976,2.47976,1649846100,2022-04-13T10:35:00
2.47173,2.47173,2.47173,2.47173,1649837040,2022-04-13T08:04:00
2.46159,2.46159,2.46159,2.46159,1649832840,2022-04-13T06:54:00
2.44192,2.44192,2.44192,2.44192,1649829900,2022-04-13T06:05:00
2.41639,2.41639,2.41639,2.41639,1649829180,2022-04-13T05:53:00
2.39741,2.39741,2.39741,2.39741,1649828640,2022-04-13T05:44:00
2.38199,2.38199,2.38199,2.38199,1649826900,2022-04-13T05:15:00
2.36,2.36,2.36,2.36,1649821320,2022-04-13T03:42:00
2.38683,2.38683,2.38683,2.38683,1649817720,2022-04-13T02:42:00
2.3414,2.35282,2.3414,2.35282,1649817600,2022-04-13T02:40:00
2.32747,2.32747,2.32747,2.32747,1649814780,2022-04-13T01:53:00
2.38095,2.38095,2.38095,2.38095,1649810220,2022-04-13T00:37:00
2.35479,2.35479,2.35479,2.35479,1649809740,2022-04-13T00:29:00
2.33904,2.33904,2.33904,2.33904,1649809140,2022-04-13T00:19:00
2.31092,2.31092,2.31092,2.31092,1649807220,2022-04-12T23:47:00
2.32587,2.32587,2.32587,2.32587,1649806500,2022-04-12T23:35:00
2.2883,2.2883,2.2883,2.2883,1649806320,2022-04-12T23:32:00
2.2244,2.2244,2.2244,2.2244,1649803500,2022-04-12T22:45:00
2.23192,2.23192,2.23192,2.23192,1649801340,2022-04-12T22:09:00
2.21256,2.21256,2.21256,2.21256,1649801280,2022-04-12T22:08:00
2.12515,2.12515,2.12515,2.12515,1649799720,2022-04-12T21:42:00
2.10936,2.10936,2.10936,2.10936,1649799660,2022-04-12T21:41:00
2.19465,2.19465,2.19465,2.19465,1649799600,2022-04-12T21:40:00
2.20632,2.20632,2.20632,2.20632,1649799360,2022-04-12T21:36:00
2.18415,2.18415,2.18415,2.18415,1649797320,2022-04-12T21:02:00
2.19509,2.19509,2.19509,2.19509,1649796060,2022-04-12T20:41:00
2.19559,2.19559,2.19559,2.19559,1649794800,2022-04-12T20:20:00
2.18987,2.18987,2.18987,2.18987,1649793060,2022-04-12T19:51:00
2.20436,2.20436,2.20436,2.20436,1649792760,2022-04-12T19:46:00
2.22697,2.22697,2.22697,2.22697,1649792640,2022-04-12T19:44:00
2.24035,2.24035,2.24035,2.24035,1649792100,2022-04-12T19:35:00
2.19715,2.19715,2.19715,2.19715,1649791980,2022-04-12T19:33:00
2.21553,2.21556,2.21553,2.21556,1649791800,2022-04-12T19:30:00
2.20539,2.20539,2.20539,2.20539,1649791740,2022-04-12T19:29:00
2.23952,2.23952,2.23952,2.23952,1649791500,2022-04-12T19:25:00
2.25444,2.25444,2.25444,2.25444,1649790780,2022-04-12T19:13:00
2.28332,2.28332,2.28332,2.28332,1649790240,2022-04-12T19:04:00
2.27414,2.27414,2.27414,2.27414,1649789040,2022-04-12T18:44:00
2.31069,2.31069,2.31069,2.31069,1649777820,2022-04-12T15:37:00
2.31582,2.31582,2.31582,2.31582,1649777760,2022-04-12T15:36:00
2.32613,2.32613,2.32613,2.32613,1649776920,2022-04-12T15:22:00
2.31233,2.31233,2.31233,2.31233,1649775540,2022-04-12T14:59:00
2.29728,2.29728,2.29728,2.29728,1649775000,2022-04-12T14:50:00
2.30807,2.30807,2.30807,2.30807,1649774580,2022-04-12T14:43:00
2.29371,2.29371,2.29371,2.29371,1649773740,2022-04-12T14:29:00
2.31349,2.31349,2.31349,2.31349,1649773020,2022-04-12T14:17:00
2.33014,2.33014,2.33014,2.33014,1649771280,2022-04-12T13:48:00
2.30049,2.30049,2.30049,2.30049,1649771040,2022-04-12T13:44:00
2.27719,2.27719,2.27719,2.27719,1649769960,2022-04-12T13:26:00
2.24276,2.24276,2.24276,2.24276,1649769420,2022-04-12T13:17:00
2.20543,2.20543,2.20543,2.20543,1649769300,2022-04-12T13:15:00
2.18765,2.18765,2.18765,2.18765,1649767320,2022-04-12T12:42:00
2.17965,2.17965,2.17965,2.17965,1649766900,2022-04-12T12:35:00
2.15318,2.15318,2.15318,2.15318,1649763060,2022-04-12T11:31:00
2.13825,2.13825,2.13825,2.13825,1649763000,2022-04-12T11:30:00
2.11891,2.11891,2.11891,2.11891,1649762160,2022-04-12T11:16:00
2.1063,2.1063,2.1063,2.1063,1649755020,2022-04-12T09:17:00
2.08802,2.08802,2.08802,2.08802,1649748240,2022-04-12T07:24:00
2.11165,2.11165,2.11165,2.11165,1649745540,2022-04-12T06:39:00
2.173,2.173,2.173,2.173,1649742840,2022-04-12T05:54:00
2.15942,2.15942,2.15942,2.15942,1649741640,2022-04-12T05:34:00
2.14804,2.14804,2.14804,2.14804,1649740980,2022-04-12T05:23:00
2.13468,2.13468,2.13468,2.13468,1649740620,2022-04-12T05:17:00
2.15105,2.15105,2.15105,2.15105,1649739600,2022-04-12T05:00:00
2.16886,2.16886,2.16886,2.16886,1649739480,2022-04-12T04:58:00
2.16495,2.16495,2.16495,2.16495,1649739420,2022-04-12T04:57:00
2.15755,2.15755,2.15755,2.15755,1649735880,2022-04-12T03:58:00
2.14354,2.14354,2.14354,2.14354,1649735760,2022-04-12T03:56:00
2.14581,2.14581,2.14581,2.14581,1649730660,2022-04-12T02:31:00
2.1822,2.1822,2.1822,2.1822,1649725740,2022-04-12T01:09:00
2.17316,2.17316,2.17316,2.17316,1649725380,2022-04-12T01:03:00
2.17326,2.17326,2.17326,2.17326,1649725260,2022-04-12T01:01:00
2.16572,2.16572,2.16572,2.16572,1649723340,2022-04-12T00:29:00
2.1576,2.1576,2.1576,2.1576,1649721420,2022-04-11T23:57:00
2.18563,2.18563,2.18563,2.18563,1649720820,2022-04-11T23:47:00
2.16797,2.16797,2.16797,2.16797,1649720400,2022-04-11T23:40:00
2.13792,2.13792,2.13792,2.13792,1649719380,2022-04-11T23:23:00
2.13835,2.13835,2.13835,2.13835,1649719140,2022-04-11T23:19:00
2.13651,2.13651,2.13651,2.13651,1649712600,2022-04-11T21:30:00
2.12315,2.12315,2.12315,2.12315,1649712180,2022-04-11T21:23:00
2.15237,2.15237,2.15237,2.15237,1649711160,2022-04-11T21:06:00
2.13505,2.13505,2.13505,2.13505,1649709900,2022-04-11T20:45:00
2.13483,2.13483,2.13483,2.13483,1649709720,2022-04-11T20:42:00
2.15935,2.15935,2.15935,2.15935,1649709360,2022-04-11T20:36:00
2.09343,2.09343,2.09343,2.09343,1649709300,2022-04-11T20:35:00
1.99849,1.99849,1.99849,1.99849,1649706840,2022-04-11T19:54:00
1.98783,1.98783,1.98783,1.98783,1649706240,2022-04-11T19:44:00
2.03457,2.03457,2.03457,2.03457,1649704620,2022-04-11T19:17:00
2.02394,2.02394,2.02394,2.02394,1649703720,2022-04-11T19:02:00
2.02419,2.02419,2.02419,2.02419,1649702460,2022-04-11T18:41:00
2.02274,2.02274,2.02274,2.02274,1649699940,2022-04-11T17:59:00
2.01449,2.01449,2.01449,2.01449,1649698560,2022-04-11T17:36:00
1.99916,1.99916,1.99916,1.99916,1649698380,2022-04-11T17:33:00
2.01671,2.01671,2.01671,2.01671,1649696520,2022-04-11T17:02:00
2.04212,2.04212,2.04212,2.04212,1649696160,2022-04-11T16:56:00
2.03082,2.03082,2.03082,2.03082,1649695860,2022-04-11T16:51:00
2.0417,2.0417,2.0417,2.0417,1649695680,2022-04-11T16:48:00
2.03506,2.03506,2.03506,2.03506,1649695620,2022-04-11T16:47:00
2.00256,2.01144,2.00256,2.01144,1649695260,2022-04-11T16:41:00
2.01944,2.01944,2.01944,2.01944,1649694720,2022-04-11T16:32:00
2.01888,2.01888,2.01888,2.01888,1649694660,2022-04-11T16:31:00
2.01563,2.01563,2.01563,2.01563,1649694420,2022-04-11T16:27:00
2.02638,2.02638,2.02638,2.02638,1649693760,2022-04-11T16:16:00
2.04299,2.04299,2.04299,2.04299,1649693520,2022-04-11T16:12:00
2.0255,2.0255,2.0255,2.0255,1649693400,2022-04-11T16:10:00
1.95608,2.00196,1.95608,2.00196,1649693340,2022-04-11T16:09:00
1.88251,1.88251,1.88251,1.88251,1649693280,2022-04-11T16:08:00
2.08594,2.08594,2.04911,2.04911,1649692920,2022-04-11T16:02:00
2.158,2.158,2.158,2.158,1649692740,2022-04-11T15:59:00
2.15495,2.15495,2.15495,2.15495,1649692500,2022-04-11T15:55:00
2.15659,2.15659,2.15659,2.15659,1649691720,2022-04-11T15:42:00
2.19668,2.19668,2.19349,2.19349,1649691060,2022-04-11T15:31:00
2.13571,2.13571,2.13571,2.13571,1649691000,2022-04-11T15:30:00
2.10709,2.10709,2.10709,2.10709,1649689620,2022-04-11T15:07:00
2.11636,2.11636,2.11636,2.11636,1649689440,2022-04-11T15:04:00
2.1823,2.1823,2.1823,2.1823,1649688120,2022-04-11T14:42:00
2.14851,2.14851,2.14851,2.14851,1649687820,2022-04-11T14:37:00
2.09876,2.09876,2.09876,2.09876,1649687760,2022-04-11T14:36:00
2.22762,2.22762,2.22762,2.22762,1649687340,2022-04-11T14:29:00
2.23464,2.23464,2.23464,2.23464,1649687280,2022-04-11T14:28:00
2.22993,2.22993,2.22993,2.22993,1649686680,2022-04-11T14:18:00
2.24613,2.24613,2.24613,2.24613,1649685720,2022-04-11T14:02:00
2.22473,2.22473,2.22473,2.22473,1649685600,2022-04-11T14:00:00
2.14301,2.20455,2.14301,2.20455,1649685420,2022-04-11T13:57:00
2.27575,2.27575,2.27575,2.27575,1649681400,2022-04-11T12:50:00
2.27671,2.27671,2.27671,2.27671,1649680920,2022-04-11T12:42:00
2.25323,2.25323,2.25323,2.25323,1649680560,2022-04-11T12:36:00
2.24603,2.24603,2.24603,2.24603,1649680500,2022-04-11T12:35:00
2.29445,2.29445,2.28248,2.28248,1649680440,2022-04-11T12:34:00
2.31082,2.31082,2.31082,2.31082,1649677620,2022-04-11T11:47:00
2.37832,2.37832,2.37832,2.37832,1649675520,2022-04-11T11:12:00
2.4055,2.4055,2.4055,2.4055,1649674620,2022-04-11T10:57:00
2.3819,2.3819,2.3819,2.3819,1649674020,2022-04-11T10:47:00
2.37449,2.37449,2.37449,2.37449,1649673240,2022-04-11T10:34:00
2.39343,2.39343,2.39343,2.39343,1649672580,2022-04-11T10:23:00
2.35861,2.35861,2.35861,2.35861,1649672280,2022-04-11T10:18:00
2.38883,2.38883,2.38883,2.38883,1649672040,2022-04-11T10:14:00
2.41611,2.41611,2.41611,2.41611,1649671980,2022-04-11T10:13:00
2.32164,2.32164,2.32164,2.32164,1649671740,2022-04-11T10:09:00
2.33867,2.33867,2.31573,2.31573,1649669100,2022-04-11T09:25:00
2.3058,2.3058,2.3058,2.3058,1649667000,2022-04-11T08:50:00
2.37918,2.37918,2.37918,2.37918,1649665380,2022-04-11T08:23:00
2.24789,2.24789,2.23991,2.23991,1649664900,2022-04-11T08:15:00
2.30526,2.30526,2.30526,2.30526,1649664180,2022-04-11T08:03:00
2.32367,2.32367,2.32367,2.32367,1649664000,2022-04-11T08:00:00
2.40375,2.40375,2.40375,2.40375,1649662140,2022-04-11T07:29:00
2.37898,2.37898,2.37898,2.37898,1649661060,2022-04-11T07:11:00
2.34655,2.34655,2.34655,2.34655,1649660160,2022-04-11T06:56:00
2.33471,2.33471,2.33471,2.33471,1649659980,2022-04-11T06:53:00
2.3246,2.3246,2.3246,2.3246,1649657040,2022-04-11T06:04:00
2.32267,2.32267,2.32267,2.32267,1649656560,2022-04-11T05:56:00
2.32119,2.32119,2.32119,2.32119,1649656260,2022-04-11T05:51:00
2.30746,2.30746,2.30746,2.30746,1649655060,2022-04-11T05:31:00
2.31031,2.31754,2.31031,2.31754,1649654580,2022-04-11T05:23:00
2.25641,2.25641,2.25641,2.25641,1649654100,2022-04-11T05:15:00
2.38703,2.38703,2.38703,2.38703,1649651940,2022-04-11T04:39:00
2.37462,2.37462,2.37462,2.37462,1649651820,2022-04-11T04:37:00
2.35786,2.35786,2.35786,2.35786,1649648700,2022-04-11T03:45:00
2.37592,2.37592,2.37592,2.37592,1649648400,2022-04-11T03:40:00
2.39241,2.39241,2.39241,2.39241,1649646840,2022-04-11T03:14:00
2.38816,2.38816,2.38816,2.38816,1649646240,2022-04-11T03:04:00
2.37578,2.37578,2.37578,2.37578,1649645940,2022-04-11T02:59:00
2.37351,2.37351,2.37351,2.37351,1649645040,2022-04-11T02:44:00
2.36008,2.36008,2.36008,2.36008,1649643900,2022-04-11T02:25:00
2.38655,2.38655,2.38655,2.38655,1649639040,2022-04-11T01:04:00
2.40935,2.40935,2.40935,2.40935,1649638200,2022-04-11T00:50:00
2.43415,2.43415,2.40437,2.40437,1649637660,2022-04-11T00:41:00
2.54309,2.54309,2.52635,2.52635,1649634720,2022-04-10T23:52:00
2.58748,2.58748,2.58748,2.58748,1649632440,2022-04-10T23:14:00
2.56596,2.56596,2.56596,2.56596,1649631600,2022-04-10T23:00:00
2.60384,2.60384,2.60384,2.60384,1649625780,2022-04-10T21:23:00
2.60774,2.60774,2.60774,2.60774,1649625300,2022-04-10T21:15:00
2.59708,2.59708,2.59708,2.59708,1649624940,2022-04-10T21:09:00
2.58228,2.58228,2.58228,2.58228,1649620740,2022-04-10T19:59:00
2.57652,2.57652,2.57652,2.57652,1649620680,2022-04-10T19:58:00
2.56441,2.56441,2.56441,2.56441,1649618880,2022-04-10T19:28:00
2.92021,2.92021,2.92021,2.92021,1649616480,2022-04-10T18:48:00
3.10323,3.10323,3.10323,3.10323,1649613540,2022-04-10T17:59:00
3.15585,3.15585,3.15585,3.15585,1649611260,2022-04-10T17:21:00
2.62681,2.65405,2.62681,2.65405,1649608980,2022-04-10T16:43:00
2.63151,2.63151,2.63151,2.63151,1649605980,2022-04-10T15:53:00
2.62342,2.62342,2.62342,2.62342,1649601660,2022-04-10T14:41:00
2.6327,2.6327,2.6327,2.6327,1649601120,2022-04-10T14:32:00
2.64229,2.64229,2.64229,2.64229,1649599620,2022-04-10T14:07:00
2.66408,2.66408,2.66408,2.66408,1649599380,2022-04-10T14:03:00
2.6518,2.6518,2.6518,2.6518,1649599320,2022-04-10T14:02:00
2.64439,2.64439,2.64439,2.64439,1649593680,2022-04-10T12:28:00
2.62162,2.62162,2.62162,2.62162,1649593320,2022-04-10T12:22:00
2.59382,2.59382,2.59382,2.59382,1649585880,2022-04-10T10:18:00
2.57814,2.57814,2.57814,2.57814,1649583420,2022-04-10T09:37:00
2.59026,2.59026,2.59026,2.59026,1649583180,2022-04-10T09:33:00
2.61438,2.61438,2.61438,2.61438,1649582160,2022-04-10T09:16:00
2.60292,2.60292,2.60292,2.60292,1649581020,2022-04-10T08:57:00
2.61967,2.61967,2.61967,2.61967,1649580840,2022-04-10T08:54:00
2.59913,2.59913,2.59913,2.59913,1649580660,2022-04-10T08:51:00
2.54291,2.55162,2.54291,2.55162,1649579160,2022-04-10T08:26:00
2.56847,2.56847,2.56847,2.56847,1649578440,2022-04-10T08:14:00
2.57416,2.57416,2.57416,2.57416,1649578080,2022-04-10T08:08:00
2.60713,2.60713,2.60713,2.60713,1649577360,2022-04-10T07:56:00
2.60355,2.60355,2.60355,2.60355,1649577300,2022-04-10T07:55:00
2.64271,2.64271,2.64009,2.64009,1649577240,2022-04-10T07:54:00
2.65163,2.66203,2.65163,2.66203,1649577120,2022-04-10T07:52:00
2.68067,2.68067,2.68067,2.68067,1649577060,2022-04-10T07:51:00
2.70873,2.70873,2.70873,2.70873,1649575800,2022-04-10T07:30:00
2.75975,2.75975,2.75497,2.75497,1649575740,2022-04-10T07:29:00
2.80039,2.80039,2.80039,2.80039,1649575620,2022-04-10T07:27:00
2.86406,2.86406,2.86406,2.86406,1649574060,2022-04-10T07:01:00
2.8584,2.8584,2.8584,2.8584,1649565780,2022-04-10T04:43:00
2.90211,2.90211,2.90211,2.90211,1649565240,2022-04-10T04:34:00
2.94331,2.94331,2.94331,2.94331,1649562960,2022-04-10T03:56:00
2.96195,2.96195,2.96195,2.96195,1649562000,2022-04-10T03:40:00
2.93416,2.93416,2.93416,2.93416,1649558640,2022-04-10T02:44:00
2.95163,2.95163,2.95163,2.95163,1649557680,2022-04-10T02:28:00
2.941,2.941,2.941,2.941,1649557020,2022-04-10T02:17:00
2.93616,2.93616,2.93616,2.93616,1649551440,2022-04-10T00:44:00
2.91761,2.91761,2.91761,2.91761,1649550000,2022-04-10T00:20:00
3.02212,3.02212,3.02212,3.02212,1649549040,2022-04-10T00:04:00
2.873,2.873,2.873,2.873,1649548560,2022-04-09T23:56:00
2.81707,2.81707,2.81707,2.81707,1649548320,2022-04-09T23:52:00
2.80558,2.80558,2.80558,2.80558,1649548200,2022-04-09T23:50:00
2.14035,2.14035,2.14035,2.14035,1649542620,2022-04-09T22:17:00
2.75087,2.75087,2.75087,2.75087,1649527560,2022-04-09T18:06:00
2.76103,2.76103,2.76103,2.76103,1649525400,2022-04-09T17:30:00
2.77942,2.77942,2.77942,2.77942,1649525280,2022-04-09T17:28:00
2.77723,2.77723,2.77723,2.77723,1649524620,2022-04-09T17:17:00
2.78355,2.78355,2.78355,2.78355,1649521020,2022-04-09T16:17:00
2.80635,2.80635,2.80635,2.80635,1649520780,2022-04-09T16:13:00
2.80592,2.80592,2.80592,2.80592,1649518740,2022-04-09T15:39:00
2.78794,2.78794,2.78794,2.78794,1649518380,2022-04-09T15:33:00
2.79929,2.79929,2.79929,2.79929,1649510940,2022-04-09T13:29:00
2.78143,2.78143,2.78143,2.78143,1649510880,2022-04-09T13:28:00
2.9151,2.9151,2.9151,2.9151,1649506440,2022-04-09T12:14:00
2.89648,2.89648,2.89648,2.89648,1649504340,2022-04-09T11:39:00
2.91182,2.91182,2.91182,2.91182,1649503860,2022-04-09T11:31:00
2.8854,2.8854,2.8854,2.8854,1649502180,2022-04-09T11:03:00
2.90749,2.90749,2.90749,2.90749,1649499360,2022-04-09T10:16:00
2.90035,2.90035,2.90035,2.90035,1649494500,2022-04-09T08:55:00
2.91041,2.91041,2.91041,2.91041,1649490120,2022-04-09T07:42:00
2.95266,2.95266,2.95266,2.95266,1649489580,2022-04-09T07:33:00
3.05165,3.05165,3.05165,3.05165,1649481960,2022-04-09T05:26:00
3.06563,3.06563,3.06563,3.06563,1649477880,2022-04-09T04:18:00
3.04645,3.04645,3.04645,3.04645,1649477700,2022-04-09T04:15:00
2.99748,2.99748,2.99748,2.99748,1649473800,2022-04-09T03:10:00
3.01133,3.01133,3.01133,3.01133,1649473680,2022-04-09T03:08:00
3.05759,3.05759,3.05759,3.05759,1649469960,2022-04-09T02:06:00
3.08526,3.08526,3.08526,3.08526,1649469900,2022-04-09T02:05:00
3.1226,3.1226,3.1226,3.1226,1649469780,2022-04-09T02:03:00
3.15692,3.15692,3.15692,3.15692,1649469660,2022-04-09T02:01:00
3.14601,3.14601,3.14601,3.14601,1649469540,2022-04-09T01:59:00
2.81706,2.81706,2.81706,2.81706,1649466480,2022-04-09T01:08:00
2.82201,2.82201,2.82201,2.82201,1649462760,2022-04-09T00:06:00
2.80118,2.80118,2.80118,2.80118,1649461740,2022-04-08T23:49:00
2.78469,2.78469,2.78469,2.78469,1649461680,2022-04-08T23:48:00
2.80699,2.80699,2.80699,2.80699,1649461080,2022-04-08T23:38:00
2.91918,2.91918,2.91918,2.91918,1649460240,2022-04-08T23:24:00
2.79727,2.79727,2.79727,2.79727,1649455560,2022-04-08T22:06:00
2.7861,2.7861,2.7861,2.7861,1649454540,2022-04-08T21:49:00
2.77588,2.77588,2.77588,2.77588,1649454060,2022-04-08T21:41:00
2.78196,2.78196,2.78196,2.78196,1649453640,2022-04-08T21:34:00
2.77904,2.78258,2.77904,2.78258,1649452440,2022-04-08T21:14:00
2.76289,2.76289,2.76289,2.76289,1649450760,2022-04-08T20:46:00
2.78166,2.78166,2.78166,2.78166,1649450640,2022-04-08T20:44:00
2.76372,2.76372,2.76372,2.76372,1649447880,2022-04-08T19:58:00
2.74929,2.74929,2.74559,2.74559,1649447640,2022-04-08T19:54:00
2.80234,2.80234,2.80234,2.80234,1649445900,2022-04-08T19:25:00
2.82274,2.82274,2.82274,2.82274,1649445600,2022-04-08T19:20:00
2.84057,2.84057,2.84057,2.84057,1649444880,2022-04-08T19:08:00
2.80831,2.80831,2.80831,2.80831,1649443800,2022-04-08T18:50:00
2.79437,2.79437,2.79437,2.79437,1649442480,2022-04-08T18:28:00
2.81773,2.81957,2.81773,2.81957,1649441940,2022-04-08T18:19:00
2.8512,2.8512,2.8512,2.8512,1649440500,2022-04-08T17:55:00
2.92283,2.92283,2.92283,2.92283,1649438580,2022-04-08T17:23:00
2.96176,2.96176,2.96176,2.96176,1649438100,2022-04-08T17:15:00
3.0038,3.0038,2.99308,2.99308,1649436480,2022-04-08T16:48:00
3.014,3.014,3.014,3.014,1649436180,2022-04-08T16:43:00
3.03434,3.03434,3.03434,3.03434,1649436060,2022-04-08T16:41:00
3.051,3.051,3.051,3.051,1649435580,2022-04-08T16:33:00
3.05553,3.05553,3.05553,3.05553,1649435280,2022-04-08T16:28:00
3.06321,3.06321,3.06321,3.06321,1649434620,2022-04-08T16:17:00
3.08029,3.08029,3.08029,3.08029,1649432220,2022-04-08T15:37:00
3.06561,3.06561,3.06561,3.06561,1649430480,2022-04-08T15:08:00
2.98573,2.98573,2.98573,2.98573,1649425200,2022-04-08T13:40:00
3.02231,3.02231,3.02231,3.02231,1649424540,2022-04-08T13:29:00
3.06137,3.06137,3.06137,3.06137,1649424480,2022-04-08T13:28:00
3.10971,3.10971,3.10971,3.10971,1649423400,2022-04-08T13:10:00
3.10182,3.10182,3.10182,3.10182,1649423220,2022-04-08T13:07:00
3.15309,3.15309,3.15309,3.15309,1649419500,2022-04-08T12:05:00
3.18977,3.18977,3.18977,3.18977,1649418780,2022-04-08T11:53:00
3.21691,3.21691,3.21691,3.21691,1649416020,2022-04-08T11:07:00
3.20434,3.20434,3.20434,3.20434,1649414280,2022-04-08T10:38:00
3.21323,3.21323,3.21323,3.21323,1649413260,2022-04-08T10:21:00
3.23602,3.23602,3.23602,3.23602,1649411580,2022-04-08T09:53:00
3.25383,3.25383,3.25383,3.25383,1649409300,2022-04-08T09:15:00
3.25951,3.25951,3.25951,3.25951,1649407740,2022-04-08T08:49:00
3.26186,3.26186,3.26186,3.26186,1649407260,2022-04-08T08:41:00
3.23122,3.23122,3.23122,3.23122,1649403240,2022-04-08T07:34:00
3.23609,3.23609,3.23609,3.23609,1649403000,2022-04-08T07:30:00
3.25978,3.25978,3.25978,3.25978,1649401860,2022-04-08T07:11:00
3.26079,3.26079,3.26079,3.26079,1649401440,2022-04-08T07:04:00
3.28544,3.28544,3.28544,3.28544,1649395980,2022-04-08T05:33:00
3.31816,3.31816,3.31816,3.31816,1649386860,2022-04-08T03:01:00
3.34107,3.34107,3.34107,3.34107,1649386380,2022-04-08T02:53:00
3.30689,3.30689,3.30689,3.30689,1649385540,2022-04-08T02:39:00
3.33502,3.33502,3.33502,3.33502,1649385420,2022-04-08T02:37:00
3.31152,3.31152,3.31152,3.31152,1649384340,2022-04-08T02:19:00
3.2874,3.2874,3.2874,3.2874,1649382780,2022-04-08T01:53:00
3.31547,3.31547,3.31547,3.31547,1649381820,2022-04-08T01:37:00
3.28143,3.28143,3.28143,3.28143,1649380200,2022-04-08T01:10:00
3.28273,3.28273,3.28273,3.28273,1649377080,2022-04-08T00:18:00
3.25508,3.25508,3.25508,3.25508,1649372640,2022-04-07T23:04:00
3.24963,3.24963,3.24963,3.24963,1649372520,2022-04-07T23:02:00
3.22726,3.22726,3.22726,3.22726,1649370900,2022-04-07T22:35:00
3.20438,3.20438,3.20438,3.20438,1649369880,2022-04-07T22:18:00
3.20085,3.20085,3.20085,3.20085,1649366940,2022-04-07T21:29:00
3.22589,3.22589,3.22589,3.22589,1649366880,2022-04-07T21:28:00
3.21725,3.21725,3.21725,3.21725,1649366460,2022-04-07T21:21:00
3.21419,3.24668,3.21419,3.24668,1649365020,2022-04-07T20:57:00
3.19526,3.19526,3.19526,3.19526,1649364960,2022-04-07T20:56:00
3.20668,3.20668,3.20668,3.20668,1649364660,2022-04-07T20:51:00
3.21585,3.21585,3.21585,3.21585,1649362080,2022-04-07T20:08:00
3.19099,3.19099,3.19099,3.19099,1649361960,2022-04-07T20:06:00
3.16748,3.16748,3.16748,3.16748,1649361660,2022-04-07T20:01:00
3.16328,3.16328,3.16328,3.16328,1649360880,2022-04-07T19:48:00
3.14372,3.14372,3.14372,3.14372,1649360340,2022-04-07T19:39:00
3.13984,3.13984,3.13984,3.13984,1649360040,2022-04-07T19:34:00
3.07112,3.07112,3.07112,3.07112,1649359920,2022-04-07T19:32:00
3.03642,3.03642,3.03642,3.03642,1649359560,2022-04-07T19:26:00
2.96617,2.96617,2.96617,2.96617,1649357340,2022-04-07T18:49:00
2.91666,2.91666,2.91666,2.91666,1649356860,2022-04-07T18:41:00
2.9028,2.9028,2.9028,2.9028,1649352180,2022-04-07T17:23:00
2.92981,2.92981,2.88743,2.88743,1649350440,2022-04-07T16:54:00
2.79319,2.79319,2.79319,2.79319,1649349120,2022-04-07T16:32:00
2.77378,2.77378,2.77378,2.77378,1649348640,2022-04-07T16:24:00
2.75021,2.76569,2.75021,2.76569,1649348220,2022-04-07T16:17:00
2.77299,2.77299,2.77299,2.77299,1649347860,2022-04-07T16:11:00
2.80023,2.80023,2.80023,2.80023,1649347740,2022-04-07T16:09:00
2.82248,2.82248,2.82248,2.82248,1649347680,2022-04-07T16:08:00
2.79492,2.79492,2.79492,2.79492,1649345400,2022-04-07T15:30:00
2.83226,2.83226,2.83226,2.83226,1649343420,2022-04-07T14:57:00
2.86001,2.86001,2.86001,2.86001,1649342700,2022-04-07T14:45:00
2.84787,2.84787,2.84787,2.84787,1649341680,2022-04-07T14:28:00
2.86002,2.86002,2.86002,2.86002,1649341620,2022-04-07T14:27:00
2.8454,2.8454,2.8454,2.8454,1649341260,2022-04-07T14:21:00
2.83601,2.83601,2.83601,2.83601,1649340600,2022-04-07T14:10:00
2.84815,2.84815,2.84815,2.84815,1649340540,2022-04-07T14:09:00
2.82388,2.82388,2.82388,2.82388,1649339760,2022-04-07T13:56:00
2.85418,2.85418,2.85418,2.85418,1649339700,2022-04-07T13:55:00
2.81997,2.81997,2.81997,2.81997,1649338140,2022-04-07T13:29:00
2.87709,2.87709,2.86629,2.86629,1649337600,2022-04-07T13:20:00
2.87991,2.87991,2.87991,2.87991,1649336640,2022-04-07T13:04:00
2.8615,2.8615,2.8615,2.8615,1649335080,2022-04-07T12:38:00
2.88598,2.88598,2.88598,2.88598,1649334060,2022-04-07T12:21:00
2.87963,2.87963,2.87963,2.87963,1649333940,2022-04-07T12:19:00
2.81575,2.81575,2.81575,2.81575,1649333100,2022-04-07T12:05:00
2.80867,2.80867,2.80867,2.80867,1649331840,2022-04-07T11:44:00
2.7963,2.7963,2.7963,2.7963,1649331600,2022-04-07T11:40:00
2.78773,2.78773,2.78773,2.78773,1649331360,2022-04-07T11:36:00
2.782,2.782,2.782,2.782,1649331180,2022-04-07T11:33:00
2.76322,2.76322,2.76322,2.76322,1649330820,2022-04-07T11:27:00
2.80273,2.80273,2.80273,2.80273,1649330640,2022-04-07T11:24:00
2.77432,2.77432,2.77432,2.77432,1649330520,2022-04-07T11:22:00
2.74947,2.74947,2.74947,2.74947,1649329440,2022-04-07T11:04:00
2.72765,2.72947,2.72765,2.72947,1649329380,2022-04-07T11:03:00
2.84217,2.84217,2.84217,2.84217,1649327760,2022-04-07T10:36:00
2.87818,2.87818,2.87818,2.87818,1649326560,2022-04-07T10:16:00
2.89668,2.89668,2.89668,2.89668,1649326140,2022-04-07T10:09:00
2.88752,2.88752,2.88752,2.88752,1649325720,2022-04-07T10:02:00
2.87601,2.87601,2.87601,2.87601,1649325480,2022-04-07T09:58:00
2.86547,2.86547,2.86547,2.86547,1649325420,2022-04-07T09:57:00
2.88461,2.88461,2.88461,2.88461,1649322780,2022-04-07T09:13:00
2.87274,2.87274,2.87274,2.87274,1649321280,2022-04-07T08:48:00
2.88949,2.88949,2.88949,2.88949,1649320080,2022-04-07T08:28:00
2.86905,2.86905,2.86905,2.86905,1649319120,2022-04-07T08:12:00
2.85914,2.85914,2.85914,2.85914,1649319060,2022-04-07T08:11:00
2.93829,2.93829,2.93829,2.93829,1649317800,2022-04-07T07:50:00
2.95593,2.95593,2.95593,2.95593,1649317200,2022-04-07T07:40:00
3.00589,3.00589,3.00589,3.00589,1649315580,2022-04-07T07:13:00
3.03964,3.03964,3.03964,3.03964,1649315400,2022-04-07T07:10:00
3.03809,3.03809,3.03809,3.03809,1649315280,2022-04-07T07:08:00
3.02501,3.02501,3.02501,3.02501,1649315040,2022-04-07T07:04:00
3.0151,3.0151,3.0151,3.0151,1649312460,2022-04-07T06:21:00
3.00698,3.00698,3.00698,3.00698,1649311800,2022-04-07T06:10:00
2.97492,2.97492,2.97492,2.97492,1649308680,2022-04-07T05:18:00
2.96076,2.96076,2.96076,2.96076,1649308440,2022-04-07T05:14:00
2.96007,2.96007,2.96007,2.96007,1649308380,2022-04-07T05:13:00
3.03633,3.03633,3.03633,3.03633,1649305800,2022-04-07T04:30:00
3.06413,3.06413,3.06413,3.06413,1649305320,2022-04-07T04:22:00
3.04451,3.04451,3.04451,3.04451,1649305020,2022-04-07T04:17:00
3.05452,3.05452,3.05452,3.05452,1649301300,2022-04-07T03:15:00
3.0779,3.0779,3.0779,3.0779,1649297640,2022-04-07T02:14:00
3.05089,3.05089,3.05089,3.05089,1649295480,2022-04-07T01:38:00
3.03562,3.03562,3.03562,3.03562,1649295300,2022-04-07T01:35:00
3.00114,3.00114,3.00114,3.00114,1649293620,2022-04-07T01:07:00
3.03814,3.03814,3.03814,3.03814,1649292660,2022-04-07T00:51:00
3.08221,3.08221,3.08221,3.08221,1649291100,2022-04-07T00:25:00
3.07255,3.07255,3.07255,3.07255,1649288940,2022-04-06T23:49:00
3.05408,3.05408,3.05408,3.05408,1649288820,2022-04-06T23:47:00
3.07817,3.07817,3.07817,3.07817,1649288100,2022-04-06T23:35:00
3.1053,3.1053,3.1053,3.1053,1649287320,2022-04-06T23:22:00
3.08343,3.08343,3.08343,3.08343,1649286960,2022-04-06T23:16:00
3.07403,3.0907,3.07403,3.0907,1649286060,2022-04-06T23:01:00
3.05396,3.05396,3.05396,3.05396,1649284620,2022-04-06T22:37:00
3.00142,3.00142,3.00142,3.00142,1649284560,2022-04-06T22:36:00
3.12096,3.12096,3.12096,3.12096,1649283540,2022-04-06T22:19:00
3.13051,3.13051,3.13051,3.13051,1649282280,2022-04-06T21:58:00
3.11646,3.11646,3.11646,3.11646,1649281380,2022-04-06T21:43:00
3.10584,3.10584,3.10584,3.10584,1649280960,2022-04-06T21:36:00
3.12638,3.12638,3.12638,3.12638,1649280120,2022-04-06T21:22:00
3.10101,3.10154,3.10101,3.10154,1649279700,2022-04-06T21:15:00
3.13978,3.13978,3.13978,3.13978,1649279520,2022-04-06T21:12:00
3.25585,3.25585,3.15587,3.15587,1649279460,2022-04-06T21:11:00
3.25706,3.25706,3.20206,3.20206,1649279340,2022-04-06T21:09:00
3.21316,3.21316,3.21316,3.21316,1649278980,2022-04-06T21:03:00
3.19998,3.19998,3.19998,3.19998,1649278680,2022-04-06T20:58:00
3.19056,3.19056,3.19056,3.19056,1649278500,2022-04-06T20:55:00
3.16236,3.16236,3.16236,3.16236,1649277960,2022-04-06T20:46:00
3.18463,3.18463,3.18463,3.18463,1649277780,2022-04-06T20:43:00
3.18968,3.18968,3.18968,3.18968,1649277720,2022-04-06T20:42:00
3.23079,3.23079,3.23079,3.23079,1649277660,2022-04-06T20:41:00
3.17166,3.21402,3.17166,3.21402,1649277600,2022-04-06T20:40:00
3.1946,3.20394,3.1946,3.20394,1649277420,2022-04-06T20:37:00
3.14776,3.14776,3.14776,3.14776,1649277180,2022-04-06T20:33:00
3.12288,3.12288,3.12288,3.12288,1649276460,2022-04-06T20:21:00
3.12199,3.12199,3.12199,3.12199,1649275380,2022-04-06T20:03:00
3.11701,3.11701,3.11701,3.11701,1649274900,2022-04-06T19:55:00
3.1069,3.1069,3.1069,3.1069,1649274420,2022-04-06T19:47:00
3.11292,3.11292,3.11292,3.11292,1649272680,2022-04-06T19:18:00
3.10567,3.10567,3.10567,3.10567,1649271660,2022-04-06T19:01:00
3.08394,3.08394,3.08394,3.08394,1649270940,2022-04-06T18:49:00
3.06318,3.06318,3.06318,3.06318,1649270340,2022-04-06T18:39:00
3.04507,3.04507,3.04507,3.04507,1649270040,2022-04-06T18:34:00
3.01708,3.01708,3.01708,3.01708,1649269800,2022-04-06T18:30:00
3.05408,3.05408,3.04171,3.04171,1649269740,2022-04-06T18:29:00
3.04377,3.04377,3.04377,3.04377,1649269620,2022-04-06T18:27:00
3.08788,3.08788,3.08788,3.08788,1649269440,2022-04-06T18:24:00
3.08227,3.08227,3.08227,3.08227,1649269260,2022-04-06T18:21:00
3.06376,3.06376,3.03317,3.03317,1649269140,2022-04-06T18:19:00
3.0439,3.0439,3.0439,3.0439,1649269080,2022-04-06T18:18:00
3.06396,3.06396,3.06396,3.06396,1649268840,2022-04-06T18:14:00
3.0985,3.0985,3.0985,3.0985,1649268780,2022-04-06T18:13:00
3.1653,3.1653,3.1653,3.1653,1649268600,2022-04-06T18:10:00
3.15372,3.15372,3.15372,3.15372,1649268480,2022-04-06T18:08:00
3.20862,3.20862,3.20862,3.20862,1649268240,2022-04-06T18:04:00
3.11227,3.11227,3.11227,3.11227,1649268000,2022-04-06T18:00:00
3.12861,3.12861,3.12861,3.12861,1649267940,2022-04-06T17:59:00
3.07881,3.07881,3.07881,3.07881,1649267760,2022-04-06T17:56:00
3.06612,3.06612,3.06612,3.06612,1649267520,2022-04-06T17:52:00
3.04706,3.04706,3.04706,3.04706,1649267400,2022-04-06T17:50:00
3.06645,3.06645,3.06645,3.06645,1649267280,2022-04-06T17:48:00
3.05638,3.05638,3.05638,3.05638,1649267220,2022-04-06T17:47:00
3.04143,3.04143,3.04143,3.04143,1649266980,2022-04-06T17:43:00
3.0301,3.0301,3.0301,3.0301,1649266860,2022-04-06T17:41:00
3.01533,3.01533,3.01533,3.01533,1649266740,2022-04-06T17:39:00
3.02683,3.02683,3.02683,3.02683,1649266680,2022-04-06T17:38:00
3.09921,3.09921,3.07018,3.07018,1649266560,2022-04-06T17:36:00
3.07961,3.07961,3.07961,3.07961,1649266320,2022-04-06T17:32:00
3.11178,3.11178,3.11178,3.11178,1649266020,2022-04-06T17:27:00
3.10039,3.10039,3.10039,3.10039,1649265960,2022-04-06T17:26:00
3.08231,3.09021,3.08231,3.09021,1649265900,2022-04-06T17:25:00
3.04513,3.083,3.04513,3.083,1649265720,2022-04-06T17:22:00
3.03633,3.03633,3.03633,3.03633,1649265660,2022-04-06T17:21:00
3.08597,3.08597,3.08597,3.08597,1649265600,2022-04-06T17:20:00
3.11541,3.11541,3.11541,3.11541,1649265540,2022-04-06T17:19:00
2.84685,3.05298,2.84685,3.05298,1649265420,2022-04-06T17:17:00
2.74166,2.74166,2.74166,2.74166,1649265360,2022-04-06T17:16:00
3.33579,3.33579,3.33579,3.33579,1649264760,2022-04-06T17:06:00
3.24802,3.24802,3.24802,3.24802,1649264700,2022-04-06T17:05:00
3.46314,3.46314,3.46314,3.46314,1649263260,2022-04-06T16:41:00
3.4776,3.4776,3.4776,3.4776,1649262180,2022-04-06T16:23:00
3.49168,3.49168,3.49168,3.49168,1649262120,2022-04-06T16:22:00
3.4598,3.4598,3.4598,3.4598,1649259360,2022-04-06T15:36:00
3.47717,3.47717,3.47717,3.47717,1649257920,2022-04-06T15:12:00
3.52374,3.52374,3.52374,3.52374,1649256240,2022-04-06T14:44:00
3.45365,3.45365,3.45365,3.45365,1649255100,2022-04-06T14:25:00
3.39912,3.39912,3.39912,3.39912,1649254860,2022-04-06T14:21:00
3.44959,3.44959,3.44959,3.44959,1649254320,2022-04-06T14:12:00
3.4576,3.4576,3.4576,3.4576,1649254080,2022-04-06T14:08:00
3.53272,3.53272,3.53272,3.53272,1649253720,2022-04-06T14:02:00
3.54625,3.54625,3.54625,3.54625,1649253420,2022-04-06T13:57:00
3.41119,3.41119,3.41119,3.41119,1649253360,2022-04-06T13:56:00
3.21669,3.21669,3.21669,3.21669,1649253300,2022-04-06T13:55:00
3.27325,3.27325,3.27325,3.27325,1649252580,2022-04-06T13:43:00
3.31419,3.31419,3.31419,3.31419,1649251560,2022-04-06T13:26:00
3.28722,3.30746,3.28722,3.30746,1649250840,2022-04-06T13:14:00
3.30775,3.30775,3.30775,3.30775,1649249520,2022-04-06T12:52:00
3.29064,3.29064,3.29064,3.29064,1649247540,2022-04-06T12:19:00
3.27342,3.27342,3.27342,3.27342,1649247480,2022-04-06T12:18:00
3.29737,3.29737,3.29737,3.29737,1649247420,2022-04-06T12:17:00
3.31884,3.31884,3.31884,3.31884,1649247360,2022-04-06T12:16:00
3.31799,3.31799,3.31799,3.31799,1649247300,2022-04-06T12:15:00
3.32499,3.32499,3.32499,3.32499,1649246820,2022-04-06T12:07:00
3.31973,3.31973,3.31215,3.31215,1649246760,2022-04-06T12:06:00
3.39381,3.39381,3.39381,3.39381,1649246220,2022-04-06T11:57:00
3.42324,3.42324,3.42324,3.42324,1649245740,2022-04-06T11:49:00
3.38979,3.38979,3.38979,3.38979,1649244420,2022-04-06T11:27:00
3.43117,3.43117,3.43117,3.43117,1649244360,2022-04-06T11:26:00
3.41799,3.41799,3.41799,3.41799,1649244120,2022-04-06T11:22:00
3.43956,3.46286,3.43956,3.46286,1649243340,2022-04-06T11:09:00
3.46173,3.46173,3.46173,3.46173,1649243100,2022-04-06T11:05:00
3.48464,3.48464,3.46519,3.46519,1649243040,2022-04-06T11:04:00
3.46751,3.46751,3.40768,3.40768,1649242980,2022-04-06T11:03:00
3.49139,3.49139,3.49139,3.49139,1649242740,2022-04-06T10:59:00
3.48825,3.48825,3.48825,3.48825,1649242680,2022-04-06T10:58:00
3.55206,3.55206,3.55206,3.55206,1649242440,2022-04-06T10:54:00
3.53047,3.53047,3.53047,3.53047,1649242260,2022-04-06T10:51:00
3.55147,3.55147,3.55147,3.55147,1649242080,2022-04-06T10:48:00
3.54363,3.56555,3.54363,3.56555,1649241540,2022-04-06T10:39:00
3.58966,3.58966,3.58966,3.58966,1649241420,2022-04-06T10:37:00
3.53636,3.53636,3.50606,3.50606,1649240460,2022-04-06T10:21:00
3.69519,3.69519,3.69519,3.69519,1649240160,2022-04-06T10:16:00
3.76096,3.76096,3.76096,3.76096,1649228520,2022-04-06T07:02:00
3.70647,3.70647,3.70647,3.70647,1649227620,2022-04-06T06:47:00
3.72472,3.72472,3.72472,3.72472,1649225760,2022-04-06T06:16:00
3.72038,3.72038,3.72038,3.72038,1649222520,2022-04-06T05:22:00
3.69955,3.69955,3.69955,3.69955,1649222400,2022-04-06T05:20:00
3.70053,3.70053,3.70053,3.70053,1649222160,2022-04-06T05:16:00
3.7192,3.7192,3.7192,3.7192,1649221440,2022-04-06T05:04:00
3.73362,3.73362,3.73362,3.73362,1649221380,2022-04-06T05:03:00
3.67512,3.67512,3.67512,3.67512,1649218620,2022-04-06T04:17:00
3.70639,3.70639,3.70639,3.70639,1649216820,2022-04-06T03:47:00
3.67867,3.67867,3.67867,3.67867,1649216460,2022-04-06T03:41:00
3.65319,3.65319,3.65319,3.65319,1649216220,2022-04-06T03:37:00
3.65248,3.65248,3.65248,3.65248,1649213040,2022-04-06T02:44:00
3.62974,3.62974,3.62974,3.62974,1649212020,2022-04-06T02:27:00
3.64349,3.64349,3.64349,3.64349,1649211480,2022-04-06T02:18:00
3.63243,3.63243,3.63243,3.63243,1649210520,2022-04-06T02:02:00
3.63043,3.63043,3.63043,3.63043,1649209560,2022-04-06T01:46:00
3.60979,3.60979,3.60979,3.60979,1649208720,2022-04-06T01:32:00
3.60781,3.60781,3.60781,3.60781,1649207580,2022-04-06T01:13:00
3.62928,3.62928,3.62928,3.62928,1649206620,2022-04-06T00:57:00
3.57555,3.57555,3.57555,3.57555,1649206380,2022-04-06T00:53:00
3.63627,3.64764,3.63627,3.64764,1649204220,2022-04-06T00:17:00
3.72059,3.72059,3.72059,3.72059,1649203980,2022-04-06T00:13:00
3.77563,3.77563,3.77563,3.77563,1649203200,2022-04-06T00:00:00
3.85871,3.86515,3.85871,3.86515,1649202600,2022-04-05T23:50:00
3.82241,3.82241,3.82241,3.82241,1649202420,2022-04-05T23:47:00
3.8013,3.8013,3.8013,3.8013,1649201280,2022-04-05T23:28:00
3.84429,3.84429,3.84429,3.84429,1649201160,2022-04-05T23:26:00
3.88661,3.88661,3.88661,3.88661,1649199660,2022-04-05T23:01:00
4.13375,4.13375,4.13375,4.13375,1649196780,2022-04-05T22:13:00
4.17802,4.17802,4.17802,4.17802,1649196300,2022-04-05T22:05:00
4.05283,4.05283,4.05283,4.05283,1649194920,2022-04-05T21:42:00
4.2714,4.2714,4.2714,4.2714,1649191380,2022-04-05T20:43:00
3.92915,3.92915,3.92915,3.92915,1649191200,2022-04-05T20:40:00
4.55217,4.55217,4.55217,4.55217,1649190300,2022-04-05T20:25:00
4.42833,4.42833,4.42833,4.42833,1649190240,2022-04-05T20:24:00
4.00361,4.00361,4.00361,4.00361,1649185800,2022-04-05T19:10:00
4.21715,4.21715,4.21715,4.21715,1649185740,2022-04-05T19:09:00
4.51325,4.51325,4.51325,4.51325,1649185680,2022-04-05T19:08:00
4.43089,4.43089,4.43089,4.43089,1649185560,2022-04-05T19:06:00
4.00676,4.00676,4.00676,4.00676,1649185500,2022-04-05T19:05:00
4.06959,4.06959,4.06959,4.06959,1649185200,2022-04-05T19:00:00
4.33069,4.33069,4.33069,4.33069,1649185140,2022-04-05T18:59:00
4.52335,4.52335,4.52335,4.52335,1649185080,2022-04-05T18:58:00
4.55111,4.55111,4.55111,4.55111,1649183880,2022-04-05T18:38:00
6.30462,6.30462,6.30462,6.30462,1649182080,2022-04-05T18:08:00
4.31278,4.31278,4.31278,4.31278,1649179440,2022-04-05T17:24:00
5.1687,5.1687,5.1687,5.1687,1649178600,2022-04-05T17:10:00
3.78396,3.78396,3.78396,3.78396,1649175420,2022-04-05T16:17:00
3.79315,3.79315,3.79315,3.79315,1649175060,2022-04-05T16:11:00
3.77821,3.77821,3.77821,3.77821,1649174460,2022-04-05T16:01:00
3.8934,3.8934,3.8934,3.8934,1649174160,2022-04-05T15:56:00
3.71236,3.71236,3.71236,3.71236,1649174040,2022-04-05T15:54:00
3.68798,3.68798,3.68798,3.68798,1649173980,2022-04-05T15:53:00
3.56618,3.6397,3.56618,3.6397,1649173140,2022-04-05T15:39:00
3.77148,3.77148,3.77148,3.77148,1649172720,2022-04-05T15:32:00
3.74375,3.74375,3.74375,3.74375,1649172420,2022-04-05T15:27:00
3.71784,3.71784,3.71784,3.71784,1649170500,2022-04-05T14:55:00
3.75038,3.75038,3.75038,3.75038,1649170440,2022-04-05T14:54:00
3.77911,3.77911,3.77911,3.77911,1649169660,2022-04-05T14:41:00
3.7867,3.7867,3.7867,3.7867,1649169420,2022-04-05T14:37:00
3.91881,3.91881,3.85874,3.85874,1649169240,2022-04-05T14:34:00
3.99971,3.99971,3.99971,3.99971,1649167260,2022-04-05T14:01:00
4.04613,4.04613,4.04613,4.04613,1649164800,2022-04-05T13:20:00
4.08135,4.08135,4.08135,4.08135,1649163240,2022-04-05T12:54:00
4.12307,4.12307,4.12307,4.12307,1649162100,2022-04-05T12:35:00
4.1086,4.1086,4.08403,4.08403,1649159880,2022-04-05T11:58:00
4.07291,4.07291,4.07291,4.07291,1649158620,2022-04-05T11:37:00
4.05339,4.05339,4.03809,4.03809,1649158140,2022-04-05T11:29:00
4.14214,4.14214,4.14214,4.14214,1649157900,2022-04-05T11:25:00
4.19549,4.19549,4.19549,4.19549,1649157780,2022-04-05T11:23:00
4.17963,4.17963,4.17963,4.17963,1649157660,2022-04-05T11:21:00
4.13381,4.13381,4.13381,4.13381,1649156640,2022-04-05T11:04:00
4.14551,4.14551,4.14551,4.14551,1649156100,2022-04-05T10:55:00
4.16039,4.16039,4.16039,4.16039,1649155980,2022-04-05T10:53:00
4.17871,4.17871,4.17871,4.17871,1649155920,2022-04-05T10:52:00
4.22859,4.22859,4.22859,4.22859,1649155620,2022-04-05T10:47:00
4.26365,4.26365,4.26365,4.26365,1649154480,2022-04-05T10:28:00
4.28349,4.28349,4.28349,4.28349,1649153760,2022-04-05T10:16:00
4.29741,4.29741,4.29741,4.29741,1649153460,2022-04-05T10:11:00
4.33181,4.33181,4.33181,4.33181,1649150160,2022-04-05T09:16:00
4.39068,4.39068,4.35835,4.35835,1649149500,2022-04-05T09:05:00
4.45206,4.45206,4.45206,4.45206,1649149140,2022-04-05T08:59:00
4.47924,4.47924,4.47924,4.47924,1649148060,2022-04-05T08:41:00
4.45746,4.45746,4.45746,4.45746,1649147880,2022-04-05T08:38:00
4.42999,4.42999,4.42999,4.42999,1649147700,2022-04-05T08:35:00
4.48768,4.48768,4.48768,4.48768,1649147460,2022-04-05T08:31:00
4.54473,4.54473,4.52383,4.52383,1649147340,2022-04-05T08:29:00
4.55184,4.55184,4.55184,4.55184,1649147280,2022-04-05T08:28:00
4.53016,4.53016,4.53016,4.53016,1649147220,2022-04-05T08:27:00
4.29698,4.29698,4.29698,4.29698,1649146440,2022-04-05T08:14:00
4.30499,4.30499,4.30499,4.30499,1649145840,2022-04-05T08:04:00
4.35415,4.35415,4.35415,4.35415,1649145240,2022-04-05T07:54:00
4.43015,4.43015,4.43015,4.43015,1649144580,2022-04-05T07:43:00
4.47904,4.47904,4.47904,4.47904,1649143980,2022-04-05T07:33:00
4.44999,4.44999,4.44999,4.44999,1649143560,2022-04-05T07:26:00
4.40899,4.40899,4.40899,4.40899,1649143380,2022-04-05T07:23:00
4.38071,4.38071,4.38071,4.38071,1649142960,2022-04-05T07:16:00
4.35482,4.35482,4.35482,4.35482,1649142900,2022-04-05T07:15:00
4.31989,4.31989,4.31989,4.31989,1649141820,2022-04-05T06:57:00
4.34412,4.34412,4.34412,4.34412,1649141700,2022-04-05T06:55:00
4.38832,4.38832,4.38832,4.38832,1649140980,2022-04-05T06:43:00
4.40232,4.40232,4.40232,4.40232,1649140740,2022-04-05T06:39:00
4.42087,4.42087,4.42087,4.42087,1649140680,2022-04-05T06:38:00
4.44827,4.44827,4.44827,4.44827,1649140320,2022-04-05T06:32:00
4.47595,4.47595,4.47595,4.47595,1649140260,2022-04-05T06:31:00
4.50024,4.50024,4.50024,4.50024,1649139960,2022-04-05T06:26:00
4.54052,4.54052,4.54052,4.54052,1649139840,2022-04-05T06:24:00
4.51854,4.51854,4.51854,4.51854,1649139480,2022-04-05T06:18:00
4.55242,4.55242,4.55242,4.55242,1649139420,2022-04-05T06:17:00
4.60322,4.60322,4.60322,4.60322,1649139360,2022-04-05T06:16:00
4.26511,4.26511,4.26511,4.26511,1649138580,2022-04-05T06:03:00
4.29789,4.29789,4.29789,4.29789,1649135820,2022-04-05T05:17:00
4.32673,4.32673,4.32673,4.32673,1649135760,2022-04-05T05:16:00
4.35572,4.35572,4.35572,4.35572,1649135700,2022-04-05T05:15:00
4.34648,4.34648,4.34648,4.34648,1649135580,2022-04-05T05:13:00
4.09484,4.09484,4.09484,4.09484,1649133240,2022-04-05T04:34:00
4.08673,4.08673,4.08673,4.08673,1649133180,2022-04-05T04:33:00
4.02199,4.02199,4.02199,4.02199,1649132760,2022-04-05T04:26:00
4.00421,4.00421,4.00421,4.00421,1649132520,2022-04-05T04:22:00
3.9966,3.9966,3.9966,3.9966,1649132400,2022-04-05T04:20:00
4.02048,4.02048,4.02048,4.02048,1649128920,2022-04-05T03:22:00
4.03203,4.03203,4.03203,4.03203,1649124900,2022-04-05T02:15:00
4.04296,4.04296,4.04296,4.04296,1649123940,2022-04-05T01:59:00
4.06159,4.06159,4.06159,4.06159,1649122560,2022-04-05T01:36:00
4.0717,4.0717,4.0717,4.0717,1649122020,2022-04-05T01:27:00
4.15087,4.15087,4.12269,4.12269,1649117520,2022-04-05T00:12:00
4.11952,4.11952,4.11952,4.11952,1649117340,2022-04-05T00:09:00
4.17583,4.17583,4.17583,4.17583,1649115120,2022-04-04T23:32:00
4.21645,4.21645,4.21645,4.21645,1649114340,2022-04-04T23:19:00
4.23563,4.23563,4.23563,4.23563,1649112660,2022-04-04T22:51:00
4.16493,4.16493,4.16493,4.16493,1649111460,2022-04-04T22:31:00
4.15007,4.15007,4.15007,4.15007,1649111400,2022-04-04T22:30:00
4.12527,4.12527,4.12527,4.12527,1649110920,2022-04-04T22:22:00
4.10733,4.10733,4.10733,4.10733,1649109600,2022-04-04T22:00:00
4.14814,4.14814,4.14814,4.14814,1649108340,2022-04-04T21:39:00
4.20507,4.20507,4.20507,4.20507,1649108100,2022-04-04T21:35:00
4.24349,4.24349,4.24349,4.24349,1649107620,2022-04-04T21:27:00
4.2539,4.2539,4.2539,4.2539,1649107260,2022-04-04T21:21:00
4.23881,4.23881,4.23881,4.23881,1649106540,2022-04-04T21:09:00
4.27677,4.27677,4.27677,4.27677,1649105280,2022-04-04T20:48:00
4.30884,4.30884,4.30884,4.30884,1649105220,2022-04-04T20:47:00
4.34452,4.34452,4.34452,4.34452,1649105160,2022-04-04T20:46:00
4.33048,4.33048,4.33048,4.33048,1649105100,2022-04-04T20:45:00
4.29371,4.29371,4.29371,4.29371,1649105040,2022-04-04T20:44:00
4.29305,4.29305,4.29305,4.29305,1649104980,2022-04-04T20:43:00
4.23763,4.23763,4.23763,4.23763,1649104260,2022-04-04T20:31:00
4.15603,4.15603,4.15603,4.15603,1649104140,2022-04-04T20:29:00
4.20467,4.20467,4.20467,4.20467,1649103900,2022-04-04T20:25:00
4.23083,4.23083,4.23083,4.23083,1649103780,2022-04-04T20:23:00
4.2585,4.2585,4.2585,4.2585,1649103720,2022-04-04T20:22:00
4.23772,4.23772,4.23772,4.23772,1649103660,2022-04-04T20:21:00
4.22573,4.22573,4.22573,4.22573,1649103600,2022-04-04T20:20:00
4.30094,4.30094,4.26954,4.26954,1649103480,2022-04-04T20:18:00
4.72802,4.72802,4.47713,4.47713,1649103420,2022-04-04T20:17:00
4.1986,4.1986,4.1986,4.1986,1649103360,2022-04-04T20:16:00
4.05544,4.05544,4.05544,4.05544,1649103180,2022-04-04T20:13:00
4.06241,4.06241,4.06241,4.06241,1649101440,2022-04-04T19:44:00
3.97311,3.97311,3.97311,3.97311,1649101080,2022-04-04T19:38:00
3.96052,3.96052,3.96052,3.96052,1649100600,2022-04-04T19:30:00
3.92935,3.92935,3.92935,3.92935,1649100540,2022-04-04T19:29:00
3.90226,3.90226,3.90226,3.90226,1649099580,2022-04-04T19:13:00
3.97077,3.97077,3.97077,3.97077,1649099460,2022-04-04T19:11:00
3.88832,3.88832,3.88832,3.88832,1649099400,2022-04-04T19:10:00
3.81838,3.81838,3.81838,3.81838,1649099040,2022-04-04T19:04:00
3.75467,3.75467,3.75467,3.75467,1649098500,2022-04-04T18:55:00
3.76541,3.76541,3.71554,3.71554,1649094240,2022-04-04T17:44:00
3.8152,3.8152,3.8152,3.8152,1649093220,2022-04-04T17:27:00
3.75333,3.75333,3.75333,3.75333,1649091360,2022-04-04T16:56:00
3.66176,3.80533,3.66176,3.80533,1649090940,2022-04-04T16:49:00
3.70154,3.70154,3.70154,3.70154,1649090700,2022-04-04T16:45:00
3.71122,3.75367,3.71122,3.75367,1649090100,2022-04-04T16:35:00
3.59387,3.64387,3.59387,3.64387,1649088720,2022-04-04T16:12:00
3.62859,3.62859,3.62859,3.62859,1649084040,2022-04-04T14:54:00
3.6042,3.6042,3.6042,3.6042,1649083920,2022-04-04T14:52:00
3.62642,3.62642,3.62642,3.62642,1649083740,2022-04-04T14:49:00
3.60335,3.60335,3.60335,3.60335,1649083680,2022-04-04T14:48:00
3.62778,3.62778,3.62778,3.62778,1649083080,2022-04-04T14:38:00
3.61177,3.61177,3.61177,3.61177,1649080680,2022-04-04T13:58:00
3.64235,3.64235,3.64235,3.64235,1649080440,2022-04-04T13:54:00
3.6695,3.6695,3.6695,3.6695,1649080020,2022-04-04T13:47:00
3.68867,3.68867,3.68867,3.68867,1649078940,2022-04-04T13:29:00
3.68319,3.68319,3.68319,3.68319,1649078820,2022-04-04T13:27:00
3.67924,3.67924,3.67924,3.67924,1649078280,2022-04-04T13:18:00
3.65583,3.65583,3.65583,3.65583,1649078100,2022-04-04T13:15:00
3.666,3.666,3.666,3.666,1649077980,2022-04-04T13:13:00
3.66847,3.66847,3.66847,3.66847,1649075520,2022-04-04T12:32:00
3.64178,3.64178,3.64178,3.64178,1649072460,2022-04-04T11:41:00
3.66059,3.66059,3.66059,3.66059,1649072340,2022-04-04T11:39:00
3.6902,3.6902,3.6902,3.6902,1649071320,2022-04-04T11:22:00
3.6787,3.6787,3.6787,3.6787,1649071200,2022-04-04T11:20:00
3.67655,3.67655,3.67554,3.67554,1649069760,2022-04-04T10:56:00
3.7593,3.7593,3.7593,3.7593,1649069160,2022-04-04T10:46:00
3.86107,3.86107,3.86107,3.86107,1649068500,2022-04-04T10:35:00
3.99102,3.99102,3.99102,3.99102,1649068200,2022-04-04T10:30:00
3.95893,3.95893,3.95893,3.95893,1649067960,2022-04-04T10:26:00
3.96321,3.96321,3.96321,3.96321,1649065740,2022-04-04T09:49:00
3.93106,3.93106,3.93106,3.93106,1649065680,2022-04-04T09:48:00
3.90437,3.90437,3.90437,3.90437,1649063700,2022-04-04T09:15:00
3.88998,3.88998,3.88998,3.88998,1649063460,2022-04-04T09:11:00
3.88835,3.88835,3.88835,3.88835,1649063400,2022-04-04T09:10:00
3.86808,3.86808,3.86808,3.86808,1649062980,2022-04-04T09:03:00
3.91212,3.91212,3.87593,3.87593,1649062440,2022-04-04T08:54:00
3.89946,3.89946,3.89946,3.89946,1649061420,2022-04-04T08:37:00
3.8225,3.8225,3.8225,3.8225,1649060820,2022-04-04T08:27:00
3.8695,3.8695,3.8695,3.8695,1649060520,2022-04-04T08:22:00
3.93195,3.93195,3.93195,3.93195,1649058000,2022-04-04T07:40:00
3.91662,3.91662,3.91662,3.91662,1649055720,2022-04-04T07:02:00
3.93806,3.93806,3.93806,3.93806,1649055360,2022-04-04T06:56:00
3.90575,3.90575,3.90575,3.90575,1649054940,2022-04-04T06:49:00
3.87374,3.87374,3.87374,3.87374,1649054820,2022-04-04T06:47:00
3.85096,3.85096,3.85096,3.85096,1649054040,2022-04-04T06:34:00
3.84074,3.84074,3.84074,3.84074,1649053620,2022-04-04T06:27:00
3.8431,3.8431,3.8431,3.8431,1649053380,2022-04-04T06:23:00
3.80039,3.80039,3.80039,3.80039,1649053260,2022-04-04T06:21:00
3.7855,3.7855,3.7855,3.7855,1649051940,2022-04-04T05:59:00
3.72732,3.72732,3.72732,3.72732,1649046000,2022-04-04T04:20:00
3.73439,3.73439,3.73439,3.73439,1649045760,2022-04-04T04:16:00
3.75843,3.75843,3.75843,3.75843,1649045340,2022-04-04T04:09:00
3.78068,3.78068,3.78068,3.78068,1649045040,2022-04-04T04:04:00
3.77441,3.77441,3.77441,3.77441,1649044500,2022-04-04T03:55:00
3.72413,3.72413,3.72413,3.72413,1649044020,2022-04-04T03:47:00
3.7035,3.7035,3.7035,3.7035,1649035080,2022-04-04T01:18:00
3.70031,3.70031,3.70031,3.70031,1649032380,2022-04-04T00:33:00
3.73021,3.73021,3.73021,3.73021,1649032080,2022-04-04T00:28:00
3.87307,3.87307,3.81243,3.81243,1649028960,2022-04-03T23:36:00
3.94002,3.94002,3.94002,3.94002,1649026860,2022-04-03T23:01:00
3.94804,3.94804,3.94804,3.94804,1649026080,2022-04-03T22:48:00
3.9593,3.9593,3.9593,3.9593,1649025720,2022-04-03T22:42:00
3.96149,3.96149,3.96149,3.96149,1649024160,2022-04-03T22:16:00
4.025,4.025,4.025,4.025,1649023140,2022-04-03T21:59:00
3.86349,3.86349,3.86349,3.86349,1649022060,2022-04-03T21:41:00
3.8818,3.8818,3.8818,3.8818,1649021640,2022-04-03T21:34:00
3.85671,3.85671,3.85671,3.85671,1649021400,2022-04-03T21:30:00
3.82509,3.82509,3.82509,3.82509,1649021160,2022-04-03T21:26:00
3.77139,3.77139,3.77139,3.77139,1649021040,2022-04-03T21:24:00
3.71887,3.71887,3.71887,3.71887,1649020860,2022-04-03T21:21:00
3.68623,3.68623,3.68623,3.68623,1649020140,2022-04-03T21:09:00
3.67057,3.67057,3.67057,3.67057,1649018940,2022-04-03T20:49:00
3.75101,3.75101,3.70322,3.70322,1649018520,2022-04-03T20:42:00
3.78875,3.78875,3.78875,3.78875,1649017920,2022-04-03T20:32:00
3.78285,3.78285,3.78285,3.78285,1649017260,2022-04-03T20:21:00
3.90127,3.90127,3.80536,3.80536,1649015640,2022-04-03T19:54:00
4.0622,4.0622,4.0622,4.0622,1649014980,2022-04-03T19:43:00
4.11142,4.11142,4.11142,4.11142,1649014920,2022-04-03T19:42:00
4.1712,4.1712,4.1712,4.1712,1649014620,2022-04-03T19:37:00
4.19015,4.19015,4.19015,4.19015,1649014440,2022-04-03T19:34:00
4.19982,4.19982,4.19982,4.19982,1649013480,2022-04-03T19:18:00
4.13529,4.13529,4.13529,4.13529,1649013000,2022-04-03T19:10:00
4.15339,4.15339,4.15339,4.15339,1649012820,2022-04-03T19:07:00
4.15227,4.15227,4.15227,4.15227,1649012640,2022-04-03T19:04:00
4.15701,4.15701,4.15701,4.15701,1649012400,2022-04-03T19:00:00
4.14818,4.14818,4.14818,4.14818,1649012280,2022-04-03T18:58:00
4.11577,4.11577,4.11577,4.11577,1649012100,2022-04-03T18:55:00
4.02258,4.02258,4.02258,4.02258,1649011560,2022-04-03T18:46:00
4.01348,4.01348,4.01348,4.01348,1649011500,2022-04-03T18:45:00
4.05662,4.05662,4.05662,4.05662,1649011320,2022-04-03T18:42:00
4.06941,4.06941,4.06941,4.06941,1649010480,2022-04-03T18:28:00
4.00987,4.00987,4.00987,4.00987,1649009580,2022-04-03T18:13:00
4.03643,4.03643,4.03643,4.03643,1649009340,2022-04-03T18:09:00
4.0549,4.0549,4.0549,4.0549,1649008620,2022-04-03T17:57:00
4.06368,4.06368,4.06368,4.06368,1649008020,2022-04-03T17:47:00
4.08041,4.08041,4.08041,4.08041,1649007540,2022-04-03T17:39:00
4.06015,4.06015,4.06015,4.06015,1649007480,2022-04-03T17:38:00
4.04842,4.04842,4.04842,4.04842,1649007000,2022-04-03T17:30:00
3.9652,3.9652,3.9652,3.9652,1649006880,2022-04-03T17:28:00
3.93474,3.93474,3.93474,3.93474,1649006640,2022-04-03T17:24:00
3.97098,3.97098,3.97098,3.97098,1649006400,2022-04-03T17:20:00
4.03165,4.03165,4.03165,4.03165,1649004300,2022-04-03T16:45:00
4.18824,4.18824,4.18824,4.18824,1649003280,2022-04-03T16:28:00
4.06504,4.06504,4.06504,4.06504,1649003040,2022-04-03T16:24:00
4.3713,4.3713,4.3713,4.3713,1649002860,2022-04-03T16:21:00
4.31478,4.31478,4.31478,4.31478,1649002560,2022-04-03T16:16:00
4.03817,4.03817,4.03817,4.03817,1649000760,2022-04-03T15:46:00
4.02253,4.02253,4.01858,4.01858,1649000100,2022-04-03T15:35:00
4.08882,4.08882,4.08882,4.08882,1649000040,2022-04-03T15:34:00
4.14358,4.14358,4.14358,4.14358,1648999980,2022-04-03T15:33:00
4.12824,4.12824,4.12824,4.12824,1648998360,2022-04-03T15:06:00
4.0725,4.0725,4.0725,4.0725,1648998120,2022-04-03T15:02:00
3.98649,3.98649,3.98649,3.98649,1648997760,2022-04-03T14:56:00
4.00328,4.00328,4.00328,4.00328,1648996860,2022-04-03T14:41:00
4.07347,4.07347,4.07347,4.07347,1648996440,2022-04-03T14:34:00
4.07968,4.07968,4.07968,4.07968,1648995420,2022-04-03T14:17:00
4.15584,4.15584,4.15584,4.15584,1648995360,2022-04-03T14:16:00
4.14906,4.14906,4.14906,4.14906,1648995240,2022-04-03T14:14:00
4.12161,4.12161,4.12161,4.12161,1648995120,2022-04-03T14:12:00
4.15459,4.15459,4.15459,4.15459,1648994880,2022-04-03T14:08:00
4.1935,4.1935,4.1935,4.1935,1648994760,2022-04-03T14:06:00
4.22101,4.22101,4.22101,4.22101,1648994460,2022-04-03T14:01:00
4.25957,4.25957,4.25957,4.25957,1648994280,2022-04-03T13:58:00
4.15028,4.15028,4.15028,4.15028,1648993680,2022-04-03T13:48:00
4.13637,4.13637,4.13637,4.13637,1648993560,2022-04-03T13:46:00
4.16183,4.16183,4.16183,4.16183,1648992660,2022-04-03T13:31:00
4.16149,4.20027,4.16149,4.20027,1648992300,2022-04-03T13:25:00
4.1288,4.1288,4.1288,4.1288,1648991640,2022-04-03T13:14:00
3.97469,3.97469,3.97469,3.97469,1648989840,2022-04-03T12:44:00
3.92983,3.92983,3.92983,3.92983,1648988040,2022-04-03T12:14:00
3.96522,3.96522,3.96522,3.96522,1648986480,2022-04-03T11:48:00
3.9554,3.9554,3.9554,3.9554,1648985820,2022-04-03T11:37:00
4.01026,4.01026,4.01026,4.01026,1648984380,2022-04-03T11:13:00
4.06955,4.06955,4.06955,4.06955,1648983660,2022-04-03T11:01:00
4.11287,4.11287,4.11287,4.11287,1648983000,2022-04-03T10:50:00
4.10248,4.10248,4.10248,4.10248,1648982940,2022-04-03T10:49:00
4.05745,4.05745,4.05745,4.05745,1648982520,2022-04-03T10:42:00
4.03048,4.03048,4.03048,4.03048,1648980960,2022-04-03T10:16:00
4.14642,4.14642,4.09675,4.09675,1648980900,2022-04-03T10:15:00
4.14217,4.14217,4.14217,4.14217,1648980480,2022-04-03T10:08:00
4.21329,4.21329,4.21329,4.21329,1648980420,2022-04-03T10:07:00
4.28548,4.28548,4.28548,4.28548,1648980360,2022-04-03T10:06:00
4.38978,4.38978,4.34393,4.34393,1648980180,2022-04-03T10:03:00
4.47781,4.47781,4.47781,4.47781,1648980120,2022-04-03T10:02:00
3.71851,4.15046,3.71851,4.15046,1648980060,2022-04-03T10:01:00
3.74342,3.74342,3.74342,3.74342,1648980000,2022-04-03T10:00:00
3.7307,3.7307,3.7307,3.7307,1648979580,2022-04-03T09:53:00
3.71945,3.71945,3.71945,3.71945,1648979400,2022-04-03T09:50:00
3.63637,3.63637,3.63637,3.63637,1648979220,2022-04-03T09:47:00
3.6414,3.6414,3.6414,3.6414,1648975200,2022-04-03T08:40:00
3.66695,3.66695,3.66695,3.66695,1648974960,2022-04-03T08:36:00
3.6548,3.6548,3.6548,3.6548,1648971840,2022-04-03T07:44:00
3.69757,3.69757,3.6784,3.6784,1648968000,2022-04-03T06:40:00
3.71308,3.71308,3.71308,3.71308,1648967760,2022-04-03T06:36:00
3.71746,3.71746,3.71746,3.71746,1648967640,2022-04-03T06:34:00
3.71676,3.71676,3.71676,3.71676,1648967280,2022-04-03T06:28:00
3.76068,3.76068,3.76068,3.76068,1648967220,2022-04-03T06:27:00
3.80273,3.80273,3.80273,3.80273,1648966920,2022-04-03T06:22:00
3.76199,3.76199,3.76199,3.76199,1648966260,2022-04-03T06:11:00
3.69186,3.69186,3.69186,3.69186,1648965300,2022-04-03T05:55:00
3.72487,3.72487,3.72487,3.72487,1648963500,2022-04-03T05:25:00
3.79642,3.79642,3.79642,3.79642,1648962480,2022-04-03T05:08:00
3.77178,3.77178,3.77178,3.77178,1648961820,2022-04-03T04:57:00
3.78605,3.78605,3.78605,3.78605,1648960200,2022-04-03T04:30:00
3.80773,3.80773,3.80773,3.80773,1648959180,2022-04-03T04:13:00
3.82507,3.82507,3.82507,3.82507,1648958220,2022-04-03T03:57:00
3.76463,3.76463,3.76463,3.76463,1648957020,2022-04-03T03:37:00
3.6916,3.6916,3.6916,3.6916,1648956240,2022-04-03T03:24:00
3.67195,3.67195,3.67195,3.67195,1648956000,2022-04-03T03:20:00
3.71585,3.71585,3.71585,3.71585,1648955760,2022-04-03T03:16:00
3.5818,3.5818,3.5818,3.5818,1648951800,2022-04-03T02:10:00
3.51687,3.51687,3.51687,3.51687,1648949400,2022-04-03T01:30:00
3.5103,3.5103,3.5103,3.5103,1648948860,2022-04-03T01:21:00
3.55779,3.55779,3.55779,3.55779,1648948800,2022-04-03T01:20:00
3.62222,3.62222,3.62222,3.62222,1648945620,2022-04-03T00:27:00
3.64685,3.64685,3.64685,3.64685,1648944900,2022-04-03T00:15:00
3.66945,3.66945,3.66945,3.66945,1648944720,2022-04-03T00:12:00
3.66235,3.66235,3.66235,3.66235,1648943640,2022-04-02T23:54:00
3.65197,3.65197,3.65197,3.65197,1648943220,2022-04-02T23:47:00
3.71206,3.71206,3.71206,3.71206,1648942680,2022-04-02T23:38:00
3.73575,3.73575,3.73575,3.73575,1648942500,2022-04-02T23:35:00
3.758,3.758,3.758,3.758,1648942200,2022-04-02T23:30:00
3.79323,3.79323,3.79323,3.79323,1648941180,2022-04-02T23:13:00
3.78062,3.78062,3.78062,3.78062,1648941120,2022-04-02T23:12:00
3.81949,3.81949,3.81949,3.81949,1648941060,2022-04-02T23:11:00
3.85435,3.85435,3.85435,3.85435,1648940880,2022-04-02T23:08:00
3.88056,3.88056,3.88056,3.88056,1648940820,2022-04-02T23:07:00
3.79056,3.91967,3.79056,3.91967,1648940640,2022-04-02T23:04:00
3.60475,3.60475,3.60475,3.60475,1648940460,2022-04-02T23:01:00
3.62914,3.62914,3.62914,3.62914,1648940280,2022-04-02T22:58:00
3.68385,3.68385,3.68385,3.68385,1648940220,2022-04-02T22:57:00
3.43703,3.43703,3.43703,3.43703,1648939980,2022-04-02T22:53:00
3.45119,3.45119,3.45119,3.45119,1648939500,2022-04-02T22:45:00
3.47701,3.47701,3.47701,3.47701,1648939440,2022-04-02T22:44:00
3.48803,3.48803,3.48803,3.48803,1648939380,2022-04-02T22:43:00
3.49264,3.49264,3.49264,3.49264,1648939200,2022-04-02T22:40:00
3.5465,3.5465,3.5465,3.5465,1648938960,2022-04-02T22:36:00
3.25641,3.25641,3.25641,3.25641,1648938900,2022-04-02T22:35:00
3.15159,3.15159,3.15159,3.15159,1648938660,2022-04-02T22:31:00
3.13608,3.13608,3.13608,3.13608,1648938300,2022-04-02T22:25:00
3.11828,3.11828,3.11828,3.11828,1648937340,2022-04-02T22:09:00
3.08548,3.08548,3.08548,3.08548,1648936260,2022-04-02T21:51:00
3.08899,3.08899,3.08899,3.08899,1648934940,2022-04-02T21:29:00
3.11506,3.11506,3.11506,3.11506,1648931880,2022-04-02T20:38:00
3.11962,3.11962,3.11962,3.11962,1648930920,2022-04-02T20:22:00
3.09044,3.09044,3.09044,3.09044,1648929000,2022-04-02T19:50:00
3.06946,3.06946,3.06946,3.06946,1648928940,2022-04-02T19:49:00
3.07203,3.07203,3.07203,3.07203,1648926180,2022-04-02T19:03:00
3.0979,3.0979,3.0979,3.0979,1648925520,2022-04-02T18:52:00
3.09407,3.09407,3.09251,3.09251,1648924620,2022-04-02T18:37:00
3.15229,3.15229,3.14326,3.14326,1648924500,2022-04-02T18:35:00
3.1934,3.1934,3.1934,3.1934,1648924260,2022-04-02T18:31:00
3.19742,3.19742,3.19742,3.19742,1648923840,2022-04-02T18:24:00
3.20295,3.20295,3.20295,3.20295,1648923000,2022-04-02T18:10:00
3.25966,3.25966,3.25966,3.25966,1648921680,2022-04-02T17:48:00
3.25518,3.25518,3.25518,3.25518,1648918620,2022-04-02T16:57:00
3.20738,3.20738,3.20738,3.20738,1648918080,2022-04-02T16:48:00
3.20556,3.21585,3.20556,3.21585,1648913940,2022-04-02T15:39:00
3.23986,3.23986,3.23986,3.23986,1648913760,2022-04-02T15:36:00
3.28301,3.28301,3.28301,3.28301,1648913520,2022-04-02T15:32:00
3.31266,3.31266,3.31266,3.31266,1648912620,2022-04-02T15:17:00
3.38939,3.38939,3.38939,3.38939,1648912380,2022-04-02T15:13:00
3.47725,3.47725,3.47725,3.47725,1648912260,2022-04-02T15:11:00
3.38102,3.38102,3.38102,3.38102,1648912200,2022-04-02T15:10:00
3.39595,3.39595,3.39595,3.39595,1648912080,2022-04-02T15:08:00
3.37071,3.37071,3.37071,3.37071,1648911840,2022-04-02T15:04:00
3.31569,3.31569,3.31569,3.31569,1648909680,2022-04-02T14:28:00
3.5779,3.5779,3.5779,3.5779,1648909500,2022-04-02T14:25:00
3.5504,3.5504,3.5504,3.5504,1648908360,2022-04-02T14:06:00
3.52452,3.52452,3.52452,3.52452,1648907280,2022-04-02T13:48:00
3.57168,3.57168,3.5047,3.5047,1648902420,2022-04-02T12:27:00
3.42822,3.42822,3.42822,3.42822,1648902060,2022-04-02T12:21:00
3.45755,3.45755,3.45755,3.45755,1648901220,2022-04-02T12:07:00
3.4776,3.4776,3.4776,3.4776,1648900620,2022-04-02T11:57:00
3.47477,3.47477,3.47477,3.47477,1648900140,2022-04-02T11:49:00
3.44187,3.44187,3.44187,3.44187,1648899780,2022-04-02T11:43:00
3.43937,3.43937,3.43937,3.43937,1648896360,2022-04-02T10:46:00
3.45603,3.45603,3.45603,3.45603,1648895760,2022-04-02T10:36:00
3.43856,3.43856,3.43856,3.43856,1648892880,2022-04-02T09:48:00
3.49152,3.49152,3.46768,3.46768,1648891200,2022-04-02T09:20:00
3.44844,3.44844,3.44844,3.44844,1648890840,2022-04-02T09:14:00
3.40719,3.40719,3.40719,3.40719,1648888860,2022-04-02T08:41:00
3.35545,3.35545,3.35545,3.35545,1648887300,2022-04-02T08:15:00
3.29642,3.29642,3.29642,3.29642,1648886940,2022-04-02T08:09:00
3.26036,3.26036,3.26036,3.26036,1648885680,2022-04-02T07:48:00
3.27449,3.27449,3.27449,3.27449,1648885380,2022-04-02T07:43:00
3.28574,3.28574,3.28574,3.28574,1648885320,2022-04-02T07:42:00
3.25921,3.25921,3.25921,3.25921,1648884060,2022-04-02T07:21:00
3.24403,3.24403,3.24403,3.24403,1648878120,2022-04-02T05:42:00
3.27723,3.27723,3.27723,3.27723,1648877700,2022-04-02T05:35:00
3.31486,3.31486,3.31486,3.31486,1648870440,2022-04-02T03:34:00
3.29907,3.29907,3.29907,3.29907,1648869300,2022-04-02T03:15:00
3.33672,3.33672,3.33672,3.33672,1648868820,2022-04-02T03:07:00
3.35637,3.35637,3.35637,3.35637,1648867620,2022-04-02T02:47:00
3.38316,3.38316,3.38316,3.38316,1648867140,2022-04-02T02:39:00
3.42044,3.42044,3.42044,3.42044,1648866840,2022-04-02T02:34:00
3.44364,3.44364,3.44364,3.44364,1648866300,2022-04-02T02:25:00
3.4621,3.4621,3.4621,3.4621,1648866180,2022-04-02T02:23:00
3.50875,3.50875,3.50875,3.50875,1648861380,2022-04-02T01:03:00
3.50302,3.50302,3.50302,3.50302,1648861260,2022-04-02T01:01:00
3.49337,3.49337,3.49337,3.49337,1648860480,2022-04-02T00:48:00
3.49756,3.49756,3.49756,3.49756,1648859940,2022-04-02T00:39:00
3.48232,3.48232,3.48232,3.48232,1648858260,2022-04-02T00:11:00
3.50395,3.50395,3.50395,3.50395,1648857600,2022-04-02T00:00:00
3.42377,3.42377,3.42377,3.42377,1648857060,2022-04-01T23:51:00
3.43197,3.43197,3.43197,3.43197,1648856100,2022-04-01T23:35:00
3.44884,3.44884,3.44884,3.44884,1648856040,2022-04-01T23:34:00
3.44984,3.44984,3.44984,3.44984,1648855500,2022-04-01T23:25:00
3.45342,3.45342,3.45342,3.45342,1648855140,2022-04-01T23:19:00
3.49336,3.49336,3.49336,3.49336,1648854000,2022-04-01T23:00:00
3.47408,3.47408,3.47408,3.47408,1648853940,2022-04-01T22:59:00
3.46439,3.46439,3.46439,3.46439,1648853880,2022-04-01T22:58:00
3.46338,3.46338,3.45714,3.45714,1648847880,2022-04-01T21:18:00
3.41753,3.41753,3.41753,3.41753,1648847640,2022-04-01T21:14:00
3.38491,3.38491,3.38491,3.38491,1648845000,2022-04-01T20:30:00
3.40652,3.40652,3.40652,3.40652,1648844940,2022-04-01T20:29:00
3.37509,3.37509,3.37509,3.37509,1648844460,2022-04-01T20:21:00
3.32553,3.32553,3.32553,3.32553,1648839720,2022-04-01T19:02:00
3.41829,3.41829,3.37798,3.37798,1648836000,2022-04-01T18:00:00
3.41787,3.41787,3.41787,3.41787,1648835520,2022-04-01T17:52:00
3.45113,3.45113,3.45113,3.45113,1648835460,2022-04-01T17:51:00
3.46832,3.46832,3.46832,3.46832,1648835340,2022-04-01T17:49:00
3.52152,3.52152,3.49149,3.49149,1648835280,2022-04-01T17:48:00
3.55526,3.55526,3.55526,3.55526,1648835160,2022-04-01T17:46:00
3.60495,3.60495,3.60495,3.60495,1648835100,2022-04-01T17:45:00
3.47949,3.47949,3.47949,3.47949,1648835040,2022-04-01T17:44:00
3.56028,3.56028,3.56028,3.56028,1648834920,2022-04-01T17:42:00
3.15562,3.15562,3.15562,3.15562,1648831440,2022-04-01T16:44:00
3.14124,3.14124,3.14124,3.14124,1648831380,2022-04-01T16:43:00
3.13338,3.13338,3.13338,3.13338,1648828800,2022-04-01T16:00:00
3.13087,3.13087,3.13087,3.13087,1648826640,2022-04-01T15:24:00
3.10373,3.10373,3.10373,3.10373,1648825920,2022-04-01T15:12:00
3.13134,3.13134,3.13134,3.13134,1648825860,2022-04-01T15:11:00
3.13021,3.13021,3.13021,3.13021,1648825800,2022-04-01T15:10:00
3.16041,3.16041,3.16041,3.16041,1648825560,2022-04-01T15:06:00
3.17957,3.17957,3.17957,3.17957,1648825320,2022-04-01T15:02:00
3.08856,3.08856,3.08856,3.08856,1648825200,2022-04-01T15:00:00
2.92302,2.92302,2.92302,2.92302,1648823820,2022-04-01T14:37:00
2.90554,2.90554,2.90554,2.90554,1648822920,2022-04-01T14:22:00
2.90938,2.90938,2.90938,2.90938,1648820100,2022-04-01T13:35:00
2.90285,2.90285,2.90285,2.90285,1648816140,2022-04-01T12:29:00
2.89527,2.89527,2.89527,2.89527,1648815240,2022-04-01T12:14:00
2.92564,2.92564,2.92564,2.92564,1648814400,2022-04-01T12:00:00
2.94801,2.94801,2.94801,2.94801,1648814340,2022-04-01T11:59:00
2.89268,2.89268,2.89268,2.89268,1648814100,2022-04-01T11:55:00
2.92161,2.94465,2.92161,2.94465,1648813260,2022-04-01T11:41:00
2.86676,2.86676,2.86676,2.86676,1648813020,2022-04-01T11:37:00
2.84857,2.84857,2.84857,2.84857,1648812900,2022-04-01T11:35:00
2.83016,2.83016,2.83016,2.83016,1648812840,2022-04-01T11:34:00
2.80681,2.80681,2.80681,2.80681,1648812720,2022-04-01T11:32:00
2.80789,2.80789,2.80789,2.80789,1648812300,2022-04-01T11:25:00
2.8132,2.8132,2.8132,2.8132,1648811040,2022-04-01T11:04:00
2.80322,2.80322,2.80322,2.80322,1648809900,2022-04-01T10:45:00
2.80038,2.80038,2.80038,2.80038,1648809480,2022-04-01T10:38:00
2.7848,2.7848,2.7848,2.7848,1648807260,2022-04-01T10:01:00
2.81149,2.81149,2.81149,2.81149,1648806960,2022-04-01T09:56:00
2.80697,2.80697,2.80697,2.80697,1648806780,2022-04-01T09:53:00
2.79436,2.79436,2.79436,2.79436,1648803900,2022-04-01T09:05:00
2.77694,2.77694,2.77694,2.77694,1648803300,2022-04-01T08:55:00
2.76789,2.76789,2.76789,2.76789,1648802940,2022-04-01T08:49:00
2.75557,2.75557,2.75557,2.75557,1648802280,2022-04-01T08:38:00
2.76606,2.76606,2.76606,2.76606,1648800900,2022-04-01T08:15:00
2.74182,2.74182,2.74182,2.74182,1648800000,2022-04-01T08:00:00
2.73197,2.73197,2.72466,2.72466,1648799880,2022-04-01T07:58:00
2.70744,2.70744,2.70744,2.70744,1648799760,2022-04-01T07:56:00
2.63573,2.67036,2.63573,2.67036,1648799460,2022-04-01T07:51:00
2.64903,2.64903,2.64903,2.64903,1648799040,2022-04-01T07:44:00
2.62657,2.62657,2.62657,2.62657,1648798920,2022-04-01T07:42:00
2.62438,2.62438,2.62438,2.62438,1648798740,2022-04-01T07:39:00
2.60451,2.60451,2.60451,2.60451,1648798080,2022-04-01T07:28:00
2.57723,2.57723,2.57723,2.57723,1648797360,2022-04-01T07:16:00
2.55515,2.55515,2.55515,2.55515,1648796460,2022-04-01T07:01:00
2.54049,2.54049,2.54049,2.54049,1648796100,2022-04-01T06:55:00
2.53744,2.53744,2.53744,2.53744,1648794780,2022-04-01T06:33:00
2.55581,2.55581,2.55581,2.55581,1648794360,2022-04-01T06:26:00
2.53718,2.53718,2.53718,2.53718,1648794060,2022-04-01T06:21:00
2.51776,2.52828,2.51776,2.52828,1648791780,2022-04-01T05:43:00
2.54246,2.54246,2.54246,2.54246,1648791720,2022-04-01T05:42:00
2.56682,2.56682,2.56682,2.56682,1648790400,2022-04-01T05:20:00
2.55604,2.55604,2.55604,2.55604,1648790280,2022-04-01T05:18:00
2.57866,2.57866,2.57866,2.57866,1648789860,2022-04-01T05:11:00
2.57015,2.57015,2.57015,2.57015,1648789620,2022-04-01T05:07:00
2.56678,2.56678,2.56678,2.56678,1648788720,2022-04-01T04:52:00
2.54337,2.54337,2.54337,2.54337,1648787160,2022-04-01T04:26:00
2.52257,2.52257,2.52257,2.52257,1648786980,2022-04-01T04:23:00
2.51671,2.51671,2.51671,2.51671,1648785900,2022-04-01T04:05:00
2.508,2.508,2.508,2.508,1648785600,2022-04-01T04:00:00
2.49558,2.49558,2.49558,2.49558,1648785360,2022-04-01T03:56:00
2.483,2.483,2.483,2.483,1648785060,2022-04-01T03:51:00
2.48834,2.48834,2.48834,2.48834,1648784580,2022-04-01T03:43:00
2.4527,2.4527,2.45225,2.45225,1648784220,2022-04-01T03:37:00
2.49392,2.49392,2.49392,2.49392,1648783980,2022-04-01T03:33:00
2.4581,2.48981,2.4581,2.48981,1648782900,2022-04-01T03:15:00
2.43974,2.43974,2.43974,2.43974,1648781940,2022-04-01T02:59:00
2.35713,2.41726,2.35713,2.41726,1648781880,2022-04-01T02:58:00
2.34129,2.34129,2.34129,2.34129,1648781820,2022-04-01T02:57:00
2.32483,2.32483,2.32483,2.32483,1648781700,2022-04-01T02:55:00
2.31575,2.31575,2.31575,2.31575,1648781280,2022-04-01T02:48:00
2.32118,2.32118,2.32118,2.32118,1648781220,2022-04-01T02:47:00
2.40552,2.40552,2.36857,2.36857,1648781160,2022-04-01T02:46:00
2.46397,2.46397,2.46397,2.46397,1648780560,2022-04-01T02:36:00
2.45548,2.45548,2.45548,2.45548,1648779780,2022-04-01T02:23:00
2.38235,2.38235,2.38235,2.38235,1648779660,2022-04-01T02:21:00
2.33508,2.33508,2.33508,2.33508,1648779300,2022-04-01T02:15:00
2.33193,2.33193,2.33193,2.33193,1648778400,2022-04-01T02:00:00
2.37353,2.37353,2.37353,2.37353,1648778160,2022-04-01T01:56:00
2.29806,2.29806,2.29806,2.29806,1648777860,2022-04-01T01:51:00
2.41172,2.41172,2.41172,2.41172,1648776600,2022-04-01T01:30:00
2.27451,2.429,2.27451,2.429,1648776540,2022-04-01T01:29:00
2.53035,2.53035,2.50134,2.50134,1648776360,2022-04-01T01:26:00
2.56206,2.56206,2.52529,2.52529,1648776300,2022-04-01T01:25:00
2.59773,2.59773,2.59773,2.59773,1648776240,2022-04-01T01:24:00
2.60467,2.61499,2.60467,2.61499,1648776120,2022-04-01T01:22:00
2.64516,2.64516,2.64516,2.64516,1648776060,2022-04-01T01:21:00
2.67592,2.67592,2.67592,2.67592,1648774020,2022-04-01T00:47:00
2.65892,2.65892,2.65892,2.65892,1648773540,2022-04-01T00:39:00
2.5944,2.5944,2.5944,2.5944,1648773300,2022-04-01T00:35:00
2.60523,2.60523,2.56715,2.56715,1648773240,2022-04-01T00:34:00
2.71935,2.71935,2.71935,2.71935,1648772280,2022-04-01T00:18:00
2.6979,2.6979,2.69413,2.69413,1648772040,2022-04-01T00:14:00
2.74406,2.74406,2.74406,2.74406,1648771680,2022-04-01T00:08:00
2.76035,2.76035,2.756,2.756,1648771260,2022-04-01T00:01:00
2.80982,2.80982,2.80982,2.80982,1648770900,2022-03-31T23:55:00
2.81192,2.81192,2.81192,2.81192,1648770720,2022-03-31T23:52:00
2.86409,2.86409,2.86409,2.86409,1648770660,2022-03-31T23:51:00
2.80257,2.83993,2.80257,2.83993,1648770540,2022-03-31T23:49:00
2.87755,2.87755,2.87755,2.87755,1648770480,2022-03-31T23:48:00
3.00791,3.00791,3.00791,3.00791,1648770360,2022-03-31T23:46:00
2.99911,2.99911,2.99911,2.99911,1648770060,2022-03-31T23:41:00
3.04629,3.04629,3.01896,3.01896,1648769400,2022-03-31T23:30:00
3.07641,3.07641,3.07641,3.07641,1648768740,2022-03-31T23:19:00
3.09726,3.09726,3.09726,3.09726,1648767480,2022-03-31T22:58:00
3.10435,3.10435,3.10435,3.10435,1648763820,2022-03-31T21:57:00
3.13018,3.13018,3.13018,3.13018,1648759920,2022-03-31T20:52:00
3.1583,3.1583,3.1583,3.1583,1648758960,2022-03-31T20:36:00
3.13579,3.13579,3.13579,3.13579,1648758240,2022-03-31T20:24:00
3.11019,3.11019,3.11019,3.11019,1648752180,2022-03-31T18:43:00
3.10454,3.12086,3.10454,3.12086,1648748820,2022-03-31T17:47:00
3.09343,3.09343,3.09343,3.09343,1648748700,2022-03-31T17:45:00
3.06629,3.06629,3.06629,3.06629,1648748340,2022-03-31T17:39:00
3.029,3.029,3.029,3.029,1648748100,2022-03-31T17:35:00
2.97801,2.97801,2.97801,2.97801,1648747920,2022-03-31T17:32:00
2.95383,2.95383,2.95383,2.95383,1648745580,2022-03-31T16:53:00
2.99586,2.99586,2.99586,2.99586,1648745100,2022-03-31T16:45:00
2.97671,2.97671,2.97671,2.97671,1648744680,2022-03-31T16:38:00
2.97162,2.97162,2.97162,2.97162,1648744140,2022-03-31T16:29:00
3.01126,3.01126,3.01126,3.01126,1648743660,2022-03-31T16:21:00
2.9445,3.01531,2.9445,3.01531,1648743600,2022-03-31T16:20:00
2.91305,2.91305,2.91305,2.91305,1648743000,2022-03-31T16:10:00
2.96755,2.96755,2.89535,2.89535,1648742940,2022-03-31T16:09:00
3.12378,3.12378,3.12378,3.12378,1648742340,2022-03-31T15:59:00
3.10926,3.10926,3.10926,3.10926,1648742280,2022-03-31T15:58:00
3.15187,3.15187,3.15187,3.15187,1648742100,2022-03-31T15:55:00
3.19669,3.19669,3.19669,3.19669,1648741740,2022-03-31T15:49:00
3.17862,3.17862,3.17862,3.17862,1648741380,2022-03-31T15:43:00
3.191,3.191,3.191,3.191,1648740000,2022-03-31T15:20:00
3.22327,3.22327,3.22327,3.22327,1648739220,2022-03-31T15:07:00
3.2154,3.2154,3.2154,3.2154,1648738560,2022-03-31T14:56:00
3.17234,3.17234,3.17234,3.17234,1648737960,2022-03-31T14:46:00
3.15018,3.15018,3.15018,3.15018,1648737840,2022-03-31T14:44:00
3.18541,3.18541,3.18541,3.18541,1648737780,2022-03-31T14:43:00
3.1824,3.1824,3.1824,3.1824,1648737600,2022-03-31T14:40:00
3.27885,3.27885,3.27885,3.27885,1648736460,2022-03-31T14:21:00
3.29791,3.29791,3.29791,3.29791,1648736220,2022-03-31T14:17:00
3.31593,3.31593,3.31593,3.31593,1648735800,2022-03-31T14:10:00
3.34433,3.34433,3.30792,3.30792,1648735380,2022-03-31T14:03:00
3.49743,3.49743,3.49743,3.49743,1648734480,2022-03-31T13:48:00
3.56129,3.56129,3.56129,3.56129,1648733940,2022-03-31T13:39:00
3.58897,3.58897,3.58897,3.58897,1648732860,2022-03-31T13:21:00
3.5515,3.60466,3.5515,3.60466,1648732140,2022-03-31T13:09:00
3.5626,3.5626,3.5626,3.5626,1648732080,2022-03-31T13:08:00
3.69714,3.69714,3.69714,3.69714,1648731060,2022-03-31T12:51:00
3.50757,3.50757,3.50757,3.50757,1648730760,2022-03-31T12:46:00
3.51553,3.51553,3.51553,3.51553,1648729740,2022-03-31T12:29:00
3.54839,3.54839,3.54839,3.54839,1648728960,2022-03-31T12:16:00
3.52942,3.52942,3.52942,3.52942,1648726980,2022-03-31T11:43:00
3.50731,3.50731,3.50731,3.50731,1648726800,2022-03-31T11:40:00
3.54091,3.54091,3.54091,3.54091,1648723440,2022-03-31T10:44:00
3.5147,3.5147,3.5147,3.5147,1648723080,2022-03-31T10:38:00
3.53497,3.53497,3.53497,3.53497,1648722060,2022-03-31T10:21:00
3.49207,3.49207,3.49207,3.49207,1648719780,2022-03-31T09:43:00
3.51517,3.51517,3.51517,3.51517,1648719120,2022-03-31T09:32:00
3.50546,3.50546,3.50546,3.50546,1648716480,2022-03-31T08:48:00
3.52728,3.52728,3.52728,3.52728,1648716240,2022-03-31T08:44:00
3.59451,3.59451,3.5165,3.5165,1648716180,2022-03-31T08:43:00
3.4347,3.4347,3.4347,3.4347,1648715820,2022-03-31T08:37:00
3.4311,3.4311,3.4311,3.4311,1648715520,2022-03-31T08:32:00
3.43284,3.43284,3.43284,3.43284,1648714920,2022-03-31T08:22:00
3.47844,3.47844,3.47844,3.47844,1648714260,2022-03-31T08:11:00
3.5087,3.5087,3.5087,3.5087,1648714200,2022-03-31T08:10:00
3.42494,3.53171,3.42494,3.53171,1648713660,2022-03-31T08:01:00
3.31349,3.31349,3.31349,3.31349,1648710840,2022-03-31T07:14:00
3.40755,3.40755,3.37803,3.37803,1648710660,2022-03-31T07:11:00
3.32256,3.32256,3.32256,3.32256,1648709100,2022-03-31T06:45:00
3.37519,3.37519,3.37519,3.37519,1648708200,2022-03-31T06:30:00
3.38099,3.38099,3.38099,3.38099,1648705800,2022-03-31T05:50:00
3.3858,3.3858,3.3858,3.3858,1648705680,2022-03-31T05:48:00
3.40999,3.40999,3.40999,3.40999,1648701180,2022-03-31T04:33:00
3.3886,3.3886,3.3886,3.3886,1648701060,2022-03-31T04:31:00
3.43745,3.43745,3.43745,3.43745,1648698660,2022-03-31T03:51:00
3.44251,3.44251,3.44251,3.44251,1648697220,2022-03-31T03:27:00
3.49188,3.49188,3.49188,3.49188,1648696440,2022-03-31T03:14:00
3.4818,3.4818,3.4818,3.4818,1648696260,2022-03-31T03:11:00
3.47869,3.47869,3.47869,3.47869,1648695120,2022-03-31T02:52:00
3.41835,3.41835,3.41835,3.41835,1648694880,2022-03-31T02:48:00
3.39279,3.47516,3.39279,3.47516,1648694520,2022-03-31T02:42:00
3.31878,3.31878,3.31878,3.31878,1648694460,2022-03-31T02:41:00
3.31899,3.31899,3.31899,3.31899,1648693860,2022-03-31T02:31:00
3.37766,3.37766,3.37766,3.37766,1648692540,2022-03-31T02:09:00
3.28424,3.28424,3.28424,3.28424,1648690560,2022-03-31T01:36:00
3.29424,3.29424,3.29424,3.29424,1648689720,2022-03-31T01:22:00
3.31368,3.31368,3.31368,3.31368,1648688700,2022-03-31T01:05:00
3.29972,3.29972,3.29972,3.29972,1648687140,2022-03-31T00:39:00
3.28301,3.28301,3.28301,3.28301,1648686420,2022-03-31T00:27:00
3.26733,3.26733,3.26733,3.26733,1648685880,2022-03-31T00:18:00
3.24803,3.24803,3.24803,3.24803,1648685580,2022-03-31T00:13:00
3.27561,3.27561,3.21972,3.21972,1648685520,2022-03-31T00:12:00
3.4094,3.4094,3.4094,3.4094,1648685400,2022-03-31T00:10:00
3.468,3.468,3.468,3.468,1648679220,2022-03-30T22:27:00
3.40039,3.45862,3.40039,3.45862,1648677960,2022-03-30T22:06:00
3.53177,3.53177,3.53177,3.53177,1648676460,2022-03-30T21:41:00
3.54536,3.54536,3.54536,3.54536,1648674840,2022-03-30T21:14:00
3.55469,3.55469,3.55469,3.55469,1648673280,2022-03-30T20:48:00
3.56513,3.56513,3.56513,3.56513,1648673160,2022-03-30T20:46:00
3.57769,3.57769,3.57769,3.57769,1648671960,2022-03-30T20:26:00
3.61307,3.61307,3.61307,3.61307,1648671000,2022-03-30T20:10:00
3.64931,3.64931,3.64931,3.64931,1648669440,2022-03-30T19:44:00
3.63062,3.63062,3.63062,3.63062,1648669320,2022-03-30T19:42:00
3.61072,3.61072,3.61072,3.61072,1648669140,2022-03-30T19:39:00
3.5852,3.5852,3.5852,3.5852,1648666980,2022-03-30T19:03:00
3.6858,3.6858,3.6858,3.6858,1648663860,2022-03-30T18:11:00
3.72397,3.72397,3.72397,3.72397,1648663680,2022-03-30T18:08:00
3.74414,3.74414,3.74414,3.74414,1648663560,2022-03-30T18:06:00
3.54149,3.54149,3.54149,3.54149,1648662060,2022-03-30T17:41:00
3.38312,3.38312,3.38312,3.38312,1648661580,2022-03-30T17:33:00
3.40796,3.40796,3.40796,3.40796,1648660500,2022-03-30T17:15:00
3.26164,3.26164,3.26164,3.26164,1648660320,2022-03-30T17:12:00
3.30459,3.30459,3.26847,3.26847,1648660260,2022-03-30T17:11:00
3.32103,3.32103,3.32103,3.32103,1648660080,2022-03-30T17:08:00
3.35742,3.35742,3.35742,3.35742,1648659180,2022-03-30T16:53:00
3.38069,3.38069,3.38069,3.38069,1648658160,2022-03-30T16:36:00
3.38277,3.38277,3.38277,3.38277,1648656960,2022-03-30T16:16:00
3.39749,3.39749,3.39749,3.39749,1648656660,2022-03-30T16:11:00
3.37867,3.37867,3.37867,3.37867,1648655460,2022-03-30T15:51:00
3.36691,3.36691,3.36691,3.36691,1648655400,2022-03-30T15:50:00
3.33538,3.33538,3.33538,3.33538,1648655340,2022-03-30T15:49:00
3.31521,3.31521,3.31521,3.31521,1648655100,2022-03-30T15:45:00
3.2944,3.31407,3.2944,3.31407,1648654620,2022-03-30T15:37:00
3.28224,3.28224,3.28224,3.28224,1648653840,2022-03-30T15:24:00
3.32099,3.32099,3.32099,3.32099,1648652460,2022-03-30T15:01:00
3.34783,3.34783,3.34783,3.34783,1648651740,2022-03-30T14:49:00
3.34057,3.34057,3.34057,3.34057,1648651500,2022-03-30T14:45:00
3.37206,3.37206,3.37206,3.37206,1648651320,2022-03-30T14:42:00
3.33537,3.33537,3.33537,3.33537,1648650660,2022-03-30T14:31:00
3.2993,3.2993,3.2993,3.2993,1648650420,2022-03-30T14:27:00
3.31519,3.31519,3.31519,3.31519,1648650120,2022-03-30T14:22:00
3.29952,3.29952,3.29952,3.29952,1648649760,2022-03-30T14:16:00
3.28539,3.28539,3.28539,3.28539,1648649700,2022-03-30T14:15:00
3.27027,3.27027,3.27027,3.27027,1648649640,2022-03-30T14:14:00
3.25596,3.25596,3.25514,3.25514,1648648920,2022-03-30T14:02:00
3.33531,3.33531,3.33531,3.33531,1648648440,2022-03-30T13:54:00
3.42903,3.42903,3.42903,3.42903,1648648380,2022-03-30T13:53:00
3.48892,3.48892,3.48892,3.48892,1648647900,2022-03-30T13:45:00
3.44869,3.44869,3.44869,3.44869,1648647120,2022-03-30T13:32:00
3.54929,3.54929,3.54929,3.54929,1648646520,2022-03-30T13:22:00
3.51439,3.51439,3.51439,3.51439,1648646100,2022-03-30T13:15:00
3.52284,3.52284,3.52284,3.52284,1648646040,2022-03-30T13:14:00
3.60319,3.60319,3.60319,3.60319,1648645800,2022-03-30T13:10:00
3.63085,3.63085,3.63085,3.63085,1648642500,2022-03-30T12:15:00
3.67133,3.67133,3.67133,3.67133,1648642140,2022-03-30T12:09:00
3.70301,3.70301,3.70301,3.70301,1648640760,2022-03-30T11:46:00
3.67641,3.67641,3.67641,3.67641,1648638360,2022-03-30T11:06:00
3.63921,3.63921,3.63921,3.63921,1648637940,2022-03-30T10:59:00
3.62395,3.62395,3.62395,3.62395,1648636680,2022-03-30T10:38:00
3.65598,3.65598,3.65598,3.65598,1648634820,2022-03-30T10:07:00
3.66613,3.66613,3.66613,3.66613,1648634100,2022-03-30T09:55:00
3.68465,3.68465,3.68465,3.68465,1648631820,2022-03-30T09:17:00
3.64688,3.64688,3.64688,3.64688,1648631760,2022-03-30T09:16:00
3.65294,3.65294,3.65294,3.65294,1648631700,2022-03-30T09:15:00
3.72073,3.72073,3.72073,3.72073,1648631640,2022-03-30T09:14:00
3.86201,3.86201,3.86201,3.86201,1648631280,2022-03-30T09:08:00
3.90575,3.90575,3.90575,3.90575,1648631220,2022-03-30T09:07:00
3.65933,3.65933,3.65933,3.65933,1648631160,2022-03-30T09:06:00
3.59924,3.59924,3.59924,3.59924,1648630380,2022-03-30T08:53:00
3.61901,3.61901,3.61901,3.61901,1648629900,2022-03-30T08:45:00
3.64386,3.64386,3.64386,3.64386,1648629480,2022-03-30T08:38:00
3.68502,3.68502,3.68502,3.68502,1648627680,2022-03-30T08:08:00
3.69247,3.69247,3.69247,3.69247,1648626180,2022-03-30T07:43:00
3.65914,3.65914,3.65914,3.65914,1648624920,2022-03-30T07:22:00
3.66976,3.66976,3.66976,3.66976,1648623660,2022-03-30T07:01:00
3.7037,3.7037,3.68418,3.68418,1648622820,2022-03-30T06:47:00
3.69189,3.69189,3.69189,3.69189,1648622340,2022-03-30T06:39:00
3.66859,3.66859,3.66859,3.66859,1648622220,2022-03-30T06:37:00
3.66382,3.66382,3.66382,3.66382,1648620180,2022-03-30T06:03:00
3.68032,3.68032,3.68032,3.68032,1648619760,2022-03-30T05:56:00
3.65792,3.65792,3.65792,3.65792,1648610220,2022-03-30T03:17:00
3.68962,3.68962,3.68962,3.68962,1648609560,2022-03-30T03:06:00
3.67956,3.67956,3.67956,3.67956,1648609320,2022-03-30T03:02:00
3.63967,3.63967,3.63967,3.63967,1648607460,2022-03-30T02:31:00
3.60695,3.60695,3.60695,3.60695,1648607160,2022-03-30T02:26:00
3.63983,3.63983,3.63983,3.63983,1648607100,2022-03-30T02:25:00
3.63794,3.63794,3.63794,3.63794,1648606800,2022-03-30T02:20:00
3.5614,3.5614,3.5614,3.5614,1648605540,2022-03-30T01:59:00
3.48889,3.48889,3.48889,3.48889,1648605420,2022-03-30T01:57:00
3.47227,3.47227,3.47227,3.47227,1648605300,2022-03-30T01:55:00
3.5652,3.5652,3.5652,3.5652,1648604340,2022-03-30T01:39:00
3.54896,3.54896,3.54896,3.54896,1648603440,2022-03-30T01:24:00
3.51573,3.5189,3.51573,3.5189,1648603380,2022-03-30T01:23:00
3.60446,3.62956,3.60446,3.62956,1648603260,2022-03-30T01:21:00
3.68193,3.68193,3.68193,3.68193,1648603020,2022-03-30T01:17:00
3.69624,3.69624,3.69624,3.69624,1648600680,2022-03-30T00:38:00
3.72777,3.72777,3.72777,3.72777,1648600500,2022-03-30T00:35:00
3.714,3.714,3.714,3.714,1648600020,2022-03-30T00:27:00
3.65115,3.72023,3.65115,3.72023,1648599840,2022-03-30T00:24:00
3.79715,3.79715,3.79715,3.79715,1648598580,2022-03-30T00:03:00
4.00406,4.00406,4.00406,4.00406,1648598280,2022-03-29T23:58:00
3.92363,3.92363,3.92363,3.92363,1648597260,2022-03-29T23:41:00
3.88225,3.88225,3.88225,3.88225,1648596540,2022-03-29T23:29:00
3.86812,3.86812,3.86812,3.86812,1648595940,2022-03-29T23:19:00
3.82343,3.82343,3.82343,3.82343,1648592460,2022-03-29T22:21:00
3.79974,3.79974,3.79974,3.79974,1648591920,2022-03-29T22:12:00
3.86062,3.86062,3.86062,3.86062,1648591560,2022-03-29T22:06:00
3.89326,3.89326,3.89326,3.89326,1648591020,2022-03-29T21:57:00
3.87083,3.87083,3.87083,3.87083,1648588200,2022-03-29T21:10:00
3.92508,3.92508,3.92508,3.92508,1648586820,2022-03-29T20:47:00
3.93427,3.93427,3.93427,3.93427,1648586280,2022-03-29T20:38:00
3.96178,3.96178,3.96178,3.96178,1648585920,2022-03-29T20:32:00
3.98221,3.98221,3.98221,3.98221,1648585200,2022-03-29T20:20:00
4.0426,4.0426,4.0426,4.0426,1648585140,2022-03-29T20:19:00
4.02746,4.02746,4.02746,4.02746,1648584780,2022-03-29T20:13:00
3.99664,3.99664,3.99664,3.99664,1648584600,2022-03-29T20:10:00
3.96634,3.96634,3.96634,3.96634,1648584180,2022-03-29T20:03:00
3.98976,3.98976,3.98976,3.98976,1648584120,2022-03-29T20:02:00
3.97591,3.97591,3.96075,3.96075,1648583460,2022-03-29T19:51:00
4.02966,4.02966,4.02966,4.02966,1648583280,2022-03-29T19:48:00
4.02002,4.02002,4.02002,4.02002,1648582080,2022-03-29T19:28:00
4.10653,4.10653,4.10653,4.10653,1648581780,2022-03-29T19:23:00
4.11318,4.11318,4.11318,4.11318,1648581660,2022-03-29T19:21:00
4.11628,4.11628,4.11628,4.11628,1648581060,2022-03-29T19:11:00
4.07216,4.07216,4.07216,4.07216,1648579440,2022-03-29T18:44:00
4.09033,4.09033,4.09033,4.09033,1648579380,2022-03-29T18:43:00
3.92301,3.92301,3.92301,3.92301,1648578720,2022-03-29T18:32:00
3.88773,3.88773,3.88773,3.88773,1648575180,2022-03-29T17:33:00
3.83746,3.83746,3.83746,3.83746,1648572240,2022-03-29T16:44:00
3.84581,3.84581,3.84581,3.84581,1648572180,2022-03-29T16:43:00
3.91345,3.91345,3.91345,3.91345,1648570740,2022-03-29T16:19:00
3.93344,3.93344,3.93344,3.93344,1648570620,2022-03-29T16:17:00
3.9336,3.9336,3.9336,3.9336,1648570500,2022-03-29T16:15:00
4.00717,4.00717,4.00717,4.00717,1648569780,2022-03-29T16:03:00
4.02642,4.02642,4.02642,4.02642,1648569120,2022-03-29T15:52:00
4.03844,4.03844,4.03844,4.03844,1648568940,2022-03-29T15:49:00
4.08876,4.08876,4.08876,4.08876,1648568640,2022-03-29T15:44:00
4.11286,4.11286,4.11286,4.11286,1648568460,2022-03-29T15:41:00
4.17626,4.17626,4.17626,4.17626,1648568340,2022-03-29T15:39:00
4.13915,4.13915,4.13915,4.13915,1648568040,2022-03-29T15:34:00
4.1613,4.1613,4.1613,4.1613,1648567920,2022-03-29T15:32:00
4.19909,4.19909,4.19909,4.19909,1648567560,2022-03-29T15:26:00
4.23521,4.23521,4.23521,4.23521,1648567500,2022-03-29T15:25:00
4.25452,4.25452,4.25452,4.25452,1648567440,2022-03-29T15:24:00
4.17787,4.17787,4.17787,4.17787,1648567380,2022-03-29T15:23:00
4.01112,4.01112,4.01112,4.01112,1648567080,2022-03-29T15:18:00
4.12873,4.12873,4.12873,4.12873,1648566780,2022-03-29T15:13:00
4.1036,4.1036,4.1036,4.1036,1648566540,2022-03-29T15:09:00
3.91227,3.91227,3.91227,3.91227,1648566480,2022-03-29T15:08:00
3.80741,3.80741,3.80741,3.80741,1648566360,2022-03-29T15:06:00
3.83456,3.84452,3.83456,3.84452,1648565880,2022-03-29T14:58:00
3.80683,3.80683,3.80683,3.80683,1648565820,2022-03-29T14:57:00
3.87793,3.87793,3.81977,3.81977,1648565760,2022-03-29T14:56:00
4.04758,4.04758,4.04758,4.04758,1648565280,2022-03-29T14:48:00
4.02343,4.02343,4.02343,4.02343,1648565040,2022-03-29T14:44:00
4.05275,4.05275,4.05275,4.05275,1648564980,2022-03-29T14:43:00
4.11546,4.11546,4.11546,4.11546,1648564920,2022-03-29T14:42:00
4.21192,4.21192,4.21192,4.21192,1648564860,2022-03-29T14:41:00
4.18564,4.18564,4.18564,4.18564,1648564440,2022-03-29T14:34:00
4.20843,4.20843,4.20843,4.20843,1648564380,2022-03-29T14:33:00
4.2334,4.2334,4.2334,4.2334,1648564320,2022-03-29T14:32:00
4.31461,4.31461,4.22264,4.22264,1648563900,2022-03-29T14:25:00
4.19515,4.19515,4.16344,4.16344,1648563840,2022-03-29T14:24:00
4.16631,4.16631,4.16631,4.16631,1648563780,2022-03-29T14:23:00
4.17215,4.17215,4.17215,4.17215,1648563720,2022-03-29T14:22:00
4.21949,4.21949,4.19351,4.20221,1648563660,2022-03-29T14:21:00
4.40558,4.40558,4.40558,4.40558,1648563600,2022-03-29T14:20:00
4.12338,4.12338,4.12338,4.12338,1648563540,2022-03-29T14:19:00
3.96209,3.96209,3.96209,3.96209,1648563420,2022-03-29T14:17:00
3.97009,3.97009,3.97009,3.97009,1648563360,2022-03-29T14:16:00
3.94573,3.94573,3.94573,3.94573,1648562880,2022-03-29T14:08:00
3.93843,3.93843,3.93843,3.93843,1648562760,2022-03-29T14:06:00
3.9341,3.9341,3.91557,3.91557,1648561980,2022-03-29T13:53:00
3.9694,3.9694,3.9694,3.9694,1648561560,2022-03-29T13:46:00
3.95401,3.95401,3.95401,3.95401,1648561440,2022-03-29T13:44:00
3.99522,3.99522,3.99522,3.99522,1648561200,2022-03-29T13:40:00
4.01754,4.01754,4.01754,4.01754,1648561020,2022-03-29T13:37:00
4.11465,4.11465,4.11465,4.11465,1648560780,2022-03-29T13:33:00
4.20307,4.20307,4.20307,4.20307,1648560720,2022-03-29T13:32:00
4.21729,4.21729,4.21729,4.21729,1648560660,2022-03-29T13:31:00
4.20621,4.2339,4.20621,4.2339,1648560420,2022-03-29T13:27:00
4.20184,4.20184,4.20184,4.20184,1648560300,2022-03-29T13:25:00
4.22711,4.22711,4.22711,4.22711,1648560240,2022-03-29T13:24:00
4.20112,4.20112,4.20112,4.20112,1648560120,2022-03-29T13:22:00
4.24714,4.24714,4.1253,4.1253,1648560060,2022-03-29T13:21:00
4.1098,4.38999,4.1098,4.38999,1648560000,2022-03-29T13:20:00
4.18403,4.18403,4.18403,4.18403,1648559880,2022-03-29T13:18:00
4.14258,4.14258,4.14258,4.14258,1648559820,2022-03-29T13:17:00
3.98447,3.98447,3.98447,3.98447,1648559400,2022-03-29T13:10:00
3.87462,3.87462,3.87462,3.87462,1648559100,2022-03-29T13:05:00
3.81008,3.81008,3.81008,3.81008,1648558800,2022-03-29T13:00:00
3.82118,3.82118,3.82118,3.82118,1648557600,2022-03-29T12:40:00
3.83693,3.83693,3.83693,3.83693,1648555560,2022-03-29T12:06:00
3.81461,3.81461,3.81461,3.81461,1648555500,2022-03-29T12:05:00
3.79905,3.79905,3.79905,3.79905,1648552140,2022-03-29T11:09:00
3.77055,3.77055,3.77055,3.77055,1648551060,2022-03-29T10:51:00
3.79122,3.79122,3.79122,3.79122,1648549200,2022-03-29T10:20:00
3.82543,3.82543,3.82543,3.82543,1648548480,2022-03-29T10:08:00
3.80744,3.80744,3.80744,3.80744,1648548300,2022-03-29T10:05:00
3.83165,3.83165,3.83165,3.83165,1648548180,2022-03-29T10:03:00
3.79174,3.79174,3.79174,3.79174,1648547760,2022-03-29T09:56:00
3.90707,3.90707,3.90707,3.90707,1648546020,2022-03-29T09:27:00
3.94373,3.94373,3.94373,3.94373,1648545960,2022-03-29T09:26:00
3.74187,3.74187,3.74187,3.74187,1648544640,2022-03-29T09:04:00
3.75971,3.75971,3.75971,3.75971,1648543680,2022-03-29T08:48:00
3.77631,3.77631,3.77631,3.77631,1648543200,2022-03-29T08:40:00
3.84252,3.84252,3.80074,3.80074,1648543080,2022-03-29T08:38:00
3.56001,3.56001,3.56001,3.56001,1648542900,2022-03-29T08:35:00
3.58564,3.58564,3.58564,3.58564,1648542660,2022-03-29T08:31:00
3.60113,3.60113,3.60113,3.60113,1648542480,2022-03-29T08:28:00
3.60892,3.60892,3.60892,3.60892,1648541700,2022-03-29T08:15:00
3.77257,3.77257,3.77257,3.77257,1648539300,2022-03-29T07:35:00
3.74877,3.74877,3.74877,3.74877,1648536840,2022-03-29T06:54:00
3.79682,3.79682,3.79682,3.79682,1648536660,2022-03-29T06:51:00
3.84857,3.84857,3.84857,3.84857,1648536300,2022-03-29T06:45:00
3.95117,3.95117,3.95117,3.95117,1648536000,2022-03-29T06:40:00
3.76659,3.76659,3.76659,3.76659,1648533960,2022-03-29T06:06:00
3.72576,3.72576,3.72576,3.72576,1648533600,2022-03-29T06:00:00
3.66159,3.66159,3.66159,3.66159,1648532220,2022-03-29T05:37:00
3.66779,3.66779,3.66779,3.66779,1648532100,2022-03-29T05:35:00
3.64525,3.64525,3.64525,3.64525,1648529400,2022-03-29T04:50:00
3.61298,3.61298,3.61298,3.61298,1648524900,2022-03-29T03:35:00
3.57454,3.57454,3.57454,3.57454,1648524540,2022-03-29T03:29:00
3.58124,3.58124,3.58124,3.58124,1648523820,2022-03-29T03:17:00
3.6266,3.6266,3.6266,3.6266,1648523400,2022-03-29T03:10:00
3.66395,3.66395,3.66395,3.66395,1648522620,2022-03-29T02:57:00
3.74055,3.74055,3.74055,3.74055,1648521720,2022-03-29T02:42:00
3.77043,3.77043,3.75525,3.75525,1648521660,2022-03-29T02:41:00
3.7391,3.7391,3.7391,3.7391,1648521600,2022-03-29T02:40:00
3.71479,3.71479,3.71479,3.71479,1648521480,2022-03-29T02:38:00
3.72616,3.72616,3.72616,3.72616,1648518720,2022-03-29T01:52:00
3.72012,3.72012,3.72012,3.72012,1648518480,2022-03-29T01:48:00
3.69004,3.69004,3.69004,3.69004,1648517760,2022-03-29T01:36:00
3.74676,3.74676,3.71357,3.71357,1648517520,2022-03-29T01:32:00
3.75073,3.75073,3.75073,3.75073,1648517340,2022-03-29T01:29:00
3.77561,3.77561,3.77561,3.77561,1648517160,2022-03-29T01:26:00
3.8457,3.8457,3.8457,3.8457,1648516920,2022-03-29T01:22:00
3.69964,3.69964,3.66978,3.66978,1648516800,2022-03-29T01:20:00
3.64398,3.64398,3.64398,3.64398,1648516620,2022-03-29T01:17:00
3.53519,3.55756,3.53519,3.55756,1648516440,2022-03-29T01:14:00
3.41014,3.41014,3.41014,3.41014,1648515300,2022-03-29T00:55:00
3.40271,3.40271,3.40271,3.40271,1648514640,2022-03-29T00:44:00
3.39013,3.39013,3.39013,3.39013,1648514580,2022-03-29T00:43:00
3.38128,3.38128,3.38128,3.38128,1648512060,2022-03-29T00:01:00
3.40223,3.40223,3.40223,3.40223,1648511940,2022-03-28T23:59:00
3.40421,3.40421,3.40421,3.40421,1648511880,2022-03-28T23:58:00
3.44877,3.44877,3.44877,3.44877,1648510800,2022-03-28T23:40:00
3.40263,3.40263,3.40263,3.40263,1648510560,2022-03-28T23:36:00
3.33151,3.33151,3.33151,3.33151,1648510020,2022-03-28T23:27:00
3.3803,3.3803,3.37802,3.37802,1648509720,2022-03-28T23:22:00
3.47442,3.47442,3.47442,3.47442,1648508820,2022-03-28T23:07:00
3.452,3.452,3.452,3.452,1648508640,2022-03-28T23:04:00
3.40377,3.40377,3.40377,3.40377,1648508520,2022-03-28T23:02:00
3.3498,3.3498,3.3498,3.3498,1648508460,2022-03-28T23:01:00
3.36864,3.36864,3.36864,3.36864,1648507920,2022-03-28T22:52:00
3.4077,3.4077,3.4077,3.4077,1648506660,2022-03-28T22:31:00
3.4204,3.4204,3.4185,3.4185,1648506600,2022-03-28T22:30:00
3.44377,3.44377,3.44377,3.44377,1648506480,2022-03-28T22:28:00
3.45009,3.45009,3.45009,3.45009,1648506180,2022-03-28T22:23:00
3.58583,3.58583,3.58583,3.58583,1648506000,2022-03-28T22:20:00
3.61685,3.63976,3.61685,3.63976,1648504380,2022-03-28T21:53:00
3.52886,3.52886,3.52886,3.52886,1648504200,2022-03-28T21:50:00
3.55182,3.55182,3.55182,3.55182,1648504140,2022-03-28T21:49:00
3.5884,3.5884,3.5884,3.5884,1648502760,2022-03-28T21:26:00
3.6108,3.6108,3.6108,3.6108,1648500420,2022-03-28T20:47:00
3.66982,3.66982,3.66982,3.66982,1648500240,2022-03-28T20:44:00
3.71726,3.71915,3.71726,3.71915,1648500120,2022-03-28T20:42:00
3.69028,3.69028,3.69028,3.69028,1648500000,2022-03-28T20:40:00
3.73429,3.73429,3.73429,3.73429,1648499160,2022-03-28T20:26:00
3.79064,3.79064,3.79064,3.79064,1648498980,2022-03-28T20:23:00
3.84934,3.84934,3.84934,3.84934,1648498620,2022-03-28T20:17:00
3.85535,3.85535,3.85535,3.85535,1648498260,2022-03-28T20:11:00
3.88687,3.88687,3.88687,3.88687,1648498020,2022-03-28T20:07:00
3.97732,3.97732,3.94844,3.94844,1648497900,2022-03-28T20:05:00
3.92776,3.92776,3.92776,3.92776,1648497780,2022-03-28T20:03:00
3.90077,3.90077,3.90077,3.90077,1648497720,2022-03-28T20:02:00
3.9041,3.9041,3.9041,3.9041,1648497420,2022-03-28T19:57:00
3.92233,3.92233,3.92233,3.92233,1648497300,2022-03-28T19:55:00
3.94187,3.94187,3.94187,3.94187,1648497180,2022-03-28T19:53:00
3.797,3.797,3.797,3.797,1648496520,2022-03-28T19:42:00
3.83842,3.83842,3.83842,3.83842,1648495920,2022-03-28T19:32:00
3.89334,3.89334,3.89334,3.89334,1648495620,2022-03-28T19:27:00
3.7639,3.7639,3.7639,3.7639,1648495500,2022-03-28T19:25:00
3.83173,3.83173,3.83173,3.83173,1648494540,2022-03-28T19:09:00
3.85425,3.85425,3.85425,3.85425,1648494480,2022-03-28T19:08:00
4.01274,4.01274,4.01274,4.01274,1648494420,2022-03-28T19:07:00
3.79764,3.79877,3.79764,3.79877,1648494360,2022-03-28T19:06:00
3.83896,3.83896,3.83896,3.83896,1648494300,2022-03-28T19:05:00
3.94456,3.94456,3.90278,3.90278,1648494180,2022-03-28T19:03:00
3.88864,3.88864,3.88864,3.88864,1648494060,2022-03-28T19:01:00
3.93082,3.93082,3.93082,3.93082,1648494000,2022-03-28T19:00:00
4.08312,4.08312,4.08312,4.08312,1648493940,2022-03-28T18:59:00
3.60564,3.60564,3.60564,3.60564,1648493820,2022-03-28T18:57:00
3.59187,3.59187,3.59187,3.59187,1648493640,2022-03-28T18:54:00
3.55601,3.55601,3.55601,3.55601,1648493520,2022-03-28T18:52:00
3.52355,3.52355,3.52355,3.52355,1648493460,2022-03-28T18:51:00
3.4215,3.4215,3.4215,3.4215,1648492680,2022-03-28T18:38:00
3.45074,3.45074,3.45074,3.45074,1648492440,2022-03-28T18:34:00
3.42757,3.42757,3.42757,3.42757,1648492080,2022-03-28T18:28:00
3.31675,3.31675,3.31675,3.31675,1648491420,2022-03-28T18:17:00
3.25144,3.25144,3.25144,3.25144,1648487820,2022-03-28T17:17:00
3.27601,3.27601,3.27601,3.27601,1648487460,2022-03-28T17:11:00
3.29934,3.29934,3.29934,3.29934,1648483980,2022-03-28T16:13:00
3.32471,3.32471,3.32471,3.32471,1648483860,2022-03-28T16:11:00
3.35857,3.35857,3.35857,3.35857,1648482480,2022-03-28T15:48:00
3.38884,3.38884,3.38884,3.38884,1648481340,2022-03-28T15:29:00
3.40449,3.40449,3.40449,3.40449,1648481220,2022-03-28T15:27:00
3.42532,3.42532,3.42532,3.42532,1648480020,2022-03-28T15:07:00
3.25853,3.25853,3.25853,3.25853,1648479060,2022-03-28T14:51:00
3.22479,3.22479,3.22479,3.22479,1648478880,2022-03-28T14:48:00
3.2275,3.2275,3.2275,3.2275,1648477800,2022-03-28T14:30:00
3.24702,3.24702,3.24702,3.24702,1648475040,2022-03-28T13:44:00
3.2554,3.2554,3.2554,3.2554,1648474800,2022-03-28T13:40:00
3.18565,3.18565,3.18565,3.18565,1648473180,2022-03-28T13:13:00
3.15173,3.15173,3.15173,3.15173,1648471260,2022-03-28T12:41:00
3.13837,3.13837,3.13837,3.13837,1648471200,2022-03-28T12:40:00
3.1512,3.1512,3.1512,3.1512,1648470720,2022-03-28T12:32:00
3.12382,3.12382,3.12382,3.12382,1648470660,2022-03-28T12:31:00
3.12418,3.1514,3.12418,3.14001,1648470540,2022-03-28T12:29:00
3.07473,3.07473,3.07473,3.07473,1648470480,2022-03-28T12:28:00
3.26627,3.26627,3.26627,3.26627,1648470420,2022-03-28T12:27:00
3.29194,3.29194,3.29194,3.29194,1648469820,2022-03-28T12:17:00
3.31805,3.31805,3.31805,3.31805,1648469700,2022-03-28T12:15:00
3.39565,3.39565,3.39565,3.39565,1648468860,2022-03-28T12:01:00
3.48562,3.48562,3.45534,3.45534,1648468500,2022-03-28T11:55:00
3.43258,3.43258,3.38534,3.38534,1648468320,2022-03-28T11:52:00
3.41453,3.41453,3.41453,3.41453,1648468260,2022-03-28T11:51:00
3.54923,3.54923,3.54923,3.54923,1648468140,2022-03-28T11:49:00
3.52717,3.52717,3.52717,3.52717,1648467660,2022-03-28T11:41:00
3.51507,3.51507,3.51507,3.51507,1648465980,2022-03-28T11:13:00
3.40552,3.40552,3.40552,3.40552,1648465380,2022-03-28T11:03:00
3.45545,3.45545,3.38409,3.38409,1648464180,2022-03-28T10:43:00
3.66488,3.66488,3.58147,3.58147,1648463820,2022-03-28T10:37:00
3.70523,3.70523,3.70523,3.70523,1648463640,2022-03-28T10:34:00
3.73399,3.73399,3.73399,3.73399,1648463460,2022-03-28T10:31:00
3.65697,3.65697,3.65697,3.65697,1648463400,2022-03-28T10:30:00
3.60088,3.60088,3.60085,3.60085,1648463340,2022-03-28T10:29:00
3.51259,3.51259,3.51259,3.51259,1648463100,2022-03-28T10:25:00
3.50798,3.50798,3.50798,3.50798,1648462440,2022-03-28T10:14:00
3.52727,3.52727,3.52727,3.52727,1648462260,2022-03-28T10:11:00
3.55055,3.55055,3.55055,3.55055,1648462140,2022-03-28T10:09:00
3.5313,3.5313,3.5313,3.5313,1648461780,2022-03-28T10:03:00
3.49296,3.49296,3.49296,3.49296,1648461480,2022-03-28T09:58:00
3.45216,3.45216,3.45216,3.45216,1648461060,2022-03-28T09:51:00
3.42849,3.42849,3.42849,3.42849,1648458780,2022-03-28T09:13:00
3.43489,3.43489,3.43489,3.43489,1648457820,2022-03-28T08:57:00
3.45562,3.45562,3.45562,3.45562,1648457100,2022-03-28T08:45:00
3.43975,3.43975,3.43975,3.43975,1648456500,2022-03-28T08:35:00
3.43139,3.43139,3.43139,3.43139,1648456140,2022-03-28T08:29:00
3.39894,3.39894,3.39894,3.39894,1648455840,2022-03-28T08:24:00
3.34823,3.34823,3.34823,3.34823,1648454880,2022-03-28T08:08:00
3.26949,3.26949,3.26949,3.26949,1648453440,2022-03-28T07:44:00
3.23204,3.23204,3.23204,3.23204,1648453320,2022-03-28T07:42:00
3.25035,3.25035,3.25035,3.25035,1648453020,2022-03-28T07:37:00
3.25511,3.25511,3.25511,3.25511,1648452780,2022-03-28T07:33:00
3.29146,3.29146,3.29146,3.29146,1648452060,2022-03-28T07:21:00
3.28275,3.28275,3.28275,3.28275,1648451280,2022-03-28T07:08:00
3.35313,3.35313,3.35313,3.35313,1648450560,2022-03-28T06:56:00
3.43291,3.43291,3.43291,3.43291,1648449840,2022-03-28T06:44:00
3.47201,3.47201,3.47201,3.47201,1648449060,2022-03-28T06:31:00
3.46323,3.46323,3.46323,3.46323,1648449000,2022-03-28T06:30:00
3.50262,3.50262,3.50262,3.50262,1648448760,2022-03-28T06:26:00
3.57314,3.57314,3.57314,3.57314,1648447980,2022-03-28T06:13:00
3.66064,3.66064,3.66064,3.66064,1648447380,2022-03-28T06:03:00
3.73219,3.73219,3.73219,3.73219,1648446840,2022-03-28T05:54:00
3.69469,3.69469,3.69469,3.69469,1648446600,2022-03-28T05:50:00
3.69051,3.69051,3.69051,3.69051,1648444860,2022-03-28T05:21:00
3.70894,3.70894,3.70894,3.70894,1648444080,2022-03-28T05:08:00
3.7147,3.7147,3.7147,3.7147,1648443480,2022-03-28T04:58:00
3.6134,3.6134,3.6134,3.6134,1648441380,2022-03-28T04:23:00
3.63339,3.63339,3.63339,3.63339,1648440960,2022-03-28T04:16:00
3.68114,3.68114,3.68114,3.68114,1648439280,2022-03-28T03:48:00
3.65215,3.65215,3.65215,3.65215,1648438440,2022-03-28T03:34:00
3.62514,3.62514,3.62514,3.62514,1648437420,2022-03-28T03:17:00
3.6025,3.6025,3.6025,3.6025,1648436580,2022-03-28T03:03:00
3.59636,3.59636,3.59636,3.59636,1648435800,2022-03-28T02:50:00
3.62934,3.62934,3.62934,3.62934,1648435620,2022-03-28T02:47:00
3.59708,3.59708,3.59708,3.59708,1648434720,2022-03-28T02:32:00
3.61938,3.61938,3.61938,3.61938,1648434600,2022-03-28T02:30:00
3.6357,3.6357,3.6357,3.6357,1648434360,2022-03-28T02:26:00
3.73819,3.83175,3.7355,3.7355,1648433820,2022-03-28T02:17:00
3.70411,3.70411,3.70411,3.70411,1648433520,2022-03-28T02:12:00
3.6244,3.6244,3.6244,3.6244,1648432080,2022-03-28T01:48:00
3.65242,3.65242,3.65242,3.65242,1648431240,2022-03-28T01:34:00
3.7263,3.7263,3.69221,3.69221,1648430700,2022-03-28T01:25:00
3.52227,3.52227,3.52227,3.52227,1648430640,2022-03-28T01:24:00
3.51565,3.51565,3.51565,3.51565,1648428540,2022-03-28T00:49:00
3.52154,3.54228,3.52154,3.54228,1648428360,2022-03-28T00:46:00
3.53109,3.53109,3.53109,3.53109,1648428180,2022-03-28T00:43:00
3.76645,3.76645,3.55318,3.55318,1648428120,2022-03-28T00:42:00
3.79113,3.79113,3.79113,3.79113,1648428000,2022-03-28T00:40:00
3.44834,3.44834,3.44834,3.44834,1648427940,2022-03-28T00:39:00
3.39954,3.39954,3.39954,3.39954,1648427640,2022-03-28T00:34:00
3.3462,3.3462,3.3462,3.3462,1648427160,2022-03-28T00:26:00
3.36677,3.36677,3.36677,3.36677,1648426140,2022-03-28T00:09:00
3.33743,3.33743,3.33743,3.33743,1648426080,2022-03-28T00:08:00
3.31572,3.31572,3.31572,3.31572,1648425540,2022-03-27T23:59:00
3.3313,3.3313,3.3313,3.3313,1648424040,2022-03-27T23:34:00
3.2431,3.2431,3.2431,3.2431,1648423260,2022-03-27T23:21:00
3.26106,3.26106,3.26106,3.26106,1648421460,2022-03-27T22:51:00
3.24814,3.24814,3.24814,3.24814,1648421340,2022-03-27T22:49:00
3.22572,3.22572,3.22572,3.22572,1648420920,2022-03-27T22:42:00
3.27488,3.27488,3.27488,3.27488,1648420800,2022-03-27T22:40:00
3.29973,3.29973,3.29973,3.29973,1648419780,2022-03-27T22:23:00
3.40697,3.40697,3.31896,3.31896,1648419240,2022-03-27T22:14:00
3.35384,3.35384,3.35384,3.35384,1648418640,2022-03-27T22:04:00
3.34683,3.34683,3.34683,3.34683,1648418340,2022-03-27T21:59:00
3.36972,3.36972,3.36972,3.36972,1648418280,2022-03-27T21:58:00
3.2835,3.2835,3.2835,3.2835,1648418100,2022-03-27T21:55:00
3.30483,3.30483,3.30483,3.30483,1648417800,2022-03-27T21:50:00
3.26801,3.26801,3.26801,3.26801,1648417380,2022-03-27T21:43:00
3.23126,3.23126,3.23126,3.23126,1648417260,2022-03-27T21:41:00
3.20823,3.20823,3.20823,3.20823,1648417080,2022-03-27T21:38:00
3.19333,3.19333,3.19333,3.19333,1648417020,2022-03-27T21:37:00
3.29288,3.29288,3.29288,3.29288,1648416900,2022-03-27T21:35:00
3.1204,3.1204,3.1204,3.1204,1648416660,2022-03-27T21:31:00
3.15956,3.15956,3.15956,3.15956,1648416420,2022-03-27T21:27:00
3.18202,3.18202,3.18202,3.18202,1648416360,2022-03-27T21:26:00
3.16735,3.16735,3.16735,3.16735,1648416300,2022-03-27T21:25:00
3.21968,3.21968,3.21968,3.21968,1648415760,2022-03-27T21:16:00
3.29601,3.29601,3.29601,3.29601,1648414620,2022-03-27T20:57:00
3.3048,3.3048,3.3048,3.3048,1648413960,2022-03-27T20:46:00
3.28871,3.28871,3.28871,3.28871,1648413840,2022-03-27T20:44:00
3.29964,3.30771,3.29964,3.30771,1648413720,2022-03-27T20:42:00
3.25957,3.25957,3.25957,3.25957,1648413600,2022-03-27T20:40:00
3.29532,3.29532,3.29532,3.29532,1648413540,2022-03-27T20:39:00
3.20257,3.20257,3.20257,3.20257,1648413480,2022-03-27T20:38:00
3.1235,3.1235,3.1235,3.1235,1648413180,2022-03-27T20:33:00
3.10629,3.10629,3.10629,3.10629,1648412940,2022-03-27T20:29:00
3.13907,3.13907,3.13907,3.13907,1648412640,2022-03-27T20:24:00
3.27076,3.27076,3.21489,3.21489,1648412520,2022-03-27T20:22:00
3.29735,3.3134,3.29735,3.3134,1648412460,2022-03-27T20:21:00
3.35315,3.35315,3.32442,3.32442,1648412400,2022-03-27T20:20:00
3.39535,3.39535,3.39535,3.39535,1648412220,2022-03-27T20:17:00
3.34885,3.34885,3.34885,3.34885,1648412100,2022-03-27T20:15:00
3.30559,3.30559,3.30559,3.30559,1648411920,2022-03-27T20:12:00
3.26936,3.26936,3.26936,3.26936,1648411740,2022-03-27T20:09:00
3.22333,3.27854,3.21686,3.21686,1648411680,2022-03-27T20:08:00
3.22938,3.22938,3.22938,3.22938,1648411500,2022-03-27T20:05:00
3.1842,3.1842,3.13038,3.13038,1648411440,2022-03-27T20:04:00
3.21655,3.21655,3.21655,3.21655,1648411320,2022-03-27T20:02:00
3.24538,3.24538,3.24538,3.24538,1648411200,2022-03-27T20:00:00
3.28464,3.28464,3.28464,3.28464,1648411140,2022-03-27T19:59:00
3.06411,3.4188,3.06411,3.4188,1648411080,2022-03-27T19:58:00
3.09699,3.09699,3.09699,3.09699,1648411020,2022-03-27T19:57:00
3.15386,3.15386,3.15386,3.15386,1648410960,2022-03-27T19:56:00
3.24775,3.24775,3.24775,3.24775,1648410900,2022-03-27T19:55:00
3.0369,3.0369,3.0369,3.0369,1648410780,2022-03-27T19:53:00
2.95647,2.95647,2.95647,2.95647,1648410660,2022-03-27T19:51:00
2.88551,2.88551,2.88551,2.88551,1648410540,2022-03-27T19:49:00
2.79343,2.79343,2.79343,2.79343,1648410360,2022-03-27T19:46:00
2.76224,2.76224,2.76224,2.76224,1648410180,2022-03-27T19:43:00
2.81207,2.81207,2.81207,2.81207,1648410120,2022-03-27T19:42:00
2.90329,2.90329,2.90329,2.90329,1648409400,2022-03-27T19:30:00
2.68646,2.68646,2.68646,2.68646,1648408920,2022-03-27T19:22:00
2.67521,2.67521,2.67521,2.67521,1648408620,2022-03-27T19:17:00
2.69278,2.69278,2.69278,2.69278,1648406760,2022-03-27T18:46:00
2.76486,2.76486,2.72281,2.72281,1648406040,2022-03-27T18:34:00
2.73072,2.73072,2.73072,2.73072,1648405980,2022-03-27T18:33:00
2.86357,2.86357,2.86357,2.86357,1648405200,2022-03-27T18:20:00
2.8857,2.8857,2.8857,2.8857,1648404540,2022-03-27T18:09:00
2.8677,2.8677,2.8677,2.8677,1648404120,2022-03-27T18:02:00
2.89018,2.89018,2.89018,2.89018,1648404000,2022-03-27T18:00:00
2.88831,2.88831,2.88831,2.88831,1648403340,2022-03-27T17:49:00
2.73775,2.73775,2.73775,2.73775,1648403280,2022-03-27T17:48:00
2.60957,2.60957,2.60957,2.60957,1648401420,2022-03-27T17:17:00
2.59443,2.59443,2.58487,2.58487,1648401360,2022-03-27T17:16:00
2.6322,2.6322,2.6322,2.6322,1648400040,2022-03-27T16:54:00
2.63881,2.63881,2.63563,2.63563,1648399920,2022-03-27T16:52:00
2.66995,2.66995,2.66995,2.66995,1648398300,2022-03-27T16:25:00
2.6441,2.6441,2.6441,2.6441,1648395360,2022-03-27T15:36:00
2.6515,2.6515,2.6515,2.6515,1648392840,2022-03-27T14:54:00
2.64127,2.64127,2.64127,2.64127,1648392420,2022-03-27T14:47:00
2.63738,2.63738,2.63738,2.63738,1648392360,2022-03-27T14:46:00
2.68287,2.68287,2.68287,2.68287,1648392120,2022-03-27T14:42:00
2.68681,2.68681,2.68681,2.68681,1648391460,2022-03-27T14:31:00
2.72961,2.72961,2.72961,2.72961,1648391100,2022-03-27T14:25:00
2.71608,2.71608,2.71608,2.71608,1648390200,2022-03-27T14:10:00
2.72629,2.72629,2.72629,2.72629,1648390080,2022-03-27T14:08:00
2.79694,2.85137,2.79694,2.85137,1648386360,2022-03-27T13:06:00
2.86408,2.86408,2.86408,2.86408,1648385400,2022-03-27T12:50:00
2.89661,2.89661,2.89661,2.89661,1648382880,2022-03-27T12:08:00
2.8878,2.8878,2.8878,2.8878,1648379880,2022-03-27T11:18:00
2.9164,2.9164,2.9164,2.9164,1648378140,2022-03-27T10:49:00
2.87588,2.87588,2.87588,2.87588,1648376580,2022-03-27T10:23:00
2.89834,2.89834,2.89834,2.89834,1648372020,2022-03-27T09:07:00
2.89062,2.89062,2.89062,2.89062,1648370460,2022-03-27T08:41:00
2.91336,2.91336,2.91336,2.91336,1648370040,2022-03-27T08:34:00
2.90977,2.90977,2.90977,2.90977,1648369800,2022-03-27T08:30:00
2.90235,2.90235,2.90235,2.90235,1648368120,2022-03-27T08:02:00
2.84178,2.84178,2.84178,2.84178,1648368060,2022-03-27T08:01:00
2.77256,2.77256,2.77256,2.77256,1648366200,2022-03-27T07:30:00
2.72028,2.72028,2.72028,2.72028,1648365360,2022-03-27T07:16:00
2.76282,2.76282,2.76282,2.76282,1648363380,2022-03-27T06:43:00
2.75594,2.75594,2.75594,2.75594,1648363200,2022-03-27T06:40:00
2.74856,2.74856,2.74856,2.74856,1648362360,2022-03-27T06:26:00
2.69112,2.69112,2.69112,2.69112,1648357860,2022-03-27T05:11:00
2.67241,2.67241,2.67241,2.67241,1648357260,2022-03-27T05:01:00
2.66825,2.66825,2.66825,2.66825,1648353960,2022-03-27T04:06:00
2.65186,2.65186,2.65186,2.65186,1648352880,2022-03-27T03:48:00
2.67529,2.67529,2.67529,2.67529,1648350600,2022-03-27T03:10:00
2.69136,2.69136,2.69136,2.69136,1648347840,2022-03-27T02:24:00
2.69889,2.69889,2.69889,2.69889,1648344600,2022-03-27T01:30:00
2.69038,2.69038,2.69038,2.69038,1648341060,2022-03-27T00:31:00
2.67826,2.67826,2.67826,2.67826,1648341000,2022-03-27T00:30:00
2.68178,2.68178,2.68178,2.68178,1648340760,2022-03-27T00:26:00
2.74095,2.74095,2.74095,2.74095,1648340340,2022-03-27T00:19:00
2.78073,2.78073,2.78073,2.78073,1648338660,2022-03-26T23:51:00
2.77727,2.77727,2.77727,2.77727,1648338360,2022-03-26T23:46:00
2.74223,2.74223,2.74223,2.74223,1648338000,2022-03-26T23:40:00
2.75592,2.75592,2.75592,2.75592,1648336320,2022-03-26T23:12:00
2.68815,2.68815,2.68815,2.68815,1648335840,2022-03-26T23:04:00
2.62435,2.62435,2.62435,2.62435,1648335480,2022-03-26T22:58:00
2.56802,2.56802,2.56802,2.56802,1648335180,2022-03-26T22:53:00
2.61399,2.61399,2.61399,2.61399,1648334940,2022-03-26T22:49:00
2.71558,2.71558,2.71558,2.71558,1648330560,2022-03-26T21:36:00
2.70057,2.70057,2.70057,2.70057,1648326000,2022-03-26T20:20:00
2.698,2.698,2.698,2.698,1648324260,2022-03-26T19:51:00
2.71503,2.71503,2.71503,2.71503,1648321140,2022-03-26T18:59:00
2.6976,2.6976,2.6976,2.6976,1648320600,2022-03-26T18:50:00
2.7315,2.7315,2.7315,2.7315,1648320540,2022-03-26T18:49:00
2.81132,2.81132,2.81132,2.81132,1648319280,2022-03-26T18:28:00
2.82973,2.82973,2.82973,2.82973,1648315560,2022-03-26T17:26:00
2.83517,2.83517,2.83517,2.83517,1648315380,2022-03-26T17:23:00
2.89622,2.89622,2.89622,2.89622,1648315320,2022-03-26T17:22:00
3.00642,3.00642,3.00642,3.00642,1648315020,2022-03-26T17:17:00
2.99106,2.99106,2.99106,2.99106,1648314960,2022-03-26T17:16:00
2.9468,2.9468,2.9468,2.9468,1648314660,2022-03-26T17:11:00
2.91667,2.91667,2.91667,2.91667,1648314120,2022-03-26T17:02:00
2.82458,2.82458,2.82458,2.82458,1648313340,2022-03-26T16:49:00
2.78421,2.78421,2.78421,2.78421,1648313160,2022-03-26T16:46:00
2.78684,2.78684,2.78684,2.78684,1648312920,2022-03-26T16:42:00
2.75889,2.75889,2.75889,2.75889,1648311180,2022-03-26T16:13:00
2.78289,2.78289,2.78289,2.78289,1648311000,2022-03-26T16:10:00
2.79758,2.79758,2.79758,2.79758,1648310880,2022-03-26T16:08:00
2.82484,2.82484,2.77826,2.77826,1648310700,2022-03-26T16:05:00
2.87862,2.87862,2.87862,2.87862,1648310580,2022-03-26T16:03:00
2.66475,2.66475,2.61115,2.61115,1648310520,2022-03-26T16:02:00
2.55977,2.55977,2.55977,2.55977,1648310400,2022-03-26T16:00:00
2.4449,2.4449,2.4449,2.4449,1648309620,2022-03-26T15:47:00
2.48376,2.48376,2.48376,2.48376,1648304280,2022-03-26T14:18:00
2.47893,2.47893,2.47893,2.47893,1648303380,2022-03-26T14:03:00
2.46998,2.46998,2.46998,2.46998,1648301220,2022-03-26T13:27:00
2.4585,2.4585,2.4585,2.4585,1648297500,2022-03-26T12:25:00
2.47696,2.47696,2.47696,2.47696,1648297080,2022-03-26T12:18:00
2.5062,2.5062,2.49018,2.49018,1648295100,2022-03-26T11:45:00
2.6558,2.6558,2.6558,2.6558,1648293360,2022-03-26T11:16:00
2.6938,2.6938,2.6938,2.6938,1648292520,2022-03-26T11:02:00
2.5943,2.5943,2.5943,2.5943,1648292340,2022-03-26T10:59:00
2.53717,2.53717,2.53717,2.53717,1648290720,2022-03-26T10:32:00
2.55412,2.55412,2.52552,2.52552,1648288740,2022-03-26T09:59:00
2.61782,2.61782,2.61782,2.61782,1648287540,2022-03-26T09:39:00
2.59442,2.59442,2.59442,2.59442,1648282020,2022-03-26T08:07:00
2.58752,2.58752,2.58752,2.58752,1648262760,2022-03-26T02:46:00
2.56803,2.56803,2.56803,2.56803,1648262100,2022-03-26T02:35:00
2.57298,2.57298,2.57298,2.57298,1648256640,2022-03-26T01:04:00
2.56879,2.56879,2.56879,2.56879,1648253940,2022-03-26T00:19:00
2.55504,2.55504,2.55504,2.55504,1648253880,2022-03-26T00:18:00
2.5145,2.5145,2.5145,2.5145,1648252740,2022-03-25T23:59:00
2.53969,2.53969,2.53969,2.53969,1648252680,2022-03-25T23:58:00
2.54154,2.54154,2.54154,2.54154,1648250100,2022-03-25T23:15:00
2.52469,2.52469,2.52469,2.52469,1648249980,2022-03-25T23:13:00
2.5499,2.5499,2.5499,2.5499,1648249740,2022-03-25T23:09:00
2.58863,2.58863,2.58863,2.58863,1648248360,2022-03-25T22:46:00
2.61197,2.61197,2.61197,2.61197,1648245840,2022-03-25T22:04:00
2.6156,2.6156,2.6156,2.6156,1648244340,2022-03-25T21:39:00
2.60637,2.60637,2.60637,2.60637,1648244100,2022-03-25T21:35:00
2.6841,2.6841,2.6841,2.6841,1648243860,2022-03-25T21:31:00
2.79893,2.79893,2.79893,2.79893,1648243800,2022-03-25T21:30:00
2.85544,2.85544,2.80763,2.80763,1648243740,2022-03-25T21:29:00
2.83239,2.83239,2.83239,2.83239,1648243680,2022-03-25T21:28:00
2.85604,2.85604,2.82581,2.82581,1648243620,2022-03-25T21:27:00
2.83318,2.83318,2.83318,2.83318,1648243500,2022-03-25T21:25:00
2.82609,2.82609,2.82609,2.82609,1648243440,2022-03-25T21:24:00
2.85568,2.85568,2.85568,2.85568,1648243380,2022-03-25T21:23:00
2.83157,2.83157,2.83157,2.83157,1648243200,2022-03-25T21:20:00
2.82055,2.82055,2.82055,2.82055,1648243140,2022-03-25T21:19:00
2.80419,2.80419,2.80419,2.80419,1648243080,2022-03-25T21:18:00
2.76797,2.76797,2.76797,2.76797,1648242900,2022-03-25T21:15:00
2.69786,2.73292,2.69786,2.73292,1648242840,2022-03-25T21:14:00
2.67119,2.67119,2.67119,2.67119,1648241760,2022-03-25T20:56:00
2.59505,2.59505,2.59505,2.59505,1648241160,2022-03-25T20:46:00
2.5697,2.5697,2.5697,2.5697,1648239660,2022-03-25T20:21:00
2.53684,2.53684,2.53684,2.53684,1648238520,2022-03-25T20:02:00
2.51488,2.51488,2.51488,2.51488,1648237440,2022-03-25T19:44:00
2.50604,2.50604,2.50604,2.50604,1648236480,2022-03-25T19:28:00
2.53415,2.53415,2.53415,2.53415,1648235220,2022-03-25T19:07:00
2.55266,2.55266,2.55266,2.55266,1648234980,2022-03-25T19:03:00
2.58725,2.58725,2.58725,2.58725,1648233300,2022-03-25T18:35:00
2.61272,2.61272,2.61272,2.61272,1648232100,2022-03-25T18:15:00
2.59156,2.59156,2.59156,2.59156,1648231980,2022-03-25T18:13:00
2.56653,2.56653,2.56653,2.56653,1648231080,2022-03-25T17:58:00
2.52336,2.52336,2.52336,2.52336,1648231020,2022-03-25T17:57:00
2.46438,2.46584,2.46438,2.46584,1648230480,2022-03-25T17:48:00
2.4836,2.4836,2.4836,2.4836,1648229640,2022-03-25T17:34:00
2.49146,2.49146,2.49146,2.49146,1648229160,2022-03-25T17:26:00
2.49692,2.49692,2.49692,2.49692,1648229100,2022-03-25T17:25:00
2.53669,2.53669,2.53669,2.53669,1648228560,2022-03-25T17:16:00
2.56135,2.56135,2.56135,2.56135,1648228260,2022-03-25T17:11:00
2.63557,2.63557,2.63557,2.63557,1648227360,2022-03-25T16:56:00
2.662,2.6827,2.662,2.6827,1648227240,2022-03-25T16:54:00
2.62933,2.62933,2.62933,2.62933,1648226880,2022-03-25T16:48:00
2.60205,2.60205,2.60205,2.60205,1648226580,2022-03-25T16:43:00
2.57631,2.57631,2.57631,2.57631,1648226520,2022-03-25T16:42:00
2.65594,2.65594,2.65594,2.65594,1648226460,2022-03-25T16:41:00
2.7848,2.7848,2.7848,2.7848,1648226400,2022-03-25T16:40:00
2.75254,2.75254,2.75254,2.75254,1648226280,2022-03-25T16:38:00
2.72106,2.72106,2.72106,2.72106,1648225140,2022-03-25T16:19:00
2.72177,2.72177,2.72177,2.72177,1648223580,2022-03-25T15:53:00
2.68673,2.68673,2.68673,2.68673,1648223220,2022-03-25T15:47:00
2.68575,2.68575,2.68575,2.68575,1648222560,2022-03-25T15:36:00
2.72047,2.72047,2.72047,2.72047,1648222440,2022-03-25T15:34:00
2.81468,2.81468,2.81468,2.81468,1648221600,2022-03-25T15:20:00
2.8568,2.8568,2.8568,2.8568,1648221540,2022-03-25T15:19:00
2.74402,2.74402,2.74402,2.74402,1648221480,2022-03-25T15:18:00
2.76097,2.76097,2.76097,2.76097,1648221360,2022-03-25T15:16:00
2.89022,2.89022,2.89022,2.89022,1648220820,2022-03-25T15:07:00
2.92285,2.92285,2.92285,2.92285,1648220220,2022-03-25T14:57:00
2.82949,2.82949,2.82949,2.82949,1648219920,2022-03-25T14:52:00
2.74503,2.7863,2.70032,2.7863,1648219020,2022-03-25T14:37:00
2.81922,2.81922,2.8162,2.8162,1648218780,2022-03-25T14:33:00
2.88446,2.88446,2.88446,2.88446,1648218480,2022-03-25T14:28:00
2.91948,2.91948,2.91948,2.91948,1648216800,2022-03-25T14:00:00
2.90289,2.90289,2.90289,2.90289,1648216740,2022-03-25T13:59:00
2.91976,2.91976,2.91976,2.91976,1648216380,2022-03-25T13:53:00
2.90905,2.90905,2.90905,2.90905,1648216320,2022-03-25T13:52:00
2.84873,2.84873,2.84873,2.84873,1648215240,2022-03-25T13:34:00
2.84252,2.84252,2.84252,2.84252,1648214280,2022-03-25T13:18:00
2.9003,2.9003,2.9003,2.9003,1648212120,2022-03-25T12:42:00
2.94238,2.94238,2.94238,2.94238,1648209720,2022-03-25T12:02:00
2.92611,2.92611,2.92611,2.92611,1648209060,2022-03-25T11:51:00
2.93221,2.93221,2.93221,2.93221,1648208520,2022-03-25T11:42:00
2.97442,2.97442,2.97442,2.97442,1648208400,2022-03-25T11:40:00
3.11092,3.11092,3.11092,3.11092,1648207320,2022-03-25T11:22:00
3.09486,3.09486,3.09486,3.09486,1648206420,2022-03-25T11:07:00
3.04356,3.04356,3.04356,3.04356,1648205820,2022-03-25T10:57:00
3.07393,3.07393,3.07393,3.07393,1648205400,2022-03-25T10:50:00
3.04317,3.04317,3.04317,3.04317,1648205340,2022-03-25T10:49:00
3.08286,3.08286,3.08286,3.08286,1648203900,2022-03-25T10:25:00
3.0734,3.12752,3.0734,3.12752,1648203600,2022-03-25T10:20:00
3.06859,3.06859,3.00759,3.00759,1648203480,2022-03-25T10:18:00
2.93879,2.93879,2.93879,2.93879,1648202580,2022-03-25T10:03:00
2.92098,2.92098,2.92098,2.92098,1648202100,2022-03-25T09:55:00
2.88471,2.88471,2.88471,2.88471,1648202040,2022-03-25T09:54:00
2.80224,2.80224,2.80224,2.80224,1648201980,2022-03-25T09:53:00
2.75696,2.75696,2.75696,2.75696,1648200900,2022-03-25T09:35:00
2.79488,2.79488,2.79488,2.79488,1648200420,2022-03-25T09:27:00
2.78373,2.78373,2.78373,2.78373,1648198440,2022-03-25T08:54:00
2.76376,2.76376,2.76376,2.76376,1648197600,2022-03-25T08:40:00
2.74093,2.74093,2.74093,2.74093,1648196820,2022-03-25T08:27:00
2.75942,2.75942,2.75942,2.75942,1648196760,2022-03-25T08:26:00
2.77388,2.77388,2.77388,2.77388,1648196700,2022-03-25T08:25:00
2.72846,2.72846,2.72846,2.72846,1648196640,2022-03-25T08:24:00
2.72108,2.72108,2.72108,2.72108,1648196100,2022-03-25T08:15:00
2.70054,2.70054,2.70054,2.70054,1648195620,2022-03-25T08:07:00
2.67851,2.67851,2.67851,2.67851,1648195440,2022-03-25T08:04:00
2.69307,2.69307,2.69307,2.69307,1648195380,2022-03-25T08:03:00
2.67924,2.67924,2.67924,2.67924,1648195320,2022-03-25T08:02:00
2.7611,2.7611,2.72618,2.72618,1648194480,2022-03-25T07:48:00
2.76578,2.76578,2.76578,2.76578,1648194180,2022-03-25T07:43:00
2.78295,2.78295,2.78295,2.78295,1648193940,2022-03-25T07:39:00
2.79905,2.79905,2.79905,2.79905,1648193880,2022-03-25T07:38:00
2.85729,2.85729,2.85729,2.85729,1648193340,2022-03-25T07:29:00
2.87911,2.87911,2.87911,2.87911,1648192380,2022-03-25T07:13:00
2.88481,2.88481,2.88481,2.88481,1648192260,2022-03-25T07:11:00
2.86676,2.86676,2.86676,2.86676,1648192200,2022-03-25T07:10:00
2.88408,2.88408,2.88408,2.88408,1648192140,2022-03-25T07:09:00
2.87354,2.87354,2.86359,2.86359,1648191840,2022-03-25T07:04:00
2.92935,2.92935,2.92935,2.92935,1648191480,2022-03-25T06:58:00
2.97976,2.97976,2.97976,2.97976,1648189680,2022-03-25T06:28:00
2.99358,2.99358,2.99358,2.99358,1648188900,2022-03-25T06:15:00
3.0413,3.0413,3.0413,3.0413,1648188780,2022-03-25T06:13:00
3.09498,3.09498,3.09498,3.09498,1648187820,2022-03-25T05:57:00
3.11961,3.11961,3.11961,3.11961,1648185720,2022-03-25T05:22:00
3.13227,3.13227,3.13227,3.13227,1648183680,2022-03-25T04:48:00
3.11338,3.11338,3.11338,3.11338,1648183380,2022-03-25T04:43:00
3.11,3.11,3.11,3.11,1648182360,2022-03-25T04:26:00
3.00537,3.00537,3.00537,3.00537,1648182300,2022-03-25T04:25:00
3.2411,3.2411,3.2411,3.2411,1648181880,2022-03-25T04:18:00
2.99142,2.99142,2.99142,2.99142,1648181760,2022-03-25T04:16:00
2.96975,2.96975,2.96975,2.96975,1648181220,2022-03-25T04:07:00
3.01397,3.01397,3.01397,3.01397,1648180620,2022-03-25T03:57:00
3.06191,3.06191,3.06191,3.06191,1648180380,2022-03-25T03:53:00
3.09655,3.09655,3.09655,3.09655,1648180080,2022-03-25T03:48:00
3.12498,3.12498,3.12498,3.12498,1648179840,2022-03-25T03:44:00
3.10933,3.10933,3.10933,3.10933,1648179720,2022-03-25T03:42:00
3.12785,3.12785,3.12785,3.12785,1648179300,2022-03-25T03:35:00
3.1484,3.1484,3.1484,3.1484,1648178880,2022-03-25T03:28:00
3.20776,3.20776,3.20776,3.20776,1648178640,2022-03-25T03:24:00
3.30165,3.30165,3.30165,3.30165,1648178400,2022-03-25T03:20:00
3.17571,3.17571,3.17571,3.17571,1648178340,2022-03-25T03:19:00
3.15969,3.15969,3.15969,3.15969,1648178280,2022-03-25T03:18:00
3.10487,3.10487,3.10487,3.10487,1648177980,2022-03-25T03:13:00
3.04265,3.04265,3.04265,3.04265,1648177680,2022-03-25T03:08:00
2.92252,2.92252,2.92252,2.92252,1648177620,2022-03-25T03:07:00
2.91128,2.91128,2.91128,2.91128,1648177380,2022-03-25T03:03:00
2.91947,2.93137,2.91947,2.93137,1648175040,2022-03-25T02:24:00
2.89592,2.89592,2.89592,2.89592,1648174620,2022-03-25T02:17:00
2.88112,2.88112,2.88112,2.88112,1648174500,2022-03-25T02:15:00
2.84044,2.84044,2.84044,2.84044,1648173960,2022-03-25T02:06:00
2.82673,2.82673,2.82673,2.82673,1648173720,2022-03-25T02:02:00
2.80195,2.80195,2.80195,2.80195,1648173600,2022-03-25T02:00:00
2.81214,2.81214,2.81214,2.81214,1648173420,2022-03-25T01:57:00
2.78236,2.78236,2.78236,2.78236,1648172640,2022-03-25T01:44:00
2.72837,2.72837,2.72837,2.72837,1648170480,2022-03-25T01:08:00
2.69775,2.69775,2.69775,2.69775,1648170000,2022-03-25T01:00:00
2.68528,2.68528,2.68528,2.68528,1648169400,2022-03-25T00:50:00
2.66619,2.66619,2.66619,2.66619,1648168440,2022-03-25T00:34:00
2.6721,2.6721,2.6721,2.6721,1648168140,2022-03-25T00:29:00
2.63783,2.63783,2.63783,2.63783,1648167960,2022-03-25T00:26:00
2.61941,2.61941,2.61941,2.61941,1648167480,2022-03-25T00:18:00
2.621,2.621,2.621,2.621,1648166160,2022-03-24T23:56:00
2.59949,2.59949,2.59949,2.59949,1648166100,2022-03-24T23:55:00
2.6104,2.6104,2.6104,2.6104,1648166040,2022-03-24T23:54:00
2.59916,2.59916,2.59916,2.59916,1648165800,2022-03-24T23:50:00
2.60845,2.60845,2.60845,2.60845,1648165740,2022-03-24T23:49:00
2.65213,2.65213,2.63958,2.63958,1648165440,2022-03-24T23:44:00
2.6975,2.6975,2.6975,2.6975,1648165020,2022-03-24T23:37:00
2.71694,2.71694,2.71694,2.71694,1648164780,2022-03-24T23:33:00
2.79825,2.79825,2.79825,2.79825,1648164540,2022-03-24T23:29:00
2.76433,2.76433,2.76433,2.76433,1648164480,2022-03-24T23:28:00
2.81647,2.81647,2.81647,2.81647,1648164300,2022-03-24T23:25:00
2.88011,2.88011,2.88011,2.88011,1648164180,2022-03-24T23:23:00
2.92667,2.92667,2.92667,2.92667,1648163400,2022-03-24T23:10:00
2.94976,2.94976,2.94976,2.94976,1648163220,2022-03-24T23:07:00
2.92322,2.92322,2.92322,2.92322,1648162440,2022-03-24T22:54:00
2.89616,2.89616,2.89616,2.89616,1648161720,2022-03-24T22:42:00
2.93303,2.93303,2.93303,2.93303,1648161600,2022-03-24T22:40:00
3.02025,3.02025,3.02025,3.02025,1648161000,2022-03-24T22:30:00
3.1076,3.1076,3.1076,3.1076,1648160640,2022-03-24T22:24:00
3.12171,3.12171,3.12171,3.12171,1648159140,2022-03-24T21:59:00
3.16225,3.16225,3.16225,3.16225,1648158720,2022-03-24T21:52:00
3.24306,3.24306,3.24306,3.24306,1648158600,2022-03-24T21:50:00
3.22712,3.22712,3.22712,3.22712,1648158540,2022-03-24T21:49:00
3.02225,3.02225,3.02225,3.02225,1648158000,2022-03-24T21:40:00
3.04412,3.04412,3.04412,3.04412,1648157760,2022-03-24T21:36:00
2.98552,2.98552,2.98552,2.98552,1648156800,2022-03-24T21:20:00
2.93103,2.93103,2.93103,2.93103,1648156680,2022-03-24T21:18:00
2.92335,2.92335,2.92335,2.92335,1648155060,2022-03-24T20:51:00
2.93966,2.93966,2.93966,2.93966,1648153740,2022-03-24T20:29:00
2.96153,2.96153,2.96153,2.96153,1648153200,2022-03-24T20:20:00
2.96616,2.98052,2.96616,2.98052,1648152900,2022-03-24T20:15:00
3.00487,3.00487,3.00487,3.00487,1648152600,2022-03-24T20:10:00
3.08192,3.08192,3.08192,3.08192,1648152540,2022-03-24T20:09:00
3.09528,3.09528,3.09528,3.09528,1648152480,2022-03-24T20:08:00
3.0694,3.0694,3.0694,3.0694,1648152300,2022-03-24T20:05:00
3.29658,3.29658,3.29658,3.29658,1648152120,2022-03-24T20:02:00
3.30429,3.30429,3.30429,3.30429,1648152000,2022-03-24T20:00:00
3.29453,3.32119,3.29453,3.32119,1648151880,2022-03-24T19:58:00
3.23602,3.23602,3.23602,3.23602,1648151700,2022-03-24T19:55:00
3.38404,3.38404,3.29369,3.29369,1648151640,2022-03-24T19:54:00
3.04634,3.04634,3.04634,3.04634,1648151580,2022-03-24T19:53:00
3.0555,3.0555,3.0555,3.0555,1648151520,2022-03-24T19:52:00
3.32933,3.32933,3.27393,3.27393,1648151460,2022-03-24T19:51:00
3.28035,3.28035,3.28035,3.28035,1648151340,2022-03-24T19:49:00
3.2566,3.2566,3.20751,3.20751,1648151160,2022-03-24T19:46:00
2.83003,2.83003,2.83003,2.83003,1648151100,2022-03-24T19:45:00
2.67299,2.67299,2.67299,2.67299,1648150500,2022-03-24T19:35:00
2.66517,2.66517,2.66517,2.66517,1648150200,2022-03-24T19:30:00
2.6435,2.6435,2.6435,2.6435,1648149600,2022-03-24T19:20:00
2.60359,2.64636,2.60359,2.64636,1648149480,2022-03-24T19:18:00
2.65761,2.65761,2.65761,2.65761,1648149120,2022-03-24T19:12:00
2.72432,2.72432,2.72432,2.72432,1648149060,2022-03-24T19:11:00
2.68376,2.68376,2.68376,2.68376,1648148940,2022-03-24T19:09:00
2.70539,2.70539,2.70539,2.70539,1648148880,2022-03-24T19:08:00
2.83298,2.83298,2.69402,2.69402,1648148700,2022-03-24T19:05:00
2.92908,2.92908,2.92908,2.92908,1648148460,2022-03-24T19:01:00
2.93736,2.93736,2.93736,2.93736,1648148220,2022-03-24T18:57:00
3.06324,3.06324,3.01502,3.01502,1648148100,2022-03-24T18:55:00
3.09788,3.09788,3.09788,3.09788,1648147980,2022-03-24T18:53:00
3.02877,3.02877,3.02877,3.02877,1648147920,2022-03-24T18:52:00
2.75953,2.92103,2.75953,2.92103,1648147740,2022-03-24T18:49:00
2.78613,2.78613,2.78613,2.78613,1648147620,2022-03-24T18:47:00
2.80334,2.80334,2.80334,2.80334,1648147560,2022-03-24T18:46:00
2.68318,2.68318,2.68318,2.68318,1648147440,2022-03-24T18:44:00
2.58222,2.58222,2.58222,2.58222,1648147260,2022-03-24T18:41:00
2.60389,2.60389,2.60389,2.60389,1648146300,2022-03-24T18:25:00
2.66381,2.66381,2.66381,2.66381,1648145700,2022-03-24T18:15:00
2.72555,2.72555,2.72555,2.72555,1648145520,2022-03-24T18:12:00
2.6933,2.6933,2.6933,2.6933,1648144560,2022-03-24T17:56:00
2.6552,2.6552,2.6552,2.6552,1648143480,2022-03-24T17:38:00
2.56956,2.56956,2.56956,2.56956,1648143240,2022-03-24T17:34:00
2.59859,2.59859,2.59859,2.59859,1648143180,2022-03-24T17:33:00
2.62995,2.62995,2.62995,2.62995,1648143060,2022-03-24T17:31:00
2.64733,2.64733,2.64733,2.64733,1648143000,2022-03-24T17:30:00
2.52615,2.52615,2.52615,2.52615,1648142040,2022-03-24T17:14:00
2.52822,2.52822,2.52822,2.52822,1648141740,2022-03-24T17:09:00
2.53949,2.53949,2.53949,2.53949,1648141620,2022-03-24T17:07:00
2.55833,2.55833,2.55833,2.55833,1648141140,2022-03-24T16:59:00
2.5483,2.5483,2.5483,2.5483,1648141080,2022-03-24T16:58:00
2.57848,2.57848,2.57848,2.57848,1648140900,2022-03-24T16:55:00
2.50655,2.50655,2.50655,2.50655,1648140480,2022-03-24T16:48:00
2.52806,2.52806,2.52806,2.52806,1648140420,2022-03-24T16:47:00
2.52978,2.52978,2.52978,2.52978,1648139880,2022-03-24T16:38:00
2.56238,2.56238,2.56238,2.56238,1648139520,2022-03-24T16:32:00
2.56741,2.56741,2.56741,2.56741,1648139460,2022-03-24T16:31:00
2.55961,2.55961,2.55961,2.55961,1648139400,2022-03-24T16:30:00
2.59264,2.59264,2.59264,2.59264,1648139340,2022-03-24T16:29:00
2.576,2.576,2.576,2.576,1648139280,2022-03-24T16:28:00
2.7269,2.7269,2.7269,2.7269,1648139220,2022-03-24T16:27:00
2.77407,2.77407,2.77407,2.77407,1648138980,2022-03-24T16:23:00
2.81424,2.81424,2.81424,2.81424,1648138860,2022-03-24T16:21:00
2.63137,2.63137,2.63137,2.63137,1648138560,2022-03-24T16:16:00
2.57087,2.57087,2.57087,2.57087,1648138380,2022-03-24T16:13:00
2.46607,2.46607,2.46607,2.46607,1648137360,2022-03-24T15:56:00
2.46884,2.46884,2.46884,2.46884,1648137000,2022-03-24T15:50:00
2.49643,2.49643,2.49643,2.49643,1648136940,2022-03-24T15:49:00
2.51307,2.51307,2.51307,2.51307,1648136820,2022-03-24T15:47:00
2.46193,2.46193,2.46193,2.46193,1648136760,2022-03-24T15:46:00
2.37005,2.37005,2.37005,2.37005,1648136520,2022-03-24T15:42:00
2.33805,2.33805,2.33805,2.33805,1648136040,2022-03-24T15:34:00
2.31354,2.31354,2.31354,2.31354,1648135380,2022-03-24T15:23:00
2.3193,2.3193,2.3193,2.3193,1648134780,2022-03-24T15:13:00
2.34435,2.34435,2.34435,2.34435,1648134600,2022-03-24T15:10:00
2.41418,2.41418,2.33543,2.33543,1648134480,2022-03-24T15:08:00
2.43776,2.43776,2.43776,2.43776,1648134420,2022-03-24T15:07:00
2.38617,2.38617,2.38617,2.38617,1648134180,2022-03-24T15:03:00
2.29509,2.29509,2.29509,2.29509,1648133940,2022-03-24T14:59:00
2.286,2.286,2.286,2.286,1648132920,2022-03-24T14:42:00
2.27983,2.27983,2.27983,2.27983,1648132500,2022-03-24T14:35:00
2.24425,2.24425,2.24425,2.24425,1648132020,2022-03-24T14:27:00
2.25695,2.25695,2.25695,2.25695,1648131720,2022-03-24T14:22:00
2.19468,2.19468,2.19468,2.19468,1648131600,2022-03-24T14:20:00
2.17173,2.17173,2.17173,2.17173,1648131120,2022-03-24T14:12:00
2.13862,2.13862,2.13862,2.13862,1648127520,2022-03-24T13:12:00
2.15727,2.15727,2.15727,2.15727,1648125840,2022-03-24T12:44:00
2.12925,2.12925,2.12925,2.12925,1648125600,2022-03-24T12:40:00
2.07364,2.07364,2.07364,2.07364,1648117860,2022-03-24T10:31:00
2.05324,2.05324,2.05324,2.05324,1648117020,2022-03-24T10:17:00
2.09183,2.09183,2.09183,2.09183,1648116240,2022-03-24T10:04:00
2.12605,2.12605,2.12605,2.12605,1648107720,2022-03-24T07:42:00
2.13995,2.13995,2.13995,2.13995,1648101540,2022-03-24T05:59:00
2.16862,2.16862,2.16862,2.16862,1648101480,2022-03-24T05:58:00
2.22292,2.22292,2.22292,2.22292,1648100760,2022-03-24T05:46:00
2.23874,2.23874,2.23874,2.23874,1648099980,2022-03-24T05:33:00
2.27009,2.27009,2.27009,2.27009,1648098960,2022-03-24T05:16:00
2.28632,2.28632,2.28632,2.28632,1648097760,2022-03-24T04:56:00
2.21367,2.21367,2.21367,2.21367,1648096620,2022-03-24T04:37:00
2.15678,2.15678,2.15678,2.15678,1648090080,2022-03-24T02:48:00
2.1831,2.1831,2.1831,2.1831,1648089120,2022-03-24T02:32:00
2.20065,2.20065,2.20065,2.20065,1648086900,2022-03-24T01:55:00
2.20226,2.20226,2.20226,2.20226,1648086480,2022-03-24T01:48:00
2.26595,2.26595,2.26595,2.26595,1648086180,2022-03-24T01:43:00
2.19461,2.19461,2.19461,2.19461,1648084080,2022-03-24T01:08:00
2.18964,2.18964,2.18964,2.18964,1648082520,2022-03-24T00:42:00
2.17865,2.17865,2.17865,2.17865,1648082220,2022-03-24T00:37:00
2.16507,2.16507,2.16507,2.16507,1648081980,2022-03-24T00:33:00
2.19068,2.19068,2.19068,2.19068,1648081500,2022-03-24T00:25:00
2.17637,2.17637,2.17637,2.17637,1648081440,2022-03-24T00:24:00
2.08669,2.08669,2.08669,2.08669,1648076880,2022-03-23T23:08:00
2.05871,2.05871,2.05871,2.05871,1648066560,2022-03-23T20:16:00
2.07807,2.07807,2.07807,2.07807,1648063860,2022-03-23T19:31:00
2.10638,2.10638,2.10638,2.10638,1648063320,2022-03-23T19:22:00
2.00095,2.00095,2.00095,2.00095,1648062720,2022-03-23T19:12:00
1.96564,1.96564,1.9489,1.9489,1648059900,2022-03-23T18:25:00
2.07065,2.07065,2.07065,2.07065,1648059780,2022-03-23T18:23:00
2.14553,2.14553,2.14553,2.14553,1648059000,2022-03-23T18:10:00
2.17678,2.17678,2.17678,2.17678,1648058580,2022-03-23T18:03:00
2.2391,2.2391,2.2391,2.2391,1648056360,2022-03-23T17:26:00
2.12472,2.12472,2.12472,2.12472,1648054320,2022-03-23T16:52:00
2.15944,2.15944,2.15944,2.15944,1648053060,2022-03-23T16:31:00
2.13791,2.13791,2.13791,2.13791,1648052820,2022-03-23T16:27:00
2.20528,2.20528,2.20528,2.20528,1648051500,2022-03-23T16:05:00
2.22563,2.22563,2.22563,2.22563,1648050720,2022-03-23T15:52:00
2.12735,2.12735,2.12735,2.12735,1648049040,2022-03-23T15:24:00
2.09293,2.09293,2.09293,2.09293,1648048200,2022-03-23T15:10:00
1.99231,1.99231,1.99231,1.99231,1648043940,2022-03-23T13:59:00
1.97958,1.97958,1.97958,1.97958,1648043520,2022-03-23T13:52:00
1.99004,1.99004,1.99004,1.99004,1648041960,2022-03-23T13:26:00
1.99591,1.99591,1.99591,1.99591,1648041720,2022-03-23T13:22:00
2.0045,2.0045,2.0045,2.0045,1648041120,2022-03-23T13:12:00
1.99238,1.99238,1.99238,1.99238,1648041060,2022-03-23T13:11:00
1.9711,1.9711,1.9711,1.9711,1648040400,2022-03-23T13:00:00
1.99088,1.99088,1.99088,1.99088,1648035660,2022-03-23T11:41:00
2.0298,2.0298,2.0298,2.0298,1648035300,2022-03-23T11:35:00
2.0074,2.0074,2.0074,2.0074,1648033800,2022-03-23T11:10:00
1.99336,1.99336,1.99336,1.99336,1648033740,2022-03-23T11:09:00
1.98476,1.98476,1.98476,1.98476,1648032540,2022-03-23T10:49:00
1.99868,1.99868,1.99868,1.99868,1648032480,2022-03-23T10:48:00
2.03009,2.03009,2.03009,2.03009,1648030920,2022-03-23T10:22:00
2.00925,2.00925,2.00925,2.00925,1648030620,2022-03-23T10:17:00
1.96623,1.96623,1.96623,1.96623,1648030260,2022-03-23T10:11:00
1.9447,1.9447,1.9447,1.9447,1648029720,2022-03-23T10:02:00
1.97252,1.97252,1.97252,1.97252,1648029660,2022-03-23T10:01:00
2.02796,2.02796,2.02796,2.02796,1648021920,2022-03-23T07:52:00
2.03337,2.03337,2.03337,2.03337,1648020720,2022-03-23T07:32:00
2.07772,2.07772,2.03843,2.03843,1648020660,2022-03-23T07:31:00
2.07157,2.07157,2.07157,2.07157,1648014600,2022-03-23T05:50:00
2.05817,2.05817,2.05817,2.05817,1648013700,2022-03-23T05:35:00
2.0625,2.0625,2.0625,2.0625,1648010520,2022-03-23T04:42:00
2.08727,2.08727,2.08727,2.08727,1648008180,2022-03-23T04:03:00
2.08772,2.08772,2.08772,2.08772,1648007640,2022-03-23T03:54:00
2.13071,2.13071,2.13071,2.13071,1648006200,2022-03-23T03:30:00
2.13686,2.13686,2.13686,2.13686,1648005960,2022-03-23T03:26:00
2.07459,2.07459,2.07459,2.07459,1648005780,2022-03-23T03:23:00
2.04258,2.04258,2.04258,2.04258,1648005600,2022-03-23T03:20:00
2.03512,2.03512,2.02325,2.02325,1648005540,2022-03-23T03:19:00
2.07939,2.07939,2.07939,2.07939,1648005480,2022-03-23T03:18:00
2.08099,2.08099,2.08099,2.08099,1648005420,2022-03-23T03:17:00
2.0863,2.11841,2.0863,2.11841,1648005360,2022-03-23T03:16:00
2.33537,2.33537,2.33537,2.33537,1648004880,2022-03-23T03:08:00
2.36791,2.36791,2.36791,2.36791,1648004580,2022-03-23T03:03:00
2.35659,2.35659,2.35659,2.35659,1648004460,2022-03-23T03:01:00
2.3633,2.3633,2.3633,2.3633,1648003800,2022-03-23T02:50:00
2.3365,2.3365,2.3365,2.3365,1648002240,2022-03-23T02:24:00
2.3128,2.3128,2.3128,2.3128,1648002000,2022-03-23T02:20:00
2.28977,2.28977,2.26547,2.26547,1647999840,2022-03-23T01:44:00
2.31465,2.31465,2.31465,2.31465,1647999780,2022-03-23T01:43:00
2.33569,2.33569,2.33569,2.33569,1647999720,2022-03-23T01:42:00
2.35412,2.35412,2.35412,2.35412,1647999540,2022-03-23T01:39:00
2.16633,2.16633,2.16633,2.16633,1647995520,2022-03-23T00:32:00
2.15379,2.15379,2.15379,2.15379,1647994320,2022-03-23T00:12:00
2.11919,2.11919,2.11919,2.11919,1647994080,2022-03-23T00:08:00
2.12076,2.12076,2.12076,2.12076,1647994020,2022-03-23T00:07:00
2.09517,2.09517,2.09517,2.09517,1647993900,2022-03-23T00:05:00
2.16359,2.16359,2.16359,2.16359,1647993720,2022-03-23T00:02:00
2.09592,2.09592,2.09592,2.09592,1647992760,2022-03-22T23:46:00
2.05206,2.05206,2.05206,2.05206,1647992640,2022-03-22T23:44:00
2.10695,2.10695,2.10695,2.10695,1647991380,2022-03-22T23:23:00
2.12921,2.12921,2.12921,2.12921,1647991260,2022-03-22T23:21:00
1.9876,1.9876,1.9876,1.9876,1647991020,2022-03-22T23:17:00
1.96522,1.96522,1.96522,1.96522,1647989880,2022-03-22T22:58:00
1.93772,1.93772,1.93772,1.93772,1647989280,2022-03-22T22:48:00
1.91765,1.91765,1.91765,1.91765,1647989220,2022-03-22T22:47:00
1.92401,1.92401,1.92401,1.92401,1647989160,2022-03-22T22:46:00
1.96457,1.96457,1.96457,1.96457,1647988860,2022-03-22T22:41:00
1.99766,1.99766,1.99766,1.99766,1647988740,2022-03-22T22:39:00
2.08051,2.08051,2.08051,2.08051,1647988380,2022-03-22T22:33:00
2.15698,2.15698,2.15698,2.15698,1647986220,2022-03-22T21:57:00
2.17561,2.17561,2.17561,2.17561,1647985260,2022-03-22T21:41:00
2.07738,2.07738,2.07738,2.07738,1647985200,2022-03-22T21:40:00
2.06482,2.06482,2.06482,2.06482,1647985080,2022-03-22T21:38:00
2.04786,2.04786,2.04786,2.04786,1647971640,2022-03-22T17:54:00
2.04824,2.04824,2.04824,2.04824,1647969840,2022-03-22T17:24:00
2.05108,2.05108,2.05108,2.05108,1647968760,2022-03-22T17:06:00
2.06276,2.06276,2.06276,2.06276,1647964920,2022-03-22T16:02:00
2.06557,2.06557,2.06557,2.06557,1647964020,2022-03-22T15:47:00
2.03578,2.03578,2.03578,2.03578,1647958680,2022-03-22T14:18:00
2.02577,2.02577,2.02577,2.02577,1647956700,2022-03-22T13:45:00
2.0504,2.0504,2.0504,2.0504,1647950400,2022-03-22T12:00:00
2.05177,2.05177,2.05177,2.05177,1647942180,2022-03-22T09:43:00
2.07844,2.07844,2.0632,2.0632,1647942120,2022-03-22T09:42:00
2.08826,2.08826,2.08826,2.08826,1647937020,2022-03-22T08:17:00
2.08365,2.08365,2.08365,2.08365,1647932880,2022-03-22T07:08:00
2.05886,2.05886,2.05886,2.05886,1647917580,2022-03-22T02:53:00
1.94364,1.94364,1.94364,1.94364,1647913800,2022-03-22T01:50:00
2.02606,2.02606,2.02606,2.02606,1647910860,2022-03-22T01:01:00
2.04311,2.04311,2.04311,2.04311,1647905460,2022-03-21T23:31:00
2.01582,2.01582,2.01582,2.01582,1647904980,2022-03-21T23:23:00
1.94812,1.94812,1.94812,1.94812,1647897060,2022-03-21T21:11:00
1.95635,1.95635,1.95635,1.95635,1647894300,2022-03-21T20:25:00
1.90464,1.90464,1.90464,1.90464,1647893880,2022-03-21T20:18:00
1.88709,1.88709,1.88709,1.88709,1647893280,2022-03-21T20:08:00
1.86555,1.86555,1.86555,1.86555,1647891780,2022-03-21T19:43:00
1.88138,1.88138,1.88138,1.88138,1647887040,2022-03-21T18:24:00
1.90006,1.90006,1.90006,1.90006,1647886800,2022-03-21T18:20:00
1.91432,1.91432,1.91432,1.91432,1647885720,2022-03-21T18:02:00
1.89945,1.89945,1.89945,1.89945,1647885240,2022-03-21T17:54:00
1.89368,1.90709,1.89368,1.90709,1647883380,2022-03-21T17:23:00
1.90523,1.90523,1.90523,1.90523,1647880260,2022-03-21T16:31:00
1.93697,1.93697,1.93697,1.93697,1647879060,2022-03-21T16:11:00
1.9558,1.9558,1.9558,1.9558,1647878880,2022-03-21T16:08:00
1.98125,1.98125,1.98125,1.98125,1647878580,2022-03-21T16:03:00
2.03476,2.03476,2.03476,2.03476,1647869700,2022-03-21T13:35:00
2.09636,2.09636,2.09636,2.09636,1647867900,2022-03-21T13:05:00
2.10721,2.10721,2.10721,2.10721,1647864360,2022-03-21T12:06:00
2.11299,2.11299,2.11299,2.11299,1647863160,2022-03-21T11:46:00
2.08176,2.08176,2.08176,2.08176,1647862860,2022-03-21T11:41:00
2.04476,2.04476,2.04476,2.04476,1647862680,2022-03-21T11:38:00
1.98545,1.98545,1.98545,1.98545,1647858000,2022-03-21T10:20:00
1.96809,1.96809,1.96809,1.96809,1647844080,2022-03-21T06:28:00
2.01306,2.01306,2.01306,2.01306,1647842760,2022-03-21T06:06:00
2.03392,2.03392,2.03392,2.03392,1647828660,2022-03-21T02:11:00
2.05391,2.05391,2.05391,2.05391,1647828600,2022-03-21T02:10:00
2.07451,2.07451,2.07451,2.07451,1647828360,2022-03-21T02:06:00
2.09442,2.09442,2.09442,2.09442,1647828300,2022-03-21T02:05:00
2.11071,2.11071,2.11071,2.11071,1647826980,2022-03-21T01:43:00
2.0739,2.0739,2.0739,2.0739,1647825060,2022-03-21T01:11:00
1.97274,1.97274,1.97274,1.97274,1647824940,2022-03-21T01:09:00
1.95053,1.95053,1.95053,1.95053,1647817500,2022-03-20T23:05:00
1.95114,1.95114,1.95114,1.95114,1647812160,2022-03-20T21:36:00
1.9211,1.9211,1.9211,1.9211,1647804900,2022-03-20T19:35:00
1.91738,1.91738,1.91738,1.91738,1647802860,2022-03-20T19:01:00
1.92406,1.92406,1.92406,1.92406,1647802380,2022-03-20T18:53:00
1.8629,1.8629,1.8629,1.8629,1647801720,2022-03-20T18:42:00
1.92963,1.92963,1.92963,1.92963,1647798420,2022-03-20T17:47:00
1.94551,1.94551,1.94551,1.94551,1647797340,2022-03-20T17:29:00
1.96086,1.96086,1.96086,1.96086,1647796020,2022-03-20T17:07:00
1.98032,1.98032,1.98032,1.98032,1647787800,2022-03-20T14:50:00
2.00458,2.00458,2.00458,2.00458,1647782280,2022-03-20T13:18:00
2.02134,2.02134,2.02134,2.02134,1647767280,2022-03-20T09:08:00
2.03817,2.03817,2.03817,2.03817,1647749280,2022-03-20T04:08:00
2.04428,2.04428,2.04428,2.04428,1647735780,2022-03-20T00:23:00
2.03064,2.03064,2.03064,2.03064,1647725700,2022-03-19T21:35:00
2.02981,2.02981,2.02981,2.02981,1647720540,2022-03-19T20:09:00
2.04198,2.04198,2.04198,2.04198,1647717180,2022-03-19T19:13:00
2.04885,2.04885,2.04885,2.04885,1647714540,2022-03-19T18:29:00
2.02338,2.02338,2.02338,2.02338,1647714180,2022-03-19T18:23:00
2.00058,2.00058,2.00058,2.00058,1647713880,2022-03-19T18:18:00
2.01772,2.01772,2.01772,2.01772,1647705600,2022-03-19T16:00:00
2.00524,2.00524,2.00524,2.00524,1647700980,2022-03-19T14:43:00
2.03401,2.03401,2.03401,2.03401,1647699360,2022-03-19T14:16:00
2.02381,2.02381,2.02381,2.02381,1647695700,2022-03-19T13:15:00
2.05823,2.05823,2.05823,2.05823,1647686760,2022-03-19T10:46:00
2.09589,2.09589,2.09589,2.09589,1647685020,2022-03-19T10:17:00
2.1002,2.1002,2.1002,2.1002,1647671940,2022-03-19T06:39:00
2.09618,2.09618,2.09618,2.09618,1647659880,2022-03-19T03:18:00
2.11767,2.11767,2.10942,2.10942,1647653340,2022-03-19T01:29:00
2.11137,2.11137,2.11137,2.11137,1647651360,2022-03-19T00:56:00
2.12873,2.12873,2.12873,2.12873,1647651180,2022-03-19T00:53:00
2.14157,2.14157,2.14157,2.14157,1647651120,2022-03-19T00:52:00
2.13639,2.13639,2.13639,2.13639,1647650940,2022-03-19T00:49:00
2.08636,2.08636,2.08636,2.08636,1647649320,2022-03-19T00:22:00
2.06923,2.06923,2.06923,2.06923,1647647220,2022-03-18T23:47:00
2.0472,2.0472,2.0472,2.0472,1647644160,2022-03-18T22:56:00
2.06108,2.06108,2.06108,2.06108,1647644100,2022-03-18T22:55:00
2.05494,2.05494,2.05494,2.05494,1647643260,2022-03-18T22:41:00
2.04817,2.04817,2.04817,2.04817,1647643140,2022-03-18T22:39:00
2.03792,2.03792,2.03792,2.03792,1647642960,2022-03-18T22:36:00
2.03144,2.03144,2.03144,2.03144,1647635580,2022-03-18T20:33:00
2.02133,2.02133,2.02133,2.02133,1647627360,2022-03-18T18:16:00
2.01111,2.01111,2.01111,2.01111,1647627120,2022-03-18T18:12:00
2.02326,2.02326,2.02326,2.02326,1647626220,2022-03-18T17:57:00
1.99951,1.99951,1.99951,1.99951,1647623280,2022-03-18T17:08:00
1.9643,1.9643,1.9643,1.9643,1647623100,2022-03-18T17:05:00
1.92964,1.92964,1.92964,1.92964,1647622020,2022-03-18T16:47:00
1.92094,1.92094,1.92094,1.92094,1647619920,2022-03-18T16:12:00
1.87875,1.87875,1.87875,1.87875,1647611640,2022-03-18T13:54:00
1.88883,1.88883,1.88883,1.88883,1647610800,2022-03-18T13:40:00
1.87865,1.87865,1.87865,1.87865,1647610680,2022-03-18T13:38:00
1.87551,1.87551,1.87551,1.87551,1647609480,2022-03-18T13:18:00
1.88686,1.88686,1.88686,1.88686,1647609420,2022-03-18T13:17:00
1.85942,1.85942,1.85942,1.85942,1647609120,2022-03-18T13:12:00
1.85736,1.85736,1.82885,1.82885,1647609060,2022-03-18T13:11:00
1.93058,1.93058,1.93058,1.93058,1647591780,2022-03-18T08:23:00
1.95872,1.95872,1.95872,1.95872,1647588780,2022-03-18T07:33:00
1.96024,1.96024,1.96024,1.96024,1647583200,2022-03-18T06:00:00
1.93932,1.93932,1.93932,1.93932,1647568260,2022-03-18T01:51:00
1.93555,1.93555,1.93555,1.93555,1647566040,2022-03-18T01:14:00
1.96435,1.96435,1.96435,1.96435,1647555780,2022-03-17T22:23:00
1.95253,1.95253,1.95253,1.95253,1647553740,2022-03-17T21:49:00
1.93157,1.93157,1.93157,1.93157,1647552300,2022-03-17T21:25:00
1.90275,1.91604,1.90275,1.91604,1647551160,2022-03-17T21:06:00
1.96597,1.96597,1.96272,1.96272,1647547500,2022-03-17T20:05:00
2.00485,2.00485,2.00485,2.00485,1647545820,2022-03-17T19:37:00
2.03701,2.03701,2.03701,2.03701,1647541260,2022-03-17T18:21:00
2.06896,2.06896,2.06896,2.06896,1647538860,2022-03-17T17:41:00
2.11071,2.11071,2.11071,2.11071,1647525300,2022-03-17T13:55:00
2.12813,2.12813,2.12813,2.12813,1647521520,2022-03-17T12:52:00
2.12223,2.12223,2.12223,2.12223,1647514560,2022-03-17T10:56:00
2.13346,2.13346,2.13346,2.13346,1647512280,2022-03-17T10:18:00
2.12388,2.12388,2.12388,2.12388,1647502380,2022-03-17T07:33:00
2.13349,2.13349,2.13349,2.13349,1647501600,2022-03-17T07:20:00
2.10895,2.10895,2.10895,2.10895,1647499920,2022-03-17T06:52:00
2.13319,2.13319,2.13319,2.13319,1647491460,2022-03-17T04:31:00
2.15783,2.15783,2.15783,2.15783,1647487980,2022-03-17T03:33:00
2.16996,2.16996,2.16996,2.16996,1647487020,2022-03-17T03:17:00
2.17847,2.17847,2.17847,2.17847,1647478740,2022-03-17T00:59:00
2.18741,2.18741,2.18741,2.18741,1647477480,2022-03-17T00:38:00
2.19105,2.19105,2.19105,2.19105,1647477060,2022-03-17T00:31:00
2.18545,2.18545,2.18545,2.18545,1647476760,2022-03-17T00:26:00
2.15516,2.15516,2.15516,2.15516,1647475800,2022-03-17T00:10:00
2.17661,2.17661,2.17661,2.17661,1647475680,2022-03-17T00:08:00
2.14018,2.14018,2.14018,2.14018,1647475560,2022-03-17T00:06:00
2.08636,2.08636,2.08636,2.08636,1647468720,2022-03-16T22:12:00
2.12236,2.12236,2.12236,2.12236,1647467940,2022-03-16T21:59:00
2.1165,2.1165,2.1165,2.1165,1647464340,2022-03-16T20:59:00
2.11641,2.11641,2.11641,2.11641,1647462540,2022-03-16T20:29:00
2.13372,2.13372,2.13372,2.13372,1647462120,2022-03-16T20:22:00
2.10102,2.10102,2.10102,2.10102,1647458700,2022-03-16T19:25:00
2.1077,2.1077,2.1077,2.1077,1647458040,2022-03-16T19:14:00
2.08732,2.08732,2.08732,2.08732,1647457860,2022-03-16T19:11:00
2.00609,2.00609,2.00609,2.00609,1647457620,2022-03-16T19:07:00
1.94857,1.94857,1.94857,1.94857,1647455820,2022-03-16T18:37:00
1.97501,1.97501,1.97501,1.97501,1647455220,2022-03-16T18:27:00
2.01499,2.01499,2.01499,2.01499,1647453180,2022-03-16T17:53:00
2.02566,2.02566,2.02566,2.02566,1647449280,2022-03-16T16:48:00
2.01997,2.01997,2.01997,2.01997,1647449040,2022-03-16T16:44:00
2.00103,2.00103,2.00103,2.00103,1647448920,2022-03-16T16:42:00
2.05015,2.05015,2.05015,2.05015,1647448560,2022-03-16T16:36:00
2.0881,2.0881,2.0881,2.0881,1647446640,2022-03-16T16:04:00
1.99346,1.99346,1.99346,1.99346,1647446580,2022-03-16T16:03:00
1.93494,1.93494,1.93494,1.93494,1647442080,2022-03-16T14:48:00
1.92594,1.92594,1.92594,1.92594,1647427140,2022-03-16T10:39:00
1.93124,1.93124,1.93124,1.93124,1647425040,2022-03-16T10:04:00
1.93391,1.93391,1.93391,1.93391,1647424680,2022-03-16T09:58:00
1.89216,1.89216,1.89216,1.89216,1647415920,2022-03-16T07:32:00
1.89665,1.89665,1.89665,1.89665,1647409560,2022-03-16T05:46:00
1.88619,1.88619,1.88619,1.88619,1647403380,2022-03-16T04:03:00
1.8894,1.8894,1.8894,1.8894,1647400800,2022-03-16T03:20:00
1.93277,1.93277,1.93277,1.93277,1647398940,2022-03-16T02:49:00
1.88412,1.88412,1.88412,1.88412,1647392640,2022-03-16T01:04:00
1.89718,1.89718,1.89718,1.89718,1647391020,2022-03-16T00:37:00
1.9184,1.9184,1.9184,1.9184,1647385860,2022-03-15T23:11:00
1.91316,1.91316,1.91316,1.91316,1647383160,2022-03-15T22:26:00
1.83633,1.83633,1.83633,1.83633,1647376500,2022-03-15T20:35:00
1.85176,1.85176,1.85176,1.85176,1647371760,2022-03-15T19:16:00
1.81546,1.81546,1.81546,1.81546,1647370200,2022-03-15T18:50:00
1.80405,1.80405,1.80405,1.80405,1647368400,2022-03-15T18:20:00
1.80827,1.80827,1.80827,1.80827,1647364080,2022-03-15T17:08:00
1.80144,1.80144,1.80144,1.80144,1647356160,2022-03-15T14:56:00
1.80046,1.80046,1.80046,1.80046,1647353280,2022-03-15T14:08:00
1.77538,1.77538,1.77538,1.77538,1647332580,2022-03-15T08:23:00
1.7999,1.7999,1.7999,1.7999,1647327240,2022-03-15T06:54:00
1.80671,1.80671,1.80671,1.80671,1647319260,2022-03-15T04:41:00
1.80065,1.80065,1.80065,1.80065,1647314340,2022-03-15T03:19:00
1.80044,1.80044,1.80044,1.80044,1647314100,2022-03-15T03:15:00
1.81254,1.81254,1.81254,1.81254,1647313620,2022-03-15T03:07:00
1.80173,1.80173,1.80173,1.80173,1647309660,2022-03-15T02:01:00
1.79301,1.79301,1.79301,1.79301,1647295800,2022-03-14T22:10:00
1.77931,1.77931,1.77931,1.77931,1647293160,2022-03-14T21:26:00
1.78024,1.78024,1.78024,1.78024,1647292740,2022-03-14T21:19:00
1.78893,1.78893,1.78893,1.78893,1647282240,2022-03-14T18:24:00
1.81362,1.81362,1.81362,1.81362,1647279000,2022-03-14T17:30:00
1.8085,1.8085,1.8085,1.8085,1647278640,2022-03-14T17:24:00
1.84717,1.84717,1.84717,1.84717,1647277680,2022-03-14T17:08:00
1.93033,1.93033,1.93033,1.93033,1647276120,2022-03-14T16:42:00
1.99474,1.99474,1.99474,1.99474,1647276060,2022-03-14T16:41:00
2.05939,2.05939,2.05939,2.05939,1647275460,2022-03-14T16:31:00
1.95579,1.95579,1.95579,1.95579,1647275340,2022-03-14T16:29:00
1.8887,1.8887,1.8887,1.8887,1647275100,2022-03-14T16:25:00
1.8416,1.8416,1.8416,1.8416,1647272700,2022-03-14T15:45:00
1.84243,1.84243,1.84243,1.84243,1647272400,2022-03-14T15:40:00
1.82068,1.82068,1.82068,1.82068,1647269760,2022-03-14T14:56:00
1.83962,1.83962,1.83962,1.83962,1647266040,2022-03-14T13:54:00
1.86338,1.86338,1.86338,1.86338,1647257220,2022-03-14T11:27:00
1.86954,1.86954,1.86954,1.86954,1647254400,2022-03-14T10:40:00
1.86836,1.86836,1.86836,1.86836,1647243060,2022-03-14T07:31:00
1.86968,1.86968,1.86968,1.86968,1647241080,2022-03-14T06:58:00
1.91934,1.91934,1.89154,1.89154,1647240960,2022-03-14T06:56:00
1.79263,1.79263,1.79263,1.79263,1647240900,2022-03-14T06:55:00
1.64438,1.64438,1.64438,1.64438,1647236040,2022-03-14T05:34:00
1.63483,1.63483,1.63483,1.63483,1647234180,2022-03-14T05:03:00
1.6412,1.6412,1.6412,1.6412,1647232140,2022-03-14T04:29:00
1.61165,1.61165,1.61165,1.61165,1647230100,2022-03-14T03:55:00
1.61419,1.61419,1.61419,1.61419,1647223500,2022-03-14T02:05:00
1.61333,1.61333,1.61333,1.61333,1647223260,2022-03-14T02:01:00
1.61055,1.61055,1.61055,1.61055,1647218040,2022-03-14T00:34:00
1.61356,1.61356,1.61356,1.61356,1647217920,2022-03-14T00:32:00
1.59635,1.59635,1.59635,1.59635,1647212340,2022-03-13T22:59:00
1.64021,1.64021,1.64021,1.64021,1647209520,2022-03-13T22:12:00
1.64851,1.64851,1.64851,1.64851,1647207960,2022-03-13T21:46:00
1.62666,1.62666,1.62666,1.62666,1647203580,2022-03-13T20:33:00
1.62879,1.62879,1.62879,1.62879,1647203340,2022-03-13T20:29:00
1.62556,1.62556,1.62556,1.62556,1647202800,2022-03-13T20:20:00
1.65174,1.65174,1.65174,1.65174,1647197940,2022-03-13T18:59:00
1.66554,1.66554,1.66554,1.66554,1647197760,2022-03-13T18:56:00
1.58091,1.58091,1.58091,1.58091,1647192480,2022-03-13T17:28:00
1.57032,1.57032,1.57032,1.57032,1647188580,2022-03-13T16:23:00
1.56677,1.56677,1.56677,1.56677,1647187680,2022-03-13T16:08:00
1.55898,1.55898,1.55898,1.55898,1647185580,2022-03-13T15:33:00
1.55101,1.55101,1.55101,1.55101,1647184320,2022-03-13T15:12:00
1.53368,1.53368,1.53368,1.53368,1647180300,2022-03-13T14:05:00
1.54398,1.54398,1.54398,1.54398,1647177780,2022-03-13T13:23:00
1.51976,1.51976,1.51976,1.51976,1647176460,2022-03-13T13:01:00
1.52433,1.52433,1.52433,1.52433,1647173520,2022-03-13T12:12:00
1.53302,1.53302,1.53302,1.53302,1647172200,2022-03-13T11:50:00
1.55377,1.55377,1.55377,1.55377,1647171300,2022-03-13T11:35:00
1.5713,1.5713,1.5713,1.5713,1647171000,2022-03-13T11:30:00
1.58098,1.58098,1.58098,1.58098,1647163200,2022-03-13T09:20:00
1.5822,1.5822,1.5822,1.5822,1647162660,2022-03-13T09:11:00
1.5799,1.58924,1.57943,1.57943,1647161160,2022-03-13T08:46:00
1.56762,1.56762,1.56762,1.56762,1647160560,2022-03-13T08:36:00
1.57802,1.57802,1.57802,1.57802,1647145620,2022-03-13T04:27:00
1.57237,1.57237,1.57237,1.57237,1647137340,2022-03-13T02:09:00
1.56721,1.56721,1.56721,1.56721,1647137280,2022-03-13T02:08:00
1.55427,1.55427,1.55427,1.55427,1647136500,2022-03-13T01:55:00
1.55727,1.55727,1.55727,1.55727,1647132840,2022-03-13T00:54:00
1.58128,1.58128,1.58128,1.58128,1647132540,2022-03-13T00:49:00
1.56211,1.56211,1.54777,1.54777,1647132480,2022-03-13T00:48:00
1.57024,1.57024,1.57024,1.57024,1647132120,2022-03-13T00:42:00
1.62005,1.62005,1.62005,1.62005,1647130980,2022-03-13T00:23:00
1.63056,1.63056,1.63056,1.63056,1647127200,2022-03-12T23:20:00
1.61312,1.61312,1.61312,1.61312,1647125040,2022-03-12T22:44:00
1.59907,1.59907,1.59907,1.59907,1647124800,2022-03-12T22:40:00
1.60619,1.60619,1.60619,1.60619,1647119340,2022-03-12T21:09:00
1.62051,1.62051,1.62051,1.62051,1647119100,2022-03-12T21:05:00
1.63269,1.63269,1.63269,1.63269,1647118500,2022-03-12T20:55:00
1.65332,1.65332,1.65332,1.65332,1647107220,2022-03-12T17:47:00
1.64867,1.64867,1.64867,1.64867,1647106200,2022-03-12T17:30:00
1.6346,1.6346,1.6346,1.6346,1647104100,2022-03-12T16:55:00
1.60945,1.60945,1.60945,1.60945,1647099060,2022-03-12T15:31:00
1.6154,1.6154,1.6154,1.6154,1647091260,2022-03-12T13:21:00
1.60299,1.60299,1.60299,1.60299,1647089880,2022-03-12T12:58:00
1.6102,1.6102,1.6102,1.6102,1647085620,2022-03-12T11:47:00
1.61775,1.61775,1.61775,1.61775,1647085500,2022-03-12T11:45:00
1.64883,1.64883,1.64883,1.64883,1647084840,2022-03-12T11:34:00
1.66013,1.66013,1.66013,1.66013,1647084000,2022-03-12T11:20:00
1.68134,1.68134,1.68134,1.68134,1647072780,2022-03-12T08:13:00
1.66732,1.66732,1.66732,1.66732,1647072360,2022-03-12T08:06:00
1.65299,1.65299,1.65299,1.65299,1647071220,2022-03-12T07:47:00
1.63675,1.63675,1.63675,1.63675,1647064020,2022-03-12T05:47:00
1.62288,1.62288,1.62288,1.62288,1647061980,2022-03-12T05:13:00
1.60474,1.60474,1.60474,1.60474,1647054600,2022-03-12T03:10:00
1.60171,1.60171,1.58326,1.58326,1647054480,2022-03-12T03:08:00
1.64746,1.64746,1.64746,1.64746,1647050400,2022-03-12T02:00:00
1.63665,1.63665,1.63665,1.63665,1647047760,2022-03-12T01:16:00
1.62721,1.62721,1.62721,1.62721,1647047160,2022-03-12T01:06:00
1.59496,1.61783,1.59496,1.61783,1647045720,2022-03-12T00:42:00
1.61796,1.61796,1.61796,1.61796,1647045660,2022-03-12T00:41:00
1.67505,1.67505,1.67505,1.67505,1647045180,2022-03-12T00:33:00
1.62643,1.64999,1.62643,1.64999,1647045120,2022-03-12T00:32:00
1.69221,1.69221,1.69221,1.69221,1647042300,2022-03-11T23:45:00
1.67144,1.67144,1.67144,1.67144,1647040920,2022-03-11T23:22:00
1.71168,1.71168,1.71168,1.71168,1647038460,2022-03-11T22:41:00
1.75666,1.75666,1.75666,1.75666,1647033900,2022-03-11T21:25:00
1.73587,1.73587,1.73587,1.73587,1647033540,2022-03-11T21:19:00
1.75835,1.75835,1.75835,1.75835,1647017880,2022-03-11T16:58:00
1.79309,1.79309,1.79309,1.79309,1647016560,2022-03-11T16:36:00
1.83144,1.83144,1.83144,1.83144,1647011040,2022-03-11T15:04:00
1.85673,1.85673,1.85673,1.85673,1647001920,2022-03-11T12:32:00
1.80438,1.80438,1.80438,1.80438,1646997120,2022-03-11T11:12:00
1.80522,1.80522,1.80522,1.80522,1646995080,2022-03-11T10:38:00
1.82121,1.82121,1.82121,1.82121,1646992380,2022-03-11T09:53:00
1.80914,1.80914,1.80914,1.80914,1646989860,2022-03-11T09:11:00
1.79091,1.79091,1.79091,1.79091,1646989140,2022-03-11T08:59:00
1.82837,1.82837,1.82837,1.82837,1646988780,2022-03-11T08:53:00
1.86643,1.86643,1.86643,1.86643,1646988120,2022-03-11T08:42:00
1.81264,1.81264,1.81264,1.81264,1646982660,2022-03-11T07:11:00
1.78067,1.78067,1.78067,1.78067,1646981880,2022-03-11T06:58:00
1.764,1.764,1.764,1.764,1646981520,2022-03-11T06:52:00
1.7365,1.7365,1.7365,1.7365,1646978580,2022-03-11T06:03:00
1.73542,1.73542,1.73542,1.73542,1646977560,2022-03-11T05:46:00
1.76367,1.76367,1.76367,1.76367,1646977140,2022-03-11T05:39:00
1.77021,1.77021,1.77021,1.77021,1646974500,2022-03-11T04:55:00
1.75825,1.75825,1.75825,1.75825,1646973360,2022-03-11T04:36:00
1.73836,1.73836,1.73836,1.73836,1646969760,2022-03-11T03:36:00
1.71938,1.71938,1.71938,1.71938,1646969160,2022-03-11T03:26:00
1.71408,1.71408,1.71408,1.71408,1646968680,2022-03-11T03:18:00
1.7473,1.7473,1.7473,1.7473,1646963100,2022-03-11T01:45:00
1.76391,1.76391,1.76391,1.76391,1646962740,2022-03-11T01:39:00
1.76167,1.76167,1.76167,1.76167,1646957880,2022-03-11T00:18:00
1.74376,1.75618,1.74376,1.75618,1646956620,2022-03-10T23:57:00
1.77146,1.78681,1.77146,1.78681,1646956560,2022-03-10T23:56:00
1.88868,1.88868,1.88868,1.88868,1646948460,2022-03-10T21:41:00
1.8489,1.85748,1.8489,1.85748,1646944860,2022-03-10T20:41:00
1.86794,1.86794,1.86794,1.86794,1646935620,2022-03-10T18:07:00
1.88272,1.88272,1.88272,1.88272,1646934360,2022-03-10T17:46:00
1.86784,1.86784,1.86784,1.86784,1646931300,2022-03-10T16:55:00
1.87426,1.87426,1.87426,1.87426,1646928060,2022-03-10T16:01:00
1.88895,1.88895,1.88895,1.88895,1646926320,2022-03-10T15:32:00
1.87866,1.87866,1.87866,1.87866,1646926080,2022-03-10T15:28:00
1.82728,1.82728,1.82728,1.82728,1646924400,2022-03-10T15:00:00
1.82111,1.82111,1.82111,1.82111,1646923740,2022-03-10T14:49:00
1.79829,1.79829,1.79829,1.79829,1646921220,2022-03-10T14:07:00
1.81158,1.81158,1.81158,1.81158,1646920800,2022-03-10T14:00:00
1.84148,1.84148,1.84148,1.84148,1646920620,2022-03-10T13:57:00
1.81539,1.81539,1.81539,1.81539,1646920140,2022-03-10T13:49:00
1.8047,1.8047,1.8047,1.8047,1646920080,2022-03-10T13:48:00
1.82892,1.82892,1.82892,1.82892,1646919420,2022-03-10T13:37:00
1.8093,1.8093,1.8093,1.8093,1646916240,2022-03-10T12:44:00
1.77225,1.77225,1.77225,1.77225,1646914680,2022-03-10T12:18:00
1.77004,1.77004,1.77004,1.77004,1646914620,2022-03-10T12:17:00
1.83356,1.83356,1.83356,1.83356,1646913960,2022-03-10T12:06:00
1.88252,1.88252,1.88252,1.88252,1646907720,2022-03-10T10:22:00
1.89711,1.89711,1.89711,1.89711,1646907060,2022-03-10T10:11:00
1.88952,1.88952,1.88952,1.88952,1646901120,2022-03-10T08:32:00
1.92828,1.92828,1.92828,1.92828,1646898660,2022-03-10T07:51:00
1.89426,1.89426,1.89426,1.89426,1646890920,2022-03-10T05:42:00
1.95251,1.95251,1.95251,1.95251,1646882640,2022-03-10T03:24:00
1.95205,1.95205,1.95205,1.95205,1646876880,2022-03-10T01:48:00
1.9605,1.9605,1.95244,1.95244,1646876580,2022-03-10T01:43:00
2.01846,2.01846,2.01846,2.01846,1646874900,2022-03-10T01:15:00
2.04292,2.04292,2.04292,2.04292,1646861280,2022-03-09T21:28:00
2.05218,2.05218,2.05218,2.05218,1646859420,2022-03-09T20:57:00
2.06292,2.06292,2.06292,2.06292,1646853900,2022-03-09T19:25:00
2.1202,2.1202,2.1202,2.1202,1646852940,2022-03-09T19:09:00
2.16291,2.16291,2.16291,2.16291,1646852280,2022-03-09T18:58:00
2.16647,2.16647,2.16647,2.16647,1646851620,2022-03-09T18:47:00
2.18133,2.18133,2.18133,2.18133,1646849640,2022-03-09T18:14:00
2.16485,2.16485,2.16485,2.16485,1646846640,2022-03-09T17:24:00
2.11635,2.11635,2.11635,2.11635,1646843700,2022-03-09T16:35:00
2.28615,2.28615,2.28615,2.28615,1646842620,2022-03-09T16:17:00
2.0771,2.0771,2.0771,2.0771,1646842440,2022-03-09T16:14:00
2.07082,2.07082,2.07082,2.07082,1646842200,2022-03-09T16:10:00
2.07199,2.07199,2.07199,2.07199,1646842140,2022-03-09T16:09:00
2.55032,2.55032,2.55032,2.55032,1646841960,2022-03-09T16:06:00
2.05409,2.05409,2.05409,2.05409,1646840100,2022-03-09T15:35:00
2.05765,2.05765,2.05765,2.05765,1646839800,2022-03-09T15:30:00
2.06426,2.06426,2.06426,2.06426,1646839560,2022-03-09T15:26:00
2.0741,2.0741,2.0741,2.0741,1646839320,2022-03-09T15:22:00
2.09025,2.09025,2.09025,2.09025,1646837100,2022-03-09T14:45:00
2.07285,2.07285,2.07285,2.07285,1646836980,2022-03-09T14:43:00
2.04613,2.04613,2.04613,2.04613,1646836440,2022-03-09T14:34:00
2.03449,2.03449,2.03449,2.03449,1646836200,2022-03-09T14:30:00
2.02069,2.02069,2.02069,2.02069,1646836140,2022-03-09T14:29:00
2.04505,2.04505,2.04505,2.04505,1646835960,2022-03-09T14:26:00
2.08852,2.08852,2.08852,2.08852,1646835840,2022-03-09T14:24:00
2.13815,2.13815,2.13815,2.13815,1646835600,2022-03-09T14:20:00
2.16648,2.16648,2.16648,2.16648,1646834520,2022-03-09T14:02:00
2.20939,2.20939,2.20939,2.20939,1646829660,2022-03-09T12:41:00
2.22919,2.22919,2.22919,2.22919,1646829480,2022-03-09T12:38:00
2.24717,2.24717,2.24717,2.24717,1646829360,2022-03-09T12:36:00
2.27152,2.27152,2.27152,2.27152,1646829120,2022-03-09T12:32:00
2.24867,2.24867,2.24867,2.24867,1646828760,2022-03-09T12:26:00
2.26002,2.26002,2.26002,2.26002,1646828640,2022-03-09T12:24:00
2.17835,2.17835,2.17835,2.17835,1646825340,2022-03-09T11:29:00
2.13563,2.13563,2.13563,2.13563,1646825280,2022-03-09T11:28:00
2.09373,2.09373,2.09373,2.09373,1646825100,2022-03-09T11:25:00
2.06959,2.06959,2.06959,2.06959,1646822280,2022-03-09T10:38:00
2.05486,2.05486,2.05486,2.05486,1646815800,2022-03-09T08:50:00
2.06403,2.06403,2.06403,2.06403,1646815200,2022-03-09T08:40:00
2.06625,2.06625,2.06625,2.06625,1646814360,2022-03-09T08:26:00
2.09947,2.09947,2.09947,2.09947,1646814240,2022-03-09T08:24:00
2.03924,2.03924,2.03924,2.03924,1646814120,2022-03-09T08:22:00
1.93832,1.93832,1.93832,1.93832,1646813520,2022-03-09T08:12:00
1.84299,1.90904,1.84299,1.90904,1646810220,2022-03-09T07:17:00
1.97153,1.97153,1.97153,1.97153,1646810160,2022-03-09T07:16:00
2.0247,2.0247,2.0247,2.0247,1646809680,2022-03-09T07:08:00
2.04902,2.04902,2.04902,2.04902,1646802000,2022-03-09T05:00:00
2.0579,2.0579,2.0579,2.0579,1646798760,2022-03-09T04:06:00
1.96436,1.96436,1.96436,1.96436,1646783940,2022-03-08T23:59:00
2.00417,2.00417,1.99012,1.99012,1646783820,2022-03-08T23:57:00
1.96355,1.96355,1.96355,1.96355,1646783700,2022-03-08T23:55:00
1.91259,1.91259,1.91259,1.91259,1646782380,2022-03-08T23:33:00
1.79902,1.79902,1.79902,1.79902,1646778360,2022-03-08T22:26:00
1.82361,1.82361,1.82361,1.82361,1646774580,2022-03-08T21:23:00
1.8183,1.8183,1.8183,1.8183,1646771760,2022-03-08T20:36:00
1.84509,1.84509,1.84509,1.84509,1646764140,2022-03-08T18:29:00
1.83447,1.83447,1.83447,1.83447,1646761860,2022-03-08T17:51:00
1.78898,1.78898,1.78898,1.78898,1646758080,2022-03-08T16:48:00
1.84201,1.84201,1.84201,1.84201,1646747220,2022-03-08T13:47:00
1.81423,1.81423,1.81423,1.81423,1646725860,2022-03-08T07:51:00
1.79598,1.79598,1.7864,1.7864,1646725620,2022-03-08T07:47:00
1.793,1.793,1.793,1.793,1646723400,2022-03-08T07:10:00
1.84566,1.84566,1.84566,1.84566,1646723340,2022-03-08T07:09:00
1.91194,1.91194,1.91194,1.91194,1646712300,2022-03-08T04:05:00
1.92878,1.92878,1.92878,1.92878,1646710080,2022-03-08T03:28:00
1.92687,1.92687,1.92687,1.92687,1646699940,2022-03-08T00:39:00
1.95126,1.95126,1.95126,1.95126,1646692860,2022-03-07T22:41:00
1.90608,1.90608,1.90608,1.90608,1646692620,2022-03-07T22:37:00
1.84642,1.84642,1.84642,1.84642,1646691780,2022-03-07T22:23:00
1.82731,1.82731,1.82731,1.82731,1646691540,2022-03-07T22:19:00
1.80096,1.80096,1.80096,1.80096,1646689860,2022-03-07T21:51:00
1.80635,1.80635,1.80635,1.80635,1646689740,2022-03-07T21:49:00
1.74967,1.74967,1.74967,1.74967,1646687040,2022-03-07T21:04:00
1.79534,1.79534,1.79534,1.79534,1646686920,2022-03-07T21:02:00
1.80478,1.80478,1.80478,1.80478,1646686860,2022-03-07T21:01:00
1.81562,1.81562,1.81562,1.81562,1646686800,2022-03-07T21:00:00
1.88015,1.88015,1.88015,1.88015,1646686380,2022-03-07T20:53:00
1.88658,1.88658,1.88658,1.88658,1646682840,2022-03-07T19:54:00
1.96263,1.96263,1.96263,1.96263,1646682000,2022-03-07T19:40:00
2.01857,2.01857,2.01857,2.01857,1646679300,2022-03-07T18:55:00
2.05054,2.05054,2.05054,2.05054,1646677380,2022-03-07T18:23:00
2.10877,2.10877,2.10877,2.10877,1646673900,2022-03-07T17:25:00
2.00844,2.00844,2.00844,2.00844,1646670300,2022-03-07T16:25:00
1.9503,1.9503,1.9503,1.9503,1646665140,2022-03-07T14:59:00
2.08433,2.08433,2.02677,2.02677,1646664480,2022-03-07T14:48:00
2.12892,2.12892,2.12892,2.12892,1646664420,2022-03-07T14:47:00
2.22476,2.22476,2.22476,2.22476,1646664360,2022-03-07T14:46:00
2.06967,2.06967,2.06967,2.06967,1646664300,2022-03-07T14:45:00
2.02449,2.02449,2.02449,2.02449,1646663460,2022-03-07T14:31:00
2.06869,2.06869,2.05304,2.05304,1646663340,2022-03-07T14:29:00
2.03491,2.03491,2.03491,2.03491,1646663220,2022-03-07T14:27:00
1.96714,1.96714,1.96714,1.96714,1646662980,2022-03-07T14:23:00
1.94835,1.94835,1.94835,1.94835,1646662860,2022-03-07T14:21:00
1.90756,1.90756,1.90756,1.90756,1646660580,2022-03-07T13:43:00
1.92762,1.92762,1.92762,1.92762,1646657640,2022-03-07T12:54:00
1.83299,1.83299,1.83299,1.83299,1646657520,2022-03-07T12:52:00
1.7667,1.7667,1.7667,1.7667,1646657460,2022-03-07T12:51:00
1.744,1.744,1.744,1.744,1646655600,2022-03-07T12:20:00
1.74196,1.74196,1.74196,1.74196,1646654760,2022-03-07T12:06:00
1.75089,1.75089,1.75089,1.75089,1646648400,2022-03-07T10:20:00
1.73429,1.73429,1.73429,1.73429,1646647500,2022-03-07T10:05:00
1.72306,1.72306,1.72306,1.72306,1646636100,2022-03-07T06:55:00
1.71507,1.71507,1.71507,1.71507,1646635200,2022-03-07T06:40:00
1.72314,1.72314,1.72314,1.72314,1646633760,2022-03-07T06:16:00
1.75954,1.75954,1.75954,1.75954,1646631660,2022-03-07T05:41:00
1.79011,1.79011,1.79011,1.79011,1646630700,2022-03-07T05:25:00
1.81965,1.81965,1.81965,1.81965,1646628960,2022-03-07T04:56:00
1.82125,1.82125,1.82125,1.82125,1646627400,2022-03-07T04:30:00
1.85681,1.85681,1.85681,1.85681,1646624760,2022-03-07T03:46:00
1.96774,1.96774,1.8889,1.8889,1646624460,2022-03-07T03:41:00
2.03611,2.03611,2.03611,2.03611,1646624340,2022-03-07T03:39:00
1.81646,1.81646,1.81646,1.81646,1646622180,2022-03-07T03:03:00
1.82272,1.82272,1.78839,1.78839,1646621820,2022-03-07T02:57:00
1.92779,1.92779,1.92779,1.92779,1646618520,2022-03-07T02:02:00
1.91923,1.91923,1.91923,1.91923,1646616600,2022-03-07T01:30:00
1.85835,1.85835,1.85835,1.85835,1646616420,2022-03-07T01:27:00
1.9349,1.9349,1.9349,1.9349,1646616360,2022-03-07T01:26:00
1.90849,1.90849,1.90849,1.90849,1646615460,2022-03-07T01:11:00
1.83496,1.83496,1.83496,1.83496,1646615220,2022-03-07T01:07:00
1.80556,1.80556,1.80556,1.80556,1646614680,2022-03-07T00:58:00
1.805,1.805,1.805,1.805,1646614500,2022-03-07T00:55:00
1.82776,1.82776,1.82776,1.82776,1646614260,2022-03-07T00:51:00
1.83383,1.83383,1.83383,1.83383,1646614200,2022-03-07T00:50:00
1.86348,1.86348,1.86348,1.86348,1646613720,2022-03-07T00:42:00
1.85054,1.85292,1.85054,1.85292,1646612280,2022-03-07T00:18:00
1.88993,1.88993,1.88993,1.88993,1646612220,2022-03-07T00:17:00
1.97174,1.97174,1.97174,1.97174,1646612160,2022-03-07T00:16:00
1.99405,1.99405,1.99405,1.99405,1646610960,2022-03-06T23:56:00
2.02964,2.02964,2.02964,2.02964,1646610300,2022-03-06T23:45:00
2.05102,2.05102,2.05102,2.05102,1646609580,2022-03-06T23:33:00
1.94217,1.94217,1.94217,1.94217,1646608920,2022-03-06T23:22:00
1.94074,1.94074,1.94074,1.94074,1646608860,2022-03-06T23:21:00
1.98839,1.98839,1.98839,1.98839,1646608800,2022-03-06T23:20:00
2.04179,2.04179,2.04179,2.04179,1646608620,2022-03-06T23:17:00
2.13262,2.13262,2.13262,2.13262,1646605800,2022-03-06T22:30:00
2.13447,2.13447,2.13447,2.13447,1646601540,2022-03-06T21:19:00
2.12877,2.12877,2.12877,2.12877,1646601060,2022-03-06T21:11:00
2.09092,2.09092,2.09092,2.09092,1646600820,2022-03-06T21:07:00
2.08846,2.08846,2.08846,2.08846,1646600760,2022-03-06T21:06:00
2.05453,2.05453,2.05453,2.05453,1646597460,2022-03-06T20:11:00
2.08849,2.08849,2.08849,2.08849,1646596620,2022-03-06T19:57:00
2.06488,2.06488,2.06488,2.06488,1646596560,2022-03-06T19:56:00
2.11126,2.11126,2.11126,2.11126,1646596500,2022-03-06T19:55:00
2.21402,2.21402,2.21402,2.21402,1646596200,2022-03-06T19:50:00
2.23987,2.23987,2.23987,2.23987,1646595780,2022-03-06T19:43:00
2.27783,2.27783,2.27783,2.27783,1646594640,2022-03-06T19:24:00
2.26666,2.26666,2.26666,2.26666,1646593500,2022-03-06T19:05:00
2.22783,2.22783,2.22783,2.22783,1646592840,2022-03-06T18:54:00
2.19854,2.19854,2.19854,2.19854,1646592360,2022-03-06T18:46:00
2.17207,2.17207,2.17207,2.17207,1646591460,2022-03-06T18:31:00
2.46401,2.46401,2.46401,2.46401,1646591400,2022-03-06T18:30:00
2.24463,2.24463,2.24463,2.24463,1646588640,2022-03-06T17:44:00
2.2296,2.2296,2.2296,2.2296,1646588160,2022-03-06T17:36:00
2.2178,2.22404,2.2178,2.22404,1646584320,2022-03-06T16:32:00
2.19014,2.19014,2.19014,2.19014,1646581980,2022-03-06T15:53:00
2.12524,2.15841,2.12524,2.15841,1646581320,2022-03-06T15:42:00
2.11785,2.11785,2.11785,2.11785,1646578080,2022-03-06T14:48:00
2.1109,2.1109,2.1109,2.1109,1646573940,2022-03-06T13:39:00
2.0862,2.0862,2.0862,2.0862,1646567520,2022-03-06T11:52:00
2.03287,2.08859,2.03287,2.08859,1646566200,2022-03-06T11:30:00
2.16976,2.16976,2.16976,2.16976,1646562000,2022-03-06T10:20:00
2.14295,2.14295,2.14295,2.14295,1646561880,2022-03-06T10:18:00
2.1223,2.1223,2.1223,2.1223,1646560860,2022-03-06T10:01:00
2.02856,2.02856,2.02856,2.02856,1646558460,2022-03-06T09:21:00
2.0815,2.0815,2.0815,2.0815,1646556720,2022-03-06T08:52:00
2.09524,2.09524,2.09524,2.09524,1646556660,2022-03-06T08:51:00
2.06896,2.06896,2.06896,2.06896,1646556420,2022-03-06T08:47:00
2.027,2.027,2.027,2.027,1646556240,2022-03-06T08:44:00
2.06482,2.06482,2.06482,2.06482,1646554440,2022-03-06T08:14:00
2.10381,2.10381,2.08198,2.08198,1646553180,2022-03-06T07:53:00
2.04838,2.04838,2.04838,2.04838,1646552820,2022-03-06T07:47:00
1.99274,1.99274,1.99274,1.99274,1646546820,2022-03-06T06:07:00
1.96077,1.96077,1.96077,1.96077,1646544240,2022-03-06T05:24:00
1.95245,1.95245,1.95245,1.95245,1646540760,2022-03-06T04:26:00
2.01817,2.01817,2.01817,2.01817,1646539980,2022-03-06T04:13:00
1.93364,1.93364,1.93364,1.93364,1646536860,2022-03-06T03:21:00
1.93476,1.93476,1.93476,1.93476,1646522880,2022-03-05T23:28:00
1.92121,1.92121,1.92121,1.92121,1646511840,2022-03-05T20:24:00
1.91189,1.91189,1.91189,1.91189,1646505180,2022-03-05T18:33:00
1.90374,1.90374,1.90374,1.90374,1646503380,2022-03-05T18:03:00
1.88937,1.88937,1.88937,1.88937,1646503260,2022-03-05T18:01:00
1.91329,1.91329,1.91329,1.91329,1646500080,2022-03-05T17:08:00
1.88309,1.88309,1.88309,1.88309,1646496480,2022-03-05T16:08:00
1.89245,1.89245,1.89245,1.89245,1646488200,2022-03-05T13:50:00
1.88557,1.88557,1.88557,1.88557,1646480340,2022-03-05T11:39:00
1.89749,1.89749,1.89749,1.89749,1646479920,2022-03-05T11:32:00
1.88753,1.88753,1.88753,1.88753,1646478720,2022-03-05T11:12:00
1.87593,1.87593,1.87593,1.87593,1646478300,2022-03-05T11:05:00
1.86651,1.86651,1.86651,1.86651,1646476920,2022-03-05T10:42:00
1.84942,1.84942,1.84942,1.84942,1646476080,2022-03-05T10:28:00
1.83701,1.83701,1.83701,1.83701,1646472900,2022-03-05T09:35:00
1.83518,1.83518,1.83518,1.83518,1646472840,2022-03-05T09:34:00
1.85173,1.85173,1.85173,1.85173,1646471700,2022-03-05T09:15:00
1.8385,1.8385,1.8385,1.8385,1646465220,2022-03-05T07:27:00
1.80385,1.80385,1.80385,1.80385,1646463660,2022-03-05T07:01:00
1.79381,1.79381,1.79381,1.79381,1646462640,2022-03-05T06:44:00
1.78549,1.78767,1.78549,1.78767,1646456400,2022-03-05T05:00:00
1.81739,1.81739,1.81739,1.81739,1646456340,2022-03-05T04:59:00
1.82738,1.82738,1.82738,1.82738,1646455980,2022-03-05T04:53:00
1.84673,1.84673,1.84673,1.84673,1646448420,2022-03-05T02:47:00
1.83598,1.83598,1.83598,1.83598,1646447700,2022-03-05T02:35:00
1.83341,1.83341,1.83341,1.83341,1646447640,2022-03-05T02:34:00
1.84918,1.85395,1.84918,1.85395,1646443920,2022-03-05T01:32:00
1.8716,1.8716,1.8716,1.8716,1646442960,2022-03-05T01:16:00
1.89228,1.89228,1.87665,1.87665,1646441400,2022-03-05T00:50:00
1.98175,1.98175,1.98175,1.98175,1646440680,2022-03-05T00:38:00
2.04166,2.04166,2.04166,2.04166,1646440560,2022-03-05T00:36:00
2.00353,2.00353,2.00353,2.00353,1646440380,2022-03-05T00:33:00
2.03341,2.03341,2.03341,2.03341,1646437020,2022-03-04T23:37:00
1.974,1.974,1.974,1.974,1646436900,2022-03-04T23:35:00
1.9232,1.9232,1.9232,1.9232,1646436540,2022-03-04T23:29:00
1.90659,1.90659,1.90659,1.90659,1646435760,2022-03-04T23:16:00
1.90243,1.90243,1.90243,1.90243,1646433420,2022-03-04T22:37:00
1.95387,1.95387,1.95387,1.95387,1646428800,2022-03-04T21:20:00
1.96202,1.96202,1.96202,1.96202,1646427900,2022-03-04T21:05:00
1.96217,1.96217,1.96217,1.96217,1646427360,2022-03-04T20:56:00
2.00688,2.00688,2.00688,2.00688,1646424540,2022-03-04T20:09:00
2.12876,2.12876,2.12876,2.12876,1646424180,2022-03-04T20:03:00
2.0012,2.0012,2.0012,2.0012,1646423940,2022-03-04T19:59:00
2.06352,2.06352,2.06352,2.06352,1646422740,2022-03-04T19:39:00
2.07814,2.07814,2.07814,2.07814,1646421180,2022-03-04T19:13:00
2.14044,2.14044,2.14044,2.14044,1646420940,2022-03-04T19:09:00
2.17453,2.17453,2.17453,2.17453,1646418720,2022-03-04T18:32:00
2.18929,2.18929,2.18929,2.18929,1646418540,2022-03-04T18:29:00
2.17073,2.17073,2.17073,2.17073,1646412660,2022-03-04T16:51:00
2.13295,2.17568,2.13295,2.17568,1646412540,2022-03-04T16:49:00
2.0664,2.0664,2.0664,2.0664,1646411460,2022-03-04T16:31:00
2.04951,2.04951,2.04951,2.04951,1646409960,2022-03-04T16:06:00
2.03714,2.03714,2.03714,2.03714,1646407560,2022-03-04T15:26:00
2.02875,2.02875,2.02875,2.02875,1646407380,2022-03-04T15:23:00
2.02275,2.02275,2.02275,2.02275,1646405700,2022-03-04T14:55:00
2.058,2.058,2.058,2.058,1646404140,2022-03-04T14:29:00
2.09699,2.09699,2.09699,2.09699,1646403180,2022-03-04T14:13:00
2.1188,2.1188,2.1188,2.1188,1646402880,2022-03-04T14:08:00
2.15192,2.15192,2.15192,2.15192,1646402820,2022-03-04T14:07:00
2.17774,2.17774,2.17774,2.17774,1646402760,2022-03-04T14:06:00
2.20182,2.20182,2.20182,2.20182,1646402160,2022-03-04T13:56:00
2.23685,2.23685,2.23685,2.23685,1646401740,2022-03-04T13:49:00
2.23549,2.23549,2.23549,2.23549,1646394060,2022-03-04T11:41:00
2.02515,2.02515,2.02515,2.02515,1646390220,2022-03-04T10:37:00
2.03674,2.03674,2.03674,2.03674,1646390040,2022-03-04T10:34:00
2.03063,2.03063,2.03063,2.03063,1646388540,2022-03-04T10:09:00
2.17468,2.17468,2.17468,2.17468,1646387520,2022-03-04T09:52:00
2.17617,2.17617,2.17617,2.17617,1646384040,2022-03-04T08:54:00
2.16531,2.16531,2.16531,2.16531,1646382900,2022-03-04T08:35:00
2.16435,2.16435,2.16435,2.16435,1646382540,2022-03-04T08:29:00
2.15587,2.15587,2.15587,2.15587,1646377620,2022-03-04T07:07:00
2.1778,2.1778,2.1778,2.1778,1646377440,2022-03-04T07:04:00
2.27366,2.27366,2.27366,2.27366,1646377200,2022-03-04T07:00:00
2.202,2.202,2.202,2.202,1646376840,2022-03-04T06:54:00
2.10006,2.10006,2.10006,2.10006,1646375520,2022-03-04T06:32:00
2.06383,2.06383,2.06383,2.06383,1646375460,2022-03-04T06:31:00
2.10766,2.10766,2.10766,2.10766,1646374200,2022-03-04T06:10:00
2.15605,2.15605,2.15605,2.15605,1646366520,2022-03-04T04:02:00
2.19461,2.19461,2.16747,2.16747,1646363940,2022-03-04T03:19:00
2.181,2.181,2.181,2.181,1646363640,2022-03-04T03:14:00
2.13666,2.13666,2.13666,2.13666,1646362440,2022-03-04T02:54:00
2.06714,2.06714,2.06714,2.06714,1646361900,2022-03-04T02:45:00
2.0507,2.0507,2.0507,2.0507,1646359200,2022-03-04T02:00:00
2.07221,2.07221,1.97391,1.97391,1646358600,2022-03-04T01:50:00
2.15952,2.15952,2.15952,2.15952,1646355240,2022-03-04T00:54:00
2.22178,2.22178,2.22178,2.22178,1646354880,2022-03-04T00:48:00
2.28077,2.28077,2.28077,2.28077,1646354520,2022-03-04T00:42:00
2.31916,2.31916,2.31916,2.31916,1646350860,2022-03-03T23:41:00
2.2757,2.2757,2.2757,2.2757,1646350800,2022-03-03T23:40:00
2.20242,2.20242,2.20242,2.20242,1646348820,2022-03-03T23:07:00
2.20792,2.20792,2.20792,2.20792,1646347680,2022-03-03T22:48:00
2.17407,2.17407,2.17407,2.17407,1646344620,2022-03-03T21:57:00
2.16524,2.16524,2.16524,2.16524,1646338740,2022-03-03T20:19:00
2.18036,2.18036,2.18036,2.18036,1646338680,2022-03-03T20:18:00
2.20914,2.20914,2.20914,2.20914,1646338620,2022-03-03T20:17:00
2.17924,2.17924,2.17924,2.17924,1646338560,2022-03-03T20:16:00
2.29959,2.29959,2.29959,2.29959,1646338440,2022-03-03T20:14:00
2.32173,2.32173,2.32173,2.32173,1646337840,2022-03-03T20:04:00
2.34701,2.34701,2.34701,2.34701,1646330760,2022-03-03T18:06:00
2.3213,2.3213,2.3213,2.3213,1646329200,2022-03-03T17:40:00
2.35356,2.35356,2.35356,2.35356,1646329140,2022-03-03T17:39:00
2.2732,2.2732,2.2732,2.2732,1646328480,2022-03-03T17:28:00
2.27189,2.27189,2.27189,2.27189,1646328180,2022-03-03T17:23:00
2.25673,2.25673,2.25673,2.25673,1646328120,2022-03-03T17:22:00
2.19912,2.19912,2.19912,2.19912,1646326500,2022-03-03T16:55:00
2.32254,2.32254,2.32254,2.32254,1646326200,2022-03-03T16:50:00
2.33528,2.33528,2.33528,2.33528,1646325480,2022-03-03T16:38:00
2.28608,2.28608,2.28608,2.28608,1646324400,2022-03-03T16:20:00
2.30367,2.30367,2.30367,2.30367,1646324220,2022-03-03T16:17:00
2.30979,2.32216,2.30979,2.32216,1646319780,2022-03-03T15:03:00
2.38697,2.38697,2.34321,2.34321,1646319000,2022-03-03T14:50:00
2.50195,2.50195,2.50195,2.50195,1646317980,2022-03-03T14:33:00
2.49458,2.49458,2.49458,2.49458,1646317620,2022-03-03T14:27:00
2.4301,2.4301,2.4301,2.4301,1646316840,2022-03-03T14:14:00
2.38015,2.38015,2.38015,2.38015,1646309640,2022-03-03T12:14:00
2.36054,2.36054,2.36054,2.36054,1646309460,2022-03-03T12:11:00
2.34943,2.34943,2.34943,2.34943,1646307660,2022-03-03T11:41:00
2.29595,2.34715,2.29595,2.34715,1646306160,2022-03-03T11:16:00
2.18989,2.18989,2.18989,2.18989,1646305680,2022-03-03T11:08:00
2.09628,2.13318,2.09628,2.13318,1646302860,2022-03-03T10:21:00
2.1164,2.1164,2.1164,2.1164,1646299800,2022-03-03T09:30:00
2.09652,2.09652,2.09652,2.09652,1646299440,2022-03-03T09:24:00
2.09248,2.09248,2.09248,2.09248,1646299320,2022-03-03T09:22:00
2.12107,2.12107,2.12107,2.12107,1646299200,2022-03-03T09:20:00
2.11939,2.11939,2.11939,2.11939,1646298840,2022-03-03T09:14:00
2.13188,2.14284,2.13188,2.14284,1646298660,2022-03-03T09:11:00
2.1448,2.1448,2.1448,2.1448,1646297700,2022-03-03T08:55:00
2.16165,2.16165,2.12764,2.12764,1646296500,2022-03-03T08:35:00
2.15359,2.15359,2.15359,2.15359,1646293800,2022-03-03T07:50:00
2.15165,2.15165,2.15165,2.15165,1646292720,2022-03-03T07:32:00
2.18413,2.18413,2.16376,2.16376,1646292060,2022-03-03T07:21:00
2.15841,2.15841,2.15841,2.15841,1646291400,2022-03-03T07:10:00
2.13694,2.13694,2.13694,2.13694,1646291280,2022-03-03T07:08:00
2.15609,2.15609,2.15609,2.15609,1646291220,2022-03-03T07:07:00
2.18007,2.18007,2.18007,2.18007,1646291160,2022-03-03T07:06:00
2.12725,2.16599,2.12725,2.16599,1646291100,2022-03-03T07:05:00
2.07645,2.0933,2.07645,2.0933,1646291040,2022-03-03T07:04:00
1.90306,1.90306,1.90306,1.90306,1646290980,2022-03-03T07:03:00
2.44539,2.44539,2.44539,2.44539,1646290680,2022-03-03T06:58:00
2.4227,2.4227,2.4227,2.4227,1646290620,2022-03-03T06:57:00
2.36008,2.36008,2.36008,2.36008,1646288160,2022-03-03T06:16:00
2.37169,2.37169,2.37169,2.37169,1646288100,2022-03-03T06:15:00
2.3743,2.3743,2.3743,2.3743,1646288040,2022-03-03T06:14:00
2.43877,2.43877,2.43877,2.43877,1646285580,2022-03-03T05:33:00
2.47406,2.47406,2.45894,2.45894,1646283900,2022-03-03T05:05:00
2.45687,2.45687,2.45687,2.45687,1646283660,2022-03-03T05:01:00
2.43779,2.43779,2.43779,2.43779,1646283540,2022-03-03T04:59:00
2.399,2.399,2.399,2.399,1646283240,2022-03-03T04:54:00
2.47808,2.47808,2.47808,2.47808,1646283180,2022-03-03T04:53:00
2.58547,2.58547,2.58547,2.58547,1646281320,2022-03-03T04:22:00
2.6948,2.6948,2.6948,2.6948,1646281200,2022-03-03T04:20:00
2.83019,2.83019,2.83019,2.83019,1646280540,2022-03-03T04:09:00
2.86705,2.86705,2.86705,2.86705,1646279040,2022-03-03T03:44:00
2.93597,2.93597,2.93597,2.93597,1646276220,2022-03-03T02:57:00
2.91478,2.91478,2.91478,2.91478,1646275800,2022-03-03T02:50:00
2.86655,2.86655,2.86655,2.86655,1646275620,2022-03-03T02:47:00
2.86023,2.86023,2.86023,2.86023,1646274900,2022-03-03T02:35:00
2.87334,2.87334,2.85694,2.85694,1646270880,2022-03-03T01:28:00
2.9011,2.9011,2.9011,2.9011,1646268900,2022-03-03T00:55:00
2.86975,2.86975,2.86975,2.86975,1646266560,2022-03-03T00:16:00
2.85222,2.85222,2.85222,2.85222,1646266080,2022-03-03T00:08:00
2.83736,2.83736,2.83736,2.83736,1646265300,2022-03-02T23:55:00
2.76063,2.76063,2.76063,2.76063,1646265180,2022-03-02T23:53:00
2.792,2.792,2.792,2.792,1646263440,2022-03-02T23:24:00
2.77052,2.77052,2.77052,2.77052,1646263200,2022-03-02T23:20:00
2.71381,2.71381,2.71381,2.71381,1646261820,2022-03-02T22:57:00
2.7332,2.7332,2.7332,2.7332,1646261760,2022-03-02T22:56:00
2.68353,2.68353,2.68353,2.68353,1646261700,2022-03-02T22:55:00
2.61784,2.61784,2.61784,2.61784,1646260080,2022-03-02T22:28:00
2.67701,2.67701,2.67701,2.67701,1646260020,2022-03-02T22:27:00
2.73439,2.73439,2.73439,2.73439,1646258640,2022-03-02T22:04:00
2.69513,2.70504,2.69513,2.70504,1646258280,2022-03-02T21:58:00
2.72179,2.72179,2.72179,2.72179,1646258100,2022-03-02T21:55:00
2.64009,2.64009,2.64009,2.64009,1646258040,2022-03-02T21:54:00
2.56405,2.56405,2.56392,2.56392,1646257920,2022-03-02T21:52:00
2.59633,2.59633,2.59633,2.59633,1646257740,2022-03-02T21:49:00
2.68498,2.68498,2.68498,2.68498,1646257680,2022-03-02T21:48:00
2.49107,2.5599,2.49107,2.5599,1646257560,2022-03-02T21:46:00
2.5655,2.5655,2.51301,2.51301,1646257500,2022-03-02T21:45:00
2.48882,2.48882,2.48882,2.48882,1646256600,2022-03-02T21:30:00
2.45385,2.45385,2.45385,2.45385,1646255640,2022-03-02T21:14:00
2.39554,2.39554,2.39554,2.39554,1646255220,2022-03-02T21:07:00
2.34443,2.34443,2.34443,2.34443,1646255160,2022-03-02T21:06:00
2.25552,2.25552,2.25552,2.25552,1646254800,2022-03-02T21:00:00
2.24469,2.24469,2.24469,2.24469,1646253600,2022-03-02T20:40:00
2.26044,2.26044,2.26044,2.26044,1646253540,2022-03-02T20:39:00
2.22954,2.22954,2.22954,2.22954,1646252760,2022-03-02T20:26:00
2.14544,2.14544,2.14544,2.14544,1646250360,2022-03-02T19:46:00
2.07054,2.07054,2.07054,2.07054,1646250300,2022-03-02T19:45:00
2.06751,2.06751,2.06751,2.06751,1646250120,2022-03-02T19:42:00
2.10943,2.10943,2.10943,2.10943,1646246280,2022-03-02T18:38:00
2.12849,2.12849,2.12849,2.12849,1646246220,2022-03-02T18:37:00
2.1011,2.1011,2.1011,2.1011,1646246100,2022-03-02T18:35:00
2.1322,2.1322,2.1322,2.1322,1646245860,2022-03-02T18:31:00
2.15947,2.15947,2.15947,2.15947,1646244600,2022-03-02T18:10:00
2.13731,2.13731,2.13731,2.13731,1646244360,2022-03-02T18:06:00
2.15004,2.15004,2.15004,2.15004,1646243940,2022-03-02T17:59:00
2.14435,2.14435,2.14435,2.14435,1646243880,2022-03-02T17:58:00
2.19095,2.19095,2.19095,2.19095,1646243820,2022-03-02T17:57:00
2.20397,2.20397,2.20397,2.20397,1646243640,2022-03-02T17:54:00
2.18356,2.18356,2.18356,2.18356,1646243580,2022-03-02T17:53:00
2.21588,2.21588,2.21588,2.21588,1646243520,2022-03-02T17:52:00
2.20299,2.20299,2.20299,2.20299,1646243460,2022-03-02T17:51:00
2.32241,2.32241,2.32241,2.32241,1646243160,2022-03-02T17:46:00
2.34343,2.34343,2.34343,2.34343,1646235900,2022-03-02T15:45:00
2.34353,2.34353,2.34353,2.34353,1646235720,2022-03-02T15:42:00
2.38056,2.38056,2.38056,2.38056,1646235480,2022-03-02T15:38:00
2.36332,2.36332,2.36332,2.36332,1646235420,2022-03-02T15:37:00
2.3712,2.3712,2.3712,2.3712,1646234580,2022-03-02T15:23:00
2.34712,2.34712,2.34712,2.34712,1646234100,2022-03-02T15:15:00
2.40527,2.40527,2.32238,2.32238,1646233320,2022-03-02T15:02:00
2.42864,2.42864,2.42864,2.42864,1646233140,2022-03-02T14:59:00
2.25827,2.25827,2.25827,2.25827,1646233020,2022-03-02T14:57:00
2.22748,2.22748,2.22748,2.22748,1646232480,2022-03-02T14:48:00
2.19775,2.19775,2.19775,2.19775,1646232300,2022-03-02T14:45:00
2.15362,2.15362,2.15362,2.15362,1646230560,2022-03-02T14:16:00
2.1484,2.1484,2.1484,2.1484,1646227800,2022-03-02T13:30:00
2.14759,2.14759,2.14759,2.14759,1646227680,2022-03-02T13:28:00
2.17549,2.17549,2.17549,2.17549,1646227380,2022-03-02T13:23:00
2.18468,2.18468,2.16989,2.16989,1646227140,2022-03-02T13:19:00
2.18636,2.18636,2.18636,2.18636,1646226960,2022-03-02T13:16:00
2.01072,2.08506,2.01072,2.08506,1646226900,2022-03-02T13:15:00
2.16535,2.16535,1.94644,1.94644,1646226840,2022-03-02T13:14:00
2.24372,2.24372,2.2236,2.2236,1646226780,2022-03-02T13:13:00
2.25024,2.25024,2.25024,2.25024,1646226720,2022-03-02T13:12:00
2.33737,2.33737,2.33737,2.33737,1646226600,2022-03-02T13:10:00
2.34378,2.34378,2.34378,2.34378,1646224800,2022-03-02T12:40:00
2.38773,2.38773,2.38773,2.38773,1646223060,2022-03-02T12:11:00
2.40468,2.40468,2.40468,2.40468,1646221560,2022-03-02T11:46:00
2.4105,2.4105,2.4105,2.4105,1646219400,2022-03-02T11:10:00
2.46586,2.46586,2.46586,2.46586,1646218500,2022-03-02T10:55:00
2.48882,2.48882,2.48882,2.48882,1646218320,2022-03-02T10:52:00
2.5053,2.5053,2.5053,2.5053,1646217960,2022-03-02T10:46:00
2.53045,2.53045,2.53045,2.53045,1646217720,2022-03-02T10:42:00
2.49601,2.49601,2.49601,2.49601,1646216700,2022-03-02T10:25:00
2.50453,2.50453,2.50453,2.50453,1646216400,2022-03-02T10:20:00
2.4906,2.4906,2.4906,2.4906,1646215920,2022-03-02T10:12:00
2.50323,2.50323,2.50323,2.50323,1646213640,2022-03-02T09:34:00
2.49178,2.49178,2.49178,2.49178,1646213100,2022-03-02T09:25:00
2.51785,2.51785,2.51785,2.51785,1646212980,2022-03-02T09:23:00
2.54832,2.54832,2.54832,2.54832,1646212620,2022-03-02T09:17:00
2.53336,2.53336,2.53336,2.53336,1646211120,2022-03-02T08:52:00
2.50481,2.50481,2.50481,2.50481,1646211060,2022-03-02T08:51:00
2.47266,2.47266,2.47266,2.47266,1646207880,2022-03-02T07:58:00
2.48327,2.48327,2.48327,2.48327,1646205780,2022-03-02T07:23:00
2.46984,2.46984,2.46984,2.46984,1646205660,2022-03-02T07:21:00
2.47273,2.47273,2.47273,2.47273,1646205420,2022-03-02T07:17:00
2.4553,2.4553,2.4553,2.4553,1646204880,2022-03-02T07:08:00
2.49214,2.49214,2.48007,2.48007,1646203560,2022-03-02T06:46:00
2.35566,2.35566,2.35566,2.35566,1646203500,2022-03-02T06:45:00
2.52243,2.52243,2.48604,2.49513,1646203260,2022-03-02T06:41:00
2.46061,2.50533,2.46061,2.50533,1646202960,2022-03-02T06:36:00
2.59138,2.59138,2.59138,2.59138,1646202840,2022-03-02T06:34:00
2.64999,2.64999,2.64999,2.64999,1646202060,2022-03-02T06:21:00
2.63614,2.63614,2.63614,2.63614,1646201700,2022-03-02T06:15:00
2.63381,2.63381,2.62465,2.62465,1646198280,2022-03-02T05:18:00
2.68907,2.68907,2.68907,2.68907,1646198100,2022-03-02T05:15:00
2.70967,2.70967,2.70967,2.70967,1646197740,2022-03-02T05:09:00
2.68931,2.68931,2.68931,2.68931,1646197380,2022-03-02T05:03:00
2.67177,2.67177,2.67177,2.67177,1646197140,2022-03-02T04:59:00
2.63004,2.63004,2.63004,2.63004,1646197080,2022-03-02T04:58:00
2.64187,2.64187,2.64187,2.64187,1646197020,2022-03-02T04:57:00
2.7149,2.7149,2.7149,2.7149,1646196660,2022-03-02T04:51:00
2.70382,2.70382,2.70382,2.70382,1646196600,2022-03-02T04:50:00
2.72218,2.72218,2.72218,2.72218,1646196540,2022-03-02T04:49:00
2.78424,2.78424,2.78424,2.78424,1646196300,2022-03-02T04:45:00
2.76903,2.76903,2.76903,2.76903,1646196180,2022-03-02T04:43:00
2.78585,2.78585,2.78585,2.78585,1646196000,2022-03-02T04:40:00
3.05966,3.05966,3.05966,3.05966,1646195280,2022-03-02T04:28:00
2.85394,2.85394,2.76845,2.76845,1646195160,2022-03-02T04:26:00
2.97758,2.97758,2.97758,2.97758,1646195100,2022-03-02T04:25:00
2.97061,2.97061,2.97061,2.97061,1646194620,2022-03-02T04:17:00
2.99036,2.99036,2.99036,2.99036,1646194560,2022-03-02T04:16:00
2.99984,2.99984,2.99984,2.99984,1646194440,2022-03-02T04:14:00
3.17324,3.17324,3.17324,3.17324,1646194260,2022-03-02T04:11:00
3.20578,3.20578,3.20578,3.20578,1646194200,2022-03-02T04:10:00
3.27301,3.27301,3.21029,3.21029,1646194080,2022-03-02T04:08:00
3.44825,3.44825,3.3147,3.3147,1646194020,2022-03-02T04:07:00
3.37763,3.37763,3.37763,3.37763,1646193960,2022-03-02T04:06:00
3.3057,3.3057,3.3057,3.3057,1646193900,2022-03-02T04:05:00
3.2492,3.2492,3.22401,3.22401,1646193840,2022-03-02T04:04:00
3.09061,3.12065,3.09061,3.12065,1646193780,2022-03-02T04:03:00
2.93854,2.93854,2.93854,2.93854,1646193660,2022-03-02T04:01:00
2.79765,2.92475,2.79765,2.92475,1646193600,2022-03-02T04:00:00
2.67144,2.75339,2.67144,2.75339,1646193540,2022-03-02T03:59:00
2.67201,2.67201,2.67201,2.67201,1646193240,2022-03-02T03:54:00
2.67771,2.67771,2.67771,2.67771,1646192640,2022-03-02T03:44:00
2.65544,2.65544,2.65544,2.65544,1646189520,2022-03-02T02:52:00
2.64028,2.64028,2.64028,2.64028,1646187120,2022-03-02T02:12:00
2.64584,2.64584,2.64584,2.64584,1646185560,2022-03-02T01:46:00
2.6705,2.6705,2.6705,2.6705,1646185260,2022-03-02T01:41:00
2.68082,2.68082,2.68082,2.68082,1646183520,2022-03-02T01:12:00
2.67723,2.67723,2.67723,2.67723,1646182860,2022-03-02T01:01:00
2.71762,2.71762,2.71762,2.71762,1646182320,2022-03-02T00:52:00
2.76872,2.76872,2.76872,2.76872,1646179380,2022-03-02T00:03:00
2.78994,2.78994,2.78994,2.78994,1646179140,2022-03-01T23:59:00
2.7894,2.7894,2.7894,2.7894,1646178000,2022-03-01T23:40:00
2.79479,2.79479,2.79479,2.79479,1646177460,2022-03-01T23:31:00
2.81226,2.81226,2.81226,2.81226,1646177400,2022-03-01T23:30:00
2.832,2.832,2.832,2.832,1646177220,2022-03-01T23:27:00
2.76019,2.76019,2.76019,2.76019,1646176440,2022-03-01T23:14:00
2.80173,2.80173,2.80173,2.80173,1646176020,2022-03-01T23:07:00
2.81654,2.81654,2.81654,2.81654,1646175120,2022-03-01T22:52:00
2.80436,2.80436,2.80436,2.80436,1646173080,2022-03-01T22:18:00
2.79928,2.79928,2.79928,2.79928,1646172900,2022-03-01T22:15:00
2.88262,2.88262,2.88262,2.88262,1646172720,2022-03-01T22:12:00
2.81691,2.81691,2.81691,2.81691,1646172240,2022-03-01T22:04:00
2.79871,2.79871,2.79871,2.79871,1646171160,2022-03-01T21:46:00
2.7835,2.7835,2.7835,2.7835,1646170860,2022-03-01T21:41:00
2.79992,2.79992,2.79992,2.79992,1646170380,2022-03-01T21:33:00
2.83095,2.83095,2.83095,2.83095,1646168700,2022-03-01T21:05:00
2.83099,2.83099,2.83099,2.83099,1646168520,2022-03-01T21:02:00
2.8005,2.8005,2.8005,2.8005,1646168100,2022-03-01T20:55:00
2.82124,2.82124,2.82124,2.82124,1646166900,2022-03-01T20:35:00
2.83861,2.83861,2.83861,2.83861,1646166660,2022-03-01T20:31:00
2.78301,2.78301,2.78301,2.78301,1646166480,2022-03-01T20:28:00
2.74973,2.74973,2.72647,2.72647,1646166360,2022-03-01T20:26:00
2.79965,2.79965,2.77362,2.77362,1646166300,2022-03-01T20:25:00
2.76079,2.76079,2.76079,2.76079,1646166060,2022-03-01T20:21:00
2.71256,2.71256,2.68984,2.68984,1646165700,2022-03-01T20:15:00
2.69069,2.69069,2.69069,2.69069,1646165460,2022-03-01T20:11:00
2.66619,2.66619,2.66619,2.66619,1646165400,2022-03-01T20:10:00
2.83644,2.83644,2.83644,2.83644,1646165040,2022-03-01T20:04:00
2.64222,2.64222,2.64222,2.64222,1646164800,2022-03-01T20:00:00
2.6877,2.6877,2.6877,2.6877,1646164740,2022-03-01T19:59:00
2.6074,2.68083,2.6074,2.68083,1646164560,2022-03-01T19:56:00
2.99681,2.99681,2.97421,2.97421,1646164200,2022-03-01T19:50:00
3.19187,3.19187,3.19187,3.19187,1646164140,2022-03-01T19:49:00
2.93101,2.93101,2.93101,2.93101,1646164080,2022-03-01T19:48:00
2.92044,2.92044,2.92044,2.92044,1646164020,2022-03-01T19:47:00
2.95856,2.95856,2.95856,2.95856,1646163960,2022-03-01T19:46:00
2.96563,2.96563,2.96563,2.96563,1646163840,2022-03-01T19:44:00
2.58048,2.58048,2.58048,2.58048,1646163780,2022-03-01T19:43:00
2.60513,2.60513,2.60513,2.60513,1646163360,2022-03-01T19:36:00
2.59104,2.59104,2.59104,2.59104,1646162880,2022-03-01T19:28:00
2.56454,2.56454,2.56454,2.56454,1646162700,2022-03-01T19:25:00
2.55644,2.55644,2.5368,2.5368,1646162640,2022-03-01T19:24:00
2.5316,2.5316,2.5316,2.5316,1646162460,2022-03-01T19:21:00
2.4607,2.4607,2.4607,2.4607,1646161380,2022-03-01T19:03:00
2.54455,2.54455,2.47425,2.47425,1646161200,2022-03-01T19:00:00
2.52844,2.52844,2.52844,2.52844,1646160840,2022-03-01T18:54:00
2.5149,2.5149,2.5149,2.5149,1646160540,2022-03-01T18:49:00
2.50253,2.50253,2.50253,2.50253,1646160480,2022-03-01T18:48:00
2.4808,2.4808,2.4808,2.4808,1646160360,2022-03-01T18:46:00
2.41904,2.41904,2.41904,2.41904,1646159880,2022-03-01T18:38:00
2.39788,2.39788,2.39788,2.39788,1646159580,2022-03-01T18:33:00
2.37972,2.37972,2.37972,2.37972,1646159340,2022-03-01T18:29:00
2.37906,2.37906,2.37906,2.37906,1646159280,2022-03-01T18:28:00
2.37155,2.37155,2.37155,2.37155,1646158920,2022-03-01T18:22:00
2.36733,2.36733,2.36733,2.36733,1646158800,2022-03-01T18:20:00
2.38236,2.38236,2.38236,2.38236,1646158500,2022-03-01T18:15:00
2.34169,2.34169,2.34169,2.34169,1646158320,2022-03-01T18:12:00
2.38294,2.38294,2.33682,2.33682,1646158200,2022-03-01T18:10:00
2.357,2.357,2.357,2.357,1646157900,2022-03-01T18:05:00
2.32916,2.32916,2.32916,2.32916,1646157540,2022-03-01T17:59:00
2.31387,2.31387,2.31387,2.31387,1646157480,2022-03-01T17:58:00
2.32709,2.32709,2.27914,2.27914,1646157360,2022-03-01T17:56:00
2.44169,2.44169,2.44169,2.44169,1646157240,2022-03-01T17:54:00
2.39202,2.39202,2.38092,2.38092,1646157180,2022-03-01T17:53:00
2.47571,2.47571,2.47571,2.47571,1646157000,2022-03-01T17:50:00
2.45742,2.45742,2.45742,2.45742,1646156820,2022-03-01T17:47:00
2.42011,2.42011,2.42011,2.42011,1646156580,2022-03-01T17:43:00
2.30732,2.30732,2.30732,2.30732,1646156340,2022-03-01T17:39:00
2.2979,2.2979,2.2979,2.2979,1646156100,2022-03-01T17:35:00
2.22836,2.22836,2.22836,2.22836,1646155860,2022-03-01T17:31:00
2.20558,2.20558,2.20558,2.20558,1646155200,2022-03-01T17:20:00
2.22366,2.22366,2.22366,2.22366,1646153820,2022-03-01T16:57:00
2.14395,2.14395,2.14395,2.14395,1646153580,2022-03-01T16:53:00
2.10786,2.10786,2.10786,2.10786,1646153160,2022-03-01T16:46:00
2.0557,2.0557,2.0557,2.0557,1646153040,2022-03-01T16:44:00
2.06741,2.06741,2.03588,2.03588,1646152980,2022-03-01T16:43:00
2.09911,2.09911,2.09911,2.09911,1646152920,2022-03-01T16:42:00
2.13078,2.13078,2.1118,2.1118,1646152860,2022-03-01T16:41:00
2.16688,2.16688,2.16688,2.16688,1646151780,2022-03-01T16:23:00
2.17735,2.18616,2.17735,2.18616,1646150940,2022-03-01T16:09:00
2.22165,2.22165,2.22165,2.22165,1646150820,2022-03-01T16:07:00
2.30323,2.30323,2.30323,2.30323,1646150340,2022-03-01T15:59:00
2.32898,2.32898,2.32898,2.32898,1646148840,2022-03-01T15:34:00
2.23201,2.23201,2.23201,2.23201,1646148180,2022-03-01T15:23:00
2.2952,2.2952,2.2952,2.2952,1646148120,2022-03-01T15:22:00
2.34901,2.34901,2.34901,2.34901,1646147880,2022-03-01T15:18:00
2.37548,2.37548,2.37548,2.37548,1646147460,2022-03-01T15:11:00
2.36609,2.36609,2.36609,2.36609,1646146680,2022-03-01T14:58:00
2.34785,2.34785,2.34785,2.34785,1646146500,2022-03-01T14:55:00
2.30924,2.30924,2.30924,2.30924,1646146440,2022-03-01T14:54:00
2.20062,2.25013,2.20062,2.25013,1646145960,2022-03-01T14:46:00
2.11582,2.15321,2.11582,2.15321,1646145900,2022-03-01T14:45:00
2.05324,2.08782,2.05324,2.08782,1646145840,2022-03-01T14:44:00
1.98247,1.98247,1.98247,1.98247,1646145780,2022-03-01T14:43:00
2.47692,2.47692,2.4262,2.4262,1646145240,2022-03-01T14:34:00
2.55925,2.55925,2.55925,2.55925,1646145180,2022-03-01T14:33:00
2.55372,2.60001,2.55372,2.57873,1646142720,2022-03-01T13:52:00
2.6388,2.6388,2.6388,2.6388,1646142120,2022-03-01T13:42:00
2.65356,2.65356,2.65356,2.65356,1646141820,2022-03-01T13:37:00
2.65078,2.65078,2.65078,2.65078,1646141460,2022-03-01T13:31:00
2.65889,2.65889,2.65889,2.65889,1646141280,2022-03-01T13:28:00
2.69749,2.69749,2.69749,2.69749,1646141100,2022-03-01T13:25:00
2.71571,2.71571,2.71571,2.71571,1646140740,2022-03-01T13:19:00
2.69954,2.69954,2.69954,2.69954,1646140320,2022-03-01T13:12:00
2.65576,2.65576,2.65576,2.65576,1646139420,2022-03-01T12:57:00
2.66733,2.66733,2.66733,2.66733,1646139240,2022-03-01T12:54:00
2.64613,2.64613,2.64613,2.64613,1646139060,2022-03-01T12:51:00
2.61663,2.61663,2.61663,2.61663,1646139000,2022-03-01T12:50:00
2.62242,2.62242,2.62242,2.62242,1646138460,2022-03-01T12:41:00
2.66436,2.66436,2.66436,2.66436,1646137080,2022-03-01T12:18:00
2.60017,2.60017,2.60017,2.60017,1646137020,2022-03-01T12:17:00
2.57472,2.57472,2.57472,2.57472,1646135640,2022-03-01T11:54:00
2.55445,2.55445,2.55445,2.55445,1646135460,2022-03-01T11:51:00
2.53057,2.53057,2.53057,2.53057,1646135040,2022-03-01T11:44:00
2.54508,2.54508,2.54508,2.54508,1646134920,2022-03-01T11:42:00
2.57988,2.57988,2.57988,2.57988,1646134560,2022-03-01T11:36:00
2.59932,2.59932,2.59932,2.59932,1646134500,2022-03-01T11:35:00
2.62328,2.62328,2.62328,2.62328,1646134440,2022-03-01T11:34:00
2.69697,2.69697,2.67558,2.67558,1646134080,2022-03-01T11:28:00
2.61196,2.70375,2.61196,2.68867,1646134020,2022-03-01T11:27:00
2.76048,2.76048,2.69197,2.69197,1646133960,2022-03-01T11:26:00
2.63889,2.63889,2.63889,2.63889,1646133780,2022-03-01T11:23:00
2.70442,2.70442,2.61724,2.61724,1646133600,2022-03-01T11:20:00
2.50809,2.50809,2.50809,2.50809,1646133360,2022-03-01T11:16:00
2.54639,2.54639,2.52924,2.52924,1646133180,2022-03-01T11:13:00
2.49049,2.49049,2.49049,2.49049,1646133060,2022-03-01T11:11:00
2.48205,2.48205,2.48205,2.48205,1646132700,2022-03-01T11:05:00
2.49477,2.49477,2.49477,2.49477,1646132640,2022-03-01T11:04:00
2.5148,2.5148,2.5148,2.5148,1646132520,2022-03-01T11:02:00
2.54608,2.54608,2.54608,2.54608,1646132460,2022-03-01T11:01:00
2.55853,2.55853,2.55853,2.55853,1646132400,2022-03-01T11:00:00
2.53282,2.53282,2.53282,2.53282,1646132340,2022-03-01T10:59:00
2.51671,2.51671,2.51671,2.51671,1646132220,2022-03-01T10:57:00
2.47833,2.47833,2.47833,2.47833,1646132040,2022-03-01T10:54:00
2.51688,2.51688,2.45994,2.45994,1646131920,2022-03-01T10:52:00
2.4157,2.4157,2.4157,2.4157,1646131680,2022-03-01T10:48:00
2.40025,2.40025,2.40025,2.40025,1646131500,2022-03-01T10:45:00
2.37385,2.37385,2.37385,2.37385,1646131200,2022-03-01T10:40:00
2.2948,2.2948,2.2948,2.2948,1646130840,2022-03-01T10:34:00
2.27474,2.27474,2.27474,2.27474,1646128560,2022-03-01T09:56:00
2.24614,2.24614,2.24614,2.24614,1646128200,2022-03-01T09:50:00
2.20215,2.20215,2.20215,2.20215,1646128140,2022-03-01T09:49:00
2.23048,2.23048,2.23048,2.23048,1646127360,2022-03-01T09:36:00
2.17893,2.17893,2.17893,2.17893,1646127240,2022-03-01T09:34:00
2.17058,2.17058,2.17058,2.17058,1646127120,2022-03-01T09:32:00
2.16194,2.16194,2.16194,2.16194,1646127000,2022-03-01T09:30:00
2.18403,2.19926,2.18403,2.19926,1646122200,2022-03-01T08:10:00
2.17476,2.17476,2.17476,2.17476,1646122020,2022-03-01T08:07:00
2.16651,2.16651,2.16651,2.16651,1646121840,2022-03-01T08:04:00
2.2147,2.2147,2.2147,2.2147,1646121600,2022-03-01T08:00:00
2.18841,2.18841,2.14022,2.14022,1646121360,2022-03-01T07:56:00
2.29103,2.29103,2.29103,2.29103,1646118900,2022-03-01T07:15:00
2.29396,2.29396,2.29396,2.29396,1646118780,2022-03-01T07:13:00
2.3272,2.3272,2.3272,2.3272,1646117280,2022-03-01T06:48:00
2.41139,2.41139,2.41139,2.41139,1646117160,2022-03-01T06:46:00
2.48532,2.48532,2.48532,2.48532,1646116380,2022-03-01T06:33:00
2.4904,2.4904,2.4904,2.4904,1646116260,2022-03-01T06:31:00
2.49163,2.49163,2.49163,2.49163,1646116020,2022-03-01T06:27:00
2.46139,2.46139,2.46139,2.46139,1646115780,2022-03-01T06:23:00
2.44221,2.44221,2.44221,2.44221,1646115480,2022-03-01T06:18:00
2.44043,2.44043,2.44043,2.44043,1646114880,2022-03-01T06:08:00
2.47503,2.47503,2.47503,2.47503,1646113500,2022-03-01T05:45:00
2.47682,2.47682,2.47682,2.47682,1646112660,2022-03-01T05:31:00
2.50933,2.50933,2.50933,2.50933,1646112000,2022-03-01T05:20:00
2.53392,2.53392,2.53392,2.53392,1646111580,2022-03-01T05:13:00
2.53638,2.53638,2.53638,2.53638,1646110920,2022-03-01T05:02:00
2.3585,2.46551,2.3585,2.46551,1646110440,2022-03-01T04:54:00
2.28704,2.28704,2.28704,2.28704,1646108820,2022-03-01T04:27:00
2.32564,2.32564,2.32564,2.32564,1646108040,2022-03-01T04:14:00
2.37785,2.37785,2.37785,2.37785,1646107920,2022-03-01T04:12:00
2.40175,2.40175,2.40175,2.40175,1646107020,2022-03-01T03:57:00
2.42509,2.42509,2.42509,2.42509,1646105820,2022-03-01T03:37:00
2.45529,2.45529,2.45529,2.45529,1646104500,2022-03-01T03:15:00
2.44286,2.44286,2.44286,2.44286,1646104320,2022-03-01T03:12:00
2.43884,2.43884,2.43884,2.43884,1646103780,2022-03-01T03:03:00
2.45242,2.45242,2.45242,2.45242,1646103660,2022-03-01T03:01:00
2.49589,2.49589,2.49589,2.49589,1646103600,2022-03-01T03:00:00
2.51037,2.51037,2.51037,2.51037,1646102460,2022-03-01T02:41:00
2.47172,2.47172,2.47172,2.47172,1646102220,2022-03-01T02:37:00
2.33464,2.33464,2.33464,2.33464,1646101440,2022-03-01T02:24:00
2.34252,2.34252,2.34252,2.34252,1646100900,2022-03-01T02:15:00
2.33327,2.33327,2.33327,2.33327,1646100300,2022-03-01T02:05:00
2.34545,2.34545,2.34545,2.34545,1646099820,2022-03-01T01:57:00
2.29083,2.29083,2.29083,2.29083,1646098860,2022-03-01T01:41:00
2.23601,2.23601,2.23601,2.23601,1646098800,2022-03-01T01:40:00
2.21866,2.21866,2.21866,2.21866,1646098680,2022-03-01T01:38:00
2.2753,2.2753,2.2753,2.2753,1646098140,2022-03-01T01:29:00
2.23869,2.23869,2.23869,2.23869,1646097960,2022-03-01T01:26:00
2.26117,2.26117,2.26117,2.26117,1646097900,2022-03-01T01:25:00
2.26777,2.27539,2.26777,2.27539,1646097780,2022-03-01T01:23:00
2.12244,2.12244,2.12244,2.12244,1646097660,2022-03-01T01:21:00
2.05372,2.05372,2.05372,2.05372,1646097120,2022-03-01T01:12:00
2.06417,2.06417,2.06417,2.06417,1646096580,2022-03-01T01:03:00
2.04377,2.04377,2.04377,2.04377,1646096460,2022-03-01T01:01:00
2.10616,2.10616,2.10616,2.10616,1646096040,2022-03-01T00:54:00
2.00263,2.00263,2.00263,2.00263,1646094060,2022-03-01T00:21:00
2.0437,2.0437,2.0437,2.0437,1646093280,2022-03-01T00:08:00
2.11718,2.11718,2.09122,2.09122,1646093220,2022-03-01T00:07:00
2.14608,2.14608,2.14608,2.14608,1646093100,2022-03-01T00:05:00
2.02397,2.12488,2.02397,2.12488,1646092860,2022-03-01T00:01:00
1.94217,1.94217,1.94217,1.94217,1646091600,2022-02-28T23:40:00
1.92713,1.92713,1.92713,1.92713,1646091300,2022-02-28T23:35:00
1.94838,1.94838,1.94838,1.94838,1646090700,2022-02-28T23:25:00
1.87261,1.87261,1.87261,1.87261,1646090580,2022-02-28T23:23:00
1.71871,1.71871,1.71871,1.71871,1646085480,2022-02-28T21:58:00
1.71234,1.71234,1.71234,1.71234,1646083860,2022-02-28T21:31:00
1.69258,1.69258,1.69258,1.69258,1646069340,2022-02-28T17:29:00
1.67548,1.67548,1.67548,1.67548,1646068680,2022-02-28T17:18:00
1.65084,1.65084,1.65084,1.65084,1646060340,2022-02-28T14:59:00
1.70362,1.70362,1.70362,1.70362,1646060280,2022-02-28T14:58:00
1.75969,1.75969,1.75969,1.75969,1646060220,2022-02-28T14:57:00
1.69494,1.69494,1.69494,1.69494,1646060100,2022-02-28T14:55:00
1.56905,1.56905,1.56905,1.56905,1646053560,2022-02-28T13:06:00
1.61526,1.61526,1.61526,1.61526,1646050740,2022-02-28T12:19:00
1.63182,1.63182,1.63182,1.63182,1646050620,2022-02-28T12:17:00
1.64908,1.64908,1.64908,1.64908,1646050500,2022-02-28T12:15:00
1.42776,1.42776,1.38185,1.38185,1646050020,2022-02-28T12:07:00
1.54102,1.54102,1.54102,1.54102,1646049840,2022-02-28T12:04:00
1.5806,1.5806,1.5806,1.5806,1646049060,2022-02-28T11:51:00
1.58654,1.58654,1.58654,1.58654,1646046780,2022-02-28T11:13:00
1.59503,1.59503,1.59503,1.59503,1646045100,2022-02-28T10:45:00
1.56036,1.56036,1.56036,1.56036,1646041500,2022-02-28T09:45:00
1.53719,1.53719,1.53719,1.53719,1646035500,2022-02-28T08:05:00
1.48002,1.48002,1.48002,1.48002,1646035380,2022-02-28T08:03:00
1.32427,1.37237,1.32427,1.37237,1646003160,2022-02-27T23:06:00
1.37818,1.37818,1.37818,1.37818,1645998600,2022-02-27T21:50:00
1.39507,1.39507,1.39507,1.39507,1645994700,2022-02-27T20:45:00
1.38254,1.38254,1.38254,1.38254,1645993200,2022-02-27T20:20:00
1.4663,1.4663,1.4663,1.4663,1645986600,2022-02-27T18:30:00
1.47111,1.47111,1.47111,1.47111,1645984380,2022-02-27T17:53:00
1.4619,1.4619,1.4619,1.4619,1645979400,2022-02-27T16:30:00
1.46633,1.46633,1.46633,1.46633,1645976760,2022-02-27T15:46:00
1.44229,1.44229,1.44229,1.44229,1645974720,2022-02-27T15:12:00
1.44577,1.44577,1.44577,1.44577,1645971120,2022-02-27T14:12:00
1.46276,1.46276,1.46276,1.46276,1645970820,2022-02-27T14:07:00
1.50264,1.50264,1.50264,1.50264,1645965960,2022-02-27T12:46:00
1.51399,1.51399,1.51399,1.51399,1645963680,2022-02-27T12:08:00
1.50776,1.50776,1.50776,1.50776,1645961040,2022-02-27T11:24:00
1.51916,1.51916,1.51916,1.51916,1645959540,2022-02-27T10:59:00
1.55403,1.55403,1.55403,1.55403,1645958700,2022-02-27T10:45:00
1.58331,1.58331,1.58331,1.58331,1645957920,2022-02-27T10:32:00
1.57807,1.57807,1.57807,1.57807,1645956720,2022-02-27T10:12:00
1.51385,1.51385,1.51385,1.51385,1645956660,2022-02-27T10:11:00
1.49974,1.49974,1.49974,1.49974,1645954620,2022-02-27T09:37:00
1.49656,1.49656,1.49656,1.49656,1645954080,2022-02-27T09:28:00
1.49711,1.49711,1.49711,1.49711,1645951260,2022-02-27T08:41:00
1.508,1.508,1.508,1.508,1645947180,2022-02-27T07:33:00
1.49537,1.49537,1.49537,1.49537,1645939560,2022-02-27T05:26:00
1.50635,1.50635,1.50635,1.50635,1645931580,2022-02-27T03:13:00
1.52689,1.52689,1.52689,1.52689,1645924500,2022-02-27T01:15:00
1.55034,1.55034,1.55034,1.55034,1645918260,2022-02-26T23:31:00
1.57774,1.57774,1.57774,1.57774,1645903800,2022-02-26T19:30:00
1.57299,1.57299,1.57299,1.57299,1645894380,2022-02-26T16:53:00
1.56662,1.56662,1.56662,1.56662,1645889880,2022-02-26T15:38:00
1.54155,1.54155,1.54155,1.54155,1645886820,2022-02-26T14:47:00
1.53373,1.53373,1.53373,1.53373,1645879680,2022-02-26T12:48:00
1.56653,1.56653,1.56653,1.56653,1645877820,2022-02-26T12:17:00
1.59553,1.59553,1.59553,1.59553,1645877040,2022-02-26T12:04:00
1.58677,1.58677,1.58677,1.58677,1645874700,2022-02-26T11:25:00
1.62146,1.62146,1.62146,1.62146,1645863840,2022-02-26T08:24:00
1.56002,1.56002,1.56002,1.56002,1645861920,2022-02-26T07:52:00
1.55878,1.55878,1.55878,1.55878,1645841160,2022-02-26T02:06:00
1.56026,1.56026,1.56026,1.56026,1645840680,2022-02-26T01:58:00
1.4687,1.4687,1.4687,1.4687,1645813080,2022-02-25T18:18:00
1.53604,1.53604,1.53604,1.53604,1645813020,2022-02-25T18:17:00
1.5761,1.5761,1.53084,1.53084,1645812900,2022-02-25T18:15:00
1.5608,1.5608,1.5608,1.5608,1645812780,2022-02-25T18:13:00
1.45943,1.45943,1.45943,1.45943,1645812660,2022-02-25T18:11:00
1.43916,1.43916,1.43916,1.43916,1645797060,2022-02-25T13:51:00
1.39829,1.39829,1.39829,1.39829,1645788660,2022-02-25T11:31:00
1.42184,1.42184,1.42184,1.42184,1645773480,2022-02-25T07:18:00
1.38012,1.38012,1.38012,1.38012,1645773360,2022-02-25T07:16:00
1.4034,1.4034,1.4034,1.4034,1645766880,2022-02-25T05:28:00
1.43947,1.43947,1.43947,1.43947,1645766820,2022-02-25T05:27:00
1.46565,1.46565,1.46565,1.46565,1645765920,2022-02-25T05:12:00
1.47124,1.47124,1.47124,1.47124,1645760940,2022-02-25T03:49:00
1.40723,1.40723,1.40723,1.40723,1645760520,2022-02-25T03:42:00
1.39964,1.39964,1.39964,1.39964,1645736700,2022-02-24T21:05:00
1.41576,1.41576,1.41576,1.41576,1645731480,2022-02-24T19:38:00
1.43868,1.43868,1.43868,1.43868,1645730340,2022-02-24T19:19:00
1.42058,1.42058,1.42058,1.42058,1645728840,2022-02-24T18:54:00
1.32118,1.32118,1.32118,1.32118,1645726500,2022-02-24T18:15:00
1.32646,1.32646,1.32646,1.32646,1645724280,2022-02-24T17:38:00
1.26273,1.26273,1.26273,1.26273,1645719000,2022-02-24T16:10:00
1.24534,1.24534,1.24534,1.24534,1645717500,2022-02-24T15:45:00
1.24005,1.24005,1.24005,1.24005,1645712160,2022-02-24T14:16:00
1.22069,1.22069,1.22069,1.22069,1645711800,2022-02-24T14:10:00
1.15671,1.15671,1.15671,1.15671,1645708320,2022-02-24T13:12:00
1.16034,1.16034,1.16034,1.16034,1645707960,2022-02-24T13:06:00
1.14185,1.14185,1.14185,1.14185,1645705620,2022-02-24T12:27:00
1.11108,1.11108,1.11108,1.11108,1645704540,2022-02-24T12:09:00
1.13266,1.13266,1.13266,1.13266,1645704000,2022-02-24T12:00:00
1.13616,1.13616,1.13616,1.13616,1645701780,2022-02-24T11:23:00
1.10219,1.11817,1.10219,1.11817,1645698660,2022-02-24T10:31:00
1.22155,1.22155,1.22155,1.22155,1645691580,2022-02-24T08:33:00
1.23131,1.23131,1.23131,1.23131,1645691340,2022-02-24T08:29:00
1.23421,1.23421,1.23421,1.23421,1645689240,2022-02-24T07:54:00
1.22232,1.22232,1.22232,1.22232,1645688880,2022-02-24T07:48:00
1.18984,1.18984,1.18984,1.18984,1645687260,2022-02-24T07:21:00
1.1815,1.1815,1.1815,1.1815,1645687200,2022-02-24T07:20:00
1.20749,1.20749,1.20749,1.20749,1645679520,2022-02-24T05:12:00
1.19716,1.19716,1.19716,1.19716,1645678500,2022-02-24T04:55:00
1.17019,1.17019,1.17019,1.17019,1645676940,2022-02-24T04:29:00
1.20765,1.20765,1.19679,1.19679,1645676880,2022-02-24T04:28:00
1.24503,1.24503,1.24503,1.24503,1645675980,2022-02-24T04:13:00
1.26223,1.26223,1.26223,1.26223,1645675500,2022-02-24T04:05:00
1.25129,1.25129,1.25129,1.25129,1645674660,2022-02-24T03:51:00
1.37573,1.37573,1.37573,1.37573,1645673220,2022-02-24T03:27:00
1.37923,1.37923,1.37923,1.37923,1645673160,2022-02-24T03:26:00
1.47874,1.47874,1.47874,1.47874,1645664040,2022-02-24T00:54:00
1.49514,1.49514,1.49514,1.49514,1645657920,2022-02-23T23:12:00
1.50861,1.50861,1.50861,1.50861,1645656480,2022-02-23T22:48:00
1.5037,1.5037,1.5037,1.5037,1645653780,2022-02-23T22:03:00
1.46657,1.46657,1.46657,1.46657,1645643100,2022-02-23T19:05:00
1.53315,1.53315,1.53315,1.53315,1645641060,2022-02-23T18:31:00
1.5822,1.5822,1.5822,1.5822,1645624440,2022-02-23T13:54:00
1.59178,1.59178,1.59178,1.59178,1645624140,2022-02-23T13:49:00
1.58692,1.58692,1.58692,1.58692,1645620360,2022-02-23T12:46:00
1.57268,1.57268,1.57268,1.57268,1645618980,2022-02-23T12:23:00
1.56524,1.56524,1.56524,1.56524,1645618260,2022-02-23T12:11:00
1.52501,1.52501,1.52501,1.52501,1645598700,2022-02-23T06:45:00
1.54698,1.54698,1.54698,1.54698,1645596720,2022-02-23T06:12:00
1.57984,1.57984,1.57984,1.57984,1645593480,2022-02-23T05:18:00
1.54301,1.54301,1.54301,1.54301,1645589700,2022-02-23T04:15:00
1.51481,1.51481,1.51481,1.51481,1645588320,2022-02-23T03:52:00
1.56147,1.56147,1.52428,1.53817,1645588260,2022-02-23T03:51:00
1.48904,1.48904,1.48904,1.48904,1645588140,2022-02-23T03:49:00
1.42384,1.42384,1.42384,1.42384,1645582560,2022-02-23T02:16:00
1.39782,1.39782,1.39782,1.39782,1645581720,2022-02-23T02:02:00
1.44043,1.44043,1.44043,1.44043,1645581660,2022-02-23T02:01:00
1.3751,1.3751,1.3751,1.3751,1645579980,2022-02-23T01:33:00
1.42606,1.42606,1.36871,1.36871,1645579740,2022-02-23T01:29:00
1.36797,1.36797,1.36797,1.36797,1645579080,2022-02-23T01:18:00
1.34145,1.34145,1.34145,1.34145,1645570260,2022-02-22T22:51:00
1.34227,1.34227,1.34227,1.34227,1645556880,2022-02-22T19:08:00
1.33989,1.33989,1.33989,1.33989,1645555380,2022-02-22T18:43:00
1.32955,1.32955,1.32632,1.32632,1645549620,2022-02-22T17:07:00
1.32986,1.33493,1.32986,1.33493,1645542480,2022-02-22T15:08:00
1.33288,1.33288,1.33288,1.33288,1645540320,2022-02-22T14:32:00
1.34126,1.34126,1.34126,1.34126,1645540080,2022-02-22T14:28:00
1.36814,1.36814,1.36814,1.36814,1645530840,2022-02-22T11:54:00
1.35583,1.35583,1.35583,1.35583,1645530240,2022-02-22T11:44:00
1.33714,1.33714,1.33714,1.33714,1645525980,2022-02-22T10:33:00
1.34205,1.34205,1.34205,1.34205,1645524780,2022-02-22T10:13:00
1.35213,1.35213,1.35213,1.35213,1645523100,2022-02-22T09:45:00
1.35221,1.35221,1.35221,1.35221,1645517700,2022-02-22T08:15:00
1.38461,1.38461,1.38461,1.38461,1645517640,2022-02-22T08:14:00
1.38981,1.38981,1.38981,1.38981,1645517040,2022-02-22T08:04:00
1.34247,1.34247,1.34247,1.34247,1645516860,2022-02-22T08:01:00
1.3165,1.3165,1.3165,1.3165,1645516140,2022-02-22T07:49:00
1.32264,1.32264,1.32264,1.32264,1645513680,2022-02-22T07:08:00
1.33227,1.33227,1.33227,1.33227,1645513500,2022-02-22T07:05:00
1.34702,1.34702,1.34702,1.34702,1645509060,2022-02-22T05:51:00
1.33441,1.33441,1.33441,1.33441,1645505760,2022-02-22T04:56:00
1.35414,1.35414,1.35414,1.35414,1645504140,2022-02-22T04:29:00
1.37415,1.37415,1.37415,1.37415,1645503960,2022-02-22T04:26:00
1.37495,1.37495,1.37495,1.37495,1645503420,2022-02-22T04:17:00
1.36713,1.36713,1.36713,1.36713,1645502580,2022-02-22T04:03:00
1.39628,1.39628,1.39628,1.39628,1645501980,2022-02-22T03:53:00
1.3919,1.40688,1.3919,1.40688,1645498860,2022-02-22T03:01:00
1.41049,1.41049,1.41049,1.41049,1645498800,2022-02-22T03:00:00
1.42782,1.42782,1.42782,1.42782,1645497540,2022-02-22T02:39:00
1.44372,1.44372,1.44372,1.44372,1645497060,2022-02-22T02:31:00
1.44597,1.44597,1.44597,1.44597,1645496880,2022-02-22T02:28:00
1.44915,1.44915,1.44915,1.44915,1645496820,2022-02-22T02:27:00
1.48833,1.48833,1.48833,1.48833,1645495680,2022-02-22T02:08:00
1.53433,1.53433,1.53433,1.53433,1645494060,2022-02-22T01:41:00
1.57969,1.57969,1.57969,1.57969,1645476420,2022-02-21T20:47:00
1.58635,1.58635,1.58635,1.58635,1645473900,2022-02-21T20:05:00
1.6363,1.6363,1.6363,1.6363,1645462680,2022-02-21T16:58:00
1.65211,1.65211,1.65211,1.65211,1645460280,2022-02-21T16:18:00
1.63677,1.63677,1.63677,1.63677,1645456500,2022-02-21T15:15:00
1.63555,1.63555,1.63555,1.63555,1645454580,2022-02-21T14:43:00
1.52693,1.52693,1.52693,1.52693,1645450920,2022-02-21T13:42:00
1.54682,1.54682,1.54682,1.54682,1645450800,2022-02-21T13:40:00
1.58529,1.58529,1.58529,1.58529,1645449060,2022-02-21T13:11:00
1.64744,1.64744,1.64744,1.64744,1645434600,2022-02-21T09:10:00
1.66257,1.66257,1.66257,1.66257,1645432020,2022-02-21T08:27:00
1.6662,1.6662,1.6662,1.6662,1645426560,2022-02-21T06:56:00
1.65508,1.65508,1.65508,1.65508,1645421940,2022-02-21T05:39:00
1.56824,1.62458,1.56824,1.62458,1645418580,2022-02-21T04:43:00
1.6566,1.6566,1.6566,1.6566,1645417920,2022-02-21T04:32:00
1.69767,1.69767,1.69767,1.69767,1645416720,2022-02-21T04:12:00
1.67506,1.67506,1.67506,1.67506,1645416060,2022-02-21T04:01:00
1.73807,1.73807,1.73807,1.73807,1645412280,2022-02-21T02:58:00
1.74673,1.74673,1.74673,1.74673,1645409400,2022-02-21T02:10:00
1.74104,1.74104,1.74104,1.74104,1645407900,2022-02-21T01:45:00
1.70182,1.70182,1.70182,1.70182,1645385940,2022-02-20T19:39:00
1.62436,1.62436,1.62436,1.62436,1645381380,2022-02-20T18:23:00
1.65554,1.65554,1.65554,1.65554,1645378440,2022-02-20T17:34:00
1.68747,1.68747,1.68747,1.68747,1645377780,2022-02-20T17:23:00
1.67619,1.67619,1.67619,1.67619,1645377060,2022-02-20T17:11:00
1.69475,1.69475,1.69475,1.69475,1645376940,2022-02-20T17:09:00
1.60716,1.60716,1.60716,1.60716,1645372020,2022-02-20T15:47:00
1.57654,1.57654,1.57654,1.57654,1645369740,2022-02-20T15:09:00
1.52868,1.52868,1.52868,1.52868,1645366740,2022-02-20T14:19:00
1.55712,1.55712,1.55712,1.55712,1645363500,2022-02-20T13:25:00
1.57236,1.57236,1.57236,1.57236,1645358760,2022-02-20T12:06:00
1.58188,1.58188,1.58188,1.58188,1645358100,2022-02-20T11:55:00
1.57554,1.57554,1.57554,1.57554,1645356480,2022-02-20T11:28:00
1.59972,1.59972,1.59972,1.59972,1645352580,2022-02-20T10:23:00
1.61059,1.61059,1.61059,1.61059,1645352280,2022-02-20T10:18:00
1.59885,1.59885,1.59885,1.59885,1645348260,2022-02-20T09:11:00
1.62012,1.62012,1.62012,1.62012,1645345980,2022-02-20T08:33:00
1.6239,1.6239,1.6239,1.6239,1645344420,2022-02-20T08:07:00
1.56328,1.56328,1.56328,1.56328,1645337760,2022-02-20T06:16:00
1.58695,1.58695,1.58695,1.58695,1645320360,2022-02-20T01:26:00
1.59358,1.59358,1.59358,1.59358,1645318680,2022-02-20T00:58:00
1.61842,1.61842,1.61842,1.61842,1645318500,2022-02-20T00:55:00
1.63211,1.63211,1.63211,1.63211,1645317360,2022-02-20T00:36:00
1.62534,1.62534,1.62534,1.62534,1645317060,2022-02-20T00:31:00
1.6273,1.6273,1.6273,1.6273,1645314420,2022-02-19T23:47:00
1.60298,1.60298,1.60298,1.60298,1645307220,2022-02-19T21:47:00
1.6043,1.6043,1.6043,1.6043,1645301040,2022-02-19T20:04:00
1.61309,1.61309,1.61309,1.61309,1645298460,2022-02-19T19:21:00
1.63305,1.63305,1.59993,1.59993,1645286280,2022-02-19T15:58:00
1.6818,1.6818,1.65808,1.65808,1645285980,2022-02-19T15:53:00
1.70214,1.70214,1.70214,1.70214,1645285920,2022-02-19T15:52:00
1.70673,1.70673,1.70673,1.70673,1645278120,2022-02-19T13:42:00
1.69618,1.69618,1.69618,1.69618,1645272780,2022-02-19T12:13:00
1.64563,1.64563,1.64563,1.64563,1645272480,2022-02-19T12:08:00
1.64705,1.64705,1.64705,1.64705,1645270860,2022-02-19T11:41:00
1.62198,1.62198,1.62198,1.62198,1645270740,2022-02-19T11:39:00
1.62832,1.62832,1.62832,1.62832,1645270680,2022-02-19T11:38:00
1.6956,1.6956,1.6956,1.6956,1645269240,2022-02-19T11:14:00
1.70075,1.70075,1.70075,1.70075,1645267020,2022-02-19T10:37:00
1.72893,1.72893,1.72893,1.72893,1645258140,2022-02-19T08:09:00
1.72378,1.72378,1.72378,1.72378,1645257360,2022-02-19T07:56:00
1.69534,1.69534,1.69534,1.69534,1645257300,2022-02-19T07:55:00
1.71987,1.71987,1.71987,1.71987,1645256160,2022-02-19T07:36:00
1.72657,1.72657,1.72657,1.72657,1645244700,2022-02-19T04:25:00
1.74083,1.74083,1.74083,1.74083,1645243980,2022-02-19T04:13:00
1.73325,1.73325,1.73325,1.73325,1645243260,2022-02-19T04:01:00
1.72648,1.72648,1.72648,1.72648,1645239960,2022-02-19T03:06:00
1.71292,1.71292,1.71292,1.71292,1645229400,2022-02-19T00:10:00
1.73424,1.73424,1.73424,1.73424,1645229100,2022-02-19T00:05:00
1.71845,1.71845,1.71845,1.71845,1645226820,2022-02-18T23:27:00
1.70366,1.70366,1.70366,1.70366,1645226580,2022-02-18T23:23:00
1.72373,1.72373,1.72373,1.72373,1645226460,2022-02-18T23:21:00
1.7697,1.7697,1.7697,1.7697,1645225800,2022-02-18T23:10:00
1.79934,1.79934,1.79934,1.79934,1645225620,2022-02-18T23:07:00
1.82141,1.82141,1.82141,1.82141,1645222500,2022-02-18T22:15:00
1.81287,1.81287,1.81287,1.81287,1645216620,2022-02-18T20:37:00
1.80223,1.80223,1.80223,1.80223,1645216500,2022-02-18T20:35:00
1.82431,1.82431,1.82431,1.82431,1645212780,2022-02-18T19:33:00
1.83032,1.83032,1.83032,1.83032,1645211580,2022-02-18T19:13:00
1.85522,1.85522,1.85522,1.85522,1645211340,2022-02-18T19:09:00
1.86657,1.86657,1.86657,1.86657,1645207200,2022-02-18T18:00:00
1.85825,1.85825,1.85825,1.85825,1645205280,2022-02-18T17:28:00
1.84958,1.84958,1.84958,1.84958,1645201140,2022-02-18T16:19:00
1.88203,1.88203,1.88203,1.88203,1645189140,2022-02-18T12:59:00
1.92733,1.92733,1.87287,1.87287,1645189080,2022-02-18T12:58:00
1.99683,1.99683,1.99683,1.99683,1645179420,2022-02-18T10:17:00
1.9921,1.9921,1.9921,1.9921,1645176660,2022-02-18T09:31:00
1.94771,1.95963,1.94771,1.95963,1645156020,2022-02-18T03:47:00
1.95577,1.95577,1.95577,1.95577,1645153260,2022-02-18T03:01:00
1.98112,1.98112,1.98112,1.98112,1645150140,2022-02-18T02:09:00
1.95398,1.95398,1.95398,1.95398,1645145220,2022-02-18T00:47:00
1.94124,1.94124,1.94124,1.94124,1645142160,2022-02-17T23:56:00
1.95866,1.95866,1.95866,1.95866,1645139460,2022-02-17T23:11:00
1.98984,1.98984,1.98984,1.98984,1645135440,2022-02-17T22:04:00
1.97571,1.97571,1.97571,1.97571,1645130220,2022-02-17T20:37:00
2.02386,2.02386,2.02386,2.02386,1645116360,2022-02-17T16:46:00
2.03406,2.03406,2.03406,2.03406,1645116300,2022-02-17T16:45:00
2.00958,2.02238,2.00958,2.02238,1645109700,2022-02-17T14:55:00
2.00297,2.00297,2.00297,2.00297,1645109460,2022-02-17T14:51:00
2.03666,2.03666,2.03666,2.03666,1645103820,2022-02-17T13:17:00
2.01111,2.01111,2.01111,2.01111,1645102440,2022-02-17T12:54:00
1.99592,1.99592,1.99592,1.99592,1645091100,2022-02-17T09:45:00
1.98631,1.98631,1.98631,1.98631,1645089600,2022-02-17T09:20:00
2.06795,2.06795,2.06795,2.06795,1645085400,2022-02-17T08:10:00
2.06887,2.06887,2.06887,2.06887,1645083780,2022-02-17T07:43:00
2.09044,2.09044,2.09044,2.09044,1645081740,2022-02-17T07:09:00
2.10427,2.10427,2.10427,2.10427,1645081560,2022-02-17T07:06:00
2.11038,2.11038,2.11038,2.11038,1645081020,2022-02-17T06:57:00
2.07489,2.07489,2.07489,2.07489,1645070160,2022-02-17T03:56:00
2.0616,2.0616,2.0616,2.0616,1645065180,2022-02-17T02:33:00
2.05774,2.05774,2.05774,2.05774,1645065120,2022-02-17T02:32:00
2.08465,2.08465,2.08465,2.08465,1645057860,2022-02-17T00:31:00
2.10891,2.10891,2.10891,2.10891,1645053360,2022-02-16T23:16:00
2.11095,2.11095,2.11095,2.11095,1645046520,2022-02-16T21:22:00
2.1251,2.1251,2.1251,2.1251,1645045440,2022-02-16T21:04:00
2.14489,2.14489,2.14489,2.14489,1645039800,2022-02-16T19:30:00
2.07003,2.07003,2.07003,2.07003,1645037460,2022-02-16T18:51:00
2.08269,2.08269,2.08269,2.08269,1645036500,2022-02-16T18:35:00
2.07275,2.07275,2.07275,2.07275,1645036440,2022-02-16T18:34:00
2.09633,2.09633,2.09633,2.09633,1645036320,2022-02-16T18:32:00
2.11077,2.11077,2.11077,2.11077,1645031280,2022-02-16T17:08:00
2.08045,2.08045,2.08045,2.08045,1645029420,2022-02-16T16:37:00
2.07723,2.07723,2.07723,2.07723,1645027920,2022-02-16T16:12:00
2.01357,2.01357,2.01357,2.01357,1645027680,2022-02-16T16:08:00
2.09351,2.09351,2.09351,2.09351,1645024080,2022-02-16T15:08:00
2.10555,2.10555,2.10555,2.10555,1645022640,2022-02-16T14:44:00
2.13624,2.13624,2.13624,2.13624,1645020300,2022-02-16T14:05:00
2.18747,2.18747,2.18747,2.18747,1645014540,2022-02-16T12:29:00
2.18004,2.18004,2.18004,2.18004,1645012620,2022-02-16T11:57:00
2.19536,2.19536,2.19536,2.19536,1645012560,2022-02-16T11:56:00
2.18533,2.18533,2.18533,2.18533,1645009920,2022-02-16T11:12:00
2.18327,2.18327,2.18327,2.18327,1645008720,2022-02-16T10:52:00
2.21359,2.21359,2.21359,2.21359,1645007700,2022-02-16T10:35:00
2.23689,2.23689,2.23689,2.23689,1645003320,2022-02-16T09:22:00
2.26229,2.26229,2.26229,2.26229,1644988980,2022-02-16T05:23:00
2.30806,2.30806,2.30806,2.30806,1644982500,2022-02-16T03:35:00
2.31567,2.31567,2.31567,2.31567,1644980700,2022-02-16T03:05:00
2.35938,2.35938,2.35938,2.35938,1644980640,2022-02-16T03:04:00
2.48813,2.48813,2.38416,2.38416,1644978360,2022-02-16T02:26:00
2.41385,2.41385,2.41385,2.41385,1644978180,2022-02-16T02:23:00
2.36354,2.36354,2.36354,2.36354,1644978120,2022-02-16T02:22:00
2.36182,2.36182,2.36182,2.36182,1644974340,2022-02-16T01:19:00
2.28392,2.28392,2.28392,2.28392,1644972840,2022-02-16T00:54:00
2.30488,2.30488,2.30488,2.30488,1644972780,2022-02-16T00:53:00
2.29988,2.29988,2.29988,2.29988,1644972660,2022-02-16T00:51:00
2.32311,2.32311,2.32311,2.32311,1644972120,2022-02-16T00:42:00
2.29572,2.29572,2.29572,2.29572,1644971760,2022-02-16T00:36:00
2.25416,2.25416,2.25416,2.25416,1644969240,2022-02-15T23:54:00
2.16281,2.16281,2.16281,2.16281,1644963720,2022-02-15T22:22:00
2.16423,2.16423,2.16423,2.16423,1644963600,2022-02-15T22:20:00
2.17462,2.17462,2.17462,2.17462,1644962280,2022-02-15T21:58:00
2.16605,2.16605,2.16605,2.16605,1644962160,2022-02-15T21:56:00
2.18431,2.18431,2.18431,2.18431,1644961440,2022-02-15T21:44:00
2.20504,2.20504,2.20504,2.20504,1644958800,2022-02-15T21:00:00
2.21131,2.21131,2.21131,2.21131,1644956040,2022-02-15T20:14:00
2.21141,2.21141,2.21141,2.21141,1644953340,2022-02-15T19:29:00
2.22046,2.22046,2.22046,2.22046,1644951960,2022-02-15T19:06:00
2.22262,2.22262,2.22262,2.22262,1644946560,2022-02-15T17:36:00
2.2356,2.2356,2.2356,2.2356,1644946260,2022-02-15T17:31:00
2.26309,2.26309,2.26309,2.26309,1644944580,2022-02-15T17:03:00
2.26496,2.26496,2.26496,2.26496,1644943980,2022-02-15T16:53:00
2.26604,2.26604,2.26604,2.26604,1644943680,2022-02-15T16:48:00
2.2563,2.2563,2.2563,2.2563,1644941760,2022-02-15T16:16:00
2.24424,2.24424,2.24424,2.24424,1644941400,2022-02-15T16:10:00
2.23803,2.23803,2.23803,2.23803,1644941280,2022-02-15T16:08:00
2.2695,2.2695,2.2695,2.2695,1644940860,2022-02-15T16:01:00
2.31412,2.31412,2.31412,2.31412,1644940800,2022-02-15T16:00:00
2.43624,2.43624,2.43624,2.43624,1644940020,2022-02-15T15:47:00
2.46833,2.46833,2.46833,2.46833,1644939600,2022-02-15T15:40:00
2.49638,2.49638,2.49638,2.49638,1644939540,2022-02-15T15:39:00
2.51105,2.51105,2.51105,2.51105,1644939480,2022-02-15T15:38:00
2.42183,2.42183,2.42183,2.42183,1644939300,2022-02-15T15:35:00
2.28628,2.28628,2.28628,2.28628,1644936780,2022-02-15T14:53:00
2.27181,2.27181,2.27181,2.27181,1644936600,2022-02-15T14:50:00
2.28488,2.28488,2.28488,2.28488,1644936540,2022-02-15T14:49:00
2.28611,2.28611,2.28611,2.28611,1644936480,2022-02-15T14:48:00
2.15012,2.15012,2.15012,2.15012,1644936180,2022-02-15T14:43:00
2.06764,2.06764,2.06764,2.06764,1644936120,2022-02-15T14:42:00
2.26705,2.26705,2.26705,2.26705,1644936000,2022-02-15T14:40:00
2.33091,2.33091,2.33091,2.33091,1644935160,2022-02-15T14:26:00
2.31213,2.31213,2.31213,2.31213,1644934560,2022-02-15T14:16:00
2.25842,2.25842,2.25842,2.25842,1644934440,2022-02-15T14:14:00
2.15941,2.15941,2.15941,2.15941,1644934380,2022-02-15T14:13:00
2.31232,2.31232,2.31232,2.31232,1644934320,2022-02-15T14:12:00
2.31753,2.31753,2.31753,2.31753,1644934260,2022-02-15T14:11:00
2.3265,2.3265,2.3265,2.3265,1644934080,2022-02-15T14:08:00
2.46765,2.46765,2.46765,2.46765,1644933600,2022-02-15T14:00:00
2.45386,2.45386,2.45386,2.45386,1644932820,2022-02-15T13:47:00
2.48737,2.48737,2.48737,2.48737,1644927240,2022-02-15T12:14:00
2.53361,2.53361,2.53361,2.53361,1644927120,2022-02-15T12:12:00
2.47364,2.47364,2.47364,2.47364,1644923100,2022-02-15T11:05:00
2.46182,2.46182,2.46182,2.46182,1644914340,2022-02-15T08:39:00
2.43104,2.43104,2.43104,2.43104,1644912660,2022-02-15T08:11:00
2.40466,2.40466,2.40466,2.40466,1644912300,2022-02-15T08:05:00
2.39146,2.39146,2.39146,2.39146,1644909660,2022-02-15T07:21:00
2.35916,2.35916,2.35916,2.35916,1644907140,2022-02-15T06:39:00
2.33325,2.33325,2.33325,2.33325,1644903420,2022-02-15T05:37:00
2.28058,2.28058,2.28058,2.28058,1644901440,2022-02-15T05:04:00
2.35844,2.35844,2.35844,2.35844,1644901140,2022-02-15T04:59:00
2.35467,2.35467,2.35467,2.35467,1644900540,2022-02-15T04:49:00
2.39001,2.39001,2.39001,2.39001,1644900240,2022-02-15T04:44:00
2.41918,2.41918,2.41918,2.41918,1644899880,2022-02-15T04:38:00
2.44264,2.44264,2.44264,2.44264,1644898560,2022-02-15T04:16:00
2.42778,2.42778,2.42778,2.42778,1644898260,2022-02-15T04:11:00
2.49618,2.49618,2.49618,2.49618,1644898080,2022-02-15T04:08:00
2.54975,2.54975,2.54975,2.54975,1644897060,2022-02-15T03:51:00
2.53609,2.53609,2.53609,2.53609,1644896220,2022-02-15T03:37:00
2.52754,2.52754,2.52754,2.52754,1644894540,2022-02-15T03:09:00
2.50668,2.50668,2.50668,2.50668,1644893520,2022-02-15T02:52:00
2.53605,2.53605,2.53605,2.53605,1644892800,2022-02-15T02:40:00
2.58261,2.58261,2.58261,2.58261,1644890100,2022-02-15T01:55:00
2.56582,2.56582,2.56582,2.56582,1644889860,2022-02-15T01:51:00
2.59666,2.59666,2.59666,2.59666,1644889680,2022-02-15T01:48:00
2.60931,2.60931,2.60931,2.60931,1644888960,2022-02-15T01:36:00
2.71537,2.71537,2.71537,2.71537,1644888900,2022-02-15T01:35:00
2.48751,2.48751,2.48751,2.48751,1644888780,2022-02-15T01:33:00
2.2295,2.2295,2.22824,2.22824,1644888660,2022-02-15T01:31:00
2.1947,2.1947,2.1947,2.1947,1644885060,2022-02-15T00:31:00
2.18356,2.18356,2.18356,2.18356,1644884100,2022-02-15T00:15:00
2.15388,2.15388,2.15388,2.15388,1644883980,2022-02-15T00:13:00
2.03764,2.03764,2.03764,2.03764,1644883800,2022-02-15T00:10:00
1.93855,1.93855,1.93855,1.93855,1644868800,2022-02-14T20:00:00
1.95322,1.95322,1.95322,1.95322,1644866160,2022-02-14T19:16:00
1.97601,1.97601,1.97601,1.97601,1644865380,2022-02-14T19:03:00
2.00623,2.00623,2.00623,2.00623,1644861000,2022-02-14T17:50:00
1.99546,1.99546,1.99546,1.99546,1644860280,2022-02-14T17:38:00
2.00952,2.00952,2.00952,2.00952,1644857160,2022-02-14T16:46:00
2.00487,2.00487,2.00487,2.00487,1644856860,2022-02-14T16:41:00
1.98426,1.98426,1.98426,1.98426,1644851340,2022-02-14T15:09:00
1.97087,1.97087,1.97087,1.97087,1644850500,2022-02-14T14:55:00
1.93932,1.93932,1.93932,1.93932,1644838500,2022-02-14T11:35:00
1.92598,1.92598,1.92598,1.92598,1644837180,2022-02-14T11:13:00
1.90592,1.90592,1.90592,1.90592,1644834300,2022-02-14T10:25:00
1.91991,1.91991,1.91991,1.91991,1644827640,2022-02-14T08:34:00
1.92147,1.92147,1.92147,1.92147,1644823500,2022-02-14T07:25:00
1.90679,1.90679,1.90679,1.90679,1644822900,2022-02-14T07:15:00
1.91357,1.91357,1.91357,1.91357,1644822000,2022-02-14T07:00:00
1.89601,1.89601,1.89601,1.89601,1644821760,2022-02-14T06:56:00
1.8574,1.87431,1.8574,1.87431,1644819360,2022-02-14T06:16:00
1.8496,1.8496,1.8496,1.8496,1644810000,2022-02-14T03:40:00
1.88367,1.88367,1.88367,1.88367,1644787200,2022-02-13T21:20:00
1.86658,1.86658,1.86212,1.86212,1644786900,2022-02-13T21:15:00
1.9019,1.9019,1.9019,1.9019,1644774120,2022-02-13T17:42:00
1.896,1.896,1.896,1.896,1644773160,2022-02-13T17:26:00
1.87608,1.87608,1.87608,1.87608,1644771420,2022-02-13T16:57:00
1.91122,1.91122,1.91122,1.91122,1644758340,2022-02-13T13:19:00
1.89239,1.89239,1.89239,1.89239,1644745500,2022-02-13T09:45:00
1.89475,1.89475,1.89475,1.89475,1644739260,2022-02-13T08:01:00
1.89433,1.89433,1.89433,1.89433,1644708240,2022-02-12T23:24:00
1.93425,1.93425,1.93425,1.93425,1644703620,2022-02-12T22:07:00
2.02262,2.02262,2.02262,2.02262,1644702720,2022-02-12T21:52:00
1.94059,1.94059,1.94059,1.94059,1644693600,2022-02-12T19:20:00
1.96654,1.96654,1.96654,1.96654,1644684240,2022-02-12T16:44:00
1.97738,1.97738,1.97738,1.97738,1644683220,2022-02-12T16:27:00
1.99231,1.99231,1.99231,1.99231,1644676620,2022-02-12T14:37:00
2.01193,2.01193,2.01193,2.01193,1644668820,2022-02-12T12:27:00
2.02596,2.02596,2.02596,2.02596,1644667860,2022-02-12T12:11:00
2.03286,2.03286,2.03286,2.03286,1644666780,2022-02-12T11:53:00
2.01555,2.01555,2.01555,2.01555,1644665700,2022-02-12T11:35:00
2.01744,2.01744,2.01744,2.01744,1644664020,2022-02-12T11:07:00
2.03946,2.03946,2.03946,2.03946,1644662040,2022-02-12T10:34:00
2.03579,2.03579,2.03579,2.03579,1644660300,2022-02-12T10:05:00
1.95836,1.95836,1.95836,1.95836,1644648480,2022-02-12T06:48:00
1.91461,1.91461,1.91461,1.91461,1644644160,2022-02-12T05:36:00
1.90709,1.90709,1.90709,1.90709,1644636480,2022-02-12T03:28:00
1.92327,1.92327,1.92327,1.92327,1644635760,2022-02-12T03:16:00
1.84736,1.88492,1.84736,1.88492,1644626220,2022-02-12T00:37:00
1.83204,1.83204,1.83204,1.83204,1644624180,2022-02-12T00:03:00
1.82647,1.82647,1.82647,1.82647,1644622980,2022-02-11T23:43:00
1.81257,1.81257,1.81257,1.81257,1644619140,2022-02-11T22:39:00
1.83478,1.83478,1.83478,1.83478,1644619080,2022-02-11T22:38:00
1.9151,1.9151,1.9151,1.9151,1644616320,2022-02-11T21:52:00
1.98592,1.98592,1.98592,1.98592,1644613740,2022-02-11T21:09:00
2.02478,2.02478,2.02478,2.02478,1644613260,2022-02-11T21:01:00
2.04078,2.04078,2.04078,2.04078,1644611460,2022-02-11T20:31:00
1.92873,1.92873,1.92873,1.92873,1644610380,2022-02-11T20:13:00
1.82236,1.82236,1.82236,1.82236,1644610080,2022-02-11T20:08:00
1.86866,1.86866,1.8413,1.8413,1644609780,2022-02-11T20:03:00
1.84511,1.84511,1.84511,1.84511,1644609720,2022-02-11T20:02:00
1.87459,1.87459,1.82431,1.82431,1644609600,2022-02-11T20:00:00
1.93063,1.93063,1.93063,1.93063,1644609420,2022-02-11T19:57:00
1.9129,1.9129,1.9129,1.9129,1644609300,2022-02-11T19:55:00
2.00363,2.00363,1.95052,1.95052,1644609240,2022-02-11T19:54:00
1.98669,1.98669,1.98669,1.98669,1644609180,2022-02-11T19:53:00
2.07778,2.07778,2.07778,2.07778,1644608940,2022-02-11T19:49:00
2.08898,2.08898,2.08898,2.08898,1644608760,2022-02-11T19:46:00
2.18531,2.18531,2.18531,2.18531,1644608580,2022-02-11T19:43:00
2.2971,2.2971,2.2971,2.2971,1644608460,2022-02-11T19:41:00
2.29108,2.29108,2.29108,2.29108,1644608340,2022-02-11T19:39:00
2.16631,2.16631,2.16631,2.16631,1644608280,2022-02-11T19:38:00
2.12413,2.12413,2.12413,2.12413,1644608220,2022-02-11T19:37:00
2.07907,2.07907,2.07907,2.07907,1644607380,2022-02-11T19:23:00
2.03956,2.03956,2.03956,2.03956,1644607320,2022-02-11T19:22:00
1.94708,1.94708,1.94708,1.94708,1644607200,2022-02-11T19:20:00
2.06443,2.06443,2.06443,2.06443,1644607140,2022-02-11T19:19:00
2.07024,2.12707,2.07024,2.07634,1644607080,2022-02-11T19:18:00
2.10215,2.10215,2.10215,2.10215,1644607020,2022-02-11T19:17:00
2.20986,2.20986,2.20986,2.20986,1644606960,2022-02-11T19:16:00
2.18548,2.18548,2.18548,2.18548,1644606720,2022-02-11T19:12:00
2.12721,2.12721,2.10427,2.10427,1644606660,2022-02-11T19:11:00
2.24946,2.24946,2.24946,2.24946,1644606600,2022-02-11T19:10:00
2.48021,2.48021,2.48021,2.48021,1644604080,2022-02-11T18:28:00
2.48642,2.48642,2.48642,2.48642,1644596160,2022-02-11T16:16:00
2.46405,2.46405,2.46405,2.46405,1644592440,2022-02-11T15:14:00
2.45227,2.45227,2.45227,2.45227,1644587040,2022-02-11T13:44:00
2.4617,2.4617,2.4617,2.4617,1644586620,2022-02-11T13:37:00
2.45542,2.45542,2.45542,2.45542,1644585840,2022-02-11T13:24:00
2.43907,2.43907,2.43907,2.43907,1644585780,2022-02-11T13:23:00
2.66794,2.66794,2.66794,2.66794,1644585180,2022-02-11T13:13:00
2.42968,2.42968,2.42968,2.42968,1644582600,2022-02-11T12:30:00
2.39723,2.39723,2.39723,2.39723,1644582000,2022-02-11T12:20:00
2.39436,2.39436,2.39436,2.39436,1644581220,2022-02-11T12:07:00
2.39852,2.39852,2.39852,2.39852,1644581100,2022-02-11T12:05:00
2.42092,2.42092,2.42092,2.42092,1644580560,2022-02-11T11:56:00
2.43717,2.43717,2.43717,2.43717,1644575760,2022-02-11T10:36:00
2.4712,2.4712,2.44657,2.44657,1644575700,2022-02-11T10:35:00
2.56966,2.56966,2.56966,2.56966,1644574680,2022-02-11T10:18:00
2.5605,2.5605,2.5605,2.5605,1644574500,2022-02-11T10:15:00
2.54707,2.54707,2.54707,2.54707,1644572520,2022-02-11T09:42:00
2.5334,2.5334,2.5334,2.5334,1644566100,2022-02-11T07:55:00
2.4784,2.4784,2.4784,2.4784,1644562740,2022-02-11T06:59:00
2.48895,2.48895,2.48895,2.48895,1644555840,2022-02-11T05:04:00
2.49328,2.49328,2.49328,2.49328,1644547020,2022-02-11T02:37:00
2.52547,2.52547,2.52547,2.52547,1644544440,2022-02-11T01:54:00
2.43445,2.43445,2.43445,2.43445,1644541980,2022-02-11T01:13:00
2.48421,2.49886,2.48421,2.49886,1644541680,2022-02-11T01:08:00
2.4287,2.4287,2.41098,2.41098,1644541500,2022-02-11T01:05:00
2.49129,2.49129,2.49129,2.49129,1644539100,2022-02-11T00:25:00
2.5036,2.5036,2.5036,2.5036,1644537120,2022-02-10T23:52:00
2.4345,2.4345,2.4345,2.4345,1644536700,2022-02-10T23:45:00
2.57339,2.57339,2.57339,2.57339,1644532440,2022-02-10T22:34:00
2.58826,2.58826,2.58826,2.58826,1644530640,2022-02-10T22:04:00
2.66445,2.66445,2.66445,2.66445,1644530340,2022-02-10T21:59:00
2.68953,2.68953,2.68953,2.68953,1644527100,2022-02-10T21:05:00
2.66971,2.66971,2.66971,2.66971,1644525540,2022-02-10T20:39:00
2.70863,2.70863,2.70863,2.70863,1644525300,2022-02-10T20:35:00
2.74014,2.74014,2.74014,2.74014,1644524040,2022-02-10T20:14:00
2.51041,2.51041,2.51041,2.51041,1644521520,2022-02-10T19:32:00
2.57372,2.57372,2.57372,2.57372,1644520560,2022-02-10T19:16:00
2.65784,2.65784,2.65784,2.65784,1644520140,2022-02-10T19:09:00
2.64428,2.64428,2.64428,2.64428,1644519900,2022-02-10T19:05:00
2.73659,2.73659,2.73659,2.73659,1644519780,2022-02-10T19:03:00
2.82763,2.82763,2.82763,2.82763,1644519420,2022-02-10T18:57:00
2.86031,2.86031,2.86031,2.86031,1644517620,2022-02-10T18:27:00
2.8026,2.85213,2.8026,2.85213,1644514980,2022-02-10T17:43:00
2.75942,2.75942,2.75942,2.75942,1644511140,2022-02-10T16:39:00
2.78644,2.78644,2.78644,2.78644,1644510480,2022-02-10T16:28:00
2.84115,2.84115,2.84115,2.84115,1644510360,2022-02-10T16:26:00
2.73161,2.73161,2.73161,2.73161,1644509700,2022-02-10T16:15:00
2.65512,2.65512,2.65512,2.65512,1644509220,2022-02-10T16:07:00
2.56429,2.56429,2.56429,2.56429,1644509100,2022-02-10T16:05:00
2.50196,2.50196,2.50196,2.50196,1644503220,2022-02-10T14:27:00
2.62501,2.62501,2.62501,2.62501,1644503100,2022-02-10T14:25:00
2.65933,2.65933,2.65933,2.65933,1644489600,2022-02-10T10:40:00
2.6424,2.6424,2.6424,2.6424,1644487260,2022-02-10T10:01:00
2.61643,2.61643,2.61643,2.61643,1644486120,2022-02-10T09:42:00
2.59534,2.59534,2.59534,2.59534,1644481320,2022-02-10T08:22:00
2.58378,2.58378,2.58378,2.58378,1644480780,2022-02-10T08:13:00
2.56981,2.56981,2.56981,2.56981,1644475380,2022-02-10T06:43:00
2.5812,2.5812,2.5812,2.5812,1644474540,2022-02-10T06:29:00
2.56414,2.56414,2.56414,2.56414,1644469800,2022-02-10T05:10:00
2.60093,2.60093,2.60093,2.60093,1644468720,2022-02-10T04:52:00
2.63628,2.63628,2.63628,2.63628,1644465000,2022-02-10T03:50:00
2.65065,2.65065,2.65065,2.65065,1644464940,2022-02-10T03:49:00
2.6512,2.6512,2.6512,2.6512,1644462000,2022-02-10T03:00:00
2.65631,2.65631,2.65631,2.65631,1644453420,2022-02-10T00:37:00
2.66896,2.66896,2.66896,2.66896,1644452520,2022-02-10T00:22:00
2.69423,2.69423,2.69423,2.69423,1644452340,2022-02-10T00:19:00
2.72423,2.72423,2.56111,2.67371,1644451980,2022-02-10T00:13:00
2.78447,2.78447,2.78447,2.78447,1644451500,2022-02-10T00:05:00
2.70425,2.70425,2.70425,2.70425,1644451260,2022-02-10T00:01:00
2.78903,2.78903,2.74955,2.74955,1644451200,2022-02-10T00:00:00
2.90038,2.90038,2.90038,2.90038,1644448620,2022-02-09T23:17:00
2.88439,2.88439,2.88439,2.88439,1644447180,2022-02-09T22:53:00
2.88119,2.88119,2.88119,2.88119,1644439200,2022-02-09T20:40:00
2.85381,2.85381,2.85381,2.85381,1644437580,2022-02-09T20:13:00
2.81725,2.81725,2.81725,2.81725,1644436200,2022-02-09T19:50:00
2.78767,2.78767,2.78767,2.78767,1644433920,2022-02-09T19:12:00
2.75497,2.75497,2.75497,2.75497,1644432840,2022-02-09T18:54:00
2.78158,2.78158,2.78158,2.78158,1644429840,2022-02-09T18:04:00
2.77342,2.77342,2.77342,2.77342,1644428400,2022-02-09T17:40:00
2.73378,2.73378,2.73378,2.73378,1644421740,2022-02-09T15:49:00
2.74359,2.74359,2.74359,2.74359,1644421140,2022-02-09T15:39:00
2.79007,2.79007,2.79007,2.79007,1644413820,2022-02-09T13:37:00
2.7907,2.7907,2.7907,2.7907,1644401700,2022-02-09T10:15:00
2.77585,2.77585,2.77585,2.77585,1644401580,2022-02-09T10:13:00
2.95821,2.95821,2.95821,2.95821,1644401520,2022-02-09T10:12:00
2.67018,2.67018,2.67018,2.67018,1644401040,2022-02-09T10:04:00
2.66011,2.66011,2.66011,2.66011,1644398640,2022-02-09T09:24:00
2.64128,2.64128,2.64128,2.64128,1644394800,2022-02-09T08:20:00
2.61612,2.61612,2.61612,2.61612,1644391920,2022-02-09T07:32:00
2.62676,2.62676,2.62676,2.62676,1644388740,2022-02-09T06:39:00
2.64397,2.64397,2.64397,2.64397,1644388440,2022-02-09T06:34:00
2.6544,2.6544,2.6544,2.6544,1644384960,2022-02-09T05:36:00
2.6629,2.6629,2.6629,2.6629,1644384660,2022-02-09T05:31:00
2.69006,2.69006,2.69006,2.69006,1644383940,2022-02-09T05:19:00
2.65145,2.65145,2.65145,2.65145,1644379920,2022-02-09T04:12:00
2.80779,2.80779,2.80779,2.80779,1644375780,2022-02-09T03:03:00
2.80428,2.80428,2.80428,2.80428,1644375120,2022-02-09T02:52:00
2.84255,2.84255,2.84255,2.84255,1644373920,2022-02-09T02:32:00
2.88996,2.88996,2.88996,2.88996,1644365940,2022-02-09T00:19:00
2.91108,2.91108,2.91108,2.91108,1644364980,2022-02-09T00:03:00
2.93709,2.93709,2.93709,2.93709,1644364680,2022-02-08T23:58:00
2.97644,2.97644,2.97644,2.97644,1644364200,2022-02-08T23:50:00
3.02637,3.02637,3.02637,3.02637,1644364140,2022-02-08T23:49:00
3.03419,3.03419,3.03419,3.03419,1644363480,2022-02-08T23:38:00
2.98931,2.99738,2.98931,2.99738,1644363180,2022-02-08T23:33:00
2.96753,2.96753,2.96753,2.96753,1644362280,2022-02-08T23:18:00
2.9535,2.9535,2.9535,2.9535,1644362160,2022-02-08T23:16:00
3.06409,3.06409,3.06409,3.06409,1644362100,2022-02-08T23:15:00
2.9762,2.9762,2.9762,2.9762,1644362040,2022-02-08T23:14:00
3.02007,3.02007,3.02007,3.02007,1644361980,2022-02-08T23:13:00
2.99303,3.05311,2.99303,3.05311,1644361680,2022-02-08T23:08:00
3.06627,3.06627,3.06627,3.06627,1644361560,2022-02-08T23:06:00
2.47527,2.47527,2.47527,2.47527,1644360480,2022-02-08T22:48:00
2.46894,2.46894,2.46894,2.46894,1644359280,2022-02-08T22:28:00
2.45845,2.45845,2.45845,2.45845,1644356880,2022-02-08T21:48:00
2.41826,2.41826,2.41826,2.41826,1644353640,2022-02-08T20:54:00
2.34484,2.34484,2.34484,2.34484,1644350760,2022-02-08T20:06:00
2.36051,2.36051,2.36051,2.36051,1644350280,2022-02-08T19:58:00
2.36125,2.36125,2.36125,2.36125,1644343560,2022-02-08T18:06:00
2.39035,2.39035,2.39035,2.39035,1644343080,2022-02-08T17:58:00
2.38715,2.38715,2.38715,2.38715,1644341400,2022-02-08T17:30:00
2.37426,2.37426,2.37426,2.37426,1644341220,2022-02-08T17:27:00
2.44576,2.44576,2.44576,2.44576,1644337800,2022-02-08T16:30:00
2.4474,2.4474,2.4474,2.4474,1644336780,2022-02-08T16:13:00
2.40179,2.40179,2.40179,2.40179,1644335640,2022-02-08T15:54:00
2.40003,2.40003,2.40003,2.40003,1644335220,2022-02-08T15:47:00
2.38172,2.41826,2.38172,2.41826,1644335160,2022-02-08T15:46:00
2.38297,2.38297,2.38297,2.38297,1644334800,2022-02-08T15:40:00
2.38518,2.38518,2.38518,2.38518,1644334680,2022-02-08T15:38:00
2.43928,2.43928,2.43928,2.43928,1644334620,2022-02-08T15:37:00
2.41346,2.41346,2.41346,2.41346,1644334560,2022-02-08T15:36:00
2.43197,2.43197,2.43197,2.43197,1644334140,2022-02-08T15:29:00
2.60717,2.60717,2.60717,2.60717,1644334080,2022-02-08T15:28:00
2.62078,2.62078,2.62078,2.62078,1644333780,2022-02-08T15:23:00
2.70958,2.70958,2.70958,2.70958,1644331140,2022-02-08T14:39:00
2.69775,2.69775,2.69775,2.69775,1644330000,2022-02-08T14:20:00
2.68167,2.68167,2.68167,2.68167,1644329640,2022-02-08T14:14:00
2.72782,2.72782,2.72782,2.72782,1644328320,2022-02-08T13:52:00
2.57125,2.57125,2.57125,2.57125,1644328140,2022-02-08T13:49:00
2.49689,2.49689,2.49689,2.49689,1644326940,2022-02-08T13:29:00
2.51793,2.51793,2.51793,2.51793,1644325380,2022-02-08T13:03:00
2.64307,2.64307,2.64307,2.64307,1644325140,2022-02-08T12:59:00
2.75924,2.75924,2.75924,2.75924,1644323640,2022-02-08T12:34:00
2.8139,2.8139,2.8139,2.8139,1644323400,2022-02-08T12:30:00
2.80542,2.80542,2.80542,2.80542,1644323340,2022-02-08T12:29:00
2.75954,2.75954,2.75954,2.75954,1644323160,2022-02-08T12:26:00
2.8279,2.8279,2.8279,2.8279,1644322200,2022-02-08T12:10:00
2.85454,2.85454,2.85454,2.85454,1644321060,2022-02-08T11:51:00
2.72705,2.72705,2.72705,2.72705,1644320520,2022-02-08T11:42:00
2.60623,2.60623,2.60623,2.60623,1644320400,2022-02-08T11:40:00
2.73929,2.73929,2.73929,2.73929,1644320340,2022-02-08T11:39:00
2.84792,2.84792,2.84792,2.84792,1644320220,2022-02-08T11:37:00
2.81456,2.81456,2.81456,2.81456,1644319920,2022-02-08T11:32:00
2.70719,2.72983,2.70719,2.72983,1644319860,2022-02-08T11:31:00
2.73304,2.73304,2.69792,2.69792,1644319680,2022-02-08T11:28:00
2.87237,2.87237,2.87237,2.87237,1644319200,2022-02-08T11:20:00
2.76776,2.76776,2.76776,2.76776,1644319140,2022-02-08T11:19:00
2.62059,2.62059,2.62059,2.62059,1644318420,2022-02-08T11:07:00
2.6643,2.6643,2.6643,2.6643,1644318300,2022-02-08T11:05:00
2.68412,2.68412,2.68412,2.68412,1644318180,2022-02-08T11:03:00
2.55678,2.55678,2.55678,2.55678,1644317340,2022-02-08T10:49:00
2.43511,2.43511,2.43511,2.43511,1644315360,2022-02-08T10:16:00
2.39233,2.39233,2.39233,2.39233,1644315180,2022-02-08T10:13:00
2.31708,2.31708,2.31708,2.31708,1644314940,2022-02-08T10:09:00
2.30467,2.30467,2.30467,2.30467,1644314640,2022-02-08T10:04:00
2.28463,2.28463,2.28463,2.28463,1644311460,2022-02-08T09:11:00
2.32344,2.32344,2.32344,2.32344,1644311280,2022-02-08T09:08:00
2.44433,2.44433,2.44433,2.44433,1644304140,2022-02-08T07:09:00
2.50218,2.50218,2.50218,2.50218,1644303780,2022-02-08T07:03:00
2.46406,2.46406,2.46406,2.46406,1644297120,2022-02-08T05:12:00
2.47936,2.47936,2.47936,2.47936,1644295200,2022-02-08T04:40:00
2.46936,2.46936,2.46936,2.46936,1644294000,2022-02-08T04:20:00
2.46397,2.46397,2.46397,2.46397,1644292260,2022-02-08T03:51:00
2.46138,2.46138,2.46138,2.46138,1644287640,2022-02-08T02:34:00
2.45266,2.45266,2.45266,2.45266,1644284220,2022-02-08T01:37:00
2.60658,2.60658,2.47513,2.47513,1644283380,2022-02-08T01:23:00
2.62906,2.62906,2.62906,2.62906,1644271140,2022-02-07T21:59:00
2.74259,2.74259,2.74259,2.74259,1644271020,2022-02-07T21:57:00
2.62511,2.62511,2.62511,2.62511,1644270060,2022-02-07T21:41:00
2.62817,2.62817,2.62817,2.62817,1644268140,2022-02-07T21:09:00
2.6218,2.6218,2.6218,2.6218,1644267540,2022-02-07T20:59:00
2.68752,2.68752,2.68752,2.68752,1644267240,2022-02-07T20:54:00
2.73881,2.73881,2.73881,2.73881,1644267060,2022-02-07T20:51:00
2.69564,2.69564,2.69564,2.69564,1644265380,2022-02-07T20:23:00
2.73606,2.73606,2.73606,2.73606,1644265140,2022-02-07T20:19:00
2.73996,2.73996,2.73996,2.73996,1644264120,2022-02-07T20:02:00
2.70895,2.70895,2.70895,2.70895,1644262980,2022-02-07T19:43:00
2.69264,2.69264,2.69264,2.69264,1644259080,2022-02-07T18:38:00
2.64003,2.64003,2.64003,2.64003,1644259020,2022-02-07T18:37:00
2.70522,2.70522,2.70522,2.70522,1644257640,2022-02-07T18:14:00
2.67494,2.67494,2.67494,2.67494,1644256680,2022-02-07T17:58:00
2.63946,2.63946,2.63946,2.63946,1644254280,2022-02-07T17:18:00
2.55844,2.55844,2.55844,2.55844,1644254100,2022-02-07T17:15:00
2.5686,2.5686,2.5686,2.5686,1644253560,2022-02-07T17:06:00
2.59519,2.59519,2.59519,2.59519,1644252600,2022-02-07T16:50:00
2.50094,2.50094,2.50094,2.50094,1644249480,2022-02-07T15:58:00
2.48845,2.48845,2.48845,2.48845,1644245640,2022-02-07T14:54:00
2.49715,2.49715,2.49715,2.49715,1644241680,2022-02-07T13:48:00
2.48939,2.48939,2.48939,2.48939,1644239280,2022-02-07T13:08:00
2.48216,2.48216,2.48216,2.48216,1644238020,2022-02-07T12:47:00
2.46394,2.46394,2.46394,2.46394,1644235800,2022-02-07T12:10:00
2.37423,2.37423,2.37423,2.37423,1644233400,2022-02-07T11:30:00
2.27705,2.27705,2.27705,2.27705,1644227820,2022-02-07T09:57:00
2.26628,2.26628,2.26628,2.26628,1644227580,2022-02-07T09:53:00
2.25813,2.25813,2.25813,2.25813,1644227340,2022-02-07T09:49:00
2.25359,2.25359,2.25359,2.25359,1644226440,2022-02-07T09:34:00
2.24706,2.24706,2.24706,2.24706,1644225600,2022-02-07T09:20:00
2.27545,2.27545,2.27545,2.27545,1644225000,2022-02-07T09:10:00
2.32512,2.32512,2.32512,2.32512,1644217020,2022-02-07T06:57:00
2.29958,2.29958,2.29958,2.29958,1644216900,2022-02-07T06:55:00
2.36525,2.36525,2.36525,2.36525,1644214440,2022-02-07T06:14:00
2.41201,2.41201,2.41201,2.41201,1644212220,2022-02-07T05:37:00
2.36391,2.36391,2.36391,2.36391,1644206460,2022-02-07T04:01:00
2.35813,2.35813,2.35813,2.35813,1644206100,2022-02-07T03:55:00
2.27577,2.27577,2.27577,2.27577,1644199800,2022-02-07T02:10:00
2.26634,2.26634,2.26634,2.26634,1644199440,2022-02-07T02:04:00
2.28346,2.28346,2.28346,2.28346,1644197820,2022-02-07T01:37:00
2.24651,2.24651,2.24651,2.24651,1644193080,2022-02-07T00:18:00
2.25259,2.25259,2.25259,2.25259,1644190320,2022-02-06T23:32:00
2.26943,2.26943,2.26943,2.26943,1644189960,2022-02-06T23:26:00
2.21722,2.21722,2.21722,2.21722,1644179460,2022-02-06T20:31:00
2.20495,2.20495,2.20495,2.20495,1644178560,2022-02-06T20:16:00
2.02942,2.02942,2.02942,2.02942,1644177060,2022-02-06T19:51:00
1.99512,1.99512,1.99512,1.99512,1644176880,2022-02-06T19:48:00
1.95898,1.95898,1.95898,1.95898,1644176580,2022-02-06T19:43:00
1.93931,1.93931,1.93931,1.93931,1644173040,2022-02-06T18:44:00
1.97184,1.97184,1.97184,1.97184,1644158580,2022-02-06T14:43:00
2.02159,2.02159,2.02159,2.02159,1644154980,2022-02-06T13:43:00
2.03437,2.03437,2.03437,2.03437,1644145380,2022-02-06T11:03:00
2.05373,2.05373,2.05373,2.05373,1644140280,2022-02-06T09:38:00
2.07947,2.07947,2.07947,2.07947,1644139500,2022-02-06T09:25:00
2.08727,2.08727,2.08727,2.08727,1644137580,2022-02-06T08:53:00
2.15029,2.15029,2.15029,2.15029,1644123720,2022-02-06T05:02:00
2.21769,2.21769,2.21769,2.21769,1644109020,2022-02-06T00:57:00
2.19884,2.19884,2.19884,2.19884,1644099720,2022-02-05T22:22:00
2.16409,2.16409,2.16409,2.16409,1644097380,2022-02-05T21:43:00
2.18216,2.18216,2.18216,2.18216,1644095460,2022-02-05T21:11:00
2.18909,2.18909,2.18909,2.18909,1644090540,2022-02-05T19:49:00
2.18428,2.18477,2.18428,2.18477,1644082080,2022-02-05T17:28:00
2.19384,2.19384,2.19384,2.19384,1644074700,2022-02-05T15:25:00
2.18334,2.18334,2.18334,2.18334,1644074160,2022-02-05T15:16:00
2.18506,2.18506,2.18506,2.18506,1644067860,2022-02-05T13:31:00
2.20017,2.20017,2.20017,2.20017,1644067680,2022-02-05T13:28:00
2.26451,2.26451,2.26451,2.26451,1644063120,2022-02-05T12:12:00
2.24901,2.24901,2.24901,2.24901,1644063060,2022-02-05T12:11:00
2.22944,2.22944,2.22944,2.22944,1644060840,2022-02-05T11:34:00
2.16178,2.16178,2.16178,2.16178,1644058560,2022-02-05T10:56:00
2.11632,2.11632,2.11632,2.11632,1644057240,2022-02-05T10:34:00
2.11538,2.11538,2.11538,2.11538,1644057180,2022-02-05T10:33:00
2.14488,2.14488,2.14077,2.14077,1644053460,2022-02-05T09:31:00
2.15887,2.15887,2.15887,2.15887,1644044160,2022-02-05T06:56:00
2.15761,2.15761,2.15761,2.15761,1644039240,2022-02-05T05:34:00
2.16595,2.16595,2.16595,2.16595,1644037260,2022-02-05T05:01:00
2.13557,2.13557,2.13557,2.13557,1644030780,2022-02-05T03:13:00
2.1713,2.1713,2.1713,2.1713,1644026580,2022-02-05T02:03:00
2.23264,2.23264,2.23264,2.23264,1644024780,2022-02-05T01:33:00
2.27203,2.27203,2.27203,2.27203,1644024660,2022-02-05T01:31:00
2.43867,2.43867,2.3174,2.3174,1644024300,2022-02-05T01:25:00
2.54785,2.54785,2.54785,2.54785,1644023820,2022-02-05T01:17:00
2.5888,2.5888,2.5888,2.5888,1644021960,2022-02-05T00:46:00
2.57981,2.57981,2.57981,2.57981,1644021540,2022-02-05T00:39:00
2.40623,2.40623,2.40623,2.40623,1644020580,2022-02-05T00:23:00
2.23554,2.23554,2.23554,2.23554,1644020340,2022-02-05T00:19:00
2.19231,2.19231,2.19231,2.19231,1644016140,2022-02-04T23:09:00
2.14795,2.14795,2.14795,2.14795,1644003960,2022-02-04T19:46:00
2.09274,2.09274,2.09274,2.09274,1644002280,2022-02-04T19:18:00
2.00573,2.00573,2.00573,2.00573,1643981940,2022-02-04T13:39:00
2.03207,2.03207,2.03207,2.03207,1643977800,2022-02-04T12:30:00
1.98547,1.98547,1.98547,1.98547,1643976960,2022-02-04T12:16:00
1.87926,1.87926,1.87926,1.87926,1643976840,2022-02-04T12:14:00
1.81378,1.81378,1.81378,1.81378,1643958720,2022-02-04T07:12:00
1.84519,1.84519,1.84519,1.84519,1643956440,2022-02-04T06:34:00
1.79916,1.79916,1.79916,1.79916,1643949300,2022-02-04T04:35:00
1.81978,1.81978,1.81978,1.81978,1643939280,2022-02-04T01:48:00
1.83488,1.83488,1.83488,1.83488,1643932860,2022-02-04T00:01:00
1.812,1.812,1.812,1.812,1643916240,2022-02-03T19:24:00
1.79027,1.79027,1.79027,1.79027,1643907960,2022-02-03T17:06:00
1.77714,1.77714,1.77714,1.77714,1643902020,2022-02-03T15:27:00
1.72853,1.72853,1.72853,1.72853,1643888280,2022-02-03T11:38:00
1.7026,1.7026,1.7026,1.7026,1643887920,2022-02-03T11:32:00
1.70258,1.70258,1.70258,1.70258,1643883120,2022-02-03T10:12:00
1.70736,1.70736,1.70736,1.70736,1643882760,2022-02-03T10:06:00
1.74278,1.74278,1.74278,1.74278,1643873160,2022-02-03T07:26:00
1.75903,1.75903,1.75903,1.75903,1643854260,2022-02-03T02:11:00
1.71263,1.77301,1.71263,1.77301,1643849700,2022-02-03T00:55:00
1.77148,1.77148,1.77148,1.77148,1643849640,2022-02-03T00:54:00
1.80631,1.80631,1.80631,1.80631,1643848440,2022-02-03T00:34:00
1.80513,1.80513,1.80513,1.80513,1643847840,2022-02-03T00:24:00
1.86188,1.86188,1.84015,1.84015,1643847780,2022-02-03T00:23:00
1.8893,1.8893,1.8893,1.8893,1643847660,2022-02-03T00:21:00
1.9141,1.9141,1.9141,1.9141,1643836620,2022-02-02T21:17:00
1.91758,1.91758,1.91758,1.91758,1643831940,2022-02-02T19:59:00
1.90049,1.90049,1.90049,1.90049,1643830680,2022-02-02T19:38:00
1.89685,1.89685,1.89685,1.89685,1643829300,2022-02-02T19:15:00
1.90656,1.90656,1.90656,1.90656,1643827800,2022-02-02T18:50:00
1.90919,1.90919,1.90919,1.90919,1643816760,2022-02-02T15:46:00
1.89695,1.89695,1.89695,1.89695,1643815680,2022-02-02T15:28:00
1.94744,1.94744,1.94744,1.94744,1643804520,2022-02-02T12:22:00
1.93615,1.93615,1.93615,1.93615,1643800980,2022-02-02T11:23:00
1.94639,1.94639,1.94639,1.94639,1643792400,2022-02-02T09:00:00
1.9572,1.9572,1.9572,1.9572,1643786880,2022-02-02T07:28:00
1.93683,1.93683,1.93683,1.93683,1643785500,2022-02-02T07:05:00
1.91373,1.91373,1.91373,1.91373,1643785440,2022-02-02T07:04:00
1.96216,1.97551,1.96216,1.97551,1643782800,2022-02-02T06:20:00
1.96765,1.96765,1.96765,1.96765,1643770800,2022-02-02T03:00:00
1.94428,1.94428,1.94428,1.94428,1643753280,2022-02-01T22:08:00
1.96775,1.96775,1.96775,1.96775,1643752320,2022-02-01T21:52:00
1.98637,1.98637,1.98637,1.98637,1643751840,2022-02-01T21:44:00
1.98748,1.98748,1.98748,1.98748,1643751660,2022-02-01T21:41:00
1.9813,1.9813,1.9813,1.9813,1643751360,2022-02-01T21:36:00
1.98972,1.98972,1.98972,1.98972,1643749980,2022-02-01T21:13:00
1.94931,1.94931,1.94931,1.94931,1643748840,2022-02-01T20:54:00
1.96666,1.96666,1.96666,1.96666,1643748780,2022-02-01T20:53:00
2.0174,2.0174,2.0174,2.0174,1643747520,2022-02-01T20:32:00
2.02199,2.02199,2.02199,2.02199,1643744760,2022-02-01T19:46:00
1.99468,1.99468,1.99468,1.99468,1643744280,2022-02-01T19:38:00
1.97559,1.97559,1.97559,1.97559,1643741580,2022-02-01T18:53:00
1.97687,1.97687,1.97687,1.97687,1643729460,2022-02-01T15:31:00
2.0111,2.0111,2.0111,2.0111,1643726460,2022-02-01T14:41:00
2.01125,2.01125,2.01125,2.01125,1643720820,2022-02-01T13:07:00
2.02307,2.02307,2.02307,2.02307,1643709720,2022-02-01T10:02:00
2.07214,2.07214,2.07214,2.07214,1643708580,2022-02-01T09:43:00
2.11545,2.11545,2.11545,2.11545,1643705640,2022-02-01T08:54:00
2.11265,2.11265,2.11265,2.11265,1643705400,2022-02-01T08:50:00
2.11324,2.11324,2.11324,2.11324,1643703780,2022-02-01T08:23:00
2.1202,2.1202,2.1202,2.1202,1643687880,2022-02-01T03:58:00
2.09387,2.09387,2.09387,2.09387,1643687220,2022-02-01T03:47:00
2.01324,2.01324,2.01324,2.01324,1643680500,2022-02-01T01:55:00
2.03294,2.03294,2.03294,2.03294,1643663580,2022-01-31T21:13:00
1.98341,1.98341,1.98341,1.98341,1643662380,2022-01-31T20:53:00
2.02276,2.02276,2.02276,2.02276,1643660640,2022-01-31T20:24:00
2.06972,2.06972,2.06972,2.06972,1643658840,2022-01-31T19:54:00
2.09964,2.09964,2.09964,2.09964,1643656740,2022-01-31T19:19:00
1.98938,1.98938,1.98938,1.98938,1643656020,2022-01-31T19:07:00
1.9673,1.9673,1.9673,1.9673,1643649180,2022-01-31T17:13:00
2.00039,2.00039,2.00039,2.00039,1643649000,2022-01-31T17:10:00
1.96195,1.96195,1.96195,1.96195,1643642040,2022-01-31T15:14:00
1.93819,1.93819,1.93819,1.93819,1643640300,2022-01-31T14:45:00
1.87683,1.87683,1.87683,1.87683,1643638620,2022-01-31T14:17:00
1.84148,1.84148,1.84148,1.84148,1643638500,2022-01-31T14:15:00
1.85625,1.85625,1.85625,1.85625,1643638260,2022-01-31T14:11:00
1.77807,1.77807,1.77807,1.77807,1643636520,2022-01-31T13:42:00
1.78847,1.78847,1.78847,1.78847,1643636400,2022-01-31T13:40:00
1.78529,1.78529,1.78529,1.78529,1643629860,2022-01-31T11:51:00
1.80063,1.80063,1.80063,1.80063,1643617800,2022-01-31T08:30:00
1.80781,1.80781,1.80781,1.80781,1643614980,2022-01-31T07:43:00
1.80629,1.80629,1.80629,1.80629,1643611080,2022-01-31T06:38:00
1.80764,1.80764,1.80764,1.80764,1643602980,2022-01-31T04:23:00
1.81903,1.81903,1.81903,1.81903,1643602500,2022-01-31T04:15:00
1.88086,1.88086,1.88086,1.88086,1643570760,2022-01-30T19:26:00
1.91976,1.91976,1.91976,1.91976,1643569320,2022-01-30T19:02:00
1.94821,1.94821,1.94821,1.94821,1643568960,2022-01-30T18:56:00
1.9756,1.9756,1.9756,1.9756,1643567820,2022-01-30T18:37:00
1.87585,1.87585,1.87585,1.87585,1643566740,2022-01-30T18:19:00
1.76192,1.76192,1.76192,1.76192,1643561820,2022-01-30T16:57:00
1.75388,1.75388,1.75388,1.75388,1643561640,2022-01-30T16:54:00
1.7863,1.7863,1.7863,1.7863,1643542860,2022-01-30T11:41:00
1.79979,1.79979,1.79979,1.79979,1643536320,2022-01-30T09:52:00
1.8383,1.8383,1.8383,1.8383,1643535120,2022-01-30T09:32:00
1.85442,1.85442,1.85442,1.85442,1643527260,2022-01-30T07:21:00
1.83974,1.83974,1.83974,1.83974,1643514480,2022-01-30T03:48:00
1.82936,1.82936,1.82936,1.82936,1643505660,2022-01-30T01:21:00
1.83869,1.83869,1.83869,1.83869,1643503440,2022-01-30T00:44:00
1.87097,1.87097,1.87097,1.87097,1643499240,2022-01-29T23:34:00
1.85541,1.85541,1.85541,1.85541,1643484480,2022-01-29T19:28:00
1.80329,1.80329,1.80329,1.80329,1643470140,2022-01-29T15:29:00
1.85489,1.85489,1.85489,1.85489,1643469360,2022-01-29T15:16:00
1.94982,1.94982,1.94982,1.94982,1643467980,2022-01-29T14:53:00
1.97673,1.97673,1.97673,1.97673,1643467080,2022-01-29T14:38:00
1.97059,1.97059,1.97059,1.97059,1643464320,2022-01-29T13:52:00
1.94789,1.94789,1.94789,1.94789,1643459640,2022-01-29T12:34:00
1.94774,1.94774,1.94774,1.94774,1643459100,2022-01-29T12:25:00
2.00802,2.00802,2.00802,2.00802,1643457600,2022-01-29T12:00:00
1.93246,1.93246,1.93246,1.93246,1643455380,2022-01-29T11:23:00
1.95509,1.95509,1.95509,1.95509,1643446320,2022-01-29T08:52:00
1.91732,1.91732,1.91732,1.91732,1643443440,2022-01-29T08:04:00
1.89944,1.89944,1.89944,1.89944,1643441880,2022-01-29T07:38:00
1.93158,1.93158,1.93158,1.93158,1643429280,2022-01-29T04:08:00
1.94608,1.94608,1.94608,1.94608,1643428080,2022-01-29T03:48:00
1.956,1.956,1.956,1.956,1643427900,2022-01-29T03:45:00
1.90557,1.90557,1.90557,1.90557,1643427780,2022-01-29T03:43:00
1.83283,1.83283,1.83283,1.83283,1643423700,2022-01-29T02:35:00
1.97378,1.97378,1.97378,1.97378,1643417400,2022-01-29T00:50:00
1.78629,1.78629,1.78629,1.78629,1643409600,2022-01-28T22:40:00
1.80522,1.80522,1.80522,1.80522,1643408880,2022-01-28T22:28:00
1.77678,1.77678,1.77678,1.77678,1643408760,2022-01-28T22:26:00
1.77204,1.77204,1.77204,1.77204,1643406660,2022-01-28T21:51:00
1.73915,1.73915,1.73915,1.73915,1643397300,2022-01-28T19:15:00
1.68901,1.68901,1.68901,1.68901,1643394000,2022-01-28T18:20:00
1.7178,1.7178,1.7178,1.7178,1643392860,2022-01-28T18:01:00
1.70382,1.70382,1.70382,1.70382,1643389980,2022-01-28T17:13:00
1.64184,1.64184,1.64184,1.64184,1643387580,2022-01-28T16:33:00
1.57877,1.57877,1.57877,1.57877,1643381940,2022-01-28T14:59:00
1.57518,1.57518,1.57518,1.57518,1643378760,2022-01-28T14:06:00
1.58154,1.58154,1.58154,1.58154,1643377980,2022-01-28T13:53:00
1.61898,1.61898,1.56872,1.56872,1643377620,2022-01-28T13:47:00
1.61251,1.61251,1.61251,1.61251,1643376840,2022-01-28T13:34:00
1.58867,1.58867,1.58867,1.58867,1643376720,2022-01-28T13:32:00
1.57928,1.57928,1.57928,1.57928,1643376660,2022-01-28T13:31:00
1.69401,1.69401,1.69401,1.69401,1643376360,2022-01-28T13:26:00
1.65472,1.65472,1.65472,1.65472,1643376120,2022-01-28T13:22:00
1.68343,1.68343,1.68343,1.68343,1643375040,2022-01-28T13:04:00
1.66141,1.66141,1.66141,1.66141,1643374980,2022-01-28T13:03:00
1.63853,1.63853,1.63853,1.63853,1643374920,2022-01-28T13:02:00
1.62395,1.62395,1.62395,1.62395,1643372940,2022-01-28T12:29:00
1.61876,1.61876,1.61876,1.61876,1643372400,2022-01-28T12:20:00
1.65787,1.65787,1.65787,1.65787,1643372160,2022-01-28T12:16:00
1.7393,1.7393,1.7393,1.7393,1643371200,2022-01-28T12:00:00
1.62732,1.62732,1.62732,1.62732,1643369880,2022-01-28T11:38:00
1.66444,1.66444,1.66444,1.66444,1643369820,2022-01-28T11:37:00
1.69944,1.69944,1.69944,1.69944,1643369760,2022-01-28T11:36:00
1.71618,1.71618,1.71618,1.71618,1643364180,2022-01-28T10:03:00
1.78758,1.78758,1.78758,1.78758,1643355900,2022-01-28T07:45:00
1.79214,1.79214,1.79214,1.79214,1643348220,2022-01-28T05:37:00
1.75002,1.75002,1.75002,1.75002,1643348100,2022-01-28T05:35:00
1.75784,1.75784,1.75784,1.75784,1643347500,2022-01-28T05:25:00
1.78686,1.78686,1.78024,1.78024,1643344620,2022-01-28T04:37:00
1.79836,1.79836,1.79836,1.79836,1643343600,2022-01-28T04:20:00
1.81117,1.81117,1.81117,1.81117,1643343180,2022-01-28T04:13:00
1.76477,1.76477,1.76477,1.76477,1643341320,2022-01-28T03:42:00
1.6802,1.68688,1.6802,1.68688,1643337780,2022-01-28T02:43:00
1.72925,1.72925,1.70568,1.70568,1643337600,2022-01-28T02:40:00
1.80251,1.80251,1.80251,1.80251,1643334780,2022-01-28T01:53:00
1.7143,1.7143,1.7143,1.7143,1643322180,2022-01-27T22:23:00
1.86556,1.86556,1.86556,1.86556,1643287440,2022-01-27T12:44:00
1.8976,1.8976,1.8976,1.8976,1643286000,2022-01-27T12:20:00
1.85135,1.85135,1.85135,1.85135,1643285580,2022-01-27T12:13:00
1.76382,1.76382,1.76382,1.76382,1643283720,2022-01-27T11:42:00
1.75104,1.75104,1.75104,1.75104,1643280780,2022-01-27T10:53:00
1.80788,1.80788,1.80788,1.80788,1643279940,2022-01-27T10:39:00
1.89102,1.89102,1.89102,1.89102,1643271660,2022-01-27T08:21:00
1.92226,1.92226,1.92226,1.92226,1643267340,2022-01-27T07:09:00
1.84888,1.84888,1.84888,1.84888,1643267160,2022-01-27T07:06:00
1.81498,1.81498,1.81498,1.81498,1643260020,2022-01-27T05:07:00
1.79789,1.79789,1.79789,1.79789,1643259360,2022-01-27T04:56:00
1.83443,1.83443,1.83443,1.83443,1643248320,2022-01-27T01:52:00
1.86679,1.86679,1.86679,1.86679,1643238300,2022-01-26T23:05:00
1.86868,1.86868,1.86868,1.86868,1643237580,2022-01-26T22:53:00
1.8122,1.8122,1.8122,1.8122,1643236500,2022-01-26T22:35:00
1.94554,1.94554,1.94554,1.94554,1643227260,2022-01-26T20:01:00
1.90055,1.90055,1.90055,1.90055,1643227020,2022-01-26T19:57:00
1.89544,1.89544,1.89544,1.89544,1643226900,2022-01-26T19:55:00
1.94409,1.94409,1.91421,1.91421,1643226840,2022-01-26T19:54:00
2.05284,2.05284,2.05284,2.05284,1643226300,2022-01-26T19:45:00
2.01462,2.01462,2.01462,2.01462,1643224980,2022-01-26T19:23:00
2.15938,2.15938,2.15938,2.15938,1643224740,2022-01-26T19:19:00
2.27063,2.27063,2.27063,2.27063,1643224140,2022-01-26T19:09:00
2.15267,2.15267,2.15267,2.15267,1643223780,2022-01-26T19:03:00
2.04574,2.04574,2.04574,2.04574,1643221500,2022-01-26T18:25:00
2.05431,2.05431,2.05431,2.05431,1643221140,2022-01-26T18:19:00
2.09401,2.09401,2.09401,2.09401,1643220000,2022-01-26T18:00:00
2.11724,2.11724,2.11724,2.11724,1643218500,2022-01-26T17:35:00
2.11114,2.11188,2.11114,2.11188,1643217960,2022-01-26T17:26:00
2.08382,2.08382,2.08382,2.08382,1643215920,2022-01-26T16:52:00
2.04137,2.04137,2.04137,2.04137,1643215200,2022-01-26T16:40:00
2.13264,2.13264,2.13264,2.13264,1643213160,2022-01-26T16:06:00
2.18508,2.18508,2.18508,2.18508,1643211840,2022-01-26T15:44:00
2.30255,2.30255,2.30255,2.30255,1643211600,2022-01-26T15:40:00
2.11923,2.11923,2.11923,2.11923,1643211480,2022-01-26T15:38:00
2.03884,2.03884,2.03884,2.03884,1643210340,2022-01-26T15:19:00
2.03905,2.03905,2.03905,2.03905,1643208480,2022-01-26T14:48:00
1.81502,1.81502,1.81502,1.81502,1643201640,2022-01-26T12:54:00
1.81369,1.81369,1.79694,1.79694,1643199120,2022-01-26T12:12:00
1.85348,1.85348,1.85348,1.85348,1643195220,2022-01-26T11:07:00
1.8835,1.8835,1.8835,1.8835,1643192400,2022-01-26T10:20:00
1.93676,1.93676,1.93676,1.93676,1643192340,2022-01-26T10:19:00
1.93775,1.93775,1.93775,1.93775,1643191020,2022-01-26T09:57:00
1.95873,1.95873,1.95873,1.95873,1643190660,2022-01-26T09:51:00
1.95674,1.95674,1.95674,1.95674,1643189280,2022-01-26T09:28:00
1.93615,1.93615,1.93615,1.93615,1643188320,2022-01-26T09:12:00
1.96034,1.96034,1.96034,1.96034,1643185200,2022-01-26T08:20:00
1.99177,2.0069,1.99177,2.0069,1643185140,2022-01-26T08:19:00
1.91195,1.91195,1.91195,1.91195,1643183040,2022-01-26T07:44:00
1.99332,1.99332,1.98835,1.98835,1643182260,2022-01-26T07:31:00
1.94025,1.94025,1.93337,1.93337,1643181960,2022-01-26T07:26:00
1.94547,1.94547,1.94547,1.94547,1643181840,2022-01-26T07:24:00
1.89445,1.89445,1.89445,1.89445,1643179860,2022-01-26T06:51:00
1.91277,1.91277,1.91277,1.91277,1643179800,2022-01-26T06:50:00
1.74057,1.74057,1.74057,1.74057,1643179680,2022-01-26T06:48:00
1.74819,1.74819,1.74819,1.74819,1643171400,2022-01-26T04:30:00
1.7444,1.7444,1.7444,1.7444,1643170380,2022-01-26T04:13:00
1.72524,1.72524,1.72524,1.72524,1643167980,2022-01-26T03:33:00
1.69575,1.69575,1.69575,1.69575,1643161800,2022-01-26T01:50:00
1.65418,1.65418,1.65418,1.65418,1643161560,2022-01-26T01:46:00
1.64155,1.64155,1.64155,1.64155,1643161440,2022-01-26T01:44:00
1.66489,1.66489,1.66489,1.66489,1643160300,2022-01-26T01:25:00
1.72195,1.72195,1.72195,1.72195,1643154420,2022-01-25T23:47:00
1.81735,1.81735,1.81735,1.81735,1643154300,2022-01-25T23:45:00
1.85829,1.85829,1.85829,1.85829,1643151720,2022-01-25T23:02:00
1.89572,1.89572,1.89572,1.89572,1643147820,2022-01-25T21:57:00
1.83033,1.83033,1.83033,1.83033,1643146860,2022-01-25T21:41:00
1.8325,1.8325,1.8325,1.8325,1643145000,2022-01-25T21:10:00
1.83861,1.83861,1.83861,1.83861,1643144820,2022-01-25T21:07:00
1.84083,1.84083,1.84083,1.84083,1643144760,2022-01-25T21:06:00
1.86446,1.86446,1.86446,1.86446,1643144700,2022-01-25T21:05:00
1.94354,1.94354,1.94354,1.94354,1643144460,2022-01-25T21:01:00
1.91481,1.91481,1.91481,1.91481,1643141700,2022-01-25T20:15:00
1.99233,1.99233,1.99233,1.99233,1643140200,2022-01-25T19:50:00
1.93871,1.93871,1.93871,1.93871,1643133480,2022-01-25T17:58:00
1.9051,1.9051,1.9051,1.9051,1643130660,2022-01-25T17:11:00
1.87046,1.87046,1.87046,1.87046,1643126400,2022-01-25T16:00:00
1.85529,1.85529,1.85529,1.85529,1643125860,2022-01-25T15:51:00
1.84043,1.84043,1.84043,1.84043,1643124600,2022-01-25T15:30:00
1.82887,1.82887,1.82887,1.82887,1643118600,2022-01-25T13:50:00
1.82447,1.82447,1.82447,1.82447,1643118360,2022-01-25T13:46:00
1.81241,1.81241,1.81241,1.81241,1643116080,2022-01-25T13:08:00
1.77,1.77,1.77,1.77,1643105640,2022-01-25T10:14:00
1.68112,1.68112,1.68112,1.68112,1643105520,2022-01-25T10:12:00
1.67169,1.67169,1.67169,1.67169,1643104680,2022-01-25T09:58:00
1.72115,1.72115,1.72115,1.72115,1643104320,2022-01-25T09:52:00
1.70614,1.70614,1.70614,1.70614,1643103180,2022-01-25T09:33:00
1.6282,1.6282,1.6282,1.6282,1643102040,2022-01-25T09:14:00
1.57479,1.57479,1.57479,1.57479,1643096100,2022-01-25T07:35:00
1.54084,1.54084,1.54084,1.54084,1643095560,2022-01-25T07:26:00
1.57102,1.57102,1.57102,1.57102,1643095500,2022-01-25T07:25:00
1.6328,1.6328,1.6328,1.6328,1643092920,2022-01-25T06:42:00
1.6781,1.6781,1.6781,1.6781,1643087700,2022-01-25T05:15:00
1.67456,1.67456,1.67456,1.67456,1643084760,2022-01-25T04:26:00
1.65837,1.65837,1.65837,1.65837,1643081700,2022-01-25T03:35:00
1.64207,1.64207,1.64207,1.64207,1643081040,2022-01-25T03:24:00
1.63437,1.63437,1.63437,1.63437,1643070840,2022-01-25T00:34:00
1.62143,1.62143,1.62143,1.62143,1643069640,2022-01-25T00:14:00
1.6175,1.6175,1.6175,1.6175,1643068020,2022-01-24T23:47:00
1.63441,1.63441,1.63441,1.63441,1643067540,2022-01-24T23:39:00
1.63681,1.63681,1.63681,1.63681,1643067420,2022-01-24T23:37:00
1.5778,1.5778,1.5778,1.5778,1643067300,2022-01-24T23:35:00
1.55758,1.55758,1.55758,1.55758,1643066460,2022-01-24T23:21:00
1.57556,1.57556,1.56972,1.56972,1643066400,2022-01-24T23:20:00
1.59054,1.59131,1.59054,1.59131,1643066280,2022-01-24T23:18:00
1.61453,1.61453,1.61453,1.61453,1643066220,2022-01-24T23:17:00
1.65299,1.65299,1.65299,1.65299,1643066160,2022-01-24T23:16:00
1.65611,1.65611,1.65611,1.65611,1643064600,2022-01-24T22:50:00
1.72808,1.72808,1.72808,1.72808,1643064480,2022-01-24T22:48:00
1.76857,1.76857,1.76857,1.76857,1643063340,2022-01-24T22:29:00
1.78351,1.78351,1.78351,1.78351,1643063220,2022-01-24T22:27:00
1.84704,1.84704,1.84704,1.84704,1643063100,2022-01-24T22:25:00
1.87407,1.87407,1.87407,1.87407,1643062320,2022-01-24T22:12:00
1.8667,1.8667,1.8667,1.8667,1643061240,2022-01-24T21:54:00
1.86764,1.86764,1.86764,1.86764,1643060220,2022-01-24T21:37:00
1.85841,1.85841,1.85841,1.85841,1643059920,2022-01-24T21:32:00
1.85112,1.85112,1.85112,1.85112,1643059380,2022-01-24T21:23:00
1.84373,1.84373,1.84373,1.84373,1643059200,2022-01-24T21:20:00
1.76958,1.76958,1.76958,1.76958,1643055540,2022-01-24T20:19:00
1.73044,1.73044,1.73044,1.73044,1643053800,2022-01-24T19:50:00
1.78673,1.78673,1.76027,1.76027,1643051220,2022-01-24T19:07:00
1.79583,1.79583,1.79583,1.79583,1643048280,2022-01-24T18:18:00
1.64859,1.6998,1.64859,1.6998,1643047860,2022-01-24T18:11:00
1.63487,1.63487,1.63487,1.63487,1643047800,2022-01-24T18:10:00
1.67737,1.67737,1.67737,1.67737,1643047560,2022-01-24T18:06:00
1.67346,1.67346,1.67346,1.67346,1643047500,2022-01-24T18:05:00
1.65124,1.65124,1.65124,1.65124,1643047440,2022-01-24T18:04:00
1.70763,1.70763,1.70763,1.70763,1643047380,2022-01-24T18:03:00
1.718,1.718,1.718,1.718,1643047320,2022-01-24T18:02:00
1.69725,1.70194,1.69725,1.70194,1643047260,2022-01-24T18:01:00
1.68957,1.68957,1.68957,1.68957,1643042460,2022-01-24T16:41:00
1.66673,1.66673,1.66673,1.66673,1643038800,2022-01-24T15:40:00
1.60828,1.60828,1.60828,1.60828,1643037600,2022-01-24T15:20:00
1.60525,1.60525,1.60525,1.60525,1643036100,2022-01-24T14:55:00
1.63276,1.63276,1.63276,1.63276,1643029440,2022-01-24T13:04:00
1.65745,1.65745,1.65745,1.65745,1643026500,2022-01-24T12:15:00
1.65151,1.65151,1.65151,1.65151,1643025000,2022-01-24T11:50:00
1.61366,1.61366,1.61366,1.61366,1643022720,2022-01-24T11:12:00
1.60884,1.60884,1.60884,1.60884,1643020920,2022-01-24T10:42:00
1.65529,1.65529,1.65529,1.65529,1643020260,2022-01-24T10:31:00
1.66997,1.66997,1.66997,1.66997,1643019600,2022-01-24T10:20:00
1.8062,1.8062,1.8062,1.8062,1643011380,2022-01-24T08:03:00
1.79601,1.79601,1.79601,1.79601,1643011320,2022-01-24T08:02:00
1.8814,1.8814,1.8814,1.8814,1643006280,2022-01-24T06:38:00
1.92569,1.92569,1.92569,1.92569,1643004900,2022-01-24T06:15:00
1.92362,1.92362,1.92362,1.92362,1643000340,2022-01-24T04:59:00
1.93899,1.93899,1.93899,1.93899,1642999020,2022-01-24T04:37:00
1.94164,1.94164,1.94164,1.94164,1642998960,2022-01-24T04:36:00
1.97934,1.97934,1.97934,1.97934,1642992420,2022-01-24T02:47:00
1.98872,1.98872,1.98872,1.98872,1642989360,2022-01-24T01:56:00
2.07407,2.07407,2.07407,2.07407,1642983660,2022-01-24T00:21:00
2.12867,2.12867,2.12867,2.12867,1642983540,2022-01-24T00:19:00
2.23571,2.23571,2.23571,2.23571,1642981920,2022-01-23T23:52:00
1.98897,1.98897,1.98897,1.98897,1642979760,2022-01-23T23:16:00
1.88155,1.88155,1.88155,1.88155,1642976520,2022-01-23T22:22:00
1.90254,1.90254,1.90254,1.90254,1642975620,2022-01-23T22:07:00
1.95766,1.95766,1.95766,1.95766,1642975500,2022-01-23T22:05:00
2.00088,2.00088,2.00088,2.00088,1642972680,2022-01-23T21:18:00
1.9573,1.9573,1.9573,1.9573,1642969740,2022-01-23T20:29:00
1.88214,1.88214,1.88214,1.88214,1642969560,2022-01-23T20:26:00
1.85136,1.85136,1.85136,1.85136,1642968840,2022-01-23T20:14:00
1.9089,1.9089,1.9089,1.9089,1642968540,2022-01-23T20:09:00
1.95847,1.95847,1.95847,1.95847,1642968180,2022-01-23T20:03:00
1.97257,1.97257,1.97257,1.97257,1642966920,2022-01-23T19:42:00
1.92965,1.95217,1.92965,1.95217,1642963740,2022-01-23T18:49:00
1.97604,1.97604,1.97604,1.97604,1642960800,2022-01-23T18:00:00
2.00399,2.00399,2.00399,2.00399,1642960320,2022-01-23T17:52:00
1.92017,1.92017,1.92017,1.92017,1642957140,2022-01-23T16:59:00
1.93568,1.93568,1.93568,1.93568,1642953300,2022-01-23T15:55:00
1.94083,1.94083,1.94083,1.94083,1642951800,2022-01-23T15:30:00
1.9823,1.9823,1.9823,1.9823,1642950780,2022-01-23T15:13:00
2.06849,2.06849,2.06849,2.06849,1642928880,2022-01-23T09:08:00
2.02564,2.02564,2.02564,2.02564,1642927200,2022-01-23T08:40:00
2.0039,2.0039,2.0039,2.0039,1642923000,2022-01-23T07:30:00
1.97961,1.97961,1.97961,1.97961,1642918140,2022-01-23T06:09:00
1.96246,1.96246,1.96246,1.96246,1642911300,2022-01-23T04:15:00
1.92181,1.92181,1.92181,1.92181,1642907160,2022-01-23T03:06:00
1.92071,1.92071,1.92071,1.92071,1642906440,2022-01-23T02:54:00
1.99306,1.99306,1.99306,1.99306,1642902780,2022-01-23T01:53:00
2.00071,2.00071,2.00071,2.00071,1642895220,2022-01-22T23:47:00
1.97078,1.97078,1.97078,1.97078,1642891020,2022-01-22T22:37:00
2.02874,2.02874,2.02874,2.02874,1642888260,2022-01-22T21:51:00
1.95433,1.95433,1.95433,1.95433,1642880520,2022-01-22T19:42:00
1.92496,1.92496,1.92496,1.92496,1642879200,2022-01-22T19:20:00
1.91387,1.91387,1.91387,1.91387,1642878660,2022-01-22T19:11:00
1.95,1.95,1.95,1.95,1642877400,2022-01-22T18:50:00
1.9778,1.9778,1.9778,1.9778,1642877280,2022-01-22T18:48:00
1.94393,1.94393,1.94393,1.94393,1642876380,2022-01-22T18:33:00
1.92838,1.92838,1.92838,1.92838,1642876320,2022-01-22T18:32:00
2.00703,2.00703,2.00703,2.00703,1642870920,2022-01-22T17:02:00
1.99797,1.99797,1.99797,1.99797,1642870740,2022-01-22T16:59:00
2.04247,2.04247,2.04247,2.04247,1642870020,2022-01-22T16:47:00
2.08413,2.08413,2.08413,2.08413,1642869480,2022-01-22T16:38:00
2.06582,2.06582,2.06582,2.06582,1642864980,2022-01-22T15:23:00
2.18596,2.18596,2.18596,2.18596,1642860000,2022-01-22T14:00:00
2.12186,2.12186,2.12186,2.12186,1642859280,2022-01-22T13:48:00
2.06082,2.06082,2.06082,2.06082,1642858860,2022-01-22T13:41:00
2.07221,2.07221,2.07221,2.07221,1642858500,2022-01-22T13:35:00
2.11207,2.11207,2.11207,2.11207,1642856460,2022-01-22T13:01:00
2.09777,2.09777,2.09777,2.09777,1642855860,2022-01-22T12:51:00
2.10389,2.10389,2.10389,2.10389,1642855800,2022-01-22T12:50:00
2.03832,2.03832,2.03832,2.03832,1642854720,2022-01-22T12:32:00
1.99296,1.99296,1.99296,1.99296,1642851240,2022-01-22T11:34:00
1.89707,1.89707,1.89707,1.89707,1642850940,2022-01-22T11:29:00
1.82517,1.82517,1.82517,1.82517,1642850820,2022-01-22T11:27:00
1.80903,1.80903,1.80903,1.80903,1642850760,2022-01-22T11:26:00
1.78194,1.79685,1.78194,1.79685,1642850220,2022-01-22T11:17:00
1.78203,1.78203,1.78203,1.78203,1642850100,2022-01-22T11:15:00
1.82486,1.82486,1.82486,1.82486,1642850040,2022-01-22T11:14:00
1.82696,1.82696,1.82696,1.82696,1642849980,2022-01-22T11:13:00
1.78609,1.78609,1.78609,1.78609,1642849920,2022-01-22T11:12:00
1.78059,1.78059,1.78059,1.78059,1642849740,2022-01-22T11:09:00
1.76894,1.76894,1.76894,1.76894,1642849440,2022-01-22T11:04:00
1.72347,1.72347,1.72347,1.72347,1642849200,2022-01-22T11:00:00
1.68137,1.68137,1.68137,1.68137,1642849020,2022-01-22T10:57:00
1.73096,1.73096,1.69086,1.69086,1642847880,2022-01-22T10:38:00
1.77334,1.77334,1.77334,1.77334,1642847280,2022-01-22T10:28:00
1.69748,1.69748,1.69748,1.69748,1642846320,2022-01-22T10:12:00
1.84905,1.84905,1.84905,1.84905,1642846140,2022-01-22T10:09:00
1.97925,1.97925,1.93827,1.93827,1642845720,2022-01-22T10:02:00
2.01119,2.01119,2.01119,2.01119,1642845480,2022-01-22T09:58:00
2.03882,2.03882,2.03882,2.03882,1642844940,2022-01-22T09:49:00
2.07384,2.07384,2.07384,2.07384,1642844160,2022-01-22T09:36:00
2.0748,2.0748,2.0748,2.0748,1642843740,2022-01-22T09:29:00
2.07075,2.07075,2.07075,2.07075,1642843620,2022-01-22T09:27:00
2.10099,2.10099,2.10099,2.10099,1642843020,2022-01-22T09:17:00
2.09683,2.09683,2.09683,2.09683,1642842900,2022-01-22T09:15:00
2.14136,2.14136,2.14136,2.14136,1642841760,2022-01-22T08:56:00
2.19047,2.19047,2.19047,2.19047,1642841460,2022-01-22T08:51:00
2.10898,2.10898,2.10898,2.10898,1642841400,2022-01-22T08:50:00
2.06611,2.06611,2.06611,2.06611,1642841340,2022-01-22T08:49:00
2.07221,2.114,2.04136,2.04136,1642841280,2022-01-22T08:48:00
2.20898,2.20898,2.0717,2.09905,1642841220,2022-01-22T08:47:00
2.24903,2.24903,2.24903,2.24903,1642841160,2022-01-22T08:46:00
2.15235,2.15235,2.15235,2.15235,1642841100,2022-01-22T08:45:00
2.32208,2.32208,2.32208,2.32208,1642841040,2022-01-22T08:44:00
2.45573,2.45573,2.45573,2.45573,1642839660,2022-01-22T08:21:00
2.51766,2.51766,2.51766,2.51766,1642838160,2022-01-22T07:56:00
2.57077,2.57077,2.57077,2.57077,1642836660,2022-01-22T07:31:00
2.71867,2.71867,2.71867,2.71867,1642835340,2022-01-22T07:09:00
2.69505,2.69505,2.69505,2.69505,1642831500,2022-01-22T06:05:00
2.79245,2.79245,2.79245,2.79245,1642828920,2022-01-22T05:22:00
2.76028,2.76028,2.76028,2.76028,1642828440,2022-01-22T05:14:00
2.7618,2.7618,2.7618,2.7618,1642821060,2022-01-22T03:11:00
2.73426,2.73426,2.73426,2.73426,1642819860,2022-01-22T02:51:00
2.72794,2.72794,2.72794,2.72794,1642817640,2022-01-22T02:14:00
2.63447,2.63447,2.63447,2.63447,1642813440,2022-01-22T01:04:00
2.58359,2.58359,2.58359,2.58359,1642812360,2022-01-22T00:46:00
2.55783,2.55783,2.55783,2.55783,1642812240,2022-01-22T00:44:00
2.52285,2.52285,2.52285,2.52285,1642812000,2022-01-22T00:40:00
2.55162,2.55162,2.55162,2.55162,1642811940,2022-01-22T00:39:00
2.56962,2.56962,2.56962,2.56962,1642810200,2022-01-22T00:10:00
2.57766,2.57766,2.57766,2.57766,1642807680,2022-01-21T23:28:00
2.56046,2.56046,2.56046,2.56046,1642803420,2022-01-21T22:17:00
2.64158,2.64158,2.64158,2.64158,1642803360,2022-01-21T22:16:00
2.77763,2.77763,2.7496,2.7496,1642797420,2022-01-21T20:37:00
2.85925,2.85925,2.85925,2.85925,1642796940,2022-01-21T20:29:00
2.84723,2.84723,2.84723,2.84723,1642796100,2022-01-21T20:15:00
2.91895,2.91895,2.91895,2.91895,1642794840,2022-01-21T19:54:00
2.90623,2.90623,2.90623,2.90623,1642793340,2022-01-21T19:29:00
2.94228,2.94228,2.94228,2.94228,1642792200,2022-01-21T19:10:00
2.93221,2.95269,2.93221,2.95269,1642790640,2022-01-21T18:44:00
2.81764,2.81764,2.81764,2.81764,1642787700,2022-01-21T17:55:00
2.95287,2.95287,2.95287,2.95287,1642787460,2022-01-21T17:51:00
2.97707,2.97707,2.97707,2.97707,1642786800,2022-01-21T17:40:00
3.09097,3.09097,3.09097,3.09097,1642783080,2022-01-21T16:38:00
2.97047,2.97047,2.97047,2.97047,1642778280,2022-01-21T15:18:00
2.90335,2.90335,2.90335,2.90335,1642778160,2022-01-21T15:16:00
2.88299,2.88299,2.88299,2.88299,1642776720,2022-01-21T14:52:00
2.91019,2.91019,2.91019,2.91019,1642772040,2022-01-21T13:34:00
2.94675,2.94675,2.94675,2.94675,1642769640,2022-01-21T12:54:00
2.96015,2.96015,2.96015,2.96015,1642766280,2022-01-21T11:58:00
2.92513,2.92513,2.92513,2.92513,1642761660,2022-01-21T10:41:00
2.91964,2.91964,2.91964,2.91964,1642761420,2022-01-21T10:37:00
2.96707,2.96707,2.96707,2.96707,1642759200,2022-01-21T10:00:00
3.09622,3.09622,3.09622,3.09622,1642758600,2022-01-21T09:50:00
3.20758,3.20758,3.20758,3.20758,1642752960,2022-01-21T08:16:00
3.07435,3.07435,3.07435,3.07435,1642751160,2022-01-21T07:46:00
3.02712,3.02712,3.02712,3.02712,1642750920,2022-01-21T07:42:00
2.9807,2.9807,2.9807,2.9807,1642750800,2022-01-21T07:40:00
2.94785,2.94785,2.94785,2.94785,1642745220,2022-01-21T06:07:00
2.87624,2.87624,2.87624,2.87624,1642745160,2022-01-21T06:06:00
2.90005,2.90005,2.90005,2.90005,1642743060,2022-01-21T05:31:00
2.96512,2.96512,2.96512,2.96512,1642742580,2022-01-21T05:23:00
2.95265,2.95265,2.95265,2.95265,1642742400,2022-01-21T05:20:00
2.89762,2.89762,2.89762,2.89762,1642740780,2022-01-21T04:53:00
2.90594,2.90594,2.90594,2.90594,1642740120,2022-01-21T04:42:00
2.86009,2.86009,2.86009,2.86009,1642739820,2022-01-21T04:37:00
2.82005,2.82005,2.82005,2.82005,1642738920,2022-01-21T04:22:00
2.83424,2.83424,2.83424,2.83424,1642738440,2022-01-21T04:14:00
2.87209,2.87209,2.87209,2.87209,1642733100,2022-01-21T02:45:00
2.8505,2.8505,2.8505,2.8505,1642731360,2022-01-21T02:16:00
2.84796,2.84796,2.84796,2.84796,1642730880,2022-01-21T02:08:00
2.8845,2.8845,2.8845,2.8845,1642729680,2022-01-21T01:48:00
3.01501,3.01501,3.01501,3.01501,1642729500,2022-01-21T01:45:00
3.10809,3.10809,3.10809,3.10809,1642729260,2022-01-21T01:41:00
3.14293,3.14293,3.14293,3.14293,1642723560,2022-01-21T00:06:00
3.26572,3.26572,3.26572,3.26572,1642718820,2022-01-20T22:47:00
3.2694,3.2694,3.2694,3.2694,1642713300,2022-01-20T21:15:00
3.18188,3.18188,3.18188,3.18188,1642708380,2022-01-20T19:53:00
3.2088,3.2088,3.2088,3.2088,1642707540,2022-01-20T19:39:00
3.17045,3.17045,3.17045,3.17045,1642706460,2022-01-20T19:21:00
3.21589,3.21589,3.21589,3.21589,1642704000,2022-01-20T18:40:00
3.30185,3.30185,3.30185,3.30185,1642703100,2022-01-20T18:25:00
3.29913,3.29913,3.29913,3.29913,1642701540,2022-01-20T17:59:00
3.26547,3.26547,3.26547,3.26547,1642697220,2022-01-20T16:47:00
3.18115,3.18115,3.18115,3.18115,1642693200,2022-01-20T15:40:00
3.09803,3.09803,3.09803,3.09803,1642691220,2022-01-20T15:07:00
3.05619,3.05619,3.05619,3.05619,1642687080,2022-01-20T13:58:00
2.99821,2.99821,2.99821,2.99821,1642686120,2022-01-20T13:42:00
3.07648,3.07648,3.07648,3.07648,1642686060,2022-01-20T13:41:00
3.1957,3.1957,3.1957,3.1957,1642684980,2022-01-20T13:23:00
3.20666,3.20666,3.20666,3.20666,1642684860,2022-01-20T13:21:00
3.32909,3.32909,3.32909,3.32909,1642683360,2022-01-20T12:56:00
3.21503,3.21503,3.21503,3.21503,1642680960,2022-01-20T12:16:00
3.23577,3.23577,3.23577,3.23577,1642680060,2022-01-20T12:01:00
3.3682,3.3682,3.3682,3.3682,1642679640,2022-01-20T11:54:00
3.49773,3.49773,3.49773,3.49773,1642677660,2022-01-20T11:21:00
3.43459,3.43459,3.43459,3.43459,1642674480,2022-01-20T10:28:00
3.45858,3.45858,3.45858,3.45858,1642666140,2022-01-20T08:09:00
3.43843,3.43843,3.43843,3.43843,1642662660,2022-01-20T07:11:00
3.43074,3.43074,3.43074,3.43074,1642652460,2022-01-20T04:21:00
3.45297,3.45297,3.45297,3.45297,1642652400,2022-01-20T04:20:00
3.44259,3.44259,3.44259,3.44259,1642648440,2022-01-20T03:14:00
3.40608,3.40608,3.40608,3.40608,1642646220,2022-01-20T02:37:00
3.36586,3.36586,3.36586,3.36586,1642643940,2022-01-20T01:59:00
3.33708,3.33708,3.33708,3.33708,1642636920,2022-01-20T00:02:00
3.37326,3.37326,3.37326,3.37326,1642634220,2022-01-19T23:17:00
3.38922,3.38922,3.38922,3.38922,1642632540,2022-01-19T22:49:00
3.40628,3.40628,3.40628,3.40628,1642627740,2022-01-19T21:29:00
3.33958,3.33958,3.33958,3.33958,1642626600,2022-01-19T21:10:00
3.42156,3.42156,3.42156,3.42156,1642625760,2022-01-19T20:56:00
3.46624,3.46624,3.46624,3.46624,1642621620,2022-01-19T19:47:00
3.48625,3.48625,3.48625,3.48625,1642621140,2022-01-19T19:39:00
3.63038,3.63038,3.63038,3.63038,1642621080,2022-01-19T19:38:00
3.65061,3.65061,3.65061,3.65061,1642621020,2022-01-19T19:37:00
3.78185,3.78185,3.78185,3.78185,1642620840,2022-01-19T19:34:00
3.82531,3.82531,3.82531,3.82531,1642620300,2022-01-19T19:25:00
3.7055,3.7055,3.7055,3.7055,1642620180,2022-01-19T19:23:00
3.51871,3.51871,3.51871,3.51871,1642620060,2022-01-19T19:21:00
3.46139,3.46139,3.46139,3.46139,1642619280,2022-01-19T19:08:00
3.4244,3.4244,3.4244,3.4244,1642618380,2022-01-19T18:53:00
3.36231,3.36231,3.36231,3.36231,1642617540,2022-01-19T18:39:00
3.32526,3.32526,3.32526,3.32526,1642608360,2022-01-19T16:06:00
3.29552,3.29552,3.29552,3.29552,1642600500,2022-01-19T13:55:00
3.32388,3.32388,3.32388,3.32388,1642599900,2022-01-19T13:45:00
3.31583,3.31583,3.31583,3.31583,1642598880,2022-01-19T13:28:00
3.32852,3.32852,3.32852,3.32852,1642598100,2022-01-19T13:15:00
3.32206,3.32206,3.32206,3.32206,1642597140,2022-01-19T12:59:00
3.28953,3.28953,3.28953,3.28953,1642589160,2022-01-19T10:46:00
3.312,3.312,3.312,3.312,1642583160,2022-01-19T09:06:00
3.22179,3.22179,3.22179,3.22179,1642583100,2022-01-19T09:05:00
3.14931,3.14931,3.14931,3.14931,1642581300,2022-01-19T08:35:00
3.09052,3.09052,3.09052,3.09052,1642580160,2022-01-19T08:16:00
3.22412,3.22412,3.22412,3.22412,1642561740,2022-01-19T03:09:00
3.19318,3.19318,3.19318,3.19318,1642559400,2022-01-19T02:30:00
3.1476,3.1476,3.1062,3.1062,1642551120,2022-01-19T00:12:00
3.31983,3.31983,3.31983,3.31983,1642542540,2022-01-18T21:49:00
3.33304,3.33304,3.33304,3.33304,1642540020,2022-01-18T21:07:00
3.35652,3.35652,3.35652,3.35652,1642537560,2022-01-18T20:26:00
3.3649,3.3649,3.3649,3.3649,1642537380,2022-01-18T20:23:00
3.16588,3.16588,3.16588,3.16588,1642537320,2022-01-18T20:22:00
3.19541,3.19541,3.19541,3.19541,1642534500,2022-01-18T19:35:00
3.2545,3.2545,3.2545,3.2545,1642531860,2022-01-18T18:51:00
3.123,3.123,3.123,3.123,1642531440,2022-01-18T18:44:00
3.11793,3.11793,3.11793,3.11793,1642531140,2022-01-18T18:39:00
3.17399,3.17399,3.17399,3.17399,1642530420,2022-01-18T18:27:00
3.16262,3.16262,3.16262,3.16262,1642530360,2022-01-18T18:26:00
3.20493,3.20493,3.18518,3.18518,1642529940,2022-01-18T18:19:00
3.30863,3.30863,3.30863,3.30863,1642526700,2022-01-18T17:25:00
3.32275,3.32275,3.32275,3.32275,1642526640,2022-01-18T17:24:00
3.30567,3.30567,3.30567,3.30567,1642524720,2022-01-18T16:52:00
3.31973,3.31973,3.31973,3.31973,1642517280,2022-01-18T14:48:00
3.31301,3.31301,3.31301,3.31301,1642512720,2022-01-18T13:32:00
3.33197,3.33197,3.33197,3.33197,1642512420,2022-01-18T13:27:00
3.34064,3.34064,3.34064,3.34064,1642507440,2022-01-18T12:04:00
3.35401,3.35401,3.35401,3.35401,1642507200,2022-01-18T12:00:00
3.35984,3.35984,3.35984,3.35984,1642506480,2022-01-18T11:48:00
3.38622,3.38622,3.38622,3.38622,1642505700,2022-01-18T11:35:00
3.37283,3.37283,3.37283,3.37283,1642500720,2022-01-18T10:12:00
3.33603,3.33603,3.33603,3.33603,1642497540,2022-01-18T09:19:00
3.39934,3.39934,3.39934,3.39934,1642487280,2022-01-18T06:28:00
3.36155,3.36155,3.36155,3.36155,1642487100,2022-01-18T06:25:00
3.31049,3.31049,3.31049,3.31049,1642486020,2022-01-18T06:07:00
3.34188,3.34188,3.34188,3.34188,1642485960,2022-01-18T06:06:00
3.40485,3.40485,3.40485,3.40485,1642485360,2022-01-18T05:56:00
3.36212,3.36212,3.36212,3.36212,1642485120,2022-01-18T05:52:00
3.37161,3.37161,3.37161,3.37161,1642484940,2022-01-18T05:49:00
3.34909,3.34909,3.34909,3.34909,1642479540,2022-01-18T04:19:00
3.38669,3.38669,3.38669,3.38669,1642474440,2022-01-18T02:54:00
3.40349,3.40349,3.40349,3.40349,1642467060,2022-01-18T00:51:00
3.4069,3.4069,3.4069,3.4069,1642466400,2022-01-18T00:40:00
3.35441,3.35441,3.35441,3.35441,1642463400,2022-01-17T23:50:00
3.36996,3.36996,3.36996,3.36996,1642462440,2022-01-17T23:34:00
3.42502,3.42502,3.42502,3.42502,1642462320,2022-01-17T23:32:00
3.51699,3.51699,3.51699,3.51699,1642460820,2022-01-17T23:07:00
3.55309,3.55309,3.55309,3.55309,1642460040,2022-01-17T22:54:00
3.54639,3.54639,3.54639,3.54639,1642459260,2022-01-17T22:41:00
3.55207,3.55207,3.55207,3.55207,1642458780,2022-01-17T22:33:00
3.65444,3.65444,3.65444,3.65444,1642458720,2022-01-17T22:32:00
3.7678,3.7678,3.7678,3.7678,1642458660,2022-01-17T22:31:00
3.77021,3.77021,3.77021,3.77021,1642458600,2022-01-17T22:30:00
3.79299,3.79299,3.79299,3.79299,1642458540,2022-01-17T22:29:00
3.5988,3.5988,3.5988,3.5988,1642458300,2022-01-17T22:25:00
3.45934,3.45934,3.45934,3.45934,1642458240,2022-01-17T22:24:00
3.45792,3.45792,3.4019,3.4019,1642454640,2022-01-17T21:24:00
3.5928,3.5928,3.5928,3.5928,1642453260,2022-01-17T21:01:00
3.72646,3.72646,3.72646,3.72646,1642453200,2022-01-17T21:00:00
3.83043,3.83043,3.83043,3.83043,1642449720,2022-01-17T20:02:00
3.6613,3.6613,3.64228,3.64228,1642447440,2022-01-17T19:24:00
3.77771,3.77771,3.77771,3.77771,1642447380,2022-01-17T19:23:00
3.7769,3.7769,3.7769,3.7769,1642447020,2022-01-17T19:17:00
3.74459,3.74459,3.74459,3.74459,1642446780,2022-01-17T19:13:00
3.57323,3.57323,3.57323,3.57323,1642445400,2022-01-17T18:50:00
3.32776,3.32776,3.32776,3.32776,1642445340,2022-01-17T18:49:00
3.46027,3.46027,3.46027,3.46027,1642445280,2022-01-17T18:48:00
3.5148,3.5148,3.5148,3.5148,1642444920,2022-01-17T18:42:00
3.61944,3.61944,3.61944,3.61944,1642443240,2022-01-17T18:14:00
3.58884,3.58884,3.58884,3.58884,1642442640,2022-01-17T18:04:00
3.57142,3.57142,3.57142,3.57142,1642442040,2022-01-17T17:54:00
3.44833,3.44833,3.44833,3.44833,1642441560,2022-01-17T17:46:00
3.25283,3.25283,3.25283,3.25283,1642440420,2022-01-17T17:27:00
3.10319,3.10319,3.10319,3.10319,1642439400,2022-01-17T17:10:00
3.03482,3.03482,3.03482,3.03482,1642439220,2022-01-17T17:07:00
2.98584,2.98584,2.98584,2.98584,1642437960,2022-01-17T16:46:00
2.93342,2.93342,2.93342,2.93342,1642437240,2022-01-17T16:34:00
2.9355,2.9355,2.9355,2.9355,1642436880,2022-01-17T16:28:00
3.00285,3.00285,3.00285,3.00285,1642433100,2022-01-17T15:25:00
3.00401,3.00401,3.00401,3.00401,1642418220,2022-01-17T11:17:00
3.01281,3.01281,3.01281,3.01281,1642417080,2022-01-17T10:58:00
2.9967,2.9967,2.9967,2.9967,1642414320,2022-01-17T10:12:00
2.97033,2.97033,2.97033,2.97033,1642413600,2022-01-17T10:00:00
2.98832,2.98832,2.98832,2.98832,1642411920,2022-01-17T09:32:00
3.00549,3.00549,3.00549,3.00549,1642406880,2022-01-17T08:08:00
2.99994,2.99994,2.99994,2.99994,1642405380,2022-01-17T07:43:00
3.01081,3.01081,3.01081,3.01081,1642405200,2022-01-17T07:40:00
2.97975,2.97975,2.97975,2.97975,1642403460,2022-01-17T07:11:00
2.95277,2.95277,2.95277,2.95277,1642402080,2022-01-17T06:48:00
2.96154,2.96154,2.96154,2.96154,1642399980,2022-01-17T06:13:00
2.95676,2.95676,2.95676,2.95676,1642398660,2022-01-17T05:51:00
3.01863,3.01863,3.01863,3.01863,1642393500,2022-01-17T04:25:00
3.05419,3.05419,3.05419,3.05419,1642391820,2022-01-17T03:57:00
3.11138,3.11138,3.11138,3.11138,1642380720,2022-01-17T00:52:00
3.17749,3.17749,3.05228,3.08473,1642376220,2022-01-16T23:37:00
3.48234,3.48234,3.48234,3.48234,1642358760,2022-01-16T18:46:00
3.47168,3.47168,3.47168,3.47168,1642352160,2022-01-16T16:56:00
3.45635,3.45635,3.45635,3.45635,1642352100,2022-01-16T16:55:00
3.39626,3.39626,3.39626,3.39626,1642350720,2022-01-16T16:32:00
3.34865,3.34865,3.34865,3.34865,1642346640,2022-01-16T15:24:00
3.30699,3.30699,3.30699,3.30699,1642344360,2022-01-16T14:46:00
3.26314,3.26314,3.26314,3.26314,1642343820,2022-01-16T14:37:00
3.2374,3.2374,3.2374,3.2374,1642343760,2022-01-16T14:36:00
3.24316,3.24316,3.24316,3.24316,1642339500,2022-01-16T13:25:00
3.30239,3.30239,3.30239,3.30239,1642337220,2022-01-16T12:47:00
3.29847,3.29847,3.29847,3.29847,1642336440,2022-01-16T12:34:00
3.04443,3.04443,3.04443,3.04443,1642332300,2022-01-16T11:25:00
3.05476,3.05476,3.05476,3.05476,1642332120,2022-01-16T11:22:00
3.14625,3.14625,3.14625,3.14625,1642329960,2022-01-16T10:46:00
3.15911,3.15911,3.15911,3.15911,1642322640,2022-01-16T08:44:00
3.15986,3.15986,3.15986,3.15986,1642321860,2022-01-16T08:31:00
3.17406,3.17406,3.17406,3.17406,1642320300,2022-01-16T08:05:00
3.14406,3.14406,3.14406,3.14406,1642304040,2022-01-16T03:34:00
3.10876,3.10876,3.10876,3.10876,1642302960,2022-01-16T03:16:00
3.08082,3.08082,3.08082,3.08082,1642296420,2022-01-16T01:27:00
3.09909,3.09909,3.09909,3.09909,1642295700,2022-01-16T01:15:00
3.09222,3.09222,3.09222,3.09222,1642294920,2022-01-16T01:02:00
3.08419,3.08419,3.08419,3.08419,1642294560,2022-01-16T00:56:00
3.08063,3.08063,3.08063,3.08063,1642283100,2022-01-15T21:45:00
3.0941,3.0941,3.0941,3.0941,1642282560,2022-01-15T21:36:00
3.11298,3.11298,3.10263,3.10263,1642281900,2022-01-15T21:25:00
3.24332,3.24332,3.24332,3.24332,1642281540,2022-01-15T21:19:00
3.34453,3.34453,3.34453,3.34453,1642281300,2022-01-15T21:15:00
3.49072,3.49072,3.49072,3.49072,1642280880,2022-01-15T21:08:00
3.59592,3.59592,3.59592,3.59592,1642279080,2022-01-15T20:38:00
3.6217,3.6217,3.6217,3.6217,1642277460,2022-01-15T20:11:00
3.62213,3.62213,3.62213,3.62213,1642276320,2022-01-15T19:52:00
3.58197,3.58197,3.58197,3.58197,1642274940,2022-01-15T19:29:00
3.5909,3.5909,3.5909,3.5909,1642274700,2022-01-15T19:25:00
3.61521,3.61521,3.61521,3.61521,1642267920,2022-01-15T17:32:00
3.55958,3.55958,3.55958,3.55958,1642267800,2022-01-15T17:30:00
3.72998,3.72998,3.72998,3.72998,1642262880,2022-01-15T16:08:00
3.77463,3.77463,3.77463,3.77463,1642262700,2022-01-15T16:05:00
3.90706,3.90706,3.90706,3.90706,1642261860,2022-01-15T15:51:00
3.94872,3.94872,3.94872,3.94872,1642261800,2022-01-15T15:50:00
3.74012,3.74012,3.74012,3.74012,1642261260,2022-01-15T15:41:00
3.63687,3.63687,3.63687,3.63687,1642261140,2022-01-15T15:39:00
3.59585,3.59585,3.59585,3.59585,1642260840,2022-01-15T15:34:00
3.51882,3.51882,3.51882,3.51882,1642260540,2022-01-15T15:29:00
3.50221,3.50221,3.50221,3.50221,1642260480,2022-01-15T15:28:00
3.43032,3.43032,3.43032,3.43032,1642259760,2022-01-15T15:16:00
3.40917,3.40917,3.40917,3.40917,1642259520,2022-01-15T15:12:00
3.23112,3.23112,3.23112,3.23112,1642259460,2022-01-15T15:11:00
3.1376,3.1376,3.1376,3.1376,1642259340,2022-01-15T15:09:00
3.14172,3.14172,3.14172,3.14172,1642253100,2022-01-15T13:25:00
3.1485,3.1485,3.1485,3.1485,1642250520,2022-01-15T12:42:00
3.08567,3.08567,3.08567,3.08567,1642245120,2022-01-15T11:12:00
3.02825,3.02825,3.02825,3.02825,1642239480,2022-01-15T09:38:00
3.05409,3.05409,3.05409,3.05409,1642239360,2022-01-15T09:36:00
3.06802,3.06802,3.06802,3.06802,1642236780,2022-01-15T08:53:00
3.08235,3.08235,3.08235,3.08235,1642231440,2022-01-15T07:24:00
3.07901,3.07901,3.07901,3.07901,1642227840,2022-01-15T06:24:00
3.14152,3.14152,3.14152,3.14152,1642208220,2022-01-15T00:57:00
3.18387,3.18387,3.18387,3.18387,1642198980,2022-01-14T22:23:00
3.2545,3.2545,3.2545,3.2545,1642194660,2022-01-14T21:11:00
3.41596,3.41596,3.41596,3.41596,1642192920,2022-01-14T20:42:00
3.41523,3.41523,3.41523,3.41523,1642190280,2022-01-14T19:58:00
3.39316,3.39316,3.39316,3.39316,1642189200,2022-01-14T19:40:00
3.33606,3.33606,3.33606,3.33606,1642187280,2022-01-14T19:08:00
3.35144,3.35144,3.35144,3.35144,1642186860,2022-01-14T19:01:00
3.0495,3.0495,3.0495,3.0495,1642181520,2022-01-14T17:32:00
2.94635,2.94635,2.94635,2.94635,1642172760,2022-01-14T15:06:00
2.92672,2.92672,2.92672,2.92672,1642165740,2022-01-14T13:09:00
2.92758,2.92758,2.92758,2.92758,1642161840,2022-01-14T12:04:00
2.87593,2.87593,2.87593,2.87593,1642160760,2022-01-14T11:46:00
2.81603,2.81603,2.81603,2.81603,1642160460,2022-01-14T11:41:00
2.84321,2.84321,2.84321,2.84321,1642157820,2022-01-14T10:57:00
2.81707,2.81707,2.81707,2.81707,1642156920,2022-01-14T10:42:00
2.67248,2.67248,2.67248,2.67248,1642156860,2022-01-14T10:41:00
2.99443,2.99443,2.99443,2.99443,1642156200,2022-01-14T10:30:00
2.96718,2.96718,2.96718,2.96718,1642151340,2022-01-14T09:09:00
2.84435,2.84435,2.84435,2.84435,1642149240,2022-01-14T08:34:00
2.84786,2.84786,2.84786,2.84786,1642144200,2022-01-14T07:10:00
2.93824,2.93824,2.93824,2.93824,1642143960,2022-01-14T07:06:00
2.99779,2.99779,2.99779,2.99779,1642141260,2022-01-14T06:21:00
2.88231,2.88231,2.88231,2.88231,1642132980,2022-01-14T04:03:00
2.83076,2.83076,2.83076,2.83076,1642121340,2022-01-14T00:49:00
2.85502,2.85502,2.85502,2.85502,1642113540,2022-01-13T22:39:00
2.85612,2.85612,2.85612,2.85612,1642113240,2022-01-13T22:34:00
2.84139,2.84139,2.84139,2.84139,1642111800,2022-01-13T22:10:00
2.75586,2.75586,2.75586,2.75586,1642107000,2022-01-13T20:50:00
2.78097,2.78097,2.78097,2.78097,1642106760,2022-01-13T20:46:00
2.84229,2.84229,2.84229,2.84229,1642105740,2022-01-13T20:29:00
2.86357,2.86357,2.86357,2.86357,1642104900,2022-01-13T20:15:00
2.88219,2.88219,2.88219,2.88219,1642104780,2022-01-13T20:13:00
2.84832,2.84832,2.84832,2.84832,1642104420,2022-01-13T20:07:00
2.73348,2.73348,2.73348,2.73348,1642101840,2022-01-13T19:24:00
2.89682,2.89682,2.89682,2.89682,1642101780,2022-01-13T19:23:00
2.99318,2.99318,2.99318,2.99318,1642101180,2022-01-13T19:13:00
2.97697,2.97697,2.97697,2.97697,1642098180,2022-01-13T18:23:00
2.96392,2.96392,2.96392,2.96392,1642090560,2022-01-13T16:16:00
2.90633,2.90633,2.90633,2.90633,1642088640,2022-01-13T15:44:00
2.98824,2.98824,2.98824,2.98824,1642088580,2022-01-13T15:43:00
3.03322,3.03322,3.03322,3.03322,1642077720,2022-01-13T12:42:00
3.03966,3.03966,3.03966,3.03966,1642061820,2022-01-13T08:17:00
3.07965,3.07965,3.07965,3.07965,1642055400,2022-01-13T06:30:00
3.19821,3.19821,3.19821,3.19821,1642055100,2022-01-13T06:25:00
3.27427,3.27427,3.27427,3.27427,1642054920,2022-01-13T06:22:00
3.31717,3.31717,3.31717,3.31717,1642054800,2022-01-13T06:20:00
2.58935,2.58935,2.58935,2.58935,1642051500,2022-01-13T05:25:00
2.59702,2.59702,2.59702,2.59702,1642051260,2022-01-13T05:21:00
2.57749,2.57749,2.57749,2.57749,1642051140,2022-01-13T05:19:00
2.55378,2.55378,2.55378,2.55378,1642050120,2022-01-13T05:02:00
2.53521,2.53521,2.53521,2.53521,1642049340,2022-01-13T04:49:00
2.53565,2.53565,2.53565,2.53565,1642049040,2022-01-13T04:44:00
2.60623,2.60623,2.60623,2.60623,1642045380,2022-01-13T03:43:00
2.65431,2.65431,2.65431,2.65431,1642043820,2022-01-13T03:17:00
2.67671,2.67671,2.67671,2.67671,1642043760,2022-01-13T03:16:00
2.79049,2.79049,2.79049,2.79049,1642041060,2022-01-13T02:31:00
2.81615,2.81615,2.81615,2.81615,1642038360,2022-01-13T01:46:00
2.80892,2.80892,2.80892,2.80892,1642031220,2022-01-12T23:47:00
2.79169,2.79169,2.79169,2.79169,1642028160,2022-01-12T22:56:00
2.79798,2.79798,2.79798,2.79798,1642027560,2022-01-12T22:46:00
2.80084,2.80084,2.80084,2.80084,1642027500,2022-01-12T22:45:00
2.78148,2.78148,2.78148,2.78148,1642024260,2022-01-12T21:51:00
2.79254,2.79254,2.79254,2.79254,1642018380,2022-01-12T20:13:00
2.82636,2.82636,2.82636,2.82636,1642006020,2022-01-12T16:47:00
2.84549,2.84549,2.84549,2.84549,1642005480,2022-01-12T16:38:00
2.92791,2.92791,2.8131,2.8131,1642005180,2022-01-12T16:33:00
3.08944,3.08944,3.08944,3.08944,1642005000,2022-01-12T16:30:00
3.10672,3.10672,3.10672,3.10672,1642001100,2022-01-12T15:25:00
3.11633,3.11633,3.11633,3.11633,1642000440,2022-01-12T15:14:00
3.13654,3.13654,3.13654,3.13654,1641999840,2022-01-12T15:04:00
3.13907,3.13907,3.13907,3.13907,1641998160,2022-01-12T14:36:00
3.05158,3.05158,3.05158,3.05158,1641993120,2022-01-12T13:12:00
2.93857,2.93857,2.93857,2.93857,1641989640,2022-01-12T12:14:00
2.91535,2.91535,2.91535,2.91535,1641984960,2022-01-12T10:56:00
2.84723,2.84723,2.84723,2.84723,1641982680,2022-01-12T10:18:00
2.92371,2.92371,2.83111,2.83111,1641981780,2022-01-12T10:03:00
3.0886,3.0886,3.0886,3.0886,1641981660,2022-01-12T10:01:00
2.76514,2.76514,2.76514,2.76514,1641981480,2022-01-12T09:58:00
2.68361,2.68361,2.68361,2.68361,1641979980,2022-01-12T09:33:00
2.72641,2.72641,2.63575,2.63575,1641977340,2022-01-12T08:49:00
2.85749,2.85749,2.85749,2.85749,1641977220,2022-01-12T08:47:00
2.85898,2.85898,2.85898,2.85898,1641974520,2022-01-12T08:02:00
2.841,2.841,2.841,2.841,1641974160,2022-01-12T07:56:00
2.93036,2.93036,2.93036,2.93036,1641973800,2022-01-12T07:50:00
3.01323,3.01323,3.01323,3.01323,1641966600,2022-01-12T05:50:00
3.03928,3.03928,3.03928,3.03928,1641964680,2022-01-12T05:18:00
3.06773,3.06773,3.06773,3.06773,1641952740,2022-01-12T01:59:00
3.05153,3.05153,3.05153,3.05153,1641949620,2022-01-12T01:07:00
3.06162,3.06162,3.06162,3.06162,1641949020,2022-01-12T00:57:00
3.07871,3.07871,3.07871,3.07871,1641935700,2022-01-11T21:15:00
3.14109,3.14109,3.14109,3.14109,1641934020,2022-01-11T20:47:00
3.17229,3.17229,3.17229,3.17229,1641933000,2022-01-11T20:30:00
3.13685,3.13685,3.13685,3.13685,1641931860,2022-01-11T20:11:00
3.10442,3.10442,3.10442,3.10442,1641926340,2022-01-11T18:39:00
3.10678,3.10678,3.10678,3.10678,1641924000,2022-01-11T18:00:00
3.09444,3.09444,3.09444,3.09444,1641921540,2022-01-11T17:19:00
3.13905,3.13905,3.1205,3.1205,1641921480,2022-01-11T17:18:00
3.08961,3.08961,3.08961,3.08961,1641919140,2022-01-11T16:39:00
3.03669,3.03669,3.03669,3.03669,1641915000,2022-01-11T15:30:00
3.08058,3.08058,3.08058,3.08058,1641913740,2022-01-11T15:09:00
3.07738,3.07738,3.07738,3.07738,1641912960,2022-01-11T14:56:00
3.08276,3.08276,3.08276,3.08276,1641911520,2022-01-11T14:32:00
3.04656,3.04656,3.04656,3.04656,1641907740,2022-01-11T13:29:00
3.09236,3.09236,3.09236,3.09236,1641906420,2022-01-11T13:07:00
3.03415,3.03415,3.03415,3.03415,1641904860,2022-01-11T12:41:00
2.97136,2.97136,2.97136,2.97136,1641902520,2022-01-11T12:02:00
2.91751,2.91751,2.91751,2.91751,1641899160,2022-01-11T11:06:00
2.96206,2.96206,2.96206,2.96206,1641896100,2022-01-11T10:15:00
2.91479,2.91479,2.91479,2.91479,1641890820,2022-01-11T08:47:00
2.90849,2.90849,2.90849,2.90849,1641888000,2022-01-11T08:00:00
2.8681,2.8681,2.8681,2.8681,1641882120,2022-01-11T06:22:00
2.92716,2.92716,2.90387,2.90387,1641881580,2022-01-11T06:13:00
2.94014,2.94014,2.94014,2.94014,1641872760,2022-01-11T03:46:00
2.96111,2.96111,2.96111,2.96111,1641870360,2022-01-11T03:06:00
2.98236,2.98236,2.98236,2.98236,1641868740,2022-01-11T02:39:00
3.0585,3.0585,3.0585,3.0585,1641868560,2022-01-11T02:36:00
3.07254,3.07254,3.07254,3.07254,1641853440,2022-01-10T22:24:00
3.0886,3.0886,3.0886,3.0886,1641852660,2022-01-10T22:11:00
3.07413,3.07413,3.07413,3.07413,1641849060,2022-01-10T21:11:00
3.03345,3.03345,3.03345,3.03345,1641847140,2022-01-10T20:39:00
3.01516,3.01516,3.01516,3.01516,1641841620,2022-01-10T19:07:00
3.01287,3.01287,3.01287,3.01287,1641832560,2022-01-10T16:36:00
3.03075,3.03075,3.03075,3.03075,1641832260,2022-01-10T16:31:00
3.03342,3.03342,3.03342,3.03342,1641829860,2022-01-10T15:51:00
3.08275,3.08275,3.08275,3.08275,1641827700,2022-01-10T15:15:00
2.99689,2.99689,2.99689,2.99689,1641826740,2022-01-10T14:59:00
2.81222,2.81222,2.81222,2.81222,1641825000,2022-01-10T14:30:00
3.03116,3.03116,3.03116,3.03116,1641824880,2022-01-10T14:28:00
2.86189,3.02054,2.86189,3.02054,1641824820,2022-01-10T14:27:00
2.93097,2.93097,2.93097,2.93097,1641823740,2022-01-10T14:09:00
3.41344,3.41344,3.41344,3.41344,1641816120,2022-01-10T12:02:00
3.50841,3.50841,3.50841,3.50841,1641814560,2022-01-10T11:36:00
3.57775,3.57775,3.57775,3.57775,1641813840,2022-01-10T11:24:00
3.63324,3.63324,3.63324,3.63324,1641808080,2022-01-10T09:48:00
3.66102,3.66102,3.66102,3.66102,1641805860,2022-01-10T09:11:00
3.73201,3.73201,3.73201,3.73201,1641804660,2022-01-10T08:51:00
3.55149,3.841,3.55149,3.841,1641804600,2022-01-10T08:50:00
3.62446,3.62446,3.62446,3.62446,1641804240,2022-01-10T08:44:00
3.6906,3.6906,3.6906,3.6906,1641803820,2022-01-10T08:37:00
3.77822,3.77822,3.77822,3.77822,1641803040,2022-01-10T08:24:00
3.76295,3.76295,3.76295,3.76295,1641800280,2022-01-10T07:38:00
3.73119,3.73119,3.73119,3.73119,1641799920,2022-01-10T07:32:00
3.78128,3.78128,3.78128,3.78128,1641799740,2022-01-10T07:29:00
3.8077,3.8077,3.8077,3.8077,1641796860,2022-01-10T06:41:00
3.72242,3.72242,3.72242,3.72242,1641796620,2022-01-10T06:37:00
3.69052,3.69052,3.69052,3.69052,1641795480,2022-01-10T06:18:00
3.61793,3.61793,3.61793,3.61793,1641794940,2022-01-10T06:09:00
3.4992,3.4992,3.4992,3.4992,1641793620,2022-01-10T05:47:00
3.44566,3.44566,3.44566,3.44566,1641793500,2022-01-10T05:45:00
3.44093,3.44093,3.44093,3.44093,1641792720,2022-01-10T05:32:00
3.37146,3.37146,3.37146,3.37146,1641787380,2022-01-10T04:03:00
3.37169,3.37169,3.37169,3.37169,1641780840,2022-01-10T02:14:00
3.40963,3.40963,3.40963,3.40963,1641775560,2022-01-10T00:46:00
3.44422,3.44422,3.44422,3.44422,1641775320,2022-01-10T00:42:00
3.58747,3.58747,3.48359,3.48359,1641775260,2022-01-10T00:41:00
3.46263,3.62556,3.46263,3.62556,1641775140,2022-01-10T00:39:00
3.34957,3.34957,3.34957,3.34957,1641771240,2022-01-09T23:34:00
3.42724,3.42724,3.42724,3.42724,1641766320,2022-01-09T22:12:00
3.52748,3.52748,3.52748,3.52748,1641766260,2022-01-09T22:11:00
3.5515,3.5515,3.5515,3.5515,1641765060,2022-01-09T21:51:00
3.31839,3.31839,3.31839,3.31839,1641765000,2022-01-09T21:50:00
3.20276,3.20276,3.20276,3.20276,1641757920,2022-01-09T19:52:00
3.2089,3.2089,3.2089,3.2089,1641756240,2022-01-09T19:24:00
3.2315,3.2315,3.2315,3.2315,1641748200,2022-01-09T17:10:00
3.28357,3.28357,3.28357,3.28357,1641747420,2022-01-09T16:57:00
3.28277,3.28277,3.28277,3.28277,1641746880,2022-01-09T16:48:00
3.2032,3.2032,3.2032,3.2032,1641744120,2022-01-09T16:02:00
3.19402,3.19402,3.19402,3.19402,1641740460,2022-01-09T15:01:00
3.17351,3.17351,3.17351,3.17351,1641738960,2022-01-09T14:36:00
3.20877,3.20877,3.20877,3.20877,1641738300,2022-01-09T14:25:00
3.20736,3.20736,3.20736,3.20736,1641735540,2022-01-09T13:39:00
3.1793,3.1793,3.1793,3.1793,1641735360,2022-01-09T13:36:00
3.12467,3.13575,3.12467,3.13575,1641728220,2022-01-09T11:37:00
3.24929,3.24929,3.24929,3.24929,1641727620,2022-01-09T11:27:00
3.26355,3.26355,3.26355,3.26355,1641720900,2022-01-09T09:35:00
3.14053,3.14053,3.14053,3.14053,1641719460,2022-01-09T09:11:00
3.08223,3.08223,3.08223,3.08223,1641719220,2022-01-09T09:07:00
3.13981,3.13981,3.13981,3.13981,1641714540,2022-01-09T07:49:00
3.12549,3.12549,3.12549,3.12549,1641714180,2022-01-09T07:43:00
3.11962,3.11962,3.11962,3.11962,1641712980,2022-01-09T07:23:00
3.0755,3.0755,3.0755,3.0755,1641710760,2022-01-09T06:46:00
3.03423,3.03423,3.03423,3.03423,1641710100,2022-01-09T06:35:00
3.014,3.014,3.014,3.014,1641707580,2022-01-09T05:53:00
2.99025,2.99025,2.99025,2.99025,1641700980,2022-01-09T04:03:00
2.98,2.98,2.95343,2.95343,1641698760,2022-01-09T03:26:00
3.08205,3.08205,3.08205,3.08205,1641696660,2022-01-09T02:51:00
3.10583,3.10583,3.10583,3.10583,1641695880,2022-01-09T02:38:00
3.11345,3.11345,3.11345,3.11345,1641689940,2022-01-09T00:59:00
3.07569,3.07569,3.07569,3.07569,1641689700,2022-01-09T00:55:00
3.1523,3.1523,3.1523,3.1523,1641689640,2022-01-09T00:54:00
3.28539,3.28539,3.28539,3.28539,1641689400,2022-01-09T00:50:00
3.24911,3.24911,3.24911,3.24911,1641688620,2022-01-09T00:37:00
3.27592,3.27592,3.27592,3.27592,1641684240,2022-01-08T23:24:00
3.23034,3.23034,3.23034,3.23034,1641682920,2022-01-08T23:02:00
3.15583,3.15583,3.15583,3.15583,1641681840,2022-01-08T22:44:00
3.19543,3.19543,3.14346,3.14346,1641681240,2022-01-08T22:34:00
3.29268,3.29268,3.29268,3.29268,1641681120,2022-01-08T22:32:00
3.36784,3.36784,3.36784,3.36784,1641676860,2022-01-08T21:21:00
3.1736,3.344,3.1736,3.344,1641675720,2022-01-08T21:02:00
3.82315,3.82315,3.82315,3.82315,1641675540,2022-01-08T20:59:00
3.9648,3.9648,3.9648,3.9648,1641675300,2022-01-08T20:55:00
4.00533,4.00533,4.00533,4.00533,1641675240,2022-01-08T20:54:00
4.04124,4.04124,4.04124,4.04124,1641675000,2022-01-08T20:50:00
3.82584,3.82584,3.82584,3.82584,1641674880,2022-01-08T20:48:00
3.58711,3.58711,3.58711,3.58711,1641674280,2022-01-08T20:38:00
3.62301,3.62301,3.62301,3.62301,1641671880,2022-01-08T19:58:00
3.49504,3.49504,3.49504,3.49504,1641671700,2022-01-08T19:55:00
3.57674,3.57674,3.57674,3.57674,1641671040,2022-01-08T19:44:00
3.42823,3.42823,3.42823,3.42823,1641670140,2022-01-08T19:29:00
3.33554,3.33554,3.33554,3.33554,1641668820,2022-01-08T19:07:00
3.14813,3.14813,3.14813,3.14813,1641668760,2022-01-08T19:06:00
3.03975,3.03975,3.03975,3.03975,1641668580,2022-01-08T19:03:00
3.04593,3.04593,3.04593,3.04593,1641668460,2022-01-08T19:01:00
3.14816,3.14816,3.10807,3.10807,1641668400,2022-01-08T19:00:00
3.23059,3.23059,3.23059,3.23059,1641667500,2022-01-08T18:45:00
3.0735,3.0735,3.0735,3.0735,1641666240,2022-01-08T18:24:00
3.21516,3.21516,3.21516,3.21516,1641665940,2022-01-08T18:19:00
3.169,3.17149,3.169,3.17149,1641665220,2022-01-08T18:07:00
3.29208,3.29208,3.29208,3.29208,1641664320,2022-01-08T17:52:00
3.30714,3.30714,3.30714,3.30714,1641664200,2022-01-08T17:50:00
3.40457,3.40457,3.40457,3.40457,1641664020,2022-01-08T17:47:00
3.52489,3.52489,3.52489,3.52489,1641661740,2022-01-08T17:09:00
3.74466,3.74466,3.74466,3.74466,1641661260,2022-01-08T17:01:00
3.71425,3.71425,3.71425,3.71425,1641659580,2022-01-08T16:33:00
3.62151,3.62151,3.62151,3.62151,1641659520,2022-01-08T16:32:00
3.62328,3.62328,3.56745,3.56745,1641658740,2022-01-08T16:19:00
3.88559,3.88559,3.68426,3.68426,1641658680,2022-01-08T16:18:00
4.04167,4.04167,4.04167,4.04167,1641657960,2022-01-08T16:06:00
3.58346,3.58346,3.58346,3.58346,1641657600,2022-01-08T16:00:00
3.60969,3.60969,3.60969,3.60969,1641657360,2022-01-08T15:56:00
3.65315,3.65315,3.65315,3.65315,1641655740,2022-01-08T15:29:00
3.53525,3.53525,3.53525,3.53525,1641655020,2022-01-08T15:17:00
3.90883,3.90883,3.90883,3.90883,1641653880,2022-01-08T14:58:00
3.97161,3.97161,3.97161,3.97161,1641651960,2022-01-08T14:26:00
4.05246,4.05246,4.05246,4.05246,1641650220,2022-01-08T13:57:00
4.06261,4.06261,4.06261,4.06261,1641646200,2022-01-08T12:50:00
3.8319,3.8319,3.8319,3.8319,1641646140,2022-01-08T12:49:00
3.77711,3.77711,3.77711,3.77711,1641644400,2022-01-08T12:20:00
3.93347,3.93347,3.93347,3.93347,1641643800,2022-01-08T12:10:00
4.0528,4.0528,4.0528,4.0528,1641643560,2022-01-08T12:06:00
4.11609,4.11609,4.11609,4.11609,1641643500,2022-01-08T12:05:00
4.18928,4.18928,4.18928,4.18928,1641643260,2022-01-08T12:01:00
4.2262,4.2262,4.2262,4.2262,1641643140,2022-01-08T11:59:00
4.12748,4.12748,4.12748,4.12748,1641642600,2022-01-08T11:50:00
4.01256,4.01256,4.01256,4.01256,1641635040,2022-01-08T09:44:00
3.9558,3.9558,3.9558,3.9558,1641634200,2022-01-08T09:30:00
3.96509,3.96509,3.96509,3.96509,1641631680,2022-01-08T08:48:00
3.99017,3.99017,3.99017,3.99017,1641630420,2022-01-08T08:27:00
3.96118,3.96118,3.96118,3.96118,1641628680,2022-01-08T07:58:00
3.90629,3.90629,3.90629,3.90629,1641626220,2022-01-08T07:17:00
3.88249,3.88249,3.88249,3.88249,1641626160,2022-01-08T07:16:00
3.91169,3.91169,3.91169,3.91169,1641623460,2022-01-08T06:31:00
3.89478,3.89478,3.89478,3.89478,1641616200,2022-01-08T04:30:00
3.92022,3.92022,3.92022,3.92022,1641615060,2022-01-08T04:11:00
3.92976,3.92976,3.92976,3.92976,1641614280,2022-01-08T03:58:00
3.91121,3.91121,3.91121,3.91121,1641613320,2022-01-08T03:42:00
3.89074,3.89074,3.89074,3.89074,1641613080,2022-01-08T03:38:00
3.86212,3.86212,3.86212,3.86212,1641608460,2022-01-08T02:21:00
3.79181,3.79181,3.79181,3.79181,1641606600,2022-01-08T01:50:00
3.75435,3.75435,3.75435,3.75435,1641606120,2022-01-08T01:42:00
3.79662,3.79662,3.79662,3.79662,1641605340,2022-01-08T01:29:00
3.84788,3.84788,3.84788,3.84788,1641604200,2022-01-08T01:10:00
3.83879,3.83879,3.83879,3.83879,1641604020,2022-01-08T01:07:00
3.75217,3.75217,3.75217,3.75217,1641603960,2022-01-08T01:06:00
3.63556,3.63556,3.63556,3.63556,1641603660,2022-01-08T01:01:00
3.53655,3.53655,3.53655,3.53655,1641603120,2022-01-08T00:52:00
3.5548,3.5548,3.5548,3.5548,1641602880,2022-01-08T00:48:00
3.51048,3.54766,3.51048,3.54766,1641602520,2022-01-08T00:42:00
3.57747,3.57747,3.57747,3.57747,1641602160,2022-01-08T00:36:00
3.68542,3.68542,3.68542,3.68542,1641602040,2022-01-08T00:34:00
3.72061,3.72061,3.72061,3.72061,1641601260,2022-01-08T00:21:00
3.65987,3.65987,3.65987,3.65987,1641601140,2022-01-08T00:19:00
3.44841,3.44841,3.44841,3.44841,1641601020,2022-01-08T00:17:00
3.38877,3.38877,3.38877,3.38877,1641600600,2022-01-08T00:10:00
3.4896,3.4896,3.44667,3.44667,1641600420,2022-01-08T00:07:00
3.59176,3.59176,3.59176,3.59176,1641600360,2022-01-08T00:06:00
3.63271,3.63271,3.63271,3.63271,1641600240,2022-01-08T00:04:00
3.43209,3.43209,3.43209,3.43209,1641595380,2022-01-07T22:43:00
3.51094,3.51094,3.51094,3.51094,1641594960,2022-01-07T22:36:00
3.48395,3.48395,3.48395,3.48395,1641594120,2022-01-07T22:22:00
3.47496,3.47496,3.47496,3.47496,1641593640,2022-01-07T22:14:00
3.45829,3.45829,3.45829,3.45829,1641590400,2022-01-07T21:20:00
3.43972,3.43972,3.43972,3.43972,1641589860,2022-01-07T21:11:00
3.41815,3.41815,3.41815,3.41815,1641588300,2022-01-07T20:45:00
3.4972,3.4972,3.4972,3.4972,1641588120,2022-01-07T20:42:00
3.51615,3.51615,3.51615,3.51615,1641585300,2022-01-07T19:55:00
3.51528,3.51528,3.51528,3.51528,1641575220,2022-01-07T17:07:00
3.5902,3.5902,3.5902,3.5902,1641575160,2022-01-07T17:06:00
3.6575,3.6575,3.6575,3.6575,1641573120,2022-01-07T16:32:00
3.69029,3.69029,3.69029,3.69029,1641572640,2022-01-07T16:24:00
3.80868,3.80868,3.80868,3.80868,1641571260,2022-01-07T16:01:00
3.83116,3.83116,3.83116,3.83116,1641571080,2022-01-07T15:58:00
3.83369,3.83369,3.83369,3.83369,1641568560,2022-01-07T15:16:00
3.82438,3.82438,3.82438,3.82438,1641567120,2022-01-07T14:52:00
3.80329,3.80329,3.80329,3.80329,1641565140,2022-01-07T14:19:00
3.80646,3.80646,3.80646,3.80646,1641563220,2022-01-07T13:47:00
3.8694,3.8694,3.8694,3.8694,1641562200,2022-01-07T13:30:00
3.89462,3.89462,3.89462,3.89462,1641560880,2022-01-07T13:08:00
3.94695,3.94695,3.94695,3.94695,1641560280,2022-01-07T12:58:00
3.87299,3.91594,3.87299,3.91594,1641559500,2022-01-07T12:45:00
3.98994,3.98994,3.98994,3.98994,1641557700,2022-01-07T12:15:00
3.87236,3.87236,3.87236,3.87236,1641556740,2022-01-07T11:59:00
3.88387,3.88387,3.88387,3.88387,1641556320,2022-01-07T11:52:00
3.85581,3.85581,3.85581,3.85581,1641554760,2022-01-07T11:26:00
3.89485,3.89485,3.89485,3.89485,1641554520,2022-01-07T11:22:00
3.95067,3.95067,3.95067,3.95067,1641554340,2022-01-07T11:19:00
3.98025,3.98025,3.98025,3.98025,1641553860,2022-01-07T11:11:00
3.99302,3.99302,3.99302,3.99302,1641553440,2022-01-07T11:04:00
4.09353,4.09353,4.09353,4.09353,1641553140,2022-01-07T10:59:00
3.76708,3.76708,3.76708,3.76708,1641553080,2022-01-07T10:58:00
3.72989,3.72989,3.72989,3.72989,1641552660,2022-01-07T10:51:00
3.70412,3.70412,3.70412,3.70412,1641551820,2022-01-07T10:37:00
3.5482,3.5482,3.5482,3.5482,1641551760,2022-01-07T10:36:00
3.4443,3.4443,3.4443,3.4443,1641550020,2022-01-07T10:07:00
3.41525,3.41525,3.41525,3.41525,1641549840,2022-01-07T10:04:00
3.43861,3.43861,3.43861,3.43861,1641548520,2022-01-07T09:42:00
3.39332,3.39332,3.39332,3.39332,1641545580,2022-01-07T08:53:00
3.28292,3.28292,3.28292,3.28292,1641543840,2022-01-07T08:24:00
3.21992,3.21992,3.21992,3.21992,1641543300,2022-01-07T08:15:00
3.17267,3.17267,3.17267,3.17267,1641540840,2022-01-07T07:34:00
3.19246,3.19246,3.19246,3.19246,1641540780,2022-01-07T07:33:00
3.1822,3.1822,3.1822,3.1822,1641540720,2022-01-07T07:32:00
3.186,3.186,3.186,3.186,1641540240,2022-01-07T07:24:00
3.27217,3.27217,3.27217,3.27217,1641540180,2022-01-07T07:23:00
3.33078,3.33078,3.33078,3.33078,1641539700,2022-01-07T07:15:00
3.38556,3.38556,3.38556,3.38556,1641538320,2022-01-07T06:52:00
3.37314,3.37314,3.37314,3.37314,1641537780,2022-01-07T06:43:00
3.40103,3.40103,3.40103,3.40103,1641536100,2022-01-07T06:15:00
3.42015,3.42015,3.42015,3.42015,1641535560,2022-01-07T06:06:00
3.44078,3.44078,3.44078,3.44078,1641534420,2022-01-07T05:47:00
3.54347,3.54347,3.54347,3.54347,1641532740,2022-01-07T05:19:00
3.58775,3.58775,3.58775,3.58775,1641532560,2022-01-07T05:16:00
3.15321,3.15321,3.15321,3.15321,1641532080,2022-01-07T05:08:00
3.09108,3.09108,3.09108,3.09108,1641531240,2022-01-07T04:54:00
3.09749,3.09749,3.09749,3.09749,1641530340,2022-01-07T04:39:00
3.23029,3.23029,3.23029,3.23029,1641529500,2022-01-07T04:25:00
3.20574,3.20574,3.20574,3.20574,1641528900,2022-01-07T04:15:00
3.36276,3.36276,3.36276,3.36276,1641528720,2022-01-07T04:12:00
3.52426,3.52426,3.52426,3.52426,1641527520,2022-01-07T03:52:00
3.60094,3.60094,3.60094,3.60094,1641525720,2022-01-07T03:22:00
3.38674,3.38674,3.38674,3.38674,1641525660,2022-01-07T03:21:00
3.36306,3.36306,3.36306,3.36306,1641519300,2022-01-07T01:35:00
3.30828,3.30828,3.30828,3.30828,1641518340,2022-01-07T01:19:00
3.26301,3.26301,3.26301,3.26301,1641517980,2022-01-07T01:13:00
3.32505,3.32505,3.32505,3.32505,1641517920,2022-01-07T01:12:00
3.37593,3.37593,3.37593,3.37593,1641517140,2022-01-07T00:59:00
3.44447,3.44447,3.44447,3.44447,1641517080,2022-01-07T00:58:00
3.57424,3.57424,3.57424,3.57424,1641516780,2022-01-07T00:53:00
3.68858,3.68858,3.68858,3.68858,1641514980,2022-01-07T00:23:00
3.79429,3.79429,3.79429,3.79429,1641510480,2022-01-06T23:08:00
3.77466,3.77466,3.77466,3.77466,1641510300,2022-01-06T23:05:00
3.85647,3.85647,3.85647,3.85647,1641509580,2022-01-06T22:53:00
3.91502,3.91502,3.91502,3.91502,1641509460,2022-01-06T22:51:00
3.92559,3.92559,3.92559,3.92559,1641508140,2022-01-06T22:29:00
3.96927,3.96927,3.96927,3.96927,1641506760,2022-01-06T22:06:00
3.94929,3.94929,3.94929,3.94929,1641506220,2022-01-06T21:57:00
3.93989,3.93989,3.93989,3.93989,1641505380,2022-01-06T21:43:00
3.93972,3.93972,3.93972,3.93972,1641504660,2022-01-06T21:31:00
3.75817,3.90911,3.75817,3.90911,1641504600,2022-01-06T21:30:00
4.09219,4.09219,4.04533,4.04533,1641504480,2022-01-06T21:28:00
4.20601,4.20601,4.20601,4.20601,1641504360,2022-01-06T21:26:00
4.21523,4.21523,4.21523,4.21523,1641503760,2022-01-06T21:16:00
4.20824,4.20824,4.20824,4.20824,1641503520,2022-01-06T21:12:00
4.19967,4.19967,4.19967,4.19967,1641503400,2022-01-06T21:10:00
4.17499,4.17499,4.17499,4.17499,1641503100,2022-01-06T21:05:00
4.12956,4.12956,4.12956,4.12956,1641502920,2022-01-06T21:02:00
4.10567,4.10567,4.10567,4.10567,1641502380,2022-01-06T20:53:00
4.06557,4.06557,4.06557,4.06557,1641502260,2022-01-06T20:51:00
4.18529,4.18529,4.18529,4.18529,1641501000,2022-01-06T20:30:00
3.81689,3.81689,3.81689,3.81689,1641500220,2022-01-06T20:17:00
3.80463,3.80463,3.80463,3.80463,1641499380,2022-01-06T20:03:00
3.7669,3.7669,3.7669,3.7669,1641499260,2022-01-06T20:01:00
3.63686,3.63686,3.63686,3.63686,1641499020,2022-01-06T19:57:00
3.49667,3.49667,3.49667,3.49667,1641497640,2022-01-06T19:34:00
3.38542,3.38542,3.38542,3.38542,1641497340,2022-01-06T19:29:00
3.34262,3.34262,3.34262,3.34262,1641496500,2022-01-06T19:15:00
3.25838,3.25838,3.25838,3.25838,1641494880,2022-01-06T18:48:00
3.15066,3.15066,3.15066,3.15066,1641491040,2022-01-06T17:44:00
3.13736,3.13736,3.13736,3.13736,1641490200,2022-01-06T17:30:00
3.0425,3.0425,3.0425,3.0425,1641483480,2022-01-06T15:38:00
2.99622,2.99622,2.99622,2.99622,1641482880,2022-01-06T15:28:00
3.08021,3.08021,3.08021,3.08021,1641478140,2022-01-06T14:09:00
3.09702,3.09702,3.09702,3.09702,1641474840,2022-01-06T13:14:00
2.96094,2.96094,2.96094,2.96094,1641474360,2022-01-06T13:06:00
3.01092,3.01092,3.01092,3.01092,1641472980,2022-01-06T12:43:00
3.09145,3.09145,3.09145,3.09145,1641472140,2022-01-06T12:29:00
3.15096,3.15096,3.15096,3.15096,1641471120,2022-01-06T12:12:00
3.13841,3.13841,3.13841,3.13841,1641470100,2022-01-06T11:55:00
3.12872,3.12872,3.12872,3.12872,1641469980,2022-01-06T11:53:00
3.12758,3.12758,3.12758,3.12758,1641468600,2022-01-06T11:30:00
3.11296,3.11296,3.11296,3.11296,1641467940,2022-01-06T11:19:00
3.07967,3.07967,3.07967,3.07967,1641465300,2022-01-06T10:35:00
3.07655,3.07655,3.07655,3.07655,1641461820,2022-01-06T09:37:00
3.04153,3.04153,3.04153,3.04153,1641461700,2022-01-06T09:35:00
3.08877,3.08877,3.08877,3.08877,1641458040,2022-01-06T08:34:00
3.1023,3.1023,3.1023,3.1023,1641457320,2022-01-06T08:22:00
3.09224,3.09224,3.09224,3.09224,1641456360,2022-01-06T08:06:00
3.03304,3.05523,3.03304,3.05523,1641456180,2022-01-06T08:03:00
3.03027,3.03027,3.03027,3.03027,1641452940,2022-01-06T07:09:00
3.04031,3.04031,3.04031,3.04031,1641450480,2022-01-06T06:28:00
3.08001,3.08001,3.08001,3.08001,1641450300,2022-01-06T06:25:00
3.16047,3.16047,3.16047,3.16047,1641450180,2022-01-06T06:23:00
3.21735,3.21735,3.21735,3.21735,1641448740,2022-01-06T05:59:00
2.91808,2.91808,2.91808,2.91808,1641448680,2022-01-06T05:58:00
3.01951,3.01951,3.01951,3.01951,1641448620,2022-01-06T05:57:00
3.11291,3.11291,3.11291,3.11291,1641447120,2022-01-06T05:32:00
3.07076,3.07076,3.07076,3.07076,1641445200,2022-01-06T05:00:00
3.0506,3.0506,3.0506,3.0506,1641444960,2022-01-06T04:56:00
2.93614,2.93614,2.93614,2.93614,1641444720,2022-01-06T04:52:00
2.91073,2.91073,2.91073,2.91073,1641444540,2022-01-06T04:49:00
3.03035,3.03035,3.03035,3.03035,1641443700,2022-01-06T04:35:00
2.95738,2.95738,2.95738,2.95738,1641443400,2022-01-06T04:30:00
3.00526,3.00526,3.00526,3.00526,1641443280,2022-01-06T04:28:00
2.93703,3.03286,2.93703,3.03286,1641442980,2022-01-06T04:23:00
2.82344,2.85916,2.82344,2.85916,1641442920,2022-01-06T04:22:00
2.68979,2.68979,2.68979,2.68979,1641442860,2022-01-06T04:21:00
2.67409,2.67409,2.67409,2.67409,1641442800,2022-01-06T04:20:00
2.63879,2.63879,2.51941,2.51941,1641442740,2022-01-06T04:19:00
3.20797,3.20797,3.20797,3.20797,1641442560,2022-01-06T04:16:00
3.08028,3.08028,3.08028,3.08028,1641442500,2022-01-06T04:15:00
3.26867,3.26867,3.25292,3.25292,1641441240,2022-01-06T03:54:00
3.35107,3.35107,3.35107,3.35107,1641441120,2022-01-06T03:52:00
3.41523,3.41523,3.41523,3.41523,1641440820,2022-01-06T03:47:00
3.47013,3.47013,3.47013,3.47013,1641440700,2022-01-06T03:45:00
3.49626,3.50358,3.49626,3.50358,1641440640,2022-01-06T03:44:00
3.52173,3.52173,3.52173,3.52173,1641439980,2022-01-06T03:33:00
3.59011,3.59011,3.59011,3.59011,1641439440,2022-01-06T03:24:00
3.68017,3.68017,3.68017,3.68017,1641438420,2022-01-06T03:07:00
3.63122,3.63122,3.63122,3.63122,1641437880,2022-01-06T02:58:00
3.67701,3.67701,3.67701,3.67701,1641436740,2022-01-06T02:39:00
3.80628,3.80628,3.80628,3.80628,1641436140,2022-01-06T02:29:00
3.83165,3.83165,3.83165,3.83165,1641434100,2022-01-06T01:55:00
3.86467,3.86467,3.86467,3.86467,1641433860,2022-01-06T01:51:00
3.90535,3.90535,3.90535,3.90535,1641433440,2022-01-06T01:44:00
3.88996,3.90158,3.88996,3.90158,1641433380,2022-01-06T01:43:00
3.90418,3.90418,3.90418,3.90418,1641432480,2022-01-06T01:28:00
3.9048,3.9048,3.9048,3.9048,1641432120,2022-01-06T01:22:00
3.76892,3.76892,3.76892,3.76892,1641431340,2022-01-06T01:09:00
3.93732,3.93732,3.93732,3.93732,1641431220,2022-01-06T01:07:00
3.9103,3.9103,3.9103,3.9103,1641430440,2022-01-06T00:54:00
3.85046,3.85046,3.85046,3.85046,1641429660,2022-01-06T00:41:00
3.82842,3.82842,3.82842,3.82842,1641429600,2022-01-06T00:40:00
3.79787,3.79787,3.79787,3.79787,1641429120,2022-01-06T00:32:00
3.68716,3.68716,3.68716,3.68716,1641428460,2022-01-06T00:21:00
3.68465,3.68465,3.68465,3.68465,1641427200,2022-01-06T00:00:00
3.67235,3.67235,3.67235,3.67235,1641426600,2022-01-05T23:50:00
3.6265,3.6265,3.6265,3.6265,1641424980,2022-01-05T23:23:00
3.66514,3.66514,3.58794,3.58794,1641424920,2022-01-05T23:22:00
3.61663,3.93345,3.61663,3.93345,1641424740,2022-01-05T23:19:00
3.59039,3.59039,3.59039,3.59039,1641424680,2022-01-05T23:18:00
3.47621,3.47621,3.47621,3.47621,1641424500,2022-01-05T23:15:00
3.40396,3.40396,3.40396,3.40396,1641424200,2022-01-05T23:10:00
3.3796,3.3796,3.3796,3.3796,1641424140,2022-01-05T23:09:00
3.41006,3.41006,3.41006,3.41006,1641423720,2022-01-05T23:02:00
3.4929,3.4929,3.4929,3.4929,1641420360,2022-01-05T22:06:00
3.45741,3.45741,3.45741,3.45741,1641419400,2022-01-05T21:50:00
3.41698,3.41698,3.41698,3.41698,1641416040,2022-01-05T20:54:00
3.41294,3.41294,3.41294,3.41294,1641414720,2022-01-05T20:32:00
3.38934,3.38934,3.38934,3.38934,1641414600,2022-01-05T20:30:00
3.37278,3.37278,3.37278,3.37278,1641414360,2022-01-05T20:26:00
3.32385,3.32385,3.32385,3.32385,1641414240,2022-01-05T20:24:00
3.37273,3.37273,3.37273,3.37273,1641414180,2022-01-05T20:23:00
3.47976,3.47976,3.47976,3.47976,1641413580,2022-01-05T20:13:00
3.56781,3.56781,3.56781,3.56781,1641413400,2022-01-05T20:10:00
3.69766,3.69766,3.69766,3.69766,1641413100,2022-01-05T20:05:00
3.86741,3.86741,3.86741,3.86741,1641412500,2022-01-05T19:55:00
4.05088,4.05088,4.05088,4.05088,1641411480,2022-01-05T19:38:00
4.16157,4.16157,4.16157,4.16157,1641411360,2022-01-05T19:36:00
4.36051,4.36051,4.36051,4.36051,1641411240,2022-01-05T19:34:00
4.05535,4.05535,4.05535,4.05535,1641411120,2022-01-05T19:32:00
3.95124,3.95124,3.95124,3.95124,1641409800,2022-01-05T19:10:00
3.94963,3.94963,3.94963,3.94963,1641409560,2022-01-05T19:06:00
3.97177,3.97177,3.97177,3.97177,1641409320,2022-01-05T19:02:00
3.97509,3.97509,3.97509,3.97509,1641409260,2022-01-05T19:01:00
4.08472,4.08472,4.08472,4.08472,1641408360,2022-01-05T18:46:00
4.26892,4.26892,4.26892,4.26892,1641408300,2022-01-05T18:45:00
4.42508,4.42508,4.42508,4.42508,1641407340,2022-01-05T18:29:00
4.39899,4.39899,4.39899,4.39899,1641406740,2022-01-05T18:19:00
4.44958,4.44958,4.44958,4.44958,1641406560,2022-01-05T18:16:00
4.79537,4.79537,4.79537,4.79537,1641406320,2022-01-05T18:12:00
4.36471,4.36471,4.36471,4.36471,1641406080,2022-01-05T18:08:00
4.33121,4.33121,4.33121,4.33121,1641405480,2022-01-05T17:58:00
4.32467,4.32467,4.32467,4.32467,1641405300,2022-01-05T17:55:00
4.24166,4.24166,4.24166,4.24166,1641404880,2022-01-05T17:48:00
4.20791,4.20791,4.20791,4.20791,1641403560,2022-01-05T17:26:00
4.17268,4.17268,4.17268,4.17268,1641402840,2022-01-05T17:14:00
4.13133,4.13133,4.13133,4.13133,1641402600,2022-01-05T17:10:00
4.07964,4.07964,4.07964,4.07964,1641402360,2022-01-05T17:06:00
3.9334,3.9334,3.9334,3.9334,1641402300,2022-01-05T17:05:00
4.20732,4.20732,4.20732,4.20732,1641402240,2022-01-05T17:04:00
4.23326,4.27841,4.23326,4.27841,1641401880,2022-01-05T16:58:00
4.29965,4.29965,4.29965,4.29965,1641401580,2022-01-05T16:53:00
4.31474,4.31474,4.31474,4.31474,1641399480,2022-01-05T16:18:00
4.21105,4.21105,4.21105,4.21105,1641399420,2022-01-05T16:17:00
4.16698,4.16698,4.16698,4.16698,1641399060,2022-01-05T16:11:00
4.26519,4.26519,4.26519,4.26519,1641398640,2022-01-05T16:04:00
4.27753,4.27753,4.27753,4.27753,1641397140,2022-01-05T15:39:00
4.53015,4.53015,4.53015,4.53015,1641397020,2022-01-05T15:37:00
4.21211,4.21211,4.21211,4.21211,1641396900,2022-01-05T15:35:00
4.1153,4.1153,4.1153,4.1153,1641396600,2022-01-05T15:30:00
4.0957,4.0957,4.0957,4.0957,1641396360,2022-01-05T15:26:00
4.15872,4.15872,4.15872,4.15872,1641396180,2022-01-05T15:23:00
3.98762,4.12531,3.98762,4.12531,1641394800,2022-01-05T15:00:00
4.0071,4.0071,4.0071,4.0071,1641394740,2022-01-05T14:59:00
4.08851,4.08851,4.08851,4.08851,1641394560,2022-01-05T14:56:00
4.11873,4.11873,4.11873,4.11873,1641393420,2022-01-05T14:37:00
4.04655,4.04655,4.04655,4.04655,1641393300,2022-01-05T14:35:00
3.94001,3.94001,3.94001,3.94001,1641392700,2022-01-05T14:25:00
3.89178,3.89178,3.89178,3.89178,1641390840,2022-01-05T13:54:00
3.88066,3.88066,3.88066,3.88066,1641389580,2022-01-05T13:33:00
3.87457,3.87457,3.87457,3.87457,1641389040,2022-01-05T13:24:00
3.85897,3.85897,3.85897,3.85897,1641388860,2022-01-05T13:21:00
3.88549,3.88549,3.88549,3.88549,1641388620,2022-01-05T13:17:00
3.85511,3.85511,3.85511,3.85511,1641388440,2022-01-05T13:14:00
3.87457,3.87457,3.87457,3.87457,1641388380,2022-01-05T13:13:00
3.84695,3.84695,3.84695,3.84695,1641387900,2022-01-05T13:05:00
3.81141,3.81141,3.81141,3.81141,1641386820,2022-01-05T12:47:00
3.8508,3.8508,3.8508,3.8508,1641386100,2022-01-05T12:35:00
3.84038,3.84038,3.84038,3.84038,1641384540,2022-01-05T12:09:00
3.82999,3.82999,3.82999,3.82999,1641384240,2022-01-05T12:04:00
3.82542,3.82542,3.82542,3.82542,1641383700,2022-01-05T11:55:00
3.8661,3.8661,3.8661,3.8661,1641383400,2022-01-05T11:50:00
3.89548,3.89548,3.89548,3.89548,1641383280,2022-01-05T11:48:00
4.08472,4.08472,3.91815,3.91815,1641382980,2022-01-05T11:43:00
4.21386,4.21386,4.21386,4.21386,1641382800,2022-01-05T11:40:00
4.22998,4.22998,4.22998,4.22998,1641382500,2022-01-05T11:35:00
4.1388,4.1388,4.1388,4.1388,1641382260,2022-01-05T11:31:00
4.27911,4.27911,4.27911,4.27911,1641381900,2022-01-05T11:25:00
4.30412,4.30412,4.30412,4.30412,1641381300,2022-01-05T11:15:00
4.36516,4.36516,4.36516,4.36516,1641381180,2022-01-05T11:13:00
4.33191,4.33191,4.33191,4.33191,1641381060,2022-01-05T11:11:00
4.37352,4.45381,4.24068,4.24068,1641381000,2022-01-05T11:10:00
4.4333,4.4333,4.4333,4.4333,1641380760,2022-01-05T11:06:00
4.56882,4.56882,4.56882,4.56882,1641380580,2022-01-05T11:03:00
4.23296,4.23296,4.23296,4.23296,1641380520,2022-01-05T11:02:00
4.16459,4.16459,4.0485,4.0485,1641380460,2022-01-05T11:01:00
4.22514,4.22514,4.20329,4.20329,1641380160,2022-01-05T10:56:00
4.19879,4.19879,4.19879,4.19879,1641380100,2022-01-05T10:55:00
4.30538,4.30538,4.30538,4.30538,1641379740,2022-01-05T10:49:00
4.09474,4.09474,4.09474,4.09474,1641379680,2022-01-05T10:48:00
4.05219,4.05219,4.05219,4.05219,1641379620,2022-01-05T10:47:00
4.09791,4.09791,3.99355,3.99355,1641379560,2022-01-05T10:46:00
4.04914,4.04914,4.04914,4.04914,1641379440,2022-01-05T10:44:00
3.9522,3.9522,3.9522,3.9522,1641379380,2022-01-05T10:43:00
4.00615,4.00615,4.00615,4.00615,1641379260,2022-01-05T10:41:00
3.70657,3.75004,3.70657,3.75004,1641379080,2022-01-05T10:38:00
3.69901,3.70617,3.69901,3.70617,1641379020,2022-01-05T10:37:00
3.8332,3.8332,3.8332,3.8332,1641378960,2022-01-05T10:36:00
3.81876,3.81876,3.81876,3.81876,1641378900,2022-01-05T10:35:00
3.80283,3.80283,3.80283,3.80283,1641378720,2022-01-05T10:32:00
3.67753,3.67753,3.67753,3.67753,1641378660,2022-01-05T10:31:00
3.68677,3.68677,3.68677,3.68677,1641378540,2022-01-05T10:29:00
3.77364,3.77364,3.77364,3.77364,1641378420,2022-01-05T10:27:00
3.67597,3.67597,3.67597,3.67597,1641378360,2022-01-05T10:26:00
3.71288,3.71288,3.71288,3.71288,1641378300,2022-01-05T10:25:00
3.60898,3.82498,3.60898,3.82498,1641378060,2022-01-05T10:21:00
3.61261,3.66603,3.61261,3.66603,1641377940,2022-01-05T10:19:00
3.48327,3.60897,3.48327,3.60897,1641377880,2022-01-05T10:18:00
3.21593,3.40466,3.21593,3.3715,1641377820,2022-01-05T10:17:00
2.90607,3.05837,2.90607,3.05837,1641377760,2022-01-05T10:16:00
3.2556,3.2556,2.76743,2.76743,1641377700,2022-01-05T10:15:00
4.19555,4.19555,4.19555,4.19555,1641377520,2022-01-05T10:12:00
4.0896,4.0896,4.0896,4.0896,1641377400,2022-01-05T10:10:00
3.81111,3.81111,3.81111,3.81111,1641377340,2022-01-05T10:09:00
3.69331,3.69331,3.69331,3.69331,1641377280,2022-01-05T10:08:00
3.68967,3.68967,3.68967,3.68967,1641376560,2022-01-05T09:56:00
3.67632,3.67632,3.67632,3.67632,1641375900,2022-01-05T09:45:00
3.68551,3.70417,3.68551,3.70417,1641375840,2022-01-05T09:44:00
3.6811,3.6811,3.6811,3.6811,1641375780,2022-01-05T09:43:00
3.73388,3.73388,3.73388,3.73388,1641375540,2022-01-05T09:39:00
3.79678,3.79678,3.76232,3.76232,1641375300,2022-01-05T09:35:00
4.09111,4.09111,3.87251,3.87251,1641375180,2022-01-05T09:33:00
4.14435,4.14435,4.14435,4.14435,1641374760,2022-01-05T09:26:00
4.18919,4.18919,4.18919,4.18919,1641374280,2022-01-05T09:18:00
4.20052,4.20052,4.20052,4.20052,1641373740,2022-01-05T09:09:00
4.21256,4.21256,4.21256,4.21256,1641373440,2022-01-05T09:04:00
4.21683,4.21683,4.21683,4.21683,1641373020,2022-01-05T08:57:00
4.28367,4.28367,4.28367,4.28367,1641372540,2022-01-05T08:49:00
4.36367,4.36367,4.36367,4.36367,1641372000,2022-01-05T08:40:00
4.35462,4.35462,4.35462,4.35462,1641371940,2022-01-05T08:39:00
4.2321,4.2321,4.2321,4.2321,1641371640,2022-01-05T08:34:00
4.42105,4.42105,4.42105,4.42105,1641371400,2022-01-05T08:30:00
4.55188,4.55188,4.55188,4.55188,1641371280,2022-01-05T08:28:00
4.56765,4.56765,4.56765,4.56765,1641371160,2022-01-05T08:26:00
4.59914,4.59914,4.59914,4.59914,1641370920,2022-01-05T08:22:00
4.5773,4.5773,4.5773,4.5773,1641370500,2022-01-05T08:15:00
4.59272,4.59272,4.59272,4.59272,1641370020,2022-01-05T08:07:00
4.6109,4.65539,4.6109,4.65539,1641369900,2022-01-05T08:05:00
4.63834,4.63834,4.63834,4.63834,1641369840,2022-01-05T08:04:00
4.6229,4.6229,4.6229,4.6229,1641369720,2022-01-05T08:02:00
4.61956,4.61956,4.61956,4.61956,1641369540,2022-01-05T07:59:00
4.61891,4.61891,4.61891,4.61891,1641369480,2022-01-05T07:58:00
4.55558,4.55558,4.55558,4.55558,1641369000,2022-01-05T07:50:00
4.60739,4.60739,4.60739,4.60739,1641368940,2022-01-05T07:49:00
4.65559,4.65559,4.65559,4.65559,1641368760,2022-01-05T07:46:00
4.67877,4.67877,4.67877,4.67877,1641368700,2022-01-05T07:45:00
4.35851,4.74232,4.35851,4.74232,1641368580,2022-01-05T07:43:00
4.23849,4.23849,4.23849,4.23849,1641368340,2022-01-05T07:39:00
4.38686,4.38686,4.38686,4.38686,1641368160,2022-01-05T07:36:00
4.37567,4.37567,4.37567,4.37567,1641368040,2022-01-05T07:34:00
4.19012,4.19012,4.19012,4.19012,1641367980,2022-01-05T07:33:00
4.03903,4.34808,4.03903,4.34808,1641367380,2022-01-05T07:23:00
4.07748,4.07748,4.07748,4.07748,1641366960,2022-01-05T07:16:00
4.05415,4.05415,4.05415,4.05415,1641366840,2022-01-05T07:14:00
4.02654,4.02654,4.02654,4.02654,1641366480,2022-01-05T07:08:00
4.06818,4.06818,4.06818,4.06818,1641366420,2022-01-05T07:07:00
4.11167,4.11167,4.11167,4.11167,1641366180,2022-01-05T07:03:00
4.09098,4.09098,4.09098,4.09098,1641365940,2022-01-05T06:59:00
3.77079,3.77079,3.77079,3.77079,1641365760,2022-01-05T06:56:00
3.67777,3.67777,3.67777,3.67777,1641365460,2022-01-05T06:51:00
3.86746,3.86746,3.86746,3.86746,1641365220,2022-01-05T06:47:00
3.84904,3.84904,3.84904,3.84904,1641364980,2022-01-05T06:43:00
3.82902,3.82902,3.82902,3.82902,1641364440,2022-01-05T06:34:00
3.81081,3.81081,3.81081,3.81081,1641364320,2022-01-05T06:32:00
3.83424,3.83424,3.83424,3.83424,1641363960,2022-01-05T06:26:00
3.83117,3.83117,3.83117,3.83117,1641363780,2022-01-05T06:23:00
3.9675,3.9675,3.9675,3.9675,1641363660,2022-01-05T06:21:00
4.47528,4.47528,4.43566,4.43566,1641363420,2022-01-05T06:17:00
4.17262,4.17262,4.17262,4.17262,1641363300,2022-01-05T06:15:00
4.24927,4.24927,4.19501,4.19501,1641362940,2022-01-05T06:09:00
4.30207,4.30207,4.30207,4.30207,1641362880,2022-01-05T06:08:00
4.19939,4.19939,4.19939,4.19939,1641362820,2022-01-05T06:07:00
4.14571,4.14571,4.14571,4.14571,1641362760,2022-01-05T06:06:00
4.13317,4.13317,4.13317,4.13317,1641362460,2022-01-05T06:01:00
3.8149,3.8149,3.8149,3.8149,1641362400,2022-01-05T06:00:00
3.88275,3.88275,3.88275,3.88275,1641362220,2022-01-05T05:57:00
3.50318,3.50318,3.50318,3.50318,1641362100,2022-01-05T05:55:00
3.40087,3.40087,3.40087,3.40087,1641362040,2022-01-05T05:54:00
3.37,3.38714,3.37,3.38714,1641361080,2022-01-05T05:38:00
3.38401,3.38401,3.38401,3.38401,1641359820,2022-01-05T05:17:00
3.33301,3.33301,3.33301,3.33301,1641359340,2022-01-05T05:09:00
3.30486,3.30486,3.30486,3.30486,1641358680,2022-01-05T04:58:00
3.31715,3.32097,3.31715,3.32097,1641358620,2022-01-05T04:57:00
3.46383,3.46383,3.46383,3.46383,1641358500,2022-01-05T04:55:00
3.44429,3.44429,3.44429,3.44429,1641357900,2022-01-05T04:45:00
3.32557,3.32557,3.32557,3.32557,1641357720,2022-01-05T04:42:00
3.37112,3.37112,3.37112,3.37112,1641357660,2022-01-05T04:41:00
3.50525,3.50525,3.45309,3.45309,1641357480,2022-01-05T04:38:00
3.63599,3.63599,3.63599,3.63599,1641357000,2022-01-05T04:30:00
3.65448,3.65448,3.65448,3.65448,1641356040,2022-01-05T04:14:00
3.84588,3.84588,3.84588,3.84588,1641355860,2022-01-05T04:11:00
3.92383,3.92383,3.92383,3.92383,1641355320,2022-01-05T04:02:00
4.01514,4.01514,4.01514,4.01514,1641354480,2022-01-05T03:48:00
3.99917,3.99917,3.99917,3.99917,1641354360,2022-01-05T03:46:00
4.02641,4.02641,4.02641,4.02641,1641354180,2022-01-05T03:43:00
4.07861,4.07861,4.07861,4.07861,1641353820,2022-01-05T03:37:00
4.14685,4.14685,4.14685,4.14685,1641353520,2022-01-05T03:32:00
4.1712,4.1712,4.1712,4.1712,1641353400,2022-01-05T03:30:00
4.06818,4.06818,4.06818,4.06818,1641353340,2022-01-05T03:29:00
4.09362,4.09362,4.09362,4.09362,1641353220,2022-01-05T03:27:00
4.15355,4.15355,4.10676,4.10676,1641353100,2022-01-05T03:25:00
4.38254,4.38254,4.24754,4.24754,1641353040,2022-01-05T03:24:00
4.41341,4.41341,4.39628,4.39628,1641352980,2022-01-05T03:23:00
4.36194,4.36194,4.36194,4.36194,1641352920,2022-01-05T03:22:00
4.14782,4.14782,4.14782,4.14782,1641352860,2022-01-05T03:21:00
4.02559,4.02559,4.02559,4.02559,1641352680,2022-01-05T03:18:00
4.0533,4.0533,4.0533,4.0533,1641352620,2022-01-05T03:17:00
3.99921,3.99921,3.99921,3.99921,1641352440,2022-01-05T03:14:00
4.02231,4.02231,4.02231,4.02231,1641352380,2022-01-05T03:13:00
4.10299,4.10299,4.10299,4.10299,1641352260,2022-01-05T03:11:00
3.38946,3.38946,3.38946,3.38946,1641352020,2022-01-05T03:07:00
3.34651,3.34651,3.34651,3.34651,1641351900,2022-01-05T03:05:00
3.40041,3.40041,3.36043,3.36043,1641351780,2022-01-05T03:03:00
3.49129,3.49129,3.49129,3.49129,1641351480,2022-01-05T02:58:00
3.53219,3.53219,3.53219,3.53219,1641350280,2022-01-05T02:38:00
3.52019,3.52019,3.52019,3.52019,1641350160,2022-01-05T02:36:00
3.59534,3.59534,3.50565,3.50565,1641349560,2022-01-05T02:26:00
3.77798,3.77798,3.77798,3.77798,1641349500,2022-01-05T02:25:00
3.81704,3.81704,3.81704,3.81704,1641349440,2022-01-05T02:24:00
3.62593,3.62593,3.62593,3.62593,1641349320,2022-01-05T02:22:00
3.46903,3.46903,3.46903,3.46903,1641348960,2022-01-05T02:16:00
3.27067,3.33827,3.27067,3.33827,1641348720,2022-01-05T02:12:00
3.23412,3.23412,3.23412,3.23412,1641347520,2022-01-05T01:52:00
3.19289,3.19289,3.19289,3.19289,1641347340,2022-01-05T01:49:00
3.1654,3.1654,3.1654,3.1654,1641346560,2022-01-05T01:36:00
3.15937,3.15937,3.15937,3.15937,1641344520,2022-01-05T01:02:00
3.10405,3.10405,3.10405,3.10405,1641343200,2022-01-05T00:40:00
3.10279,3.10279,3.10279,3.10279,1641342900,2022-01-05T00:35:00
3.1419,3.1419,3.1419,3.1419,1641341520,2022-01-05T00:12:00
3.23949,3.23949,3.23949,3.23949,1641340140,2022-01-04T23:49:00
3.01561,3.0445,3.01561,3.0445,1641338100,2022-01-04T23:15:00
3.00832,3.00832,3.00832,3.00832,1641337740,2022-01-04T23:09:00
3.01851,3.01851,3.01851,3.01851,1641337680,2022-01-04T23:08:00
2.9873,2.9873,2.9873,2.9873,1641337560,2022-01-04T23:06:00
2.9953,2.9953,2.9953,2.9953,1641335400,2022-01-04T22:30:00
2.9906,2.9906,2.9906,2.9906,1641335100,2022-01-04T22:25:00
3.00133,3.00133,3.00133,3.00133,1641334800,2022-01-04T22:20:00
2.96216,2.96216,2.96216,2.96216,1641333720,2022-01-04T22:02:00
2.92748,2.92748,2.92748,2.92748,1641332940,2022-01-04T21:49:00
2.89688,2.89688,2.89688,2.89688,1641332700,2022-01-04T21:45:00
2.95017,2.95017,2.95017,2.95017,1641331320,2022-01-04T21:22:00
3.00371,3.00371,3.00371,3.00371,1641330540,2022-01-04T21:09:00
2.97794,2.97794,2.97794,2.97794,1641330480,2022-01-04T21:08:00
2.99076,2.99076,2.99076,2.99076,1641329580,2022-01-04T20:53:00
2.9819,2.9819,2.9819,2.9819,1641329520,2022-01-04T20:52:00
2.97501,2.97501,2.97501,2.97501,1641329400,2022-01-04T20:50:00
2.91893,2.91893,2.91893,2.91893,1641329340,2022-01-04T20:49:00
2.91042,2.91042,2.88674,2.88674,1641329280,2022-01-04T20:48:00
3.06265,3.06265,3.06265,3.06265,1641329100,2022-01-04T20:45:00
3.17131,3.17131,3.17131,3.17131,1641328380,2022-01-04T20:33:00
3.18412,3.18412,3.18412,3.18412,1641328080,2022-01-04T20:28:00
3.21574,3.21574,3.21574,3.21574,1641327900,2022-01-04T20:25:00
3.08383,3.08383,3.08383,3.08383,1641327600,2022-01-04T20:20:00
3.18604,3.18604,3.18604,3.18604,1641327180,2022-01-04T20:13:00
3.20696,3.20696,3.20696,3.20696,1641325680,2022-01-04T19:48:00
3.16046,3.16046,3.16046,3.16046,1641324840,2022-01-04T19:34:00
3.0874,3.0874,3.0874,3.0874,1641321780,2022-01-04T18:43:00
3.0257,3.0257,3.0257,3.0257,1641321720,2022-01-04T18:42:00
3.01359,3.01359,3.01359,3.01359,1641320160,2022-01-04T18:16:00
3.03882,3.03882,3.03882,3.03882,1641320040,2022-01-04T18:14:00
2.98761,2.98761,2.98761,2.98761,1641319860,2022-01-04T18:11:00
2.9283,2.9283,2.9283,2.9283,1641319620,2022-01-04T18:07:00
2.87469,2.87469,2.87469,2.87469,1641315660,2022-01-04T17:01:00
2.89848,2.89848,2.89848,2.89848,1641311760,2022-01-04T15:56:00
2.99519,2.99519,2.99519,2.99519,1641311700,2022-01-04T15:55:00
2.98742,2.98742,2.98742,2.98742,1641311460,2022-01-04T15:51:00
2.86929,2.86929,2.86929,2.86929,1641311160,2022-01-04T15:46:00
2.78152,2.78152,2.78152,2.78152,1641310860,2022-01-04T15:41:00
2.84077,2.84077,2.84077,2.84077,1641310500,2022-01-04T15:35:00
2.88042,2.88042,2.88042,2.88042,1641309360,2022-01-04T15:16:00
2.75335,2.83987,2.75335,2.83987,1641307800,2022-01-04T14:50:00
2.76968,2.76968,2.76968,2.76968,1641307620,2022-01-04T14:47:00
2.72706,2.72706,2.72706,2.72706,1641301260,2022-01-04T13:01:00
2.75218,2.75218,2.72542,2.72542,1641301020,2022-01-04T12:57:00
2.82594,2.82594,2.82594,2.82594,1641300480,2022-01-04T12:48:00
2.84961,2.84961,2.84961,2.84961,1641300240,2022-01-04T12:44:00
2.8702,2.8702,2.8702,2.8702,1641299820,2022-01-04T12:37:00
2.828,2.828,2.828,2.828,1641299520,2022-01-04T12:32:00
2.80137,2.80137,2.80137,2.80137,1641296040,2022-01-04T11:34:00
2.84404,2.84404,2.84404,2.84404,1641295560,2022-01-04T11:26:00
2.82698,2.82698,2.82698,2.82698,1641295380,2022-01-04T11:23:00
2.8043,2.8043,2.8043,2.8043,1641295260,2022-01-04T11:21:00
2.79137,2.79137,2.79137,2.79137,1641295080,2022-01-04T11:18:00
2.75774,2.75774,2.75774,2.75774,1641294120,2022-01-04T11:02:00
2.66494,2.66494,2.66494,2.66494,1641288360,2022-01-04T09:26:00
2.6249,2.6249,2.6249,2.6249,1641288300,2022-01-04T09:25:00
2.64055,2.64055,2.64055,2.64055,1641287280,2022-01-04T09:08:00
2.63219,2.63219,2.63219,2.63219,1641284880,2022-01-04T08:28:00
2.61316,2.61316,2.61316,2.61316,1641283200,2022-01-04T08:00:00
2.5992,2.5992,2.5992,2.5992,1641281100,2022-01-04T07:25:00
2.61367,2.61367,2.61367,2.61367,1641280260,2022-01-04T07:11:00
2.62108,2.62108,2.62108,2.62108,1641279480,2022-01-04T06:58:00
2.64722,2.64722,2.64722,2.64722,1641277200,2022-01-04T06:20:00
2.6836,2.6836,2.6836,2.6836,1641275820,2022-01-04T05:57:00
2.70885,2.70885,2.70885,2.70885,1641272880,2022-01-04T05:08:00
2.73166,2.73166,2.73166,2.73166,1641272580,2022-01-04T05:03:00
2.99535,2.99535,2.99535,2.99535,1641272340,2022-01-04T04:59:00
2.57813,2.57813,2.57813,2.57813,1641270720,2022-01-04T04:32:00
2.46547,2.46547,2.46547,2.46547,1641269040,2022-01-04T04:04:00
2.39098,2.39098,2.39098,2.39098,1641261960,2022-01-04T02:06:00
2.34863,2.34863,2.34863,2.34863,1641261180,2022-01-04T01:53:00
2.37727,2.37727,2.37727,2.37727,1641261120,2022-01-04T01:52:00
2.43928,2.43928,2.43928,2.43928,1641260280,2022-01-04T01:38:00
2.42846,2.42846,2.42846,2.42846,1641249960,2022-01-03T22:46:00
2.43335,2.43335,2.43335,2.43335,1641249900,2022-01-03T22:45:00
2.47759,2.47759,2.47759,2.47759,1641249720,2022-01-03T22:42:00
2.44802,2.44802,2.44802,2.44802,1641243540,2022-01-03T20:59:00
2.55996,2.55996,2.55996,2.55996,1641239880,2022-01-03T19:58:00
2.74742,2.74742,2.61506,2.61506,1641238620,2022-01-03T19:37:00
2.78919,2.78919,2.78919,2.78919,1641238560,2022-01-03T19:36:00
2.67973,2.67973,2.67973,2.67973,1641238440,2022-01-03T19:34:00
2.54475,2.54475,2.54475,2.54475,1641238140,2022-01-03T19:29:00
2.539,2.539,2.539,2.539,1641237900,2022-01-03T19:25:00
2.50267,2.50267,2.50267,2.50267,1641237660,2022-01-03T19:21:00
2.53078,2.53078,2.53078,2.53078,1641237300,2022-01-03T19:15:00
2.59523,2.59523,2.59523,2.59523,1641236760,2022-01-03T19:06:00
2.61739,2.61739,2.61739,2.61739,1641236040,2022-01-03T18:54:00
2.62792,2.62792,2.62792,2.62792,1641235980,2022-01-03T18:53:00
2.51382,2.51382,2.51382,2.51382,1641235860,2022-01-03T18:51:00
2.36481,2.36481,2.36481,2.36481,1641234660,2022-01-03T18:31:00
2.33269,2.33269,2.33269,2.33269,1641234000,2022-01-03T18:20:00
2.32201,2.32201,2.32201,2.32201,1641233520,2022-01-03T18:12:00
2.33012,2.33012,2.33012,2.33012,1641225420,2022-01-03T15:57:00
2.32054,2.33331,2.32054,2.33331,1641215880,2022-01-03T13:18:00
2.31215,2.31215,2.31215,2.31215,1641212280,2022-01-03T12:18:00
2.31274,2.31274,2.31274,2.31274,1641211980,2022-01-03T12:13:00
2.33879,2.33879,2.33879,2.33879,1641211380,2022-01-03T12:03:00
2.32959,2.32959,2.32959,2.32959,1641209100,2022-01-03T11:25:00
2.3166,2.3166,2.3166,2.3166,1641208260,2022-01-03T11:11:00
2.27727,2.30142,2.25781,2.30142,1641205500,2022-01-03T10:25:00
2.37074,2.37074,2.37074,2.37074,1641204360,2022-01-03T10:06:00
2.42049,2.42049,2.42049,2.42049,1641201000,2022-01-03T09:10:00
2.45252,2.45252,2.45252,2.45252,1641200700,2022-01-03T09:05:00
2.49543,2.49543,2.49543,2.49543,1641196200,2022-01-03T07:50:00
2.49955,2.49955,2.49955,2.49955,1641196080,2022-01-03T07:48:00
2.48189,2.48189,2.48189,2.48189,1641195720,2022-01-03T07:42:00
2.46658,2.46658,2.46658,2.46658,1641193440,2022-01-03T07:04:00
2.47147,2.47147,2.47147,2.47147,1641190800,2022-01-03T06:20:00
2.45887,2.45887,2.45887,2.45887,1641186120,2022-01-03T05:02:00
2.4564,2.4564,2.4564,2.4564,1641185160,2022-01-03T04:46:00
2.41602,2.41602,2.41602,2.41602,1641185100,2022-01-03T04:45:00
2.40848,2.40848,2.40848,2.40848,1641184980,2022-01-03T04:43:00
2.48963,2.48963,2.48963,2.48963,1641184860,2022-01-03T04:41:00
2.59386,2.59386,2.59386,2.59386,1641183720,2022-01-03T04:22:00
2.48486,2.48486,2.48486,2.48486,1641178680,2022-01-03T02:58:00
2.45587,2.45587,2.45587,2.45587,1641177660,2022-01-03T02:41:00
2.38735,2.38735,2.38735,2.38735,1641177420,2022-01-03T02:37:00
2.3452,2.3452,2.3452,2.3452,1641174600,2022-01-03T01:50:00
2.34045,2.34045,2.34045,2.34045,1641173160,2022-01-03T01:26:00
2.31765,2.31765,2.31765,2.31765,1641169980,2022-01-03T00:33:00
2.25645,2.25645,2.25645,2.25645,1641166080,2022-01-02T23:28:00
2.30802,2.30802,2.30802,2.30802,1641164160,2022-01-02T22:56:00
2.35588,2.35588,2.35588,2.35588,1641164100,2022-01-02T22:55:00
2.3785,2.3785,2.3785,2.3785,1641151800,2022-01-02T19:30:00
2.43655,2.43655,2.43655,2.43655,1641151200,2022-01-02T19:20:00
2.37067,2.37067,2.37067,2.37067,1641151140,2022-01-02T19:19:00
2.28523,2.28523,2.28523,2.28523,1641147300,2022-01-02T18:15:00
2.18531,2.18531,2.18531,2.18531,1641147120,2022-01-02T18:12:00
2.08904,2.08904,2.08904,2.08904,1641137580,2022-01-02T15:33:00
2.07422,2.07422,2.07422,2.07422,1641133980,2022-01-02T14:33:00
2.06697,2.06697,2.06697,2.06697,1641129780,2022-01-02T13:23:00
2.00883,2.00883,2.00883,2.00883,1641128940,2022-01-02T13:09:00
1.92012,1.92012,1.92012,1.92012,1641127560,2022-01-02T12:46:00
1.87627,1.87627,1.87627,1.87627,1641126060,2022-01-02T12:21:00
1.87119,1.87119,1.87119,1.87119,1641125700,2022-01-02T12:15:00
1.86179,1.86179,1.86179,1.86179,1641125040,2022-01-02T12:04:00
1.85793,1.85793,1.85793,1.85793,1641123420,2022-01-02T11:37:00
1.90586,1.90586,1.90586,1.90586,1641123360,2022-01-02T11:36:00
1.92284,1.92284,1.92284,1.92284,1641123240,2022-01-02T11:34:00
1.85088,1.85088,1.85088,1.85088,1641123120,2022-01-02T11:32:00
1.8103,1.8103,1.8103,1.8103,1641119880,2022-01-02T10:38:00
1.8221,1.8221,1.8221,1.8221,1641118800,2022-01-02T10:20:00
1.84587,1.84587,1.84587,1.84587,1641115260,2022-01-02T09:21:00
1.88304,1.88304,1.88304,1.88304,1641115020,2022-01-02T09:17:00
1.8642,1.8642,1.8642,1.8642,1641110580,2022-01-02T08:03:00
1.87342,1.87342,1.87342,1.87342,1641105180,2022-01-02T06:33:00
1.8983,1.8983,1.8983,1.8983,1641100920,2022-01-02T05:22:00
1.91892,1.91892,1.91892,1.91892,1641098640,2022-01-02T04:44:00
1.92322,1.92322,1.92322,1.92322,1641097980,2022-01-02T04:33:00
1.94706,1.94706,1.94706,1.94706,1641096720,2022-01-02T04:12:00
1.93294,1.93294,1.93294,1.93294,1641082620,2022-01-02T00:17:00
1.9282,1.9282,1.9282,1.9282,1641080340,2022-01-01T23:39:00
1.9448,1.9448,1.9448,1.9448,1641057900,2022-01-01T17:25:00
1.92977,1.92977,1.92977,1.92977,1641053580,2022-01-01T16:13:00
1.9336,1.9336,1.9336,1.9336,1641051960,2022-01-01T15:46:00
1.93858,1.93858,1.93858,1.93858,1641051780,2022-01-01T15:43:00
1.94545,1.94545,1.94545,1.94545,1641044220,2022-01-01T13:37:00
1.92492,1.92492,1.92492,1.92492,1641034020,2022-01-01T10:47:00
1.91799,1.91799,1.91799,1.91799,1641031920,2022-01-01T10:12:00
1.91279,1.91279,1.91279,1.91279,1641031800,2022-01-01T10:10:00
1.93535,1.93535,1.93535,1.93535,1641029160,2022-01-01T09:26:00
1.95902,1.95902,1.95902,1.95902,1641027780,2022-01-01T09:03:00
2.00023,2.00023,2.00023,2.00023,1641025380,2022-01-01T08:23:00
2.02281,2.02281,2.02281,2.02281,1641023280,2022-01-01T07:48:00
1.99332,1.99332,1.99332,1.99332,1641011760,2022-01-01T04:36:00
2.01068,2.01068,2.01068,2.01068,1641010380,2022-01-01T04:13:00
2.07294,2.07294,2.07294,2.07294,1641008220,2022-01-01T03:37:00
2.10591,2.10591,2.10591,2.10591,1641007500,2022-01-01T03:25:00
2.09645,2.09645,2.09645,2.09645,1641000660,2022-01-01T01:31:00
2.05197,2.05197,2.05197,2.05197,1640999580,2022-01-01T01:13:00
1.98953,1.98953,1.98953,1.98953,1640999160,2022-01-01T01:06:00
1.98504,1.98504,1.98504,1.98504,1640999100,2022-01-01T01:05:00
1.9941,1.9941,1.9941,1.9941,1640995620,2022-01-01T00:07:00
2.03094,2.03094,2.03094,2.03094,1640988480,2021-12-31T22:08:00
2.01738,2.01738,2.01738,2.01738,1640987820,2021-12-31T21:57:00
2.01625,2.01625,2.01625,2.01625,1640983440,2021-12-31T20:44:00
2.00614,2.00614,2.00614,2.00614,1640982600,2021-12-31T20:30:00
1.97704,1.97704,1.97704,1.97704,1640980680,2021-12-31T19:58:00
1.95301,1.95301,1.95301,1.95301,1640980440,2021-12-31T19:54:00
1.94511,1.94511,1.94511,1.94511,1640980380,2021-12-31T19:53:00
2.02001,2.02001,2.02001,2.02001,1640977440,2021-12-31T19:04:00
2.06464,2.06464,2.06464,2.06464,1640976480,2021-12-31T18:48:00
2.08109,2.08109,2.08109,2.08109,1640973600,2021-12-31T18:00:00
2.13102,2.13102,2.13102,2.13102,1640973180,2021-12-31T17:53:00
2.16998,2.16998,2.16998,2.16998,1640971020,2021-12-31T17:17:00
2.13502,2.20601,2.13502,2.20601,1640967540,2021-12-31T16:19:00
2.12177,2.12177,2.12177,2.12177,1640967480,2021-12-31T16:18:00
2.16977,2.16977,2.16977,2.16977,1640965680,2021-12-31T15:48:00
2.16704,2.1678,2.16704,2.1678,1640965620,2021-12-31T15:47:00
2.25239,2.25239,2.25239,2.25239,1640964900,2021-12-31T15:35:00
2.25912,2.25912,2.25912,2.25912,1640961060,2021-12-31T14:31:00
2.20337,2.20337,2.20337,2.20337,1640960100,2021-12-31T14:15:00
2.22333,2.22333,2.20693,2.20693,1640956560,2021-12-31T13:16:00
2.30029,2.30029,2.30029,2.30029,1640952720,2021-12-31T12:12:00
2.35142,2.35142,2.35142,2.35142,1640952540,2021-12-31T12:09:00
2.33058,2.33058,2.33058,2.33058,1640949060,2021-12-31T11:11:00
2.31045,2.31045,2.31045,2.31045,1640947980,2021-12-31T10:53:00
2.30416,2.30416,2.30416,2.30416,1640947860,2021-12-31T10:51:00
2.36466,2.36466,2.36466,2.36466,1640946420,2021-12-31T10:27:00
2.38526,2.38526,2.38526,2.38526,1640939400,2021-12-31T08:30:00
2.33847,2.33847,2.33847,2.33847,1640937540,2021-12-31T07:59:00
2.34956,2.34956,2.34956,2.34956,1640932380,2021-12-31T06:33:00
2.33412,2.33412,2.33412,2.33412,1640918520,2021-12-31T02:42:00
2.31671,2.31671,2.31671,2.31671,1640908860,2021-12-31T00:01:00
2.32148,2.32148,2.32148,2.32148,1640908800,2021-12-31T00:00:00
2.39969,2.39969,2.39969,2.39969,1640895360,2021-12-30T20:16:00
2.37255,2.37255,2.37255,2.37255,1640894220,2021-12-30T19:57:00
2.38047,2.38047,2.38047,2.38047,1640891700,2021-12-30T19:15:00
2.36645,2.36645,2.36645,2.36645,1640891340,2021-12-30T19:09:00
2.373,2.373,2.373,2.373,1640890560,2021-12-30T18:56:00
2.34244,2.34244,2.34244,2.34244,1640885400,2021-12-30T17:30:00
2.2955,2.2955,2.2955,2.2955,1640883180,2021-12-30T16:53:00
2.30942,2.30942,2.30942,2.30942,1640880900,2021-12-30T16:15:00
2.33957,2.33957,2.33957,2.33957,1640880300,2021-12-30T16:05:00
2.32097,2.32097,2.32097,2.32097,1640852220,2021-12-30T08:17:00
2.34991,2.34991,2.34991,2.34991,1640842140,2021-12-30T05:29:00
2.28071,2.28071,2.28071,2.28071,1640840460,2021-12-30T05:01:00
2.29598,2.29598,2.29598,2.29598,1640837220,2021-12-30T04:07:00
2.33162,2.33162,2.33162,2.33162,1640836860,2021-12-30T04:01:00
2.39777,2.39777,2.39777,2.39777,1640834100,2021-12-30T03:15:00
2.38055,2.38055,2.38055,2.38055,1640832600,2021-12-30T02:50:00
2.38474,2.38474,2.38474,2.38474,1640832360,2021-12-30T02:46:00
2.40378,2.40378,2.40378,2.40378,1640827920,2021-12-30T01:32:00
2.33291,2.33291,2.33291,2.33291,1640825760,2021-12-30T00:56:00
2.32087,2.32087,2.32087,2.32087,1640824620,2021-12-30T00:37:00
2.35507,2.35507,2.35507,2.35507,1640823720,2021-12-30T00:22:00
2.41022,2.41022,2.41022,2.41022,1640815620,2021-12-29T22:07:00
2.33014,2.33014,2.30994,2.30994,1640815380,2021-12-29T22:03:00
2.42427,2.42427,2.42427,2.42427,1640815320,2021-12-29T22:02:00
2.46645,2.46645,2.46645,2.46645,1640814660,2021-12-29T21:51:00
2.52369,2.52369,2.47353,2.47353,1640809800,2021-12-29T20:30:00
2.64325,2.64325,2.64325,2.64325,1640801580,2021-12-29T18:13:00
2.66216,2.66216,2.66216,2.66216,1640798460,2021-12-29T17:21:00
2.48876,2.48876,2.48876,2.48876,1640792460,2021-12-29T15:41:00
2.38239,2.38239,2.37023,2.37023,1640792100,2021-12-29T15:35:00
2.44537,2.44537,2.44537,2.44537,1640786580,2021-12-29T14:03:00
2.48481,2.48481,2.48481,2.48481,1640786520,2021-12-29T14:02:00
2.49343,2.49343,2.49343,2.49343,1640785380,2021-12-29T13:43:00
2.49015,2.49015,2.49015,2.49015,1640785080,2021-12-29T13:38:00
2.50505,2.50505,2.50505,2.50505,1640782080,2021-12-29T12:48:00
2.52825,2.52825,2.52825,2.52825,1640781120,2021-12-29T12:32:00
2.57701,2.57701,2.57701,2.57701,1640778840,2021-12-29T11:54:00
2.54948,2.54948,2.54948,2.54948,1640776860,2021-12-29T11:21:00
2.53354,2.53354,2.53354,2.53354,1640776800,2021-12-29T11:20:00
2.56427,2.56427,2.56427,2.56427,1640776740,2021-12-29T11:19:00
2.56641,2.56641,2.56641,2.56641,1640770620,2021-12-29T09:37:00
2.60829,2.60829,2.55922,2.55922,1640763660,2021-12-29T07:41:00
2.65285,2.65285,2.65285,2.65285,1640757180,2021-12-29T05:53:00
2.64317,2.64317,2.64317,2.64317,1640748300,2021-12-29T03:25:00
2.61395,2.61395,2.61395,2.61395,1640746500,2021-12-29T02:55:00
2.59695,2.59695,2.59695,2.59695,1640742240,2021-12-29T01:44:00
2.58315,2.58315,2.58315,2.58315,1640735160,2021-12-28T23:46:00
2.58877,2.58877,2.58877,2.58877,1640733840,2021-12-28T23:24:00
2.60194,2.60194,2.60194,2.60194,1640732820,2021-12-28T23:07:00
2.59725,2.59725,2.59725,2.59725,1640728980,2021-12-28T22:03:00
2.57932,2.57932,2.57932,2.57932,1640728380,2021-12-28T21:53:00
2.5055,2.5055,2.5055,2.5055,1640728080,2021-12-28T21:48:00
2.46616,2.46616,2.46616,2.46616,1640727660,2021-12-28T21:41:00
2.38804,2.43532,2.38804,2.43532,1640727420,2021-12-28T21:37:00
2.36954,2.36954,2.36954,2.36954,1640726700,2021-12-28T21:25:00
2.35816,2.36627,2.35816,2.36627,1640724960,2021-12-28T20:56:00
2.34018,2.34018,2.34018,2.34018,1640724120,2021-12-28T20:42:00
2.32251,2.32251,2.32251,2.32251,1640723160,2021-12-28T20:26:00
2.31042,2.31042,2.31042,2.31042,1640722500,2021-12-28T20:15:00
2.31507,2.31507,2.31507,2.31507,1640722440,2021-12-28T20:14:00
2.31942,2.31942,2.31942,2.31942,1640722320,2021-12-28T20:12:00
2.31204,2.31204,2.31204,2.31204,1640722260,2021-12-28T20:11:00
2.30678,2.30678,2.30678,2.30678,1640722140,2021-12-28T20:09:00
2.32995,2.32995,2.32995,2.32995,1640721420,2021-12-28T19:57:00
2.46168,2.46168,2.46168,2.46168,1640721360,2021-12-28T19:56:00
2.55807,2.55807,2.55807,2.55807,1640720520,2021-12-28T19:42:00
2.56821,2.56821,2.56821,2.56821,1640719860,2021-12-28T19:31:00
2.53337,2.53337,2.53337,2.53337,1640719800,2021-12-28T19:30:00
2.50754,2.50754,2.50754,2.50754,1640719740,2021-12-28T19:29:00
2.42329,2.45807,2.42329,2.45807,1640719680,2021-12-28T19:28:00
2.40556,2.40556,2.40556,2.40556,1640719620,2021-12-28T19:27:00
2.39256,2.39256,2.39256,2.39256,1640719560,2021-12-28T19:26:00
2.38252,2.38252,2.38252,2.38252,1640719380,2021-12-28T19:23:00
2.38377,2.38377,2.38377,2.38377,1640718300,2021-12-28T19:05:00
2.36202,2.36202,2.36202,2.36202,1640717040,2021-12-28T18:44:00
2.25362,2.25362,2.25362,2.25362,1640716020,2021-12-28T18:27:00
2.162,2.162,2.162,2.162,1640713860,2021-12-28T17:51:00
2.15024,2.15024,2.15024,2.15024,1640710200,2021-12-28T16:50:00
2.12924,2.12924,2.12924,2.12924,1640709720,2021-12-28T16:42:00
2.1299,2.1299,2.1299,2.1299,1640709300,2021-12-28T16:35:00
2.16203,2.16203,2.16203,2.16203,1640709240,2021-12-28T16:34:00
2.15406,2.15406,2.15406,2.15406,1640708880,2021-12-28T16:28:00
2.19229,2.19229,2.19229,2.19229,1640708580,2021-12-28T16:23:00
2.22808,2.22808,2.22808,2.22808,1640708400,2021-12-28T16:20:00
2.13532,2.23351,2.13532,2.23351,1640707740,2021-12-28T16:09:00
2.1132,2.1132,2.1132,2.1132,1640707680,2021-12-28T16:08:00
2.34728,2.34728,2.34728,2.34728,1640701140,2021-12-28T14:19:00
2.33607,2.33607,2.33607,2.33607,1640699160,2021-12-28T13:46:00
2.31742,2.31742,2.31742,2.31742,1640697660,2021-12-28T13:21:00
2.33484,2.33484,2.33484,2.33484,1640696940,2021-12-28T13:09:00
2.35474,2.35474,2.35474,2.35474,1640692380,2021-12-28T11:53:00
2.3683,2.3683,2.3683,2.3683,1640691960,2021-12-28T11:46:00
2.34984,2.34984,2.34984,2.34984,1640687340,2021-12-28T10:29:00
2.37508,2.37508,2.37508,2.37508,1640680320,2021-12-28T08:32:00
2.3914,2.3914,2.3914,2.3914,1640677980,2021-12-28T07:53:00
2.3305,2.3305,2.3305,2.3305,1640677140,2021-12-28T07:39:00
2.48196,2.48196,2.48196,2.48196,1640674380,2021-12-28T06:53:00
2.50698,2.50698,2.50698,2.50698,1640674200,2021-12-28T06:50:00
2.49067,2.49067,2.49067,2.49067,1640672760,2021-12-28T06:26:00
2.53161,2.53161,2.53161,2.53161,1640672640,2021-12-28T06:24:00
2.60995,2.60995,2.60995,2.60995,1640672520,2021-12-28T06:22:00
2.61698,2.61698,2.61698,2.61698,1640665320,2021-12-28T04:22:00
2.65243,2.65243,2.65243,2.65243,1640664360,2021-12-28T04:06:00
2.64051,2.64051,2.64051,2.64051,1640662320,2021-12-28T03:32:00
2.64809,2.64809,2.64809,2.64809,1640659860,2021-12-28T02:51:00
2.6517,2.6517,2.6517,2.6517,1640647920,2021-12-27T23:32:00
2.60898,2.60898,2.60898,2.60898,1640647620,2021-12-27T23:27:00
2.59262,2.59262,2.59262,2.59262,1640646540,2021-12-27T23:09:00
2.64792,2.64792,2.64792,2.64792,1640642880,2021-12-27T22:08:00
2.70007,2.70007,2.70007,2.70007,1640642340,2021-12-27T21:59:00
2.73097,2.73097,2.73097,2.73097,1640634060,2021-12-27T19:41:00
2.76374,2.76374,2.76374,2.76374,1640631060,2021-12-27T18:51:00
2.7718,2.7718,2.7718,2.7718,1640630820,2021-12-27T18:47:00
2.78191,2.78191,2.78191,2.78191,1640629920,2021-12-27T18:32:00
2.74963,2.74963,2.74963,2.74963,1640629260,2021-12-27T18:21:00
2.79425,2.79425,2.79425,2.79425,1640629200,2021-12-27T18:20:00
2.75305,2.80676,2.75305,2.80676,1640628660,2021-12-27T18:11:00
2.68372,2.70468,2.68372,2.70468,1640628540,2021-12-27T18:09:00
2.77923,2.77923,2.77923,2.77923,1640628480,2021-12-27T18:08:00
3.05204,3.05204,3.05204,3.05204,1640628420,2021-12-27T18:07:00
3.16727,3.16727,3.16727,3.16727,1640628300,2021-12-27T18:05:00
2.93895,3.11771,2.93895,3.11771,1640628060,2021-12-27T18:01:00
2.81604,2.81604,2.81604,2.81604,1640627760,2021-12-27T17:56:00
2.87346,2.87346,2.87346,2.87346,1640627640,2021-12-27T17:54:00
2.96632,2.96632,2.96632,2.96632,1640625480,2021-12-27T17:18:00
2.93952,2.93952,2.93952,2.93952,1640624520,2021-12-27T17:02:00
2.92221,2.92221,2.92221,2.92221,1640624460,2021-12-27T17:01:00
2.93478,2.93478,2.93478,2.93478,1640624340,2021-12-27T16:59:00
2.9032,2.9032,2.9032,2.9032,1640623980,2021-12-27T16:53:00
2.87921,2.87921,2.87921,2.87921,1640623680,2021-12-27T16:48:00
2.95581,2.95581,2.95581,2.95581,1640621700,2021-12-27T16:15:00
3.03939,3.03939,3.03939,3.03939,1640621460,2021-12-27T16:11:00
3.05682,3.05682,3.05682,3.05682,1640620740,2021-12-27T15:59:00
3.06759,3.06759,3.06759,3.06759,1640620620,2021-12-27T15:57:00
3.04854,3.04854,3.04854,3.04854,1640620320,2021-12-27T15:52:00
3.03719,3.03719,3.03719,3.03719,1640619840,2021-12-27T15:44:00
2.95366,2.95366,2.95366,2.95366,1640619540,2021-12-27T15:39:00
2.93209,2.93209,2.93209,2.93209,1640619480,2021-12-27T15:38:00
2.98644,2.98644,2.98644,2.98644,1640618880,2021-12-27T15:28:00
2.87142,2.87142,2.87142,2.87142,1640618760,2021-12-27T15:26:00
2.88872,2.88872,2.88872,2.88872,1640618040,2021-12-27T15:14:00
2.98403,2.98403,2.98403,2.98403,1640617260,2021-12-27T15:01:00
2.76357,2.76357,2.76357,2.76357,1640615400,2021-12-27T14:30:00
2.74446,2.74446,2.74446,2.74446,1640615160,2021-12-27T14:26:00
2.7517,2.7517,2.7517,2.7517,1640614500,2021-12-27T14:15:00
2.65969,2.65969,2.65969,2.65969,1640613060,2021-12-27T13:51:00
2.71878,2.71878,2.71878,2.71878,1640612520,2021-12-27T13:42:00
2.75459,2.75459,2.75459,2.75459,1640610060,2021-12-27T13:01:00
2.75742,2.75742,2.75742,2.75742,1640609220,2021-12-27T12:47:00
2.77772,2.77772,2.77772,2.77772,1640608800,2021-12-27T12:40:00
2.8167,2.8167,2.8167,2.8167,1640608680,2021-12-27T12:38:00
2.87445,2.87445,2.87445,2.87445,1640608620,2021-12-27T12:37:00
2.88775,2.88775,2.88775,2.88775,1640608320,2021-12-27T12:32:00
2.8438,2.8438,2.8438,2.8438,1640607840,2021-12-27T12:24:00
2.86162,2.86162,2.86162,2.86162,1640607720,2021-12-27T12:22:00
2.8581,2.8581,2.8581,2.8581,1640606640,2021-12-27T12:04:00
2.87184,2.87184,2.87184,2.87184,1640606400,2021-12-27T12:00:00
2.88682,2.88682,2.88682,2.88682,1640605020,2021-12-27T11:37:00
2.88329,2.88329,2.88329,2.88329,1640604720,2021-12-27T11:32:00
2.83654,2.83654,2.83654,2.83654,1640604420,2021-12-27T11:27:00
2.79174,2.79174,2.79174,2.79174,1640604300,2021-12-27T11:25:00
2.76972,2.76972,2.76972,2.76972,1640603340,2021-12-27T11:09:00
2.74414,2.74414,2.74414,2.74414,1640603280,2021-12-27T11:08:00
2.74784,2.74784,2.74784,2.74784,1640602860,2021-12-27T11:01:00
2.74919,2.74919,2.74919,2.74919,1640602800,2021-12-27T11:00:00
2.7237,2.7237,2.7237,2.7237,1640602740,2021-12-27T10:59:00
2.70928,2.70928,2.70928,2.70928,1640602500,2021-12-27T10:55:00
2.68192,2.68192,2.68192,2.68192,1640602200,2021-12-27T10:50:00
2.67497,2.67497,2.67497,2.67497,1640602080,2021-12-27T10:48:00
2.66785,2.66785,2.66785,2.66785,1640601960,2021-12-27T10:46:00
2.61778,2.61778,2.61778,2.61778,1640601060,2021-12-27T10:31:00
2.56704,2.56704,2.56704,2.56704,1640600640,2021-12-27T10:24:00
2.44137,2.44137,2.44137,2.44137,1640600220,2021-12-27T10:17:00
2.54338,2.54338,2.38791,2.38791,1640599200,2021-12-27T10:00:00
2.63678,2.63678,2.63678,2.63678,1640599080,2021-12-27T09:58:00
2.73289,2.73289,2.73289,2.73289,1640598960,2021-12-27T09:56:00
2.58745,2.58745,2.58745,2.58745,1640598900,2021-12-27T09:55:00
2.31488,2.31488,2.31488,2.31488,1640598780,2021-12-27T09:53:00
2.23703,2.23703,2.23703,2.23703,1640589540,2021-12-27T07:19:00
2.22382,2.22382,2.22382,2.22382,1640588940,2021-12-27T07:09:00
2.20541,2.20541,2.20541,2.20541,1640588280,2021-12-27T06:58:00
2.18157,2.18157,2.18157,2.18157,1640587860,2021-12-27T06:51:00
2.17702,2.17702,2.17702,2.17702,1640579220,2021-12-27T04:27:00
2.19516,2.19516,2.19516,2.19516,1640577420,2021-12-27T03:57:00
2.1753,2.1753,2.1753,2.1753,1640571120,2021-12-27T02:12:00
2.13448,2.13448,2.13448,2.13448,1640570580,2021-12-27T02:03:00
2.12524,2.12524,2.12524,2.12524,1640569680,2021-12-27T01:48:00
2.11064,2.11064,2.11064,2.11064,1640568720,2021-12-27T01:32:00
2.10565,2.10565,2.10565,2.10565,1640555640,2021-12-26T21:54:00
2.11252,2.11252,2.11252,2.11252,1640552820,2021-12-26T21:07:00
2.09603,2.09603,2.09603,2.09603,1640543460,2021-12-26T18:31:00
2.03903,2.03903,2.03903,2.03903,1640535780,2021-12-26T16:23:00
1.90302,1.90302,1.90302,1.90302,1640532600,2021-12-26T15:30:00
1.94035,1.94035,1.94035,1.94035,1640532540,2021-12-26T15:29:00
2.01901,2.01901,2.01901,2.01901,1640531760,2021-12-26T15:16:00
2.04291,2.04291,2.04291,2.04291,1640531340,2021-12-26T15:09:00
2.091,2.091,2.091,2.091,1640531280,2021-12-26T15:08:00
2.16959,2.16959,2.16959,2.16959,1640527140,2021-12-26T13:59:00
2.18348,2.18348,2.18348,2.18348,1640525400,2021-12-26T13:30:00
2.22102,2.22102,2.22102,2.22102,1640523780,2021-12-26T13:03:00
2.23452,2.23452,2.23452,2.23452,1640523720,2021-12-26T13:02:00
2.21415,2.21415,2.21415,2.21415,1640521980,2021-12-26T12:33:00
2.23136,2.23136,2.23136,2.23136,1640521560,2021-12-26T12:26:00
2.21442,2.21442,2.21442,2.21442,1640521260,2021-12-26T12:21:00
2.22661,2.22661,2.22661,2.22661,1640519700,2021-12-26T11:55:00
2.2006,2.2006,2.2006,2.2006,1640517480,2021-12-26T11:18:00
2.12623,2.12623,2.12623,2.12623,1640516820,2021-12-26T11:07:00
2.11086,2.11086,2.11086,2.11086,1640512200,2021-12-26T09:50:00
2.10208,2.10208,2.10208,2.10208,1640507820,2021-12-26T08:37:00
2.08681,2.08681,2.08681,2.08681,1640504340,2021-12-26T07:39:00
2.0996,2.0996,2.0996,2.0996,1640499840,2021-12-26T06:24:00
2.09265,2.09265,2.09265,2.09265,1640494740,2021-12-26T04:59:00
2.12371,2.12371,2.12371,2.12371,1640493120,2021-12-26T04:32:00
2.16986,2.16986,2.16986,2.16986,1640489400,2021-12-26T03:30:00
2.15835,2.15835,2.15835,2.15835,1640488260,2021-12-26T03:11:00
2.22781,2.22781,2.19276,2.19276,1640488200,2021-12-26T03:10:00
2.26589,2.26589,2.26589,2.26589,1640488080,2021-12-26T03:08:00
2.27709,2.3083,2.27709,2.3083,1640488020,2021-12-26T03:07:00
2.14054,2.14054,2.14054,2.14054,1640487900,2021-12-26T03:05:00
2.05017,2.05017,2.05017,2.05017,1640487240,2021-12-26T02:54:00
2.0879,2.0879,2.0879,2.0879,1640473320,2021-12-25T23:02:00
2.08135,2.08135,2.08135,2.08135,1640472840,2021-12-25T22:54:00
2.08237,2.08237,2.08237,2.08237,1640470320,2021-12-25T22:12:00
2.04462,2.04462,2.04462,2.04462,1640469660,2021-12-25T22:01:00
2.05214,2.05214,2.05214,2.05214,1640467800,2021-12-25T21:30:00
2.06554,2.06554,2.06554,2.06554,1640465880,2021-12-25T20:58:00
2.06524,2.06524,2.06524,2.06524,1640460240,2021-12-25T19:24:00
2.05647,2.05647,2.05647,2.05647,1640458620,2021-12-25T18:57:00
2.04114,2.04114,2.04114,2.04114,1640454600,2021-12-25T17:50:00
2.06483,2.06483,2.06483,2.06483,1640451960,2021-12-25T17:06:00
2.07935,2.07935,2.07935,2.07935,1640451720,2021-12-25T17:02:00
2.07593,2.07593,2.07593,2.07593,1640447340,2021-12-25T15:49:00
2.0887,2.0887,2.0887,2.0887,1640428020,2021-12-25T10:27:00
2.10378,2.10378,2.10378,2.10378,1640425620,2021-12-25T09:47:00
2.1166,2.1166,2.1166,2.1166,1640423400,2021-12-25T09:10:00
2.56733,2.56733,2.56733,2.56733,1640420700,2021-12-25T08:25:00
2.24335,2.24335,2.24335,2.24335,1640403480,2021-12-25T03:38:00
3.18584,3.18584,3.18584,3.18584,1640393640,2021-12-25T00:54:00
2.5268,2.5268,2.5268,2.5268,1640384280,2021-12-24T22:18:00
2.18106,2.18106,2.18106,2.18106,1640363880,2021-12-24T16:38:00
2.20936,2.20936,2.20936,2.20936,1640362200,2021-12-24T16:10:00
2.15936,2.15936,2.15936,2.15936,1640361240,2021-12-24T15:54:00
2.10047,2.10047,2.10047,2.10047,1640350740,2021-12-24T12:59:00
2.10147,2.10147,2.10147,2.10147,1640343000,2021-12-24T10:50:00
2.09921,2.09921,2.09921,2.09921,1640340960,2021-12-24T10:16:00
2.09302,2.09302,2.09302,2.09302,1640336400,2021-12-24T09:00:00
2.07862,2.07862,2.07862,2.07862,1640336160,2021-12-24T08:56:00
2.08605,2.08605,2.08605,2.08605,1640333700,2021-12-24T08:15:00
2.07966,2.07966,2.07966,2.07966,1640310420,2021-12-24T01:47:00
2.05677,2.05677,2.05677,2.05677,1640307060,2021-12-24T00:51:00
2.03793,2.03793,2.03793,2.03793,1640304660,2021-12-24T00:11:00
2.03617,2.03617,2.02595,2.02595,1640301900,2021-12-23T23:25:00
2.07039,2.07039,2.07039,2.07039,1640301360,2021-12-23T23:16:00
2.07897,2.07897,2.07897,2.07897,1640301180,2021-12-23T23:13:00
2.11794,2.11794,2.11794,2.11794,1640300640,2021-12-23T23:04:00
2.15724,2.15724,2.15724,2.15724,1640299800,2021-12-23T22:50:00
2.24312,2.24312,2.24312,2.24312,1640299440,2021-12-23T22:44:00
2.28569,2.28569,2.28569,2.28569,1640298540,2021-12-23T22:29:00
2.2242,2.2242,2.2242,2.2242,1640297700,2021-12-23T22:15:00
2.18157,2.18157,2.18157,2.18157,1640297520,2021-12-23T22:12:00
2.10696,2.10696,2.10696,2.10696,1640296320,2021-12-23T21:52:00
2.13184,2.13184,2.13184,2.13184,1640295900,2021-12-23T21:45:00
2.1648,2.1648,2.1648,2.1648,1640295720,2021-12-23T21:42:00
2.13313,2.13313,2.13313,2.13313,1640285760,2021-12-23T18:56:00
2.26425,2.26425,2.26425,2.26425,1640283900,2021-12-23T18:25:00
2.10893,2.10893,2.10893,2.10893,1640283720,2021-12-23T18:22:00
2.11553,2.11553,2.11553,2.11553,1640283600,2021-12-23T18:20:00
2.06114,2.06114,2.06114,2.06114,1640282640,2021-12-23T18:04:00
1.9804,1.9804,1.9804,1.9804,1640281500,2021-12-23T17:45:00
1.98246,1.98246,1.98246,1.98246,1640276760,2021-12-23T16:26:00
1.99498,1.99498,1.99498,1.99498,1640274180,2021-12-23T15:43:00
2.01552,2.01552,2.01552,2.01552,1640263980,2021-12-23T12:53:00
2.04467,2.04467,2.04467,2.04467,1640263680,2021-12-23T12:48:00
2.02485,2.02485,2.02485,2.02485,1640260860,2021-12-23T12:01:00
2.01393,2.01393,2.01393,2.01393,1640256840,2021-12-23T10:54:00
1.97997,1.97997,1.97997,1.97997,1640243700,2021-12-23T07:15:00
1.9666,1.9666,1.9666,1.9666,1640242860,2021-12-23T07:01:00
1.95381,1.95381,1.95381,1.95381,1640241960,2021-12-23T06:46:00
1.97139,1.97139,1.97139,1.97139,1640236380,2021-12-23T05:13:00
1.95996,1.95996,1.95996,1.95996,1640232240,2021-12-23T04:04:00
1.96119,1.96119,1.96119,1.96119,1640223600,2021-12-23T01:40:00
1.99725,1.99725,1.99725,1.99725,1640214660,2021-12-22T23:11:00
2.01171,2.01171,2.01171,2.01171,1640213040,2021-12-22T22:44:00
2.02269,2.02269,2.02269,2.02269,1640211300,2021-12-22T22:15:00
2.04004,2.04004,2.04004,2.04004,1640196480,2021-12-22T18:08:00
2.03816,2.03816,2.03816,2.03816,1640183400,2021-12-22T14:30:00
2.03299,2.03299,2.03299,2.03299,1640179980,2021-12-22T13:33:00
2.02584,2.02584,2.02584,2.02584,1640177100,2021-12-22T12:45:00
2.0548,2.0548,2.0548,2.0548,1640172360,2021-12-22T11:26:00
2.04412,2.04412,2.04412,2.04412,1640164200,2021-12-22T09:10:00
2.02899,2.02899,2.02899,2.02899,1640163420,2021-12-22T08:57:00
2.06121,2.06121,2.06121,2.06121,1640162520,2021-12-22T08:42:00
2.08105,2.08105,2.08105,2.08105,1640160960,2021-12-22T08:16:00
2.08628,2.08628,2.08628,2.08628,1640148900,2021-12-22T04:55:00
2.08088,2.08088,2.08088,2.08088,1640137080,2021-12-22T01:38:00
2.07468,2.07468,2.07468,2.07468,1640136840,2021-12-22T01:34:00
2.08745,2.08745,2.08745,2.08745,1640133780,2021-12-22T00:43:00
2.07591,2.07591,2.07591,2.07591,1640125440,2021-12-21T22:24:00
2.09512,2.09512,2.09512,2.09512,1640123160,2021-12-21T21:46:00
2.13442,2.13442,2.13442,2.13442,1640122680,2021-12-21T21:38:00
2.13101,2.13101,2.13101,2.13101,1640121900,2021-12-21T21:25:00
2.19977,2.19977,2.14693,2.14693,1640121600,2021-12-21T21:20:00
2.32689,2.32689,2.29748,2.29748,1640121120,2021-12-21T21:12:00
2.33428,2.33428,2.33428,2.33428,1640120940,2021-12-21T21:09:00
2.26189,2.26189,2.26189,2.26189,1640120760,2021-12-21T21:06:00
2.2019,2.2019,2.2019,2.2019,1640120340,2021-12-21T20:59:00
2.16825,2.16825,2.16825,2.16825,1640119800,2021-12-21T20:50:00
2.12717,2.12717,2.12717,2.12717,1640119560,2021-12-21T20:46:00
2.09931,2.09931,2.09931,2.09931,1640117460,2021-12-21T20:11:00
2.08199,2.08199,2.08199,2.08199,1640116980,2021-12-21T20:03:00
2.08302,2.08302,2.08302,2.08302,1640110620,2021-12-21T18:17:00
2.07297,2.07297,2.07297,2.07297,1640104200,2021-12-21T16:30:00
2.0609,2.0609,2.0609,2.0609,1640102820,2021-12-21T16:07:00
2.00626,2.00626,2.00626,2.00626,1640102700,2021-12-21T16:05:00
1.95113,1.95113,1.95113,1.95113,1640094900,2021-12-21T13:55:00
1.94103,1.94103,1.94103,1.94103,1640083320,2021-12-21T10:42:00
1.95277,1.95277,1.95277,1.95277,1640082180,2021-12-21T10:23:00
1.94786,1.94786,1.94786,1.94786,1640080800,2021-12-21T10:00:00
1.94846,1.94846,1.94846,1.94846,1640080620,2021-12-21T09:57:00
1.93663,1.93663,1.93663,1.93663,1640080140,2021-12-21T09:49:00
1.98556,1.98556,1.98556,1.98556,1640079060,2021-12-21T09:31:00
2.13865,2.13865,2.13865,2.13865,1640075760,2021-12-21T08:36:00
2.2284,2.2284,2.2284,2.2284,1640075220,2021-12-21T08:27:00
2.23749,2.23749,2.23749,2.23749,1640073780,2021-12-21T08:03:00
2.20101,2.20101,2.20101,2.20101,1640073600,2021-12-21T08:00:00
2.13171,2.13171,2.13171,2.13171,1640073480,2021-12-21T07:58:00
2.11432,2.11432,2.11432,2.11432,1640069580,2021-12-21T06:53:00
1.98438,1.98438,1.98438,1.98438,1640065740,2021-12-21T05:49:00
1.92622,1.92622,1.92622,1.92622,1640043720,2021-12-20T23:42:00
1.89469,1.89469,1.89469,1.89469,1640040840,2021-12-20T22:54:00
1.9053,1.9053,1.9053,1.9053,1640039820,2021-12-20T22:37:00
1.90645,1.90645,1.90645,1.90645,1640031420,2021-12-20T20:17:00
1.87848,1.87848,1.87848,1.87848,1640031240,2021-12-20T20:14:00
1.76522,1.76522,1.76522,1.76522,1640031120,2021-12-20T20:12:00
1.66683,1.66683,1.66683,1.66683,1640021940,2021-12-20T17:39:00
1.65018,1.65018,1.65018,1.65018,1640021400,2021-12-20T17:30:00
1.65694,1.65694,1.65694,1.65694,1640020260,2021-12-20T17:11:00
1.6616,1.6616,1.6616,1.6616,1640014500,2021-12-20T15:35:00
1.6676,1.6676,1.6676,1.6676,1640012280,2021-12-20T14:58:00
1.65815,1.65815,1.65815,1.65815,1640010960,2021-12-20T14:36:00
1.67393,1.67393,1.67393,1.67393,1640007900,2021-12-20T13:45:00
1.66953,1.66953,1.66953,1.66953,1640000460,2021-12-20T11:41:00
1.67196,1.67196,1.67196,1.67196,1639999560,2021-12-20T11:26:00
1.70419,1.70419,1.70419,1.70419,1639997280,2021-12-20T10:48:00
1.74109,1.74109,1.74109,1.74109,1639987440,2021-12-20T08:04:00
1.77083,1.77083,1.77083,1.77083,1639987380,2021-12-20T08:03:00
1.83071,1.83071,1.83071,1.83071,1639986060,2021-12-20T07:41:00
1.70235,1.70235,1.70235,1.70235,1639982040,2021-12-20T06:34:00
1.71852,1.71852,1.71852,1.71852,1639976460,2021-12-20T05:01:00
1.73114,1.73114,1.73114,1.73114,1639975320,2021-12-20T04:42:00
1.75867,1.75867,1.75867,1.75867,1639970940,2021-12-20T03:29:00
1.78346,1.78346,1.78346,1.78346,1639970820,2021-12-20T03:27:00
1.74797,1.74797,1.74797,1.74797,1639970700,2021-12-20T03:25:00
1.74323,1.78934,1.74323,1.78934,1639970460,2021-12-20T03:21:00
1.77099,1.77099,1.77099,1.77099,1639970400,2021-12-20T03:20:00
1.84545,1.84545,1.84545,1.84545,1639970100,2021-12-20T03:15:00
1.84358,1.84358,1.84358,1.84358,1639960140,2021-12-20T00:29:00
1.82672,1.82672,1.82672,1.82672,1639959540,2021-12-20T00:19:00
1.85,1.85,1.85,1.85,1639957800,2021-12-19T23:50:00
1.8599,1.8599,1.8599,1.8599,1639954200,2021-12-19T22:50:00
1.8679,1.8679,1.8679,1.8679,1639950900,2021-12-19T21:55:00
1.91277,1.91277,1.91277,1.91277,1639946520,2021-12-19T20:42:00
1.96631,1.96631,1.96631,1.96631,1639939620,2021-12-19T18:47:00
2.01581,2.01581,2.01581,2.01581,1639932900,2021-12-19T16:55:00
2.02748,2.02748,2.02748,2.02748,1639926060,2021-12-19T15:01:00
2.0735,2.0735,2.0735,2.0735,1639924920,2021-12-19T14:42:00
2.04112,2.04112,2.04112,2.04112,1639917360,2021-12-19T12:36:00
2.04558,2.04558,2.04558,2.04558,1639913940,2021-12-19T11:39:00
2.03847,2.03847,2.03847,2.03847,1639909860,2021-12-19T10:31:00
2.0166,2.0166,2.0166,2.0166,1639909740,2021-12-19T10:29:00
2.01259,2.01259,2.01259,2.01259,1639909260,2021-12-19T10:21:00
2.01448,2.01448,2.01448,2.01448,1639908240,2021-12-19T10:04:00
2.02273,2.02273,2.02273,2.02273,1639907820,2021-12-19T09:57:00
2.03674,2.03674,2.03674,2.03674,1639905120,2021-12-19T09:12:00
2.0468,2.0468,2.0468,2.0468,1639905000,2021-12-19T09:10:00
2.05649,2.05649,2.05649,2.05649,1639903620,2021-12-19T08:47:00
2.06496,2.06496,2.06496,2.06496,1639899180,2021-12-19T07:33:00
2.04628,2.04628,2.04628,2.04628,1639898400,2021-12-19T07:20:00
2.06576,2.06576,2.06576,2.06576,1639897440,2021-12-19T07:04:00
2.13603,2.13603,2.13603,2.13603,1639894740,2021-12-19T06:19:00
2.20762,2.20762,2.20762,2.20762,1639894200,2021-12-19T06:10:00
2.28299,2.28299,2.28299,2.28299,1639887720,2021-12-19T04:22:00
2.25772,2.25772,2.25772,2.25772,1639886220,2021-12-19T03:57:00
2.27156,2.27156,2.27156,2.27156,1639884720,2021-12-19T03:32:00
2.31009,2.31009,2.31009,2.31009,1639884480,2021-12-19T03:28:00
2.32664,2.32664,2.32664,2.32664,1639882680,2021-12-19T02:58:00
2.40266,2.40266,2.40266,2.40266,1639882620,2021-12-19T02:57:00
2.49165,2.49165,2.49165,2.49165,1639882560,2021-12-19T02:56:00
2.58372,2.58372,2.58372,2.58372,1639882500,2021-12-19T02:55:00
2.36672,2.36672,2.36672,2.36672,1639882440,2021-12-19T02:54:00
2.28918,2.28918,2.28918,2.28918,1639882140,2021-12-19T02:49:00
2.28185,2.28185,2.28185,2.28185,1639882080,2021-12-19T02:48:00
2.23926,2.23926,2.23926,2.23926,1639880760,2021-12-19T02:26:00
2.20275,2.20275,2.20275,2.20275,1639877340,2021-12-19T01:29:00
2.20479,2.20479,2.20479,2.20479,1639877160,2021-12-19T01:26:00
2.21089,2.21089,2.21089,2.21089,1639875960,2021-12-19T01:06:00
2.22637,2.22637,2.22637,2.22637,1639875420,2021-12-19T00:57:00
2.2143,2.2143,2.2143,2.2143,1639874580,2021-12-19T00:43:00
2.21347,2.21347,2.21347,2.21347,1639873680,2021-12-19T00:28:00
2.20805,2.20805,2.20805,2.20805,1639873500,2021-12-19T00:25:00
2.1986,2.20418,2.1986,2.20418,1639873380,2021-12-19T00:23:00
2.19601,2.19601,2.19601,2.19601,1639873260,2021-12-19T00:21:00
2.1867,2.1867,2.1867,2.1867,1639873080,2021-12-19T00:18:00
2.1535,2.22501,2.1535,2.22501,1639872960,2021-12-19T00:16:00
2.14379,2.14379,2.14379,2.14379,1639872900,2021-12-19T00:15:00
2.15592,2.15592,2.15592,2.15592,1639872840,2021-12-19T00:14:00
2.22146,2.22146,2.22146,2.22146,1639872720,2021-12-19T00:12:00
2.11007,2.11007,2.11007,2.11007,1639872660,2021-12-19T00:11:00
2.01749,2.01749,2.01749,2.01749,1639872420,2021-12-19T00:07:00
1.99842,1.99842,1.99842,1.99842,1639871460,2021-12-18T23:51:00
2.01165,2.01165,2.01165,2.01165,1639869840,2021-12-18T23:24:00
2.01205,2.01205,2.01205,2.01205,1639866120,2021-12-18T22:22:00
2.02186,2.02186,2.02186,2.02186,1639866000,2021-12-18T22:20:00
1.8847,1.8847,1.8847,1.8847,1639865940,2021-12-18T22:19:00
1.83093,1.83093,1.83093,1.83093,1639862760,2021-12-18T21:26:00
1.86921,1.86921,1.86921,1.86921,1639860840,2021-12-18T20:54:00
1.90627,1.90627,1.90627,1.90627,1639858440,2021-12-18T20:14:00
1.89097,1.89097,1.89097,1.89097,1639856040,2021-12-18T19:34:00
1.90197,1.90197,1.90197,1.90197,1639854480,2021-12-18T19:08:00
1.90229,1.90229,1.90229,1.90229,1639842180,2021-12-18T15:43:00
1.89606,1.89606,1.89606,1.89606,1639840800,2021-12-18T15:20:00
1.89542,1.89542,1.89542,1.89542,1639834380,2021-12-18T13:33:00
1.88645,1.88645,1.88645,1.88645,1639833900,2021-12-18T13:25:00
1.8373,1.8373,1.8373,1.8373,1639832520,2021-12-18T13:02:00
1.86386,1.86386,1.86386,1.86386,1639829640,2021-12-18T12:14:00
1.87174,1.87174,1.87174,1.87174,1639825020,2021-12-18T10:57:00
1.86993,1.86993,1.86993,1.86993,1639823940,2021-12-18T10:39:00
1.85456,1.85456,1.85456,1.85456,1639823040,2021-12-18T10:24:00
1.84949,1.84949,1.84949,1.84949,1639821240,2021-12-18T09:54:00
1.83619,1.83619,1.83619,1.83619,1639818540,2021-12-18T09:09:00
1.82633,1.82633,1.82633,1.82633,1639818300,2021-12-18T09:05:00
1.82655,1.82655,1.82655,1.82655,1639816140,2021-12-18T08:29:00
1.80217,1.80217,1.80217,1.80217,1639815780,2021-12-18T08:23:00
1.81208,1.81208,1.81208,1.81208,1639814280,2021-12-18T07:58:00
1.76017,1.76017,1.76017,1.76017,1639809060,2021-12-18T06:31:00
1.76186,1.76186,1.76186,1.76186,1639785120,2021-12-17T23:52:00
1.79144,1.79144,1.79144,1.79144,1639781880,2021-12-17T22:58:00
1.79702,1.79702,1.79702,1.79702,1639781520,2021-12-17T22:52:00
1.76105,1.76105,1.76105,1.76105,1639778280,2021-12-17T21:58:00
1.70075,1.70075,1.67414,1.67414,1639771740,2021-12-17T20:09:00
1.78281,1.78281,1.78281,1.78281,1639768800,2021-12-17T19:20:00
1.77302,1.77302,1.77302,1.77302,1639763220,2021-12-17T17:47:00
1.75506,1.75506,1.75506,1.75506,1639760400,2021-12-17T17:00:00
1.69188,1.69188,1.69188,1.69188,1639753320,2021-12-17T15:02:00
1.7797,1.7797,1.7797,1.7797,1639745100,2021-12-17T12:45:00
1.78698,1.78698,1.78698,1.78698,1639742520,2021-12-17T12:02:00
1.80094,1.80094,1.80094,1.80094,1639740120,2021-12-17T11:22:00
1.81197,1.81197,1.81197,1.81197,1639735560,2021-12-17T10:06:00
1.79541,1.79541,1.79541,1.79541,1639732260,2021-12-17T09:11:00
1.78335,1.78335,1.78335,1.78335,1639726500,2021-12-17T07:35:00
1.77705,1.77705,1.77705,1.77705,1639726440,2021-12-17T07:34:00
1.81334,1.81334,1.81334,1.81334,1639724640,2021-12-17T07:04:00
1.85638,1.85638,1.85638,1.85638,1639707300,2021-12-17T02:15:00
1.84718,1.84718,1.84718,1.84718,1639701960,2021-12-17T00:46:00
1.85217,1.85217,1.85217,1.85217,1639700700,2021-12-17T00:25:00
1.86463,1.86463,1.86463,1.86463,1639689360,2021-12-16T21:16:00
1.87776,1.87776,1.87776,1.87776,1639688340,2021-12-16T20:59:00
1.88904,1.88904,1.88904,1.88904,1639669080,2021-12-16T15:38:00
1.90158,1.90158,1.90158,1.90158,1639657140,2021-12-16T12:19:00
1.96976,1.96976,1.96976,1.96976,1639655820,2021-12-16T11:57:00
2.00802,2.00802,2.00802,2.00802,1639655280,2021-12-16T11:48:00
2.01455,2.01455,2.01455,2.01455,1639652460,2021-12-16T11:01:00
2.00753,2.00753,2.00753,2.00753,1639650900,2021-12-16T10:35:00
1.99395,1.99395,1.99395,1.99395,1639646760,2021-12-16T09:26:00
2.00445,2.00445,2.00445,2.00445,1639645140,2021-12-16T08:59:00
1.98996,1.98996,1.98996,1.98996,1639629660,2021-12-16T04:41:00
1.94305,1.94305,1.94305,1.94305,1639629300,2021-12-16T04:35:00
1.87552,1.87552,1.87552,1.87552,1639629060,2021-12-16T04:31:00
1.93119,1.93119,1.93119,1.93119,1639629000,2021-12-16T04:30:00
1.91667,1.91667,1.91667,1.91667,1639628940,2021-12-16T04:29:00
1.82375,1.82375,1.82375,1.82375,1639628040,2021-12-16T04:14:00
1.81857,1.81857,1.75931,1.75931,1639627980,2021-12-16T04:13:00
1.93927,1.93927,1.93927,1.93927,1639626900,2021-12-16T03:55:00
1.95742,1.95742,1.95742,1.95742,1639625220,2021-12-16T03:27:00
1.93516,1.93516,1.93516,1.93516,1639621800,2021-12-16T02:30:00
1.8894,1.8894,1.8894,1.8894,1639619400,2021-12-16T01:50:00
1.8561,1.8561,1.8561,1.8561,1639617420,2021-12-16T01:17:00
1.83792,1.83792,1.83792,1.83792,1639612380,2021-12-15T23:53:00
1.83298,1.83298,1.83298,1.83298,1639611960,2021-12-15T23:46:00
1.89459,1.89459,1.89459,1.89459,1639603320,2021-12-15T21:22:00
1.81183,1.81183,1.81183,1.81183,1639597320,2021-12-15T19:42:00
1.7164,1.7164,1.7164,1.7164,1639594920,2021-12-15T19:02:00
1.69954,1.69954,1.69954,1.69954,1639589580,2021-12-15T17:33:00
1.71337,1.71337,1.71337,1.71337,1639586220,2021-12-15T16:37:00
1.71971,1.71971,1.71971,1.71971,1639586040,2021-12-15T16:34:00
1.76791,1.76791,1.76791,1.76791,1639579500,2021-12-15T14:45:00
1.77172,1.77172,1.77172,1.77172,1639579440,2021-12-15T14:44:00
1.79321,1.79321,1.79321,1.79321,1639577340,2021-12-15T14:09:00
1.71173,1.71173,1.71173,1.71173,1639576020,2021-12-15T13:47:00
1.73961,1.73961,1.73961,1.73961,1639569240,2021-12-15T11:54:00
1.74132,1.74132,1.74132,1.74132,1639562940,2021-12-15T10:09:00
1.75601,1.75601,1.75601,1.75601,1639562760,2021-12-15T10:06:00
1.74654,1.74654,1.73226,1.73226,1639562520,2021-12-15T10:02:00
1.87824,1.87824,1.87824,1.87824,1639562460,2021-12-15T10:01:00
1.96965,1.96965,1.96965,1.96965,1639561560,2021-12-15T09:46:00
1.94506,1.94506,1.94506,1.94506,1639561380,2021-12-15T09:43:00
1.92433,1.92433,1.92433,1.92433,1639561260,2021-12-15T09:41:00
1.88263,1.88263,1.88263,1.88263,1639561140,2021-12-15T09:39:00
1.82242,1.82242,1.82242,1.82242,1639560900,2021-12-15T09:35:00
1.83832,1.83832,1.83832,1.83832,1639560840,2021-12-15T09:34:00
1.80314,1.80314,1.80314,1.80314,1639560720,2021-12-15T09:32:00
1.76204,1.76204,1.76204,1.76204,1639560600,2021-12-15T09:30:00
1.77475,1.77475,1.77475,1.77475,1639560480,2021-12-15T09:28:00
1.73413,1.73413,1.73413,1.73413,1639560360,2021-12-15T09:26:00
1.66496,1.66496,1.66496,1.66496,1639556460,2021-12-15T08:21:00
1.6656,1.6656,1.6656,1.6656,1639556400,2021-12-15T08:20:00
1.62162,1.62162,1.62162,1.62162,1639556340,2021-12-15T08:19:00
1.5603,1.5603,1.5603,1.5603,1639556040,2021-12-15T08:14:00
1.52648,1.52648,1.52648,1.52648,1639532460,2021-12-15T01:41:00
1.5608,1.5608,1.5608,1.5608,1639528260,2021-12-15T00:31:00
1.544,1.544,1.544,1.544,1639527420,2021-12-15T00:17:00
1.55174,1.55174,1.55174,1.55174,1639518420,2021-12-14T21:47:00
1.5087,1.5087,1.5087,1.5087,1639514100,2021-12-14T20:35:00
1.48439,1.48439,1.48439,1.48439,1639505460,2021-12-14T18:11:00
1.50412,1.50412,1.50412,1.50412,1639504200,2021-12-14T17:50:00
1.52111,1.52111,1.52111,1.52111,1639502580,2021-12-14T17:23:00
1.54027,1.54027,1.54027,1.54027,1639496820,2021-12-14T15:47:00
1.55025,1.55025,1.55025,1.55025,1639488360,2021-12-14T13:26:00
1.48154,1.48154,1.48154,1.48154,1639488300,2021-12-14T13:25:00
1.49973,1.49973,1.49973,1.49973,1639480920,2021-12-14T11:22:00
1.52498,1.52498,1.52498,1.52498,1639480560,2021-12-14T11:16:00
1.5002,1.5002,1.5002,1.5002,1639477020,2021-12-14T10:17:00
1.51501,1.51501,1.51501,1.51501,1639471200,2021-12-14T08:40:00
1.49787,1.49787,1.49787,1.49787,1639470600,2021-12-14T08:30:00
1.48794,1.48794,1.48794,1.48794,1639468200,2021-12-14T07:50:00
1.47615,1.47615,1.47615,1.47615,1639463700,2021-12-14T06:35:00
1.51479,1.51479,1.51479,1.51479,1639462740,2021-12-14T06:19:00
1.55465,1.55465,1.55465,1.55465,1639444260,2021-12-14T01:11:00
1.51345,1.51345,1.51345,1.51345,1639442700,2021-12-14T00:45:00
1.47212,1.47212,1.47212,1.47212,1639442040,2021-12-14T00:34:00
1.40566,1.40566,1.40566,1.40566,1639441380,2021-12-14T00:23:00
1.40106,1.40106,1.40106,1.40106,1639438860,2021-12-13T23:41:00
1.3964,1.3964,1.3964,1.3964,1639438440,2021-12-13T23:34:00
1.39499,1.39499,1.39499,1.39499,1639438080,2021-12-13T23:28:00
1.3928,1.3928,1.3928,1.3928,1639438020,2021-12-13T23:27:00
1.40446,1.40446,1.40446,1.40446,1639435320,2021-12-13T22:42:00
1.37661,1.37661,1.37661,1.37661,1639434000,2021-12-13T22:20:00
1.35004,1.35004,1.35004,1.35004,1639433340,2021-12-13T22:09:00
1.33308,1.33308,1.33308,1.33308,1639430100,2021-12-13T21:15:00
1.36111,1.36111,1.36111,1.36111,1639429740,2021-12-13T21:09:00
1.35669,1.35669,1.35669,1.35669,1639429140,2021-12-13T20:59:00
1.35679,1.35679,1.35679,1.35679,1639428300,2021-12-13T20:45:00
1.41508,1.41508,1.41508,1.41508,1639427820,2021-12-13T20:37:00
1.51092,1.51092,1.51092,1.51092,1639426500,2021-12-13T20:15:00
1.50496,1.50496,1.50496,1.50496,1639426080,2021-12-13T20:08:00
1.51325,1.51325,1.51325,1.51325,1639425780,2021-12-13T20:03:00
1.51207,1.51207,1.51207,1.51207,1639423380,2021-12-13T19:23:00
1.54144,1.54144,1.54144,1.54144,1639423020,2021-12-13T19:17:00
1.61493,1.61493,1.61493,1.61493,1639409220,2021-12-13T15:27:00
1.65996,1.65996,1.65996,1.65996,1639409160,2021-12-13T15:26:00
1.6854,1.6854,1.68139,1.68139,1639408680,2021-12-13T15:18:00
1.74076,1.74076,1.74076,1.74076,1639406820,2021-12-13T14:47:00
1.77068,1.77068,1.77068,1.77068,1639405140,2021-12-13T14:19:00
1.84596,1.84596,1.83883,1.83883,1639403940,2021-12-13T13:59:00
1.85696,1.85696,1.85696,1.85696,1639403040,2021-12-13T13:44:00
1.84548,1.84548,1.84548,1.84548,1639400940,2021-12-13T13:09:00
1.82961,1.82961,1.82961,1.82961,1639400400,2021-12-13T13:00:00
1.81875,1.81875,1.81875,1.81875,1639400100,2021-12-13T12:55:00
1.85551,1.85551,1.85551,1.85551,1639397400,2021-12-13T12:10:00
1.87755,1.87755,1.87755,1.87755,1639392900,2021-12-13T10:55:00
1.88537,1.88537,1.88537,1.88537,1639383480,2021-12-13T08:18:00
1.88366,1.88366,1.88366,1.88366,1639381800,2021-12-13T07:50:00
1.88891,1.88891,1.88891,1.88891,1639381620,2021-12-13T07:47:00
1.90885,1.90885,1.90885,1.90885,1639378380,2021-12-13T06:53:00
1.96253,1.96253,1.96253,1.96253,1639378200,2021-12-13T06:50:00
2.01959,2.01959,2.01959,2.01959,1639373100,2021-12-13T05:25:00
2.03318,2.03318,2.03318,2.03318,1639367040,2021-12-13T03:44:00
2.02665,2.02665,2.02665,2.02665,1639361220,2021-12-13T02:07:00
2.06355,2.06355,2.06355,2.06355,1639360440,2021-12-13T01:54:00
2.1493,2.1493,2.09445,2.09445,1639360140,2021-12-13T01:49:00
2.26484,2.26484,2.26484,2.26484,1639358400,2021-12-13T01:20:00
2.23414,2.23414,2.23414,2.23414,1639356840,2021-12-13T00:54:00
2.17796,2.17796,2.17796,2.17796,1639356180,2021-12-13T00:43:00
2.17967,2.17967,2.17967,2.17967,1639353900,2021-12-13T00:05:00
2.16774,2.16774,2.16774,2.16774,1639353600,2021-12-13T00:00:00
2.15396,2.15396,2.15396,2.15396,1639353480,2021-12-12T23:58:00
2.09213,2.09213,2.09213,2.09213,1639353240,2021-12-12T23:54:00
2.03957,2.03957,2.03957,2.03957,1639349100,2021-12-12T22:45:00
2.00546,2.00546,2.00546,2.00546,1639348620,2021-12-12T22:37:00
2.01523,2.01523,2.01523,2.01523,1639348320,2021-12-12T22:32:00
2.00767,2.00767,2.00767,2.00767,1639348200,2021-12-12T22:30:00
2.0068,2.0068,2.0068,2.0068,1639345920,2021-12-12T21:52:00
1.87229,1.94305,1.87229,1.94305,1639344900,2021-12-12T21:35:00
1.81252,1.81252,1.81252,1.81252,1639344780,2021-12-12T21:33:00
1.7435,1.7435,1.7435,1.7435,1639343460,2021-12-12T21:11:00
1.71478,1.71478,1.71478,1.71478,1639342680,2021-12-12T20:58:00
1.68277,1.68277,1.68277,1.68277,1639339860,2021-12-12T20:11:00
1.6687,1.6687,1.6687,1.6687,1639335360,2021-12-12T18:56:00
1.67853,1.67853,1.67853,1.67853,1639334520,2021-12-12T18:42:00
1.61973,1.61973,1.61973,1.61973,1639327620,2021-12-12T16:47:00
1.62383,1.62383,1.62383,1.62383,1639326240,2021-12-12T16:24:00
1.63684,1.63684,1.63684,1.63684,1639323600,2021-12-12T15:40:00
1.62532,1.62532,1.62532,1.62532,1639316640,2021-12-12T13:44:00
1.64505,1.64505,1.64505,1.64505,1639315260,2021-12-12T13:21:00
1.6735,1.6735,1.6735,1.6735,1639313820,2021-12-12T12:57:00
1.6638,1.6638,1.6638,1.6638,1639313340,2021-12-12T12:49:00
1.66412,1.66412,1.66412,1.66412,1639311300,2021-12-12T12:15:00
1.66863,1.66863,1.66863,1.66863,1639308720,2021-12-12T11:32:00
1.65009,1.65009,1.65009,1.65009,1639305480,2021-12-12T10:38:00
1.65423,1.65423,1.65423,1.65423,1639305180,2021-12-12T10:33:00
1.62359,1.62359,1.62359,1.62359,1639304460,2021-12-12T10:21:00
1.5878,1.5878,1.5878,1.5878,1639299120,2021-12-12T08:52:00
1.60069,1.60069,1.60069,1.60069,1639298760,2021-12-12T08:46:00
1.60446,1.60446,1.60446,1.60446,1639296360,2021-12-12T08:06:00
1.60816,1.60816,1.60816,1.60816,1639291440,2021-12-12T06:44:00
1.6059,1.6059,1.6059,1.6059,1639290600,2021-12-12T06:30:00
1.60561,1.60561,1.60561,1.60561,1639288140,2021-12-12T05:49:00
1.60543,1.60543,1.60543,1.60543,1639286340,2021-12-12T05:19:00
1.61388,1.61388,1.61388,1.61388,1639280580,2021-12-12T03:43:00
1.62369,1.62369,1.62369,1.62369,1639277220,2021-12-12T02:47:00
1.63269,1.63269,1.63269,1.63269,1639276320,2021-12-12T02:32:00
1.66629,1.66629,1.64955,1.64955,1639273920,2021-12-12T01:52:00
1.64599,1.64599,1.64599,1.64599,1639270380,2021-12-12T00:53:00
1.62304,1.62304,1.62304,1.62304,1639270320,2021-12-12T00:52:00
1.62623,1.62623,1.62623,1.62623,1639270260,2021-12-12T00:51:00
1.66679,1.66679,1.66679,1.66679,1639269120,2021-12-12T00:32:00
1.70473,1.70473,1.70473,1.70473,1639268280,2021-12-12T00:18:00
1.7315,1.7315,1.7315,1.7315,1639265820,2021-12-11T23:37:00
1.71418,1.71418,1.71418,1.71418,1639264140,2021-12-11T23:09:00
1.66974,1.66974,1.66974,1.66974,1639258200,2021-12-11T21:30:00
1.60991,1.60991,1.60991,1.60991,1639258020,2021-12-11T21:27:00
1.63732,1.63732,1.63732,1.63732,1639257900,2021-12-11T21:25:00
1.59672,1.59672,1.59672,1.59672,1639257780,2021-12-11T21:23:00
1.60713,1.60713,1.60713,1.60713,1639257420,2021-12-11T21:17:00
1.55573,1.55573,1.55573,1.55573,1639251840,2021-12-11T19:44:00
1.56491,1.56491,1.56491,1.56491,1639247400,2021-12-11T18:30:00
1.57557,1.57557,1.57557,1.57557,1639247100,2021-12-11T18:25:00
1.58041,1.58041,1.58041,1.58041,1639244580,2021-12-11T17:43:00
1.61099,1.61099,1.61099,1.61099,1639238580,2021-12-11T16:03:00
1.60391,1.60391,1.60391,1.60391,1639234380,2021-12-11T14:53:00
1.61184,1.61184,1.61184,1.61184,1639233900,2021-12-11T14:45:00
1.60114,1.60114,1.60114,1.60114,1639233720,2021-12-11T14:42:00
1.62308,1.62308,1.62308,1.62308,1639233600,2021-12-11T14:40:00
1.64235,1.64235,1.64235,1.64235,1639233300,2021-12-11T14:35:00
1.6713,1.6713,1.6713,1.6713,1639233060,2021-12-11T14:31:00
1.6911,1.6911,1.6911,1.6911,1639233000,2021-12-11T14:30:00
1.67314,1.67314,1.67314,1.67314,1639232940,2021-12-11T14:29:00
1.62305,1.62305,1.62305,1.62305,1639232880,2021-12-11T14:28:00
1.5853,1.5906,1.5853,1.5906,1639232820,2021-12-11T14:27:00
1.52703,1.52703,1.52703,1.52703,1639232760,2021-12-11T14:26:00
1.48603,1.48603,1.48603,1.48603,1639232280,2021-12-11T14:18:00
1.45777,1.45777,1.45777,1.45777,1639230960,2021-12-11T13:56:00
1.45096,1.45096,1.45096,1.45096,1639229940,2021-12-11T13:39:00
1.43703,1.43703,1.43703,1.43703,1639223040,2021-12-11T11:44:00
1.44656,1.44656,1.44656,1.44656,1639220340,2021-12-11T10:59:00
1.4556,1.4556,1.4556,1.4556,1639211580,2021-12-11T08:33:00
1.43951,1.43951,1.43951,1.43951,1639209120,2021-12-11T07:52:00
1.46685,1.46685,1.46685,1.46685,1639201440,2021-12-11T05:44:00
1.46632,1.46632,1.46632,1.46632,1639201260,2021-12-11T05:41:00
1.47357,1.47357,1.47357,1.47357,1639199100,2021-12-11T05:05:00
1.47671,1.47671,1.47671,1.47671,1639193460,2021-12-11T03:31:00
1.45797,1.45797,1.45797,1.45797,1639192680,2021-12-11T03:18:00
1.41707,1.41707,1.41707,1.41707,1639190520,2021-12-11T02:42:00
1.41736,1.41736,1.41736,1.41736,1639189260,2021-12-11T02:21:00
1.42118,1.42118,1.42118,1.42118,1639187340,2021-12-11T01:49:00
1.40688,1.40688,1.40688,1.40688,1639183200,2021-12-11T00:40:00
1.40277,1.40277,1.40277,1.40277,1639176720,2021-12-10T22:52:00
1.44392,1.44392,1.44392,1.44392,1639172340,2021-12-10T21:39:00
1.41579,1.41579,1.41579,1.41579,1639167480,2021-12-10T20:18:00
1.36329,1.36329,1.36329,1.36329,1639164600,2021-12-10T19:30:00
1.34803,1.34803,1.34803,1.34803,1639162440,2021-12-10T18:54:00
1.37495,1.37495,1.37495,1.37495,1639161720,2021-12-10T18:42:00
1.41714,1.41714,1.41714,1.41714,1639161240,2021-12-10T18:34:00
1.42597,1.42597,1.42597,1.42597,1639159140,2021-12-10T17:59:00
1.44637,1.44637,1.44637,1.44637,1639153020,2021-12-10T16:17:00
1.49785,1.49785,1.49785,1.49785,1639150200,2021-12-10T15:30:00
1.54112,1.54112,1.54112,1.54112,1639141860,2021-12-10T13:11:00
1.53241,1.53241,1.53241,1.53241,1639138800,2021-12-10T12:20:00
1.53629,1.53629,1.53629,1.53629,1639136880,2021-12-10T11:48:00
1.53114,1.53114,1.53114,1.53114,1639133700,2021-12-10T10:55:00
1.52359,1.52359,1.52359,1.52359,1639133580,2021-12-10T10:53:00
1.53411,1.53411,1.53411,1.53411,1639130280,2021-12-10T09:58:00
1.5264,1.5264,1.5264,1.5264,1639128240,2021-12-10T09:24:00
1.50678,1.50678,1.50678,1.50678,1639127220,2021-12-10T09:07:00
1.48573,1.48573,1.48573,1.48573,1639124340,2021-12-10T08:19:00
1.50702,1.50702,1.50702,1.50702,1639121700,2021-12-10T07:35:00
1.52644,1.52644,1.52644,1.52644,1639119720,2021-12-10T07:02:00
1.5346,1.5346,1.5346,1.5346,1639113360,2021-12-10T05:16:00
1.56075,1.56075,1.56075,1.56075,1639087320,2021-12-09T22:02:00
1.57497,1.57497,1.57497,1.57497,1639086900,2021-12-09T21:55:00
1.57749,1.57749,1.57749,1.57749,1639075200,2021-12-09T18:40:00
1.56713,1.56713,1.56713,1.56713,1639074960,2021-12-09T18:36:00
1.6015,1.6015,1.6015,1.6015,1639068660,2021-12-09T16:51:00
1.62874,1.62874,1.62874,1.62874,1639060620,2021-12-09T14:37:00
1.62479,1.62479,1.62479,1.62479,1639056660,2021-12-09T13:31:00
1.5942,1.5942,1.5942,1.5942,1639056180,2021-12-09T13:23:00
1.58871,1.58871,1.58871,1.58871,1639054260,2021-12-09T12:51:00
1.59398,1.59398,1.59398,1.59398,1639045740,2021-12-09T10:29:00
1.61413,1.61413,1.61413,1.61413,1639044900,2021-12-09T10:15:00
1.63648,1.63648,1.63648,1.63648,1639042740,2021-12-09T09:39:00
1.65256,1.65256,1.65256,1.65256,1639041420,2021-12-09T09:17:00
1.64816,1.64816,1.64816,1.64816,1639041180,2021-12-09T09:13:00
1.63294,1.63294,1.63294,1.63294,1639038840,2021-12-09T08:34:00
1.65731,1.65731,1.65731,1.65731,1639038780,2021-12-09T08:33:00
1.76362,1.76362,1.76362,1.76362,1639038720,2021-12-09T08:32:00
1.78353,1.78353,1.78353,1.78353,1639035120,2021-12-09T07:32:00
1.72175,1.72175,1.72175,1.72175,1639027920,2021-12-09T05:32:00
1.75331,1.75331,1.75331,1.75331,1639022220,2021-12-09T03:57:00
1.84839,1.84839,1.84839,1.84839,1639008240,2021-12-09T00:04:00
1.87953,1.87953,1.87953,1.87953,1639006800,2021-12-08T23:40:00
1.96837,1.96837,1.96837,1.96837,1639000020,2021-12-08T21:47:00
1.79016,1.79016,1.79016,1.79016,1638992760,2021-12-08T19:46:00
1.80685,1.80685,1.80685,1.80685,1638987840,2021-12-08T18:24:00
1.7849,1.7849,1.7849,1.7849,1638983220,2021-12-08T17:07:00
1.7577,1.7577,1.7577,1.7577,1638982260,2021-12-08T16:51:00
1.75538,1.75538,1.75538,1.75538,1638980640,2021-12-08T16:24:00
1.70558,1.70558,1.70558,1.70558,1638971580,2021-12-08T13:53:00
1.69756,1.69756,1.69756,1.69756,1638968160,2021-12-08T12:56:00
1.69003,1.69003,1.69003,1.69003,1638966480,2021-12-08T12:28:00
1.73013,1.73013,1.73013,1.73013,1638959640,2021-12-08T10:34:00
1.75438,1.75438,1.75438,1.75438,1638959520,2021-12-08T10:32:00
1.80064,1.80064,1.80064,1.80064,1638958560,2021-12-08T10:16:00
1.83923,1.83923,1.83923,1.83923,1638956100,2021-12-08T09:35:00
1.84885,1.84885,1.84885,1.84885,1638954720,2021-12-08T09:12:00
1.83587,1.83587,1.83587,1.83587,1638954600,2021-12-08T09:10:00
1.8099,1.8099,1.8099,1.8099,1638951780,2021-12-08T08:23:00
1.77231,1.77231,1.77231,1.77231,1638949740,2021-12-08T07:49:00
1.78527,1.78527,1.78527,1.78527,1638929400,2021-12-08T02:10:00
1.83782,1.83782,1.83782,1.83782,1638927360,2021-12-08T01:36:00
1.86376,1.86376,1.86376,1.86376,1638922740,2021-12-08T00:19:00
1.82351,1.82351,1.82351,1.82351,1638920160,2021-12-07T23:36:00
1.79899,1.79899,1.79899,1.79899,1638906360,2021-12-07T19:46:00
1.829,1.829,1.829,1.829,1638891660,2021-12-07T15:41:00
1.84736,1.84736,1.84736,1.84736,1638889800,2021-12-07T15:10:00
1.84492,1.84492,1.84492,1.84492,1638888900,2021-12-07T14:55:00
1.85029,1.85029,1.85029,1.85029,1638885000,2021-12-07T13:50:00
1.85404,1.85404,1.85404,1.85404,1638883440,2021-12-07T13:24:00
1.80476,1.82195,1.80388,1.82195,1638882900,2021-12-07T13:15:00
1.81785,1.81785,1.81785,1.81785,1638882000,2021-12-07T13:00:00
1.83231,1.83231,1.83231,1.83231,1638879660,2021-12-07T12:21:00
1.85663,1.85663,1.85663,1.85663,1638875760,2021-12-07T11:16:00
1.81775,1.81775,1.81775,1.81775,1638868740,2021-12-07T09:19:00
1.78671,1.78671,1.75607,1.75607,1638864480,2021-12-07T08:08:00
1.8482,1.8482,1.8482,1.8482,1638861900,2021-12-07T07:25:00
1.8555,1.8555,1.8555,1.8555,1638860460,2021-12-07T07:01:00
1.85384,1.85384,1.85384,1.85384,1638852360,2021-12-07T04:46:00
1.87237,1.87237,1.87237,1.87237,1638850980,2021-12-07T04:23:00
1.91026,1.91026,1.91026,1.91026,1638843240,2021-12-07T02:14:00
1.94344,1.94344,1.94344,1.94344,1638843060,2021-12-07T02:11:00
1.92678,1.92678,1.92678,1.92678,1638838500,2021-12-07T00:55:00
1.97866,1.97866,1.97866,1.97866,1638836280,2021-12-07T00:18:00
2.05499,2.05499,2.05499,2.05499,1638834840,2021-12-06T23:54:00
2.07221,2.07221,2.07221,2.07221,1638831060,2021-12-06T22:51:00
2.04339,2.04339,2.04339,2.04339,1638826680,2021-12-06T21:38:00
2.02686,2.02686,2.02686,2.02686,1638824640,2021-12-06T21:04:00
2.03077,2.03077,2.03077,2.03077,1638824460,2021-12-06T21:01:00
2.03605,2.03605,2.03605,2.03605,1638823140,2021-12-06T20:39:00
1.95596,1.95596,1.95596,1.95596,1638819240,2021-12-06T19:34:00
1.86658,1.86658,1.86658,1.86658,1638816240,2021-12-06T18:44:00
1.84451,1.84451,1.84451,1.84451,1638811800,2021-12-06T17:30:00
1.79843,1.79843,1.79843,1.79843,1638809400,2021-12-06T16:50:00
1.75468,1.75468,1.75468,1.75468,1638809280,2021-12-06T16:48:00
1.68116,1.68116,1.68116,1.68116,1638809220,2021-12-06T16:47:00
1.64522,1.64522,1.64522,1.64522,1638800700,2021-12-06T14:25:00
1.63675,1.63675,1.63675,1.63675,1638799440,2021-12-06T14:04:00
1.64338,1.64338,1.64338,1.64338,1638795060,2021-12-06T12:51:00
1.61732,1.61732,1.61732,1.61732,1638792900,2021-12-06T12:15:00
1.58739,1.58739,1.58739,1.58739,1638789960,2021-12-06T11:26:00
1.6066,1.6066,1.6066,1.6066,1638789360,2021-12-06T11:16:00
1.59979,1.59979,1.59979,1.59979,1638788820,2021-12-06T11:07:00
1.53378,1.53378,1.53378,1.53378,1638787080,2021-12-06T10:38:00
1.63624,1.63624,1.63624,1.63624,1638786840,2021-12-06T10:34:00
1.70213,1.70213,1.70213,1.70213,1638785220,2021-12-06T10:07:00
1.69249,1.69249,1.69249,1.69249,1638785100,2021-12-06T10:05:00
1.69437,1.69437,1.68051,1.68051,1638784920,2021-12-06T10:02:00
1.80384,1.80384,1.80384,1.80384,1638784800,2021-12-06T10:00:00
1.81626,1.81626,1.81626,1.81626,1638784680,2021-12-06T09:58:00
1.93169,1.93169,1.93169,1.93169,1638781920,2021-12-06T09:12:00
1.96207,1.96207,1.96207,1.96207,1638781500,2021-12-06T09:05:00
1.96995,1.96995,1.96995,1.96995,1638780960,2021-12-06T08:56:00
1.9695,1.9695,1.9695,1.9695,1638778380,2021-12-06T08:13:00
1.94803,1.94803,1.94803,1.94803,1638775020,2021-12-06T07:17:00
1.97549,1.97549,1.97549,1.97549,1638774720,2021-12-06T07:12:00
2.01057,2.01057,2.01057,2.01057,1638773040,2021-12-06T06:44:00
2.02074,2.02074,2.02074,2.02074,1638769380,2021-12-06T05:43:00
2.08121,2.08121,2.08121,2.08121,1638769320,2021-12-06T05:42:00
2.16594,2.16594,2.16594,2.16594,1638768960,2021-12-06T05:36:00
2.17356,2.17356,2.17356,2.17356,1638761460,2021-12-06T03:31:00
2.04443,2.04443,2.04443,2.04443,1638761040,2021-12-06T03:24:00
2.10909,2.10909,2.10909,2.10909,1638754800,2021-12-06T01:40:00
2.07949,2.07949,2.07949,2.07949,1638748920,2021-12-06T00:02:00
2.05539,2.05539,2.05539,2.05539,1638746340,2021-12-05T23:19:00
2.02399,2.02399,2.02399,2.02399,1638743880,2021-12-05T22:38:00
1.96344,1.96344,1.96344,1.96344,1638740160,2021-12-05T21:36:00
2.12111,2.12111,2.12111,2.12111,1638730740,2021-12-05T18:59:00
2.24277,2.24277,2.24277,2.24277,1638712500,2021-12-05T13:55:00
3.2262,3.2262,3.2262,3.2262,1638708180,2021-12-05T12:43:00
2.31193,2.31193,2.31193,2.31193,1638700380,2021-12-05T10:33:00
2.55132,2.55132,2.55132,2.55132,1638700020,2021-12-05T10:27:00
3.309,3.309,3.309,3.309,1638698280,2021-12-05T09:58:00
3.10417,3.10417,3.10417,3.10417,1638691320,2021-12-05T08:02:00
2.27683,2.27683,2.27683,2.27683,1638690000,2021-12-05T07:40:00
2.28692,2.28692,2.28692,2.28692,1638687780,2021-12-05T07:03:00
2.28383,2.28383,2.28383,2.28383,1638683760,2021-12-05T05:56:00
2.2791,2.2791,2.2791,2.2791,1638681000,2021-12-05T05:10:00
2.29425,2.29425,2.29425,2.29425,1638680160,2021-12-05T04:56:00
2.28112,2.28112,2.28112,2.28112,1638678960,2021-12-05T04:36:00
2.29627,2.29627,2.29627,2.29627,1638674340,2021-12-05T03:19:00
2.31224,2.31224,2.31224,2.31224,1638674100,2021-12-05T03:15:00
2.38717,2.38717,2.38717,2.38717,1638670320,2021-12-05T02:12:00
2.47648,2.47648,2.47648,2.47648,1638669900,2021-12-05T02:05:00
2.50615,2.50615,2.50615,2.50615,1638665640,2021-12-05T00:54:00
2.53366,2.53366,2.53366,2.53366,1638663840,2021-12-05T00:24:00
2.47613,2.47613,2.47613,2.47613,1638661140,2021-12-04T23:39:00
2.43811,2.43811,2.43811,2.43811,1638660480,2021-12-04T23:28:00
2.31263,2.31263,2.31263,2.31263,1638660360,2021-12-04T23:26:00
2.17812,2.17812,2.17812,2.17812,1638660240,2021-12-04T23:24:00
2.09601,2.09601,2.09601,2.09601,1638654300,2021-12-04T21:45:00
2.08459,2.08459,2.08459,2.08459,1638639660,2021-12-04T17:41:00
2.06747,2.06747,2.06747,2.06747,1638632100,2021-12-04T15:35:00
2.06268,2.06268,2.06268,2.06268,1638631680,2021-12-04T15:28:00
2.00523,2.00523,2.00523,2.00523,1638629580,2021-12-04T14:53:00
2.00231,2.00231,2.00231,2.00231,1638628860,2021-12-04T14:41:00
1.97478,1.97478,1.97478,1.97478,1638624300,2021-12-04T13:25:00
1.97682,1.97682,1.97682,1.97682,1638621480,2021-12-04T12:38:00
1.95196,1.95196,1.95196,1.95196,1638618360,2021-12-04T11:46:00
1.95779,1.95779,1.95779,1.95779,1638617460,2021-12-04T11:31:00
1.9685,1.9685,1.9685,1.9685,1638617400,2021-12-04T11:30:00
1.9967,1.9967,1.9967,1.9967,1638615780,2021-12-04T11:03:00
2.07125,2.07125,2.07125,2.07125,1638607020,2021-12-04T08:37:00
2.03728,2.03728,2.03728,2.03728,1638604020,2021-12-04T07:47:00
2.00954,2.00954,2.00954,2.00954,1638598320,2021-12-04T06:12:00
2.03098,2.03098,2.03098,2.03098,1638595260,2021-12-04T05:21:00
2.13765,2.13765,2.13765,2.13765,1638591360,2021-12-04T04:16:00
2.25535,2.25535,2.25535,2.25535,1638590580,2021-12-04T04:03:00
2.40681,2.40681,2.40681,2.40681,1638583620,2021-12-04T02:07:00
2.37791,2.37791,2.37791,2.37791,1638582900,2021-12-04T01:55:00
2.37143,2.37143,2.37143,2.37143,1638582660,2021-12-04T01:51:00
2.34481,2.34481,2.34481,2.34481,1638581700,2021-12-04T01:35:00
2.20044,2.20044,2.20044,2.20044,1638562620,2021-12-03T20:17:00
2.13911,2.13911,2.13911,2.13911,1638561600,2021-12-03T20:00:00
2.07588,2.07588,2.07588,2.07588,1638560940,2021-12-03T19:49:00
2.09901,2.09901,2.09901,2.09901,1638560160,2021-12-03T19:36:00
2.09769,2.09769,2.09769,2.09769,1638559320,2021-12-03T19:22:00
2.13891,2.13891,2.13891,2.13891,1638551940,2021-12-03T17:19:00
2.13073,2.13073,2.13073,2.13073,1638551640,2021-12-03T17:14:00
2.14456,2.14456,2.14456,2.14456,1638551040,2021-12-03T17:04:00
2.30991,2.30991,2.30991,2.30991,1638546240,2021-12-03T15:44:00
2.33303,2.33303,2.33303,2.33303,1638533460,2021-12-03T12:11:00
2.33733,2.33733,2.33733,2.33733,1638527640,2021-12-03T10:34:00
2.36126,2.36126,2.36126,2.36126,1638527040,2021-12-03T10:24:00
2.34656,2.34656,2.34656,2.34656,1638524760,2021-12-03T09:46:00
2.39241,2.39241,2.39241,2.39241,1638519000,2021-12-03T08:10:00
2.4375,2.4375,2.4375,2.4375,1638516960,2021-12-03T07:36:00
2.41489,2.41489,2.41489,2.41489,1638500460,2021-12-03T03:01:00
2.42492,2.42492,2.42492,2.42492,1638488400,2021-12-02T23:40:00
2.39165,2.39165,2.39165,2.39165,1638483900,2021-12-02T22:25:00
2.32996,2.32996,2.32996,2.32996,1638477240,2021-12-02T20:34:00
2.34318,2.34318,2.34318,2.34318,1638476880,2021-12-02T20:28:00
2.35564,2.35564,2.35564,2.35564,1638473940,2021-12-02T19:39:00
2.36842,2.36842,2.36842,2.36842,1638473580,2021-12-02T19:33:00
2.33826,2.33826,2.33826,2.33826,1638473520,2021-12-02T19:32:00
2.30579,2.30579,2.30579,2.30579,1638473460,2021-12-02T19:31:00
2.34232,2.34232,2.34232,2.34232,1638472200,2021-12-02T19:10:00
2.365,2.365,2.365,2.365,1638464760,2021-12-02T17:06:00
2.40944,2.40944,2.40944,2.40944,1638459780,2021-12-02T15:43:00
2.46112,2.46112,2.46112,2.46112,1638456600,2021-12-02T14:50:00
2.47754,2.47754,2.47754,2.47754,1638454680,2021-12-02T14:18:00
2.47957,2.47957,2.47957,2.47957,1638452760,2021-12-02T13:46:00
2.46404,2.46404,2.46404,2.46404,1638451800,2021-12-02T13:30:00
2.51407,2.51407,2.51407,2.51407,1638450600,2021-12-02T13:10:00
2.48898,2.48898,2.48898,2.48898,1638450480,2021-12-02T13:08:00
2.48795,2.48795,2.48795,2.48795,1638442200,2021-12-02T10:50:00
2.49622,2.49622,2.49622,2.49622,1638440940,2021-12-02T10:29:00
2.56653,2.56653,2.56653,2.56653,1638435120,2021-12-02T08:52:00
2.5621,2.5621,2.5621,2.5621,1638432600,2021-12-02T08:10:00
2.59218,2.59218,2.59218,2.59218,1638432240,2021-12-02T08:04:00
2.59398,2.59398,2.59398,2.59398,1638428760,2021-12-02T07:06:00
2.55772,2.55772,2.55772,2.55772,1638428700,2021-12-02T07:05:00
2.5319,2.5319,2.5319,2.5319,1638422520,2021-12-02T05:22:00
2.55462,2.55462,2.55462,2.55462,1638422400,2021-12-02T05:20:00
2.53716,2.53716,2.53716,2.53716,1638422040,2021-12-02T05:14:00
2.35178,2.35178,2.35178,2.35178,1638420360,2021-12-02T04:46:00
2.36761,2.36761,2.36761,2.36761,1638419160,2021-12-02T04:26:00
2.24311,2.24311,2.24311,2.24311,1638417840,2021-12-02T04:04:00
2.2533,2.2533,2.2533,2.2533,1638415440,2021-12-02T03:24:00
2.239,2.239,2.239,2.239,1638415080,2021-12-02T03:18:00
2.27038,2.27038,2.27038,2.27038,1638414420,2021-12-02T03:07:00
2.36705,2.36705,2.36705,2.36705,1638409440,2021-12-02T01:44:00
2.40376,2.40376,2.40376,2.40376,1638404400,2021-12-02T00:20:00
2.40572,2.40572,2.40572,2.40572,1638402960,2021-12-01T23:56:00
2.42694,2.42694,2.42694,2.42694,1638401400,2021-12-01T23:30:00
2.38535,2.38535,2.38535,2.38535,1638392820,2021-12-01T21:07:00
2.43146,2.43146,2.43146,2.43146,1638385440,2021-12-01T19:04:00
2.50883,2.50883,2.50883,2.50883,1638379080,2021-12-01T17:18:00
2.56179,2.56179,2.56179,2.56179,1638376080,2021-12-01T16:28:00
2.58663,2.58663,2.58663,2.58663,1638372840,2021-12-01T15:34:00
2.58003,2.58003,2.58003,2.58003,1638366180,2021-12-01T13:43:00
2.5837,2.5837,2.5837,2.5837,1638365100,2021-12-01T13:25:00
2.5803,2.5803,2.5803,2.5803,1638364800,2021-12-01T13:20:00
2.67188,2.67188,2.67188,2.67188,1638364260,2021-12-01T13:11:00
2.79564,2.79564,2.79564,2.79564,1638361620,2021-12-01T12:27:00
2.81718,2.81718,2.81718,2.81718,1638359280,2021-12-01T11:48:00
2.83441,2.83441,2.83441,2.83441,1638358620,2021-12-01T11:37:00
2.86529,2.86529,2.86529,2.86529,1638350100,2021-12-01T09:15:00
2.91114,2.91114,2.91114,2.91114,1638348120,2021-12-01T08:42:00
2.84472,2.84472,2.84472,2.84472,1638347160,2021-12-01T08:26:00
2.75718,2.75718,2.75718,2.75718,1638346980,2021-12-01T08:23:00
2.54719,2.54719,2.54719,2.54719,1638346920,2021-12-01T08:22:00
2.45275,2.45275,2.45275,2.45275,1638346560,2021-12-01T08:16:00
2.48685,2.48685,2.48685,2.48685,1638332760,2021-12-01T04:26:00
2.4509,2.4509,2.4509,2.4509,1638330420,2021-12-01T03:47:00
2.40501,2.40501,2.40501,2.40501,1638317880,2021-12-01T00:18:00
2.39733,2.39733,2.39733,2.39733,1638311700,2021-11-30T22:35:00
2.46901,2.46901,2.46901,2.46901,1638298080,2021-11-30T18:48:00
2.45122,2.45122,2.45122,2.45122,1638290520,2021-11-30T16:42:00
2.47764,2.47764,2.47764,2.47764,1638288600,2021-11-30T16:10:00
2.50546,2.50546,2.50546,2.50546,1638284880,2021-11-30T15:08:00
2.48623,2.48623,2.48623,2.48623,1638282900,2021-11-30T14:35:00
2.39552,2.39552,2.39552,2.39552,1638277560,2021-11-30T13:06:00
2.30785,2.30785,2.30785,2.30785,1638269100,2021-11-30T10:45:00
2.29942,2.29942,2.29942,2.29942,1638268020,2021-11-30T10:27:00
2.2728,2.2728,2.2728,2.2728,1638260220,2021-11-30T08:17:00
2.35787,2.35787,2.35787,2.35787,1638254040,2021-11-30T06:34:00
2.49259,2.49259,2.49259,2.49259,1638247380,2021-11-30T04:43:00
2.5174,2.5174,2.5174,2.5174,1638247200,2021-11-30T04:40:00
2.33259,2.33259,2.33259,2.33259,1638246960,2021-11-30T04:36:00
2.4099,2.4099,2.4099,2.4099,1638246900,2021-11-30T04:35:00
2.42142,2.42142,2.42142,2.42142,1638246780,2021-11-30T04:33:00
2.28889,2.28889,2.28889,2.28889,1638246420,2021-11-30T04:27:00
2.21778,2.21778,2.21778,2.21778,1638244620,2021-11-30T03:57:00
2.24148,2.24148,2.24148,2.24148,1638243120,2021-11-30T03:32:00
2.26341,2.26341,2.26341,2.26341,1638238740,2021-11-30T02:19:00
2.29959,2.29959,2.29959,2.29959,1638237180,2021-11-30T01:53:00
2.33736,2.33736,2.33736,2.33736,1638236280,2021-11-30T01:38:00
2.34729,2.34729,2.34729,2.34729,1638234240,2021-11-30T01:04:00
2.34389,2.34389,2.34389,2.34389,1638230340,2021-11-29T23:59:00
2.32581,2.32581,2.32581,2.32581,1638229380,2021-11-29T23:43:00
2.3505,2.3505,2.3505,2.3505,1638225600,2021-11-29T22:40:00
2.36629,2.36629,2.36629,2.36629,1638222720,2021-11-29T21:52:00
2.33769,2.33769,2.33769,2.33769,1638220200,2021-11-29T21:10:00
2.36007,2.36007,2.33486,2.33486,1638215820,2021-11-29T19:57:00
2.40603,2.40603,2.40603,2.40603,1638215760,2021-11-29T19:56:00
2.45305,2.45305,2.45305,2.45305,1638215700,2021-11-29T19:55:00
2.58473,2.58473,2.58473,2.58473,1638210360,2021-11-29T18:26:00
2.51267,2.51267,2.51267,2.51267,1638208140,2021-11-29T17:49:00
2.44991,2.44991,2.44991,2.44991,1638203340,2021-11-29T16:29:00
2.43023,2.43023,2.43023,2.43023,1638197100,2021-11-29T14:45:00
2.42415,2.42415,2.42415,2.42415,1638194820,2021-11-29T14:07:00
2.39561,2.39561,2.39561,2.39561,1638194520,2021-11-29T14:02:00
2.34245,2.34245,2.34245,2.34245,1638184680,2021-11-29T11:18:00
2.31071,2.31071,2.31071,2.31071,1638182100,2021-11-29T10:35:00
2.33727,2.33727,2.31618,2.31618,1638180240,2021-11-29T10:04:00
2.34491,2.34491,2.34491,2.34491,1638179880,2021-11-29T09:58:00
2.36515,2.36515,2.36515,2.36515,1638173100,2021-11-29T08:05:00
2.32494,2.32494,2.32494,2.32494,1638172680,2021-11-29T07:58:00
2.34088,2.34088,2.34088,2.34088,1638171360,2021-11-29T07:36:00
2.33894,2.33894,2.33894,2.33894,1638170820,2021-11-29T07:27:00
2.3425,2.3425,2.3425,2.3425,1638170700,2021-11-29T07:25:00
2.30601,2.30601,2.30601,2.30601,1638169980,2021-11-29T07:13:00
2.29713,2.29713,2.29713,2.29713,1638168720,2021-11-29T06:52:00
2.31288,2.31288,2.31288,2.31288,1638168540,2021-11-29T06:49:00
2.32864,2.32864,2.32864,2.32864,1638165600,2021-11-29T06:00:00
2.31712,2.31712,2.31712,2.31712,1638165360,2021-11-29T05:56:00
2.29929,2.29929,2.29929,2.29929,1638164760,2021-11-29T05:46:00
2.31122,2.31122,2.27566,2.27566,1638163920,2021-11-29T05:32:00
2.1499,2.37588,2.1499,2.37588,1638163680,2021-11-29T05:28:00
2.26526,2.26526,2.26526,2.26526,1638163620,2021-11-29T05:27:00
2.47728,2.47728,2.47728,2.47728,1638163260,2021-11-29T05:21:00
2.49199,2.49199,2.49199,2.49199,1638161400,2021-11-29T04:50:00
2.50466,2.50466,2.50466,2.50466,1638161040,2021-11-29T04:44:00
2.48618,2.48618,2.48618,2.48618,1638159000,2021-11-29T04:10:00
2.47252,2.47252,2.47252,2.47252,1638158880,2021-11-29T04:08:00
2.46111,2.46111,2.46111,2.46111,1638150000,2021-11-29T01:40:00
2.44075,2.44075,2.44075,2.44075,1638149940,2021-11-29T01:39:00
2.44787,2.44787,2.44787,2.44787,1638147360,2021-11-29T00:56:00
2.45414,2.45414,2.45414,2.45414,1638146820,2021-11-29T00:47:00
2.51028,2.51028,2.51028,2.51028,1638144780,2021-11-29T00:13:00
2.57476,2.57476,2.57476,2.57476,1638144660,2021-11-29T00:11:00
2.61201,2.61201,2.61201,2.61201,1638142860,2021-11-28T23:41:00
2.65537,2.65537,2.65537,2.65537,1638142380,2021-11-28T23:33:00
2.62139,2.62139,2.62139,2.62139,1638142320,2021-11-28T23:32:00
2.72766,2.72766,2.72766,2.72766,1638142140,2021-11-28T23:29:00
2.72656,2.72656,2.72656,2.72656,1638132780,2021-11-28T20:53:00
2.72752,2.72752,2.72752,2.72752,1638130620,2021-11-28T20:17:00
2.70945,2.71832,2.70945,2.71832,1638130260,2021-11-28T20:11:00
2.7297,2.7297,2.7297,2.7297,1638130140,2021-11-28T20:09:00
2.70252,2.70252,2.70252,2.70252,1638129600,2021-11-28T20:00:00
2.80083,2.80083,2.80083,2.80083,1638125940,2021-11-28T18:59:00
2.81088,2.81088,2.81088,2.81088,1638125220,2021-11-28T18:47:00
2.83976,2.83976,2.83976,2.83976,1638121980,2021-11-28T17:53:00
2.87545,2.87545,2.87545,2.87545,1638120120,2021-11-28T17:22:00
2.90988,2.90988,2.90988,2.90988,1638113880,2021-11-28T15:38:00
2.9091,2.9091,2.9091,2.9091,1638110400,2021-11-28T14:40:00
2.88126,2.88126,2.88126,2.88126,1638109020,2021-11-28T14:17:00
2.8927,2.8927,2.8927,2.8927,1638108600,2021-11-28T14:10:00
2.86841,2.86841,2.86841,2.86841,1638107220,2021-11-28T13:47:00
2.85267,2.85267,2.85267,2.85267,1638106800,2021-11-28T13:40:00
2.82957,2.82957,2.82957,2.82957,1638104940,2021-11-28T13:09:00
2.79627,2.79627,2.79627,2.79627,1638103440,2021-11-28T12:44:00
2.76651,2.76651,2.76651,2.76651,1638095220,2021-11-28T10:27:00
2.72649,2.72649,2.72649,2.72649,1638093420,2021-11-28T09:57:00
2.72362,2.72362,2.72362,2.72362,1638092160,2021-11-28T09:36:00
2.74799,2.74799,2.74799,2.74799,1638086400,2021-11-28T08:00:00
2.75307,2.75307,2.75307,2.75307,1638084900,2021-11-28T07:35:00
2.72463,2.72463,2.72463,2.72463,1638080640,2021-11-28T06:24:00
2.74304,2.74304,2.74304,2.74304,1638077820,2021-11-28T05:37:00
2.80663,2.80663,2.80663,2.80663,1638072780,2021-11-28T04:13:00
2.88018,2.88018,2.88018,2.88018,1638066780,2021-11-28T02:33:00
2.86888,2.86888,2.86888,2.86888,1638064560,2021-11-28T01:56:00
2.93043,2.93043,2.93043,2.93043,1638058740,2021-11-28T00:19:00
2.96072,2.96072,2.96072,2.96072,1638057420,2021-11-27T23:57:00
2.93708,2.93708,2.93708,2.93708,1638050460,2021-11-27T22:01:00
2.97176,2.97176,2.97176,2.97176,1638045360,2021-11-27T20:36:00
2.99405,2.99405,2.99405,2.99405,1638042420,2021-11-27T19:47:00
2.84585,2.84585,2.84585,2.84585,1638033120,2021-11-27T17:12:00
2.8501,2.8501,2.80926,2.80926,1638028680,2021-11-27T15:58:00
3.02357,3.02357,3.02357,3.02357,1638025380,2021-11-27T15:03:00
3.1103,3.1103,3.1103,3.1103,1638017940,2021-11-27T12:59:00
3.12552,3.12552,3.12552,3.12552,1638010080,2021-11-27T10:48:00
3.11575,3.11575,3.11575,3.11575,1638008640,2021-11-27T10:24:00
3.1231,3.1231,3.1231,3.1231,1638007680,2021-11-27T10:08:00
3.16985,3.16985,3.16985,3.16985,1638004200,2021-11-27T09:10:00
3.19362,3.19362,3.19362,3.19362,1638004140,2021-11-27T09:09:00
3.21773,3.21773,3.21773,3.21773,1638003960,2021-11-27T09:06:00
3.20142,3.20142,3.20142,3.20142,1637991720,2021-11-27T05:42:00
3.15487,3.15487,3.15487,3.15487,1637984040,2021-11-27T03:34:00
3.09222,3.09222,3.09222,3.09222,1637982540,2021-11-27T03:09:00
3.06423,3.06423,3.06423,3.06423,1637982060,2021-11-27T03:01:00
3.08003,3.08003,3.08003,3.08003,1637960460,2021-11-26T21:01:00
3.04551,3.04551,3.04551,3.04551,1637950620,2021-11-26T18:17:00
3.09535,3.09535,3.09535,3.09535,1637948700,2021-11-26T17:45:00
3.18664,3.18664,3.18664,3.18664,1637946780,2021-11-26T17:13:00
3.14288,3.14288,3.14288,3.14288,1637939640,2021-11-26T15:14:00
2.9836,2.9836,2.9836,2.9836,1637938080,2021-11-26T14:48:00
2.94142,2.94142,2.94142,2.94142,1637936100,2021-11-26T14:15:00
2.92681,2.92681,2.92681,2.92681,1637931660,2021-11-26T13:01:00
2.92803,2.92803,2.92803,2.92803,1637931240,2021-11-26T12:54:00
2.91715,2.91715,2.91715,2.91715,1637924820,2021-11-26T11:07:00
2.90369,2.90369,2.90369,2.90369,1637921700,2021-11-26T10:15:00
2.93069,2.93069,2.93069,2.93069,1637921100,2021-11-26T10:05:00
2.93171,2.93171,2.93171,2.93171,1637920860,2021-11-26T10:01:00
2.99869,2.99869,2.99869,2.99869,1637917920,2021-11-26T09:12:00
2.92322,2.92322,2.92322,2.92322,1637917740,2021-11-26T09:09:00
2.94732,2.94732,2.94732,2.94732,1637916600,2021-11-26T08:50:00
3.13087,3.13087,3.13087,3.13087,1637908620,2021-11-26T06:37:00
3.05122,3.05122,3.05122,3.05122,1637907360,2021-11-26T06:16:00
3.08155,3.08155,3.08155,3.08155,1637906400,2021-11-26T06:00:00
3.11189,3.11189,3.11189,3.11189,1637905200,2021-11-26T05:40:00
3.10366,3.10366,3.10366,3.10366,1637901060,2021-11-26T04:31:00
3.15941,3.15941,3.15941,3.15941,1637883780,2021-11-25T23:43:00
3.13681,3.13681,3.13681,3.13681,1637881380,2021-11-25T23:03:00
3.20111,3.20111,3.20111,3.20111,1637875980,2021-11-25T21:33:00
3.13218,3.13218,3.13218,3.13218,1637870580,2021-11-25T20:03:00
3.17877,3.17877,3.17877,3.17877,1637865840,2021-11-25T18:44:00
3.23009,3.23009,3.23009,3.23009,1637863860,2021-11-25T18:11:00
3.25016,3.25016,3.25016,3.25016,1637860980,2021-11-25T17:23:00
3.2403,3.2403,3.2403,3.2403,1637859840,2021-11-25T17:04:00
3.26179,3.26179,3.25628,3.25628,1637858520,2021-11-25T16:42:00
3.25376,3.25376,3.25376,3.25376,1637857920,2021-11-25T16:32:00
3.22689,3.22689,3.22689,3.22689,1637857860,2021-11-25T16:31:00
3.19512,3.19512,3.19512,3.19512,1637856540,2021-11-25T16:09:00
3.21782,3.21782,3.21049,3.21049,1637855940,2021-11-25T15:59:00
3.2843,3.2843,3.2843,3.2843,1637853960,2021-11-25T15:26:00
3.2548,3.2548,3.2548,3.2548,1637853540,2021-11-25T15:19:00
3.26351,3.26351,3.26351,3.26351,1637849760,2021-11-25T14:16:00
3.2813,3.2813,3.2813,3.2813,1637848620,2021-11-25T13:57:00
3.32599,3.32599,3.32599,3.32599,1637848080,2021-11-25T13:48:00
3.44473,3.44473,3.44473,3.44473,1637847000,2021-11-25T13:30:00
3.51795,3.51795,3.51795,3.51795,1637846340,2021-11-25T13:19:00
3.41487,3.41487,3.41487,3.41487,1637842920,2021-11-25T12:22:00
3.23159,3.23159,3.23159,3.23159,1637833500,2021-11-25T09:45:00
3.21005,3.21005,3.21005,3.21005,1637829960,2021-11-25T08:46:00
3.19008,3.19008,3.19008,3.19008,1637827260,2021-11-25T08:01:00
3.20893,3.20893,3.20893,3.20893,1637818380,2021-11-25T05:33:00
3.20132,3.20132,3.20132,3.20132,1637813400,2021-11-25T04:10:00
3.18233,3.18233,3.18233,3.18233,1637798640,2021-11-25T00:04:00
3.20741,3.20741,3.20741,3.20741,1637793840,2021-11-24T22:44:00
3.30217,3.30217,3.30217,3.30217,1637792640,2021-11-24T22:24:00
3.33956,3.33956,3.33956,3.33956,1637786100,2021-11-24T20:35:00
3.50867,3.50867,3.37776,3.37776,1637777040,2021-11-24T18:04:00
3.15628,3.15628,3.15628,3.15628,1637776500,2021-11-24T17:55:00
2.99505,2.99505,2.99505,2.99505,1637776440,2021-11-24T17:54:00
3.00254,3.00254,2.89001,2.89001,1637776200,2021-11-24T17:50:00
3.24734,3.24734,3.24734,3.24734,1637776020,2021-11-24T17:47:00
3.3656,3.3656,3.3656,3.3656,1637771700,2021-11-24T16:35:00
3.36677,3.36677,3.36677,3.36677,1637769360,2021-11-24T15:56:00
3.29966,3.29966,3.29966,3.29966,1637768700,2021-11-24T15:45:00
3.2694,3.2694,3.2694,3.2694,1637768400,2021-11-24T15:40:00
3.39503,3.39503,3.39503,3.39503,1637761380,2021-11-24T13:43:00
3.40701,3.40701,3.40701,3.40701,1637758560,2021-11-24T12:56:00
3.29337,3.29337,3.29337,3.29337,1637758080,2021-11-24T12:48:00
3.33307,3.33307,3.33307,3.33307,1637757120,2021-11-24T12:32:00
3.34408,3.34408,3.34408,3.34408,1637757000,2021-11-24T12:30:00
3.37003,3.37003,3.37003,3.37003,1637756460,2021-11-24T12:21:00
3.37474,3.37474,3.37474,3.37474,1637755620,2021-11-24T12:07:00
3.40788,3.40788,3.40788,3.40788,1637753760,2021-11-24T11:36:00
3.46629,3.46629,3.46629,3.46629,1637753280,2021-11-24T11:28:00
3.50155,3.50155,3.50155,3.50155,1637752260,2021-11-24T11:11:00
3.51618,3.51618,3.51618,3.51618,1637748780,2021-11-24T10:13:00
3.61218,3.61218,3.61218,3.61218,1637747160,2021-11-24T09:46:00
3.61534,3.61534,3.61534,3.61534,1637744100,2021-11-24T08:55:00
3.60037,3.60037,3.60037,3.60037,1637741400,2021-11-24T08:10:00
3.69873,3.69873,3.69873,3.69873,1637740620,2021-11-24T07:57:00
3.71949,3.71949,3.71949,3.71949,1637738160,2021-11-24T07:16:00
3.74763,3.74763,3.74763,3.74763,1637737980,2021-11-24T07:13:00
3.65368,3.71326,3.65368,3.71326,1637737860,2021-11-24T07:11:00
3.53644,3.53644,3.53644,3.53644,1637737140,2021-11-24T06:59:00
3.5636,3.5636,3.5636,3.5636,1637737080,2021-11-24T06:58:00
3.5647,3.5647,3.5647,3.5647,1637731320,2021-11-24T05:22:00
3.61777,3.61777,3.61777,3.61777,1637729220,2021-11-24T04:47:00
3.72505,3.72505,3.72505,3.72505,1637728860,2021-11-24T04:41:00
3.70936,3.70936,3.70936,3.70936,1637725560,2021-11-24T03:46:00
3.69292,3.69292,3.69292,3.69292,1637718300,2021-11-24T01:45:00
3.66749,3.66749,3.66749,3.66749,1637715240,2021-11-24T00:54:00
3.73384,3.73384,3.73384,3.73384,1637714280,2021-11-24T00:38:00
3.78183,3.78183,3.78183,3.78183,1637712900,2021-11-24T00:15:00
3.53806,3.53806,3.53806,3.53806,1637712240,2021-11-24T00:04:00
3.45497,3.45497,3.45497,3.45497,1637710080,2021-11-23T23:28:00
3.4602,3.4602,3.4602,3.4602,1637708340,2021-11-23T22:59:00
3.41659,3.41659,3.41659,3.41659,1637705520,2021-11-23T22:12:00
3.32096,3.32096,3.32096,3.32096,1637703360,2021-11-23T21:36:00
3.3564,3.3564,3.3564,3.3564,1637699040,2021-11-23T20:24:00
3.35507,3.35507,3.35507,3.35507,1637695500,2021-11-23T19:25:00
3.29564,3.29564,3.29564,3.29564,1637693100,2021-11-23T18:45:00
3.2702,3.2702,3.2702,3.2702,1637692500,2021-11-23T18:35:00
3.25787,3.25787,3.25787,3.25787,1637691720,2021-11-23T18:22:00
3.25582,3.25582,3.25582,3.25582,1637686740,2021-11-23T16:59:00
3.30688,3.30688,3.30688,3.30688,1637685660,2021-11-23T16:41:00
3.40124,3.40124,3.40124,3.40124,1637684400,2021-11-23T16:20:00
3.5538,3.5538,3.5538,3.5538,1637684340,2021-11-23T16:19:00
3.66272,3.66272,3.66272,3.66272,1637684220,2021-11-23T16:17:00
3.61839,3.61839,3.61839,3.61839,1637681880,2021-11-23T15:38:00
3.62203,3.62203,3.62203,3.62203,1637680680,2021-11-23T15:18:00
3.65646,3.65646,3.65646,3.65646,1637680440,2021-11-23T15:14:00
3.63878,3.63878,3.63878,3.63878,1637680260,2021-11-23T15:11:00
3.42288,3.42288,3.42288,3.42288,1637680140,2021-11-23T15:09:00
3.42356,3.42356,3.42356,3.42356,1637679420,2021-11-23T14:57:00
3.38781,3.38781,3.38781,3.38781,1637676780,2021-11-23T14:13:00
3.32026,3.32026,3.32026,3.32026,1637676540,2021-11-23T14:09:00
3.2194,3.2194,3.2194,3.2194,1637675880,2021-11-23T13:58:00
2.9681,2.9681,2.9681,2.9681,1637671140,2021-11-23T12:39:00
2.99654,2.99654,2.99654,2.99654,1637666340,2021-11-23T11:19:00
3.00079,3.00079,3.00079,3.00079,1637665380,2021-11-23T11:03:00
2.99764,2.99764,2.99764,2.99764,1637664600,2021-11-23T10:50:00
2.96152,2.96152,2.96152,2.96152,1637663820,2021-11-23T10:37:00
2.9289,2.9289,2.9289,2.9289,1637663580,2021-11-23T10:33:00
2.85066,2.85066,2.85066,2.85066,1637659080,2021-11-23T09:18:00
2.85299,2.85299,2.85299,2.85299,1637655960,2021-11-23T08:26:00
2.87566,2.87566,2.87566,2.87566,1637647320,2021-11-23T06:02:00
2.87058,2.87058,2.87058,2.87058,1637630280,2021-11-23T01:18:00
2.84663,2.84663,2.84663,2.84663,1637629620,2021-11-23T01:07:00
2.87715,2.87715,2.83036,2.83036,1637625240,2021-11-22T23:54:00
2.96207,2.96207,2.96207,2.96207,1637616900,2021-11-22T21:35:00
2.99124,2.99124,2.99124,2.99124,1637615100,2021-11-22T21:05:00
2.87439,2.87439,2.87439,2.87439,1637614920,2021-11-22T21:02:00
3.07162,3.07162,3.07162,3.07162,1637607600,2021-11-22T19:00:00
3.08249,3.08249,3.08249,3.08249,1637606820,2021-11-22T18:47:00
3.12562,3.12562,3.12562,3.12562,1637603340,2021-11-22T17:49:00
3.19778,3.19778,3.19778,3.19778,1637602080,2021-11-22T17:28:00
3.27812,3.27812,3.27812,3.27812,1637589120,2021-11-22T13:52:00
3.17578,3.17578,3.17578,3.17578,1637588880,2021-11-22T13:48:00
2.98365,2.98365,2.98365,2.98365,1637580360,2021-11-22T11:26:00
2.95984,2.95984,2.95984,2.95984,1637575560,2021-11-22T10:06:00
2.98571,2.98571,2.98571,2.98571,1637566260,2021-11-22T07:31:00
3.00621,3.00621,3.00621,3.00621,1637547780,2021-11-22T02:23:00
2.96661,2.96661,2.96661,2.96661,1637540640,2021-11-22T00:24:00
2.97346,2.97346,2.97346,2.97346,1637539020,2021-11-21T23:57:00
3.05964,3.05964,3.05964,3.05964,1637537700,2021-11-21T23:35:00
3.10616,3.10616,3.10616,3.10616,1637534700,2021-11-21T22:45:00
3.22412,3.22412,3.22412,3.22412,1637530500,2021-11-21T21:35:00
3.26995,3.26995,3.26995,3.26995,1637530200,2021-11-21T21:30:00
3.28134,3.28134,3.28134,3.28134,1637524740,2021-11-21T19:59:00
3.28315,3.28315,3.28315,3.28315,1637522880,2021-11-21T19:28:00
3.34551,3.34551,3.34551,3.34551,1637520180,2021-11-21T18:43:00
3.2941,3.2941,3.2941,3.2941,1637496780,2021-11-21T12:13:00
3.23735,3.23735,3.23735,3.23735,1637494800,2021-11-21T11:40:00
3.26522,3.26522,3.26522,3.26522,1637493960,2021-11-21T11:26:00
3.29387,3.29387,3.29387,3.29387,1637486820,2021-11-21T09:27:00
3.62514,3.62514,3.62514,3.62514,1637483700,2021-11-21T08:35:00
3.33235,3.33235,3.33235,3.33235,1637480400,2021-11-21T07:40:00
3.38443,3.38443,3.38443,3.38443,1637479980,2021-11-21T07:33:00
3.35491,3.35491,3.35491,3.35491,1637473200,2021-11-21T05:40:00
3.21045,3.21045,3.21045,3.21045,1637473020,2021-11-21T05:37:00
3.24576,3.24576,3.24576,3.24576,1637471580,2021-11-21T05:13:00
3.29394,3.29394,3.29394,3.29394,1637470380,2021-11-21T04:53:00
3.32701,3.32701,3.32701,3.32701,1637460360,2021-11-21T02:06:00
3.34425,3.34425,3.34425,3.34425,1637459460,2021-11-21T01:51:00
3.32007,3.32007,3.32007,3.32007,1637459220,2021-11-21T01:47:00
3.30787,3.30787,3.30787,3.30787,1637451540,2021-11-20T23:39:00
3.38804,3.38804,3.38804,3.38804,1637450640,2021-11-20T23:24:00
3.45056,3.45056,3.45056,3.45056,1637449920,2021-11-20T23:12:00
3.45907,3.45907,3.45907,3.45907,1637439600,2021-11-20T20:20:00
3.48424,3.48424,3.48424,3.48424,1637437800,2021-11-20T19:50:00
3.50477,3.50477,3.50477,3.50477,1637436120,2021-11-20T19:22:00
3.48107,3.48107,3.48107,3.48107,1637426520,2021-11-20T16:42:00
3.55937,3.55937,3.55937,3.55937,1637426100,2021-11-20T16:35:00
3.58144,3.58144,3.58144,3.58144,1637424840,2021-11-20T16:14:00
3.7186,3.7186,3.7186,3.7186,1637424600,2021-11-20T16:10:00
3.57231,3.57231,3.57231,3.57231,1637424480,2021-11-20T16:08:00
3.60666,3.60666,3.60666,3.60666,1637424240,2021-11-20T16:04:00
2.90936,2.90936,2.90936,2.90936,1637423880,2021-11-20T15:58:00
2.91795,2.91795,2.91795,2.91795,1637422080,2021-11-20T15:28:00
2.84232,2.84232,2.84232,2.84232,1637421840,2021-11-20T15:24:00
2.79183,2.79183,2.79183,2.79183,1637418540,2021-11-20T14:29:00
2.80119,2.80119,2.80119,2.80119,1637412000,2021-11-20T12:40:00
2.79863,2.79863,2.79863,2.79863,1637407560,2021-11-20T11:26:00
2.80517,2.80517,2.80517,2.80517,1637398620,2021-11-20T08:57:00
2.81411,2.81411,2.81411,2.81411,1637398260,2021-11-20T08:51:00
2.81519,2.81519,2.81519,2.81519,1637396640,2021-11-20T08:24:00
2.82032,2.82032,2.82032,2.82032,1637394960,2021-11-20T07:56:00
2.93135,2.93135,2.93135,2.93135,1637394600,2021-11-20T07:50:00
2.56685,2.67666,2.56685,2.67666,1637394420,2021-11-20T07:47:00
2.7141,2.7141,2.54084,2.54084,1637394180,2021-11-20T07:43:00
2.81535,2.81535,2.81535,2.81535,1637392080,2021-11-20T07:08:00
2.82198,2.82198,2.82198,2.82198,1637388660,2021-11-20T06:11:00
2.81255,2.81255,2.81255,2.81255,1637383740,2021-11-20T04:49:00
2.79137,2.79137,2.79137,2.79137,1637382240,2021-11-20T04:24:00
2.80065,2.80065,2.80065,2.80065,1637370540,2021-11-20T01:09:00
2.77055,2.77055,2.77055,2.77055,1637369640,2021-11-20T00:54:00
2.74397,2.74397,2.74397,2.74397,1637365200,2021-11-19T23:40:00
2.65361,2.65361,2.65361,2.65361,1637356620,2021-11-19T21:17:00
2.93325,2.93325,2.93325,2.93325,1637351880,2021-11-19T19:58:00
3.02649,3.02649,3.02649,3.02649,1637345040,2021-11-19T18:04:00
2.92781,2.92781,2.92781,2.92781,1637344440,2021-11-19T17:54:00
2.79309,2.79309,2.79309,2.79309,1637335020,2021-11-19T15:17:00
2.97338,2.97338,2.8919,2.8919,1637334840,2021-11-19T15:14:00
2.88263,2.88263,2.88263,2.88263,1637334720,2021-11-19T15:12:00
2.74734,2.74734,2.74734,2.74734,1637324700,2021-11-19T12:25:00
2.73303,2.73303,2.73303,2.73303,1637319180,2021-11-19T10:53:00
2.71127,2.71127,2.71127,2.71127,1637319120,2021-11-19T10:52:00
2.71955,2.71955,2.71955,2.71955,1637310720,2021-11-19T08:32:00
2.69291,2.69291,2.69291,2.69291,1637308080,2021-11-19T07:48:00
2.68101,2.68101,2.68101,2.68101,1637305440,2021-11-19T07:04:00
2.60255,2.60255,2.60255,2.60255,1637305320,2021-11-19T07:02:00
2.58198,2.58198,2.58198,2.58198,1637305200,2021-11-19T07:00:00
2.56154,2.56154,2.56154,2.56154,1637299500,2021-11-19T05:25:00
2.54726,2.54726,2.54726,2.54726,1637297340,2021-11-19T04:49:00
2.54546,2.54546,2.54546,2.54546,1637293560,2021-11-19T03:46:00
2.64482,2.64482,2.64482,2.64482,1637288040,2021-11-19T02:14:00
2.63894,2.63894,2.63894,2.63894,1637287440,2021-11-19T02:04:00
2.67722,2.67722,2.67722,2.67722,1637287140,2021-11-19T01:59:00
2.70746,2.70746,2.70746,2.70746,1637277480,2021-11-18T23:18:00
2.81419,2.81419,2.81419,2.81419,1637274360,2021-11-18T22:26:00
2.78397,2.78397,2.78397,2.78397,1637274060,2021-11-18T22:21:00
2.77902,2.77902,2.77902,2.77902,1637273040,2021-11-18T22:04:00
2.82481,2.82481,2.82481,2.82481,1637269020,2021-11-18T20:57:00
2.75151,2.75151,2.75151,2.75151,1637268960,2021-11-18T20:56:00
2.65988,2.65988,2.65988,2.65988,1637256900,2021-11-18T17:35:00
2.64231,2.64231,2.64231,2.64231,1637255760,2021-11-18T17:16:00
2.62675,2.62675,2.62675,2.62675,1637254800,2021-11-18T17:00:00
2.65958,2.65958,2.65958,2.65958,1637252160,2021-11-18T16:16:00
2.69441,2.69441,2.69441,2.69441,1637251740,2021-11-18T16:09:00
2.78029,2.78029,2.78029,2.78029,1637250540,2021-11-18T15:49:00
2.8076,2.82363,2.8076,2.82363,1637250120,2021-11-18T15:42:00
2.90263,2.90263,2.90263,2.90263,1637249160,2021-11-18T15:26:00
3.05625,3.05625,3.05625,3.05625,1637248020,2021-11-18T15:07:00
3.03642,3.03642,3.03642,3.03642,1637245320,2021-11-18T14:22:00
3.03298,3.03298,3.03298,3.03298,1637244300,2021-11-18T14:05:00
2.98034,2.98034,2.98034,2.98034,1637243940,2021-11-18T13:59:00
2.93166,2.93166,2.93166,2.93166,1637243400,2021-11-18T13:50:00
2.90728,2.90728,2.90728,2.90728,1637242740,2021-11-18T13:39:00
3.01482,3.01482,3.01482,3.01482,1637240760,2021-11-18T13:06:00
3.12612,3.12612,3.12612,3.12612,1637236440,2021-11-18T11:54:00
3.15847,3.15847,3.15847,3.15847,1637236320,2021-11-18T11:52:00
3.18055,3.18055,3.18055,3.18055,1637235540,2021-11-18T11:39:00
3.19651,3.19651,3.19651,3.19651,1637233560,2021-11-18T11:06:00
3.18608,3.18608,3.18608,3.18608,1637232540,2021-11-18T10:49:00
3.22674,3.22674,3.22674,3.22674,1637231940,2021-11-18T10:39:00
3.27883,3.27883,3.27883,3.27883,1637231580,2021-11-18T10:33:00
3.31533,3.31533,3.31533,3.31533,1637228100,2021-11-18T09:35:00
3.30134,3.30134,3.30134,3.30134,1637226660,2021-11-18T09:11:00
3.31465,3.31465,3.31465,3.31465,1637226540,2021-11-18T09:09:00
3.38067,3.38067,3.38067,3.38067,1637223480,2021-11-18T08:18:00
3.43513,3.43513,3.43513,3.43513,1637222220,2021-11-18T07:57:00
3.25043,3.25043,3.25043,3.25043,1637221860,2021-11-18T07:51:00
3.23965,3.23965,3.23965,3.23965,1637219460,2021-11-18T07:11:00
3.20378,3.20378,3.20378,3.20378,1637216700,2021-11-18T06:25:00
3.10244,3.10244,3.10244,3.10244,1637215500,2021-11-18T06:05:00
3.34809,3.34809,3.34809,3.34809,1637208600,2021-11-18T04:10:00
3.34508,3.34508,3.34508,3.34508,1637208480,2021-11-18T04:08:00
3.38267,3.38267,3.38267,3.38267,1637208060,2021-11-18T04:01:00
3.45687,3.45687,3.45687,3.45687,1637206560,2021-11-18T03:36:00
3.44202,3.44202,3.44202,3.44202,1637197260,2021-11-18T01:01:00
3.40305,3.40305,3.40305,3.40305,1637190000,2021-11-17T23:00:00
3.38514,3.38514,3.38514,3.38514,1637189880,2021-11-17T22:58:00
3.61198,3.61198,3.61198,3.61198,1637186340,2021-11-17T21:59:00
3.52952,3.52952,3.52952,3.52952,1637186220,2021-11-17T21:57:00
3.31445,3.31445,3.31445,3.31445,1637185020,2021-11-17T21:37:00
3.32845,3.32845,3.32845,3.32845,1637184060,2021-11-17T21:21:00
3.41045,3.41045,3.41045,3.41045,1637183700,2021-11-17T21:15:00
3.46564,3.46564,3.46564,3.46564,1637180220,2021-11-17T20:17:00
3.47775,3.47775,3.47775,3.47775,1637179980,2021-11-17T20:13:00
3.38777,3.38777,3.38777,3.38777,1637175180,2021-11-17T18:53:00
3.35412,3.35412,3.35412,3.35412,1637173380,2021-11-17T18:23:00
3.30499,3.30499,3.30499,3.30499,1637173200,2021-11-17T18:20:00
3.29281,3.29281,3.29281,3.29281,1637172780,2021-11-17T18:13:00
3.31008,3.31008,3.31008,3.31008,1637170980,2021-11-17T17:43:00
3.20865,3.20865,3.20865,3.20865,1637170860,2021-11-17T17:41:00
3.13202,3.13202,3.13202,3.13202,1637169480,2021-11-17T17:18:00
3.04988,3.04988,3.04988,3.04988,1637167740,2021-11-17T16:49:00
3.03192,3.03192,3.03192,3.03192,1637165820,2021-11-17T16:17:00
3.14522,3.14522,3.14522,3.14522,1637165760,2021-11-17T16:16:00
3.21874,3.21874,3.21874,3.21874,1637163600,2021-11-17T15:40:00
3.24007,3.24007,3.24007,3.24007,1637161980,2021-11-17T15:13:00
3.17908,3.17908,3.17908,3.17908,1637156940,2021-11-17T13:49:00
3.12341,3.12341,3.12341,3.12341,1637156880,2021-11-17T13:48:00
3.04313,3.04313,3.04313,3.04313,1637155680,2021-11-17T13:28:00
3.14935,3.14935,3.14935,3.14935,1637155620,2021-11-17T13:27:00
3.16664,3.16664,3.16664,3.16664,1637155560,2021-11-17T13:26:00
3.00598,3.00598,3.00598,3.00598,1637151900,2021-11-17T12:25:00
2.89901,2.89901,2.89901,2.89901,1637151720,2021-11-17T12:22:00
2.86169,2.86169,2.86169,2.86169,1637151300,2021-11-17T12:15:00
2.88898,2.88898,2.88898,2.88898,1637150340,2021-11-17T11:59:00
2.90031,2.90031,2.90031,2.90031,1637149620,2021-11-17T11:47:00
2.90612,2.90612,2.90612,2.90612,1637146680,2021-11-17T10:58:00
2.93592,2.93592,2.93592,2.93592,1637136660,2021-11-17T08:11:00
2.93191,2.93191,2.93191,2.93191,1637135580,2021-11-17T07:53:00
2.81319,2.81319,2.81319,2.81319,1637134680,2021-11-17T07:38:00
2.93814,2.93814,2.93814,2.93814,1637132340,2021-11-17T06:59:00
2.86794,2.86794,2.86794,2.86794,1637131440,2021-11-17T06:44:00
2.84633,2.87432,2.84633,2.87432,1637130180,2021-11-17T06:23:00
2.82869,2.82869,2.82869,2.82869,1637128440,2021-11-17T05:54:00
2.80021,2.80021,2.80021,2.80021,1637128080,2021-11-17T05:48:00
2.75843,2.75843,2.75843,2.75843,1637123640,2021-11-17T04:34:00
2.76573,2.76573,2.76573,2.76573,1637119140,2021-11-17T03:19:00
2.73406,2.7616,2.73406,2.7616,1637119020,2021-11-17T03:17:00
2.74266,2.74266,2.74266,2.74266,1637118960,2021-11-17T03:16:00
2.79754,2.79754,2.79754,2.79754,1637118840,2021-11-17T03:14:00
2.82437,2.82437,2.82437,2.82437,1637118600,2021-11-17T03:10:00
2.91501,2.91501,2.91501,2.91501,1637117880,2021-11-17T02:58:00
2.91869,2.91869,2.91869,2.91869,1637116980,2021-11-17T02:43:00
2.90649,2.90649,2.90649,2.90649,1637116380,2021-11-17T02:33:00
2.95265,2.95265,2.95265,2.95265,1637115780,2021-11-17T02:23:00
3.07319,3.07319,3.07319,3.07319,1637111940,2021-11-17T01:19:00
3.09422,3.09422,3.09422,3.09422,1637108220,2021-11-17T00:17:00
3.14466,3.14466,3.14466,3.14466,1637107380,2021-11-17T00:03:00
3.16706,3.16706,3.16706,3.16706,1637104860,2021-11-16T23:21:00
3.1601,3.1601,3.1601,3.1601,1637104440,2021-11-16T23:14:00
3.26188,3.26188,3.26188,3.26188,1637097300,2021-11-16T21:15:00
3.31468,3.31468,3.31468,3.31468,1637097120,2021-11-16T21:12:00
3.20796,3.20796,3.20796,3.20796,1637096400,2021-11-16T21:00:00
3.22586,3.22586,3.22586,3.22586,1637095200,2021-11-16T20:40:00
3.27766,3.27766,3.27766,3.27766,1637092740,2021-11-16T19:59:00
3.285,3.285,3.285,3.285,1637089800,2021-11-16T19:10:00
3.22738,3.22738,3.22738,3.22738,1637087220,2021-11-16T18:27:00
3.06563,3.06563,3.06563,3.06563,1637086980,2021-11-16T18:23:00
2.96548,2.96548,2.96548,2.96548,1637086560,2021-11-16T18:16:00
2.98112,2.98112,2.98112,2.98112,1637086260,2021-11-16T18:11:00
2.95819,2.95819,2.95819,2.95819,1637085120,2021-11-16T17:52:00
2.91441,2.91441,2.91441,2.91441,1637084940,2021-11-16T17:49:00
2.9754,2.9754,2.91871,2.91871,1637084880,2021-11-16T17:48:00
3.15674,3.15674,3.15674,3.15674,1637084640,2021-11-16T17:44:00
3.18643,3.18643,3.18643,3.18643,1637083860,2021-11-16T17:31:00
3.27507,3.27507,3.27507,3.27507,1637081880,2021-11-16T16:58:00
3.21402,3.21402,3.21402,3.21402,1637080800,2021-11-16T16:40:00
3.20511,3.20511,3.20511,3.20511,1637080680,2021-11-16T16:38:00
3.28746,3.28746,3.28746,3.28746,1637080620,2021-11-16T16:37:00
3.53544,3.53544,3.53544,3.53544,1637080080,2021-11-16T16:28:00
3.65335,3.65335,3.65335,3.65335,1637077500,2021-11-16T15:45:00
3.47375,3.47375,3.47375,3.47375,1637071020,2021-11-16T13:57:00
3.49888,3.49888,3.49888,3.49888,1637070660,2021-11-16T13:51:00
3.32163,3.32163,3.32163,3.32163,1637061780,2021-11-16T11:23:00
3.27914,3.27914,3.27914,3.27914,1637061720,2021-11-16T11:22:00
3.24725,3.24725,3.24725,3.24725,1637061660,2021-11-16T11:21:00
3.06152,3.06152,3.06152,3.06152,1637061120,2021-11-16T11:12:00
2.9476,2.9476,2.9476,2.9476,1637060700,2021-11-16T11:05:00
2.87632,2.87632,2.845,2.845,1637060580,2021-11-16T11:03:00
3.02522,3.02522,3.02522,3.02522,1637060340,2021-11-16T10:59:00
3.11685,3.11685,3.11685,3.11685,1637060100,2021-11-16T10:55:00
3.01596,3.01596,3.01596,3.01596,1637059980,2021-11-16T10:53:00
3.11405,3.11405,3.11405,3.11405,1637059620,2021-11-16T10:47:00
3.09022,3.09022,3.09022,3.09022,1637059560,2021-11-16T10:46:00
3.12489,3.12489,3.12489,3.12489,1637058780,2021-11-16T10:33:00
3.28663,3.28663,3.28663,3.28663,1637058180,2021-11-16T10:23:00
3.55612,3.55612,3.55612,3.55612,1637055660,2021-11-16T09:41:00
3.46257,3.46257,3.46257,3.46257,1637053140,2021-11-16T08:59:00
3.47562,3.47562,3.47562,3.47562,1637052300,2021-11-16T08:45:00
3.51929,3.51929,3.51929,3.51929,1637052000,2021-11-16T08:40:00
3.61269,3.61269,3.61269,3.61269,1637050800,2021-11-16T08:20:00
3.51663,3.51663,3.51663,3.51663,1637050260,2021-11-16T08:11:00
3.49635,3.49635,3.49635,3.49635,1637050140,2021-11-16T08:09:00
3.51082,3.51082,3.51082,3.51082,1637047500,2021-11-16T07:25:00
3.43096,3.43096,3.43096,3.43096,1637045160,2021-11-16T06:46:00
3.60155,3.60155,3.60155,3.60155,1637041500,2021-11-16T05:45:00
3.55523,3.55523,3.55523,3.55523,1637036940,2021-11-16T04:29:00
3.60887,3.60887,3.5519,3.5519,1637036700,2021-11-16T04:25:00
3.6113,3.6113,3.61067,3.61067,1637036580,2021-11-16T04:23:00
3.73779,3.73779,3.73779,3.73779,1637034300,2021-11-16T03:45:00
3.83361,3.83361,3.83361,3.83361,1637025480,2021-11-16T01:18:00
4.00026,4.00026,4.00026,4.00026,1637017860,2021-11-15T23:11:00
3.98562,3.98562,3.98562,3.98562,1637017620,2021-11-15T23:07:00
3.9357,3.9357,3.9357,3.9357,1637014620,2021-11-15T22:17:00
3.88132,3.88132,3.88132,3.88132,1637013960,2021-11-15T22:06:00
3.95173,3.95173,3.95173,3.95173,1637010180,2021-11-15T21:03:00
4.01834,4.01834,4.01834,4.01834,1637008320,2021-11-15T20:32:00
4.18004,4.18004,4.18004,4.18004,1637006760,2021-11-15T20:06:00
3.78366,4.02351,3.78366,4.02351,1637006700,2021-11-15T20:05:00
3.73353,3.73353,3.73353,3.73353,1637006580,2021-11-15T20:03:00
3.88785,3.88785,3.88785,3.88785,1637006520,2021-11-15T20:02:00
3.90861,3.90861,3.90861,3.90861,1637002860,2021-11-15T19:01:00
3.76254,3.76254,3.76254,3.76254,1636998960,2021-11-15T17:56:00
3.69846,3.69846,3.69846,3.69846,1636995660,2021-11-15T17:01:00
3.69448,3.69448,3.69448,3.69448,1636994880,2021-11-15T16:48:00
3.59747,3.59747,3.59747,3.59747,1636992960,2021-11-15T16:16:00
3.53122,3.53122,3.53122,3.53122,1636988040,2021-11-15T14:54:00
3.56888,3.56888,3.56888,3.56888,1636987980,2021-11-15T14:53:00
3.71778,3.71778,3.71778,3.71778,1636985460,2021-11-15T14:11:00
3.8942,3.8942,3.8942,3.8942,1636984980,2021-11-15T14:03:00
3.99323,3.99323,3.99323,3.99323,1636984500,2021-11-15T13:55:00
3.98063,3.98063,3.98063,3.98063,1636984140,2021-11-15T13:49:00
3.98509,3.98509,3.98509,3.98509,1636983060,2021-11-15T13:31:00
3.87997,3.87997,3.87997,3.87997,1636980900,2021-11-15T12:55:00
3.83711,3.83711,3.83711,3.83711,1636979940,2021-11-15T12:39:00
3.92947,3.92947,3.92947,3.92947,1636974960,2021-11-15T11:16:00
3.95761,3.95761,3.95761,3.95761,1636974360,2021-11-15T11:06:00
3.90947,3.90947,3.90947,3.90947,1636970040,2021-11-15T09:54:00
3.84499,3.84499,3.84499,3.84499,1636967820,2021-11-15T09:17:00
3.8271,3.8271,3.8271,3.8271,1636966260,2021-11-15T08:51:00
3.83106,3.83106,3.83106,3.83106,1636966200,2021-11-15T08:50:00
3.78015,3.78015,3.6987,3.6987,1636966140,2021-11-15T08:49:00
3.83813,3.83813,3.83813,3.83813,1636965840,2021-11-15T08:44:00
3.99764,3.99764,3.99764,3.99764,1636965480,2021-11-15T08:38:00
4.07421,4.07421,4.07421,4.07421,1636964520,2021-11-15T08:22:00
3.97579,3.97579,3.97579,3.97579,1636963140,2021-11-15T07:59:00
3.80331,3.80331,3.80331,3.80331,1636962960,2021-11-15T07:56:00
3.68837,3.68837,3.68837,3.68837,1636962780,2021-11-15T07:53:00
3.76294,3.76294,3.76294,3.76294,1636960680,2021-11-15T07:18:00
3.86377,3.86377,3.86377,3.86377,1636954740,2021-11-15T05:39:00
3.98225,3.98225,3.98225,3.98225,1636953300,2021-11-15T05:15:00
4.09289,4.09289,4.09289,4.09289,1636949820,2021-11-15T04:17:00
4.03209,4.03209,4.03209,4.03209,1636945140,2021-11-15T02:59:00
3.92284,3.92284,3.92284,3.92284,1636938360,2021-11-15T01:06:00
3.90693,3.90693,3.90693,3.90693,1636937520,2021-11-15T00:52:00
3.93337,3.93337,3.93337,3.93337,1636936440,2021-11-15T00:34:00
3.8741,3.8741,3.8741,3.8741,1636933740,2021-11-14T23:49:00
3.83603,3.83603,3.83603,3.83603,1636932780,2021-11-14T23:33:00
3.84191,3.84191,3.84191,3.84191,1636926840,2021-11-14T21:54:00
3.8436,3.8436,3.8436,3.8436,1636922580,2021-11-14T20:43:00
3.81264,3.81264,3.81264,3.81264,1636921320,2021-11-14T20:22:00
3.83531,3.83531,3.83531,3.83531,1636921140,2021-11-14T20:19:00
3.82139,3.82139,3.82139,3.82139,1636920720,2021-11-14T20:12:00
3.78026,3.78026,3.78026,3.78026,1636910700,2021-11-14T17:25:00
3.74754,3.74754,3.74754,3.74754,1636909080,2021-11-14T16:58:00
3.78869,3.78869,3.78869,3.78869,1636906500,2021-11-14T16:15:00
3.78654,3.78654,3.78654,3.78654,1636905300,2021-11-14T15:55:00
3.80722,3.82567,3.80722,3.82567,1636900740,2021-11-14T14:39:00
3.83257,3.83257,3.83257,3.83257,1636899600,2021-11-14T14:20:00
3.83052,3.83052,3.83052,3.83052,1636898640,2021-11-14T14:04:00
3.81775,3.81775,3.81775,3.81775,1636896240,2021-11-14T13:24:00
3.83769,3.83769,3.83769,3.83769,1636893900,2021-11-14T12:45:00
3.84846,3.84846,3.84846,3.84846,1636893360,2021-11-14T12:36:00
3.82216,3.82216,3.82216,3.82216,1636892520,2021-11-14T12:22:00
3.81515,3.81515,3.81515,3.81515,1636892400,2021-11-14T12:20:00
3.79615,3.79615,3.79615,3.79615,1636891740,2021-11-14T12:09:00
3.80963,3.80963,3.80963,3.80963,1636889760,2021-11-14T11:36:00
3.9047,3.9047,3.83857,3.83857,1636889520,2021-11-14T11:32:00
4.12891,4.12891,4.12891,4.12891,1636889280,2021-11-14T11:28:00
4.24063,4.24063,4.24063,4.24063,1636888740,2021-11-14T11:19:00
4.15766,4.15766,4.15766,4.15766,1636888200,2021-11-14T11:10:00
4.07115,4.07115,4.07115,4.07115,1636887840,2021-11-14T11:04:00
4.03015,4.03015,4.03015,4.03015,1636887720,2021-11-14T11:02:00
3.71079,3.71079,3.71079,3.71079,1636887600,2021-11-14T11:00:00
3.59067,3.59067,3.59067,3.59067,1636887420,2021-11-14T10:57:00
3.55853,3.55853,3.55853,3.55853,1636886100,2021-11-14T10:35:00
3.5761,3.5761,3.5761,3.5761,1636885860,2021-11-14T10:31:00
3.58864,3.58864,3.58864,3.58864,1636883700,2021-11-14T09:55:00
3.57251,3.57251,3.57251,3.57251,1636879380,2021-11-14T08:43:00
3.55282,3.55282,3.55282,3.55282,1636878780,2021-11-14T08:33:00
3.56999,3.56999,3.56999,3.56999,1636878000,2021-11-14T08:20:00
3.55449,3.55449,3.55449,3.55449,1636877580,2021-11-14T08:13:00
3.60161,3.60161,3.60161,3.60161,1636874520,2021-11-14T07:22:00
3.58499,3.58499,3.58499,3.58499,1636868880,2021-11-14T05:48:00
3.60009,3.60009,3.60009,3.60009,1636865700,2021-11-14T04:55:00
3.58982,3.58982,3.58982,3.58982,1636863180,2021-11-14T04:13:00
3.57303,3.57303,3.57303,3.57303,1636862760,2021-11-14T04:06:00
3.55408,3.55408,3.55408,3.55408,1636860840,2021-11-14T03:34:00
3.57273,3.57273,3.57273,3.57273,1636854900,2021-11-14T01:55:00
3.57308,3.57308,3.57308,3.57308,1636853580,2021-11-14T01:33:00
3.62348,3.62348,3.62348,3.62348,1636852980,2021-11-14T01:23:00
3.64726,3.64726,3.64726,3.64726,1636852260,2021-11-14T01:11:00
3.69848,3.69848,3.69848,3.69848,1636847760,2021-11-13T23:56:00
3.73613,3.73613,3.73613,3.73613,1636846200,2021-11-13T23:30:00
3.75714,3.75714,3.75714,3.75714,1636845420,2021-11-13T23:17:00
3.78804,3.78804,3.78804,3.78804,1636840140,2021-11-13T21:49:00
3.76705,3.76705,3.76705,3.76705,1636839120,2021-11-13T21:32:00
3.78447,3.78447,3.78447,3.78447,1636835340,2021-11-13T20:29:00
3.77056,3.77056,3.77056,3.77056,1636833480,2021-11-13T19:58:00
3.75917,3.75917,3.75917,3.75917,1636833060,2021-11-13T19:51:00
3.76673,3.76673,3.76673,3.76673,1636829280,2021-11-13T18:48:00
3.8151,3.8151,3.8151,3.8151,1636825860,2021-11-13T17:51:00
3.79108,3.79108,3.79108,3.79108,1636825260,2021-11-13T17:41:00
3.78887,3.78887,3.78887,3.78887,1636820880,2021-11-13T16:28:00
3.81031,3.81031,3.81031,3.81031,1636819560,2021-11-13T16:06:00
3.82651,3.82651,3.82651,3.82651,1636819020,2021-11-13T15:57:00
3.81862,3.81862,3.81862,3.81862,1636814760,2021-11-13T14:46:00
3.79416,3.79416,3.79416,3.79416,1636814460,2021-11-13T14:41:00
3.79181,3.79181,3.79181,3.79181,1636814040,2021-11-13T14:34:00
3.84867,3.84867,3.84867,3.84867,1636813920,2021-11-13T14:32:00
3.84872,3.84872,3.84872,3.84872,1636813200,2021-11-13T14:20:00
3.84847,3.84847,3.84847,3.84847,1636810860,2021-11-13T13:41:00
3.82318,3.82318,3.82318,3.82318,1636801620,2021-11-13T11:07:00
3.84275,3.84275,3.84275,3.84275,1636801200,2021-11-13T11:00:00
3.84944,3.84944,3.84944,3.84944,1636799820,2021-11-13T10:37:00
3.83217,3.83217,3.83217,3.83217,1636798320,2021-11-13T10:12:00
3.8784,3.8784,3.8784,3.8784,1636796160,2021-11-13T09:36:00
3.91867,3.91867,3.91867,3.91867,1636795140,2021-11-13T09:19:00
3.76107,3.76107,3.76107,3.76107,1636794480,2021-11-13T09:08:00
3.70321,3.70321,3.70321,3.70321,1636793400,2021-11-13T08:50:00
3.6639,3.6639,3.6639,3.6639,1636788060,2021-11-13T07:21:00
3.66904,3.66904,3.66904,3.66904,1636786080,2021-11-13T06:48:00
3.62451,3.62451,3.62451,3.62451,1636784700,2021-11-13T06:25:00
3.64285,3.64285,3.64285,3.64285,1636784040,2021-11-13T06:14:00
3.70089,3.70089,3.70089,3.70089,1636783920,2021-11-13T06:12:00
3.82842,3.82842,3.82842,3.82842,1636783500,2021-11-13T06:05:00
3.8774,3.8774,3.8774,3.8774,1636773420,2021-11-13T03:17:00
3.96895,3.96895,3.96895,3.96895,1636767660,2021-11-13T01:41:00
4.02712,4.02712,4.02712,4.02712,1636767240,2021-11-13T01:34:00
4.05814,4.05814,4.05814,4.05814,1636765140,2021-11-13T00:59:00
4.08785,4.08785,4.08785,4.08785,1636763100,2021-11-13T00:25:00
4.07063,4.07063,4.07063,4.07063,1636762920,2021-11-13T00:22:00
4.03802,4.03802,4.03802,4.03802,1636761960,2021-11-13T00:06:00
3.9302,3.9302,3.9302,3.9302,1636761060,2021-11-12T23:51:00
3.84254,3.84254,3.84254,3.84254,1636761000,2021-11-12T23:50:00
3.88848,3.88848,3.88848,3.88848,1636760880,2021-11-12T23:48:00
3.87866,3.87866,3.87866,3.87866,1636760100,2021-11-12T23:35:00
3.84886,3.84886,3.84886,3.84886,1636759320,2021-11-12T23:22:00
3.8305,3.8305,3.8305,3.8305,1636758180,2021-11-12T23:03:00
3.82173,3.82173,3.82173,3.82173,1636757400,2021-11-12T22:50:00
3.67665,3.67665,3.67665,3.67665,1636757160,2021-11-12T22:46:00
3.47004,3.47004,3.47004,3.47004,1636756740,2021-11-12T22:39:00
3.35908,3.35908,3.25457,3.25457,1636754220,2021-11-12T21:57:00
3.53701,3.53701,3.53701,3.53701,1636751580,2021-11-12T21:13:00
3.51507,3.51507,3.51507,3.51507,1636751280,2021-11-12T21:08:00
3.46049,3.46049,3.46049,3.46049,1636750200,2021-11-12T20:50:00
3.38514,3.38514,3.38514,3.38514,1636743600,2021-11-12T19:00:00
3.41271,3.41271,3.41271,3.41271,1636740600,2021-11-12T18:10:00
3.4514,3.4514,3.4514,3.4514,1636740420,2021-11-12T18:07:00
3.39653,3.39653,3.39653,3.39653,1636737900,2021-11-12T17:25:00
3.3879,3.3879,3.3879,3.3879,1636735920,2021-11-12T16:52:00
3.33306,3.33306,3.33306,3.33306,1636735500,2021-11-12T16:45:00
3.48584,3.48584,3.48584,3.48584,1636735200,2021-11-12T16:40:00
3.47214,3.47214,3.47214,3.47214,1636732500,2021-11-12T15:55:00
3.42953,3.42953,3.42953,3.42953,1636729260,2021-11-12T15:01:00
3.42713,3.42713,3.42713,3.42713,1636727040,2021-11-12T14:24:00
3.42469,3.42469,3.42469,3.42469,1636724340,2021-11-12T13:39:00
3.48842,3.48842,3.48842,3.48842,1636722660,2021-11-12T13:11:00
3.52691,3.52691,3.52691,3.52691,1636718520,2021-11-12T12:02:00
3.56523,3.56523,3.56523,3.56523,1636718160,2021-11-12T11:56:00
3.58253,3.58253,3.58253,3.58253,1636715340,2021-11-12T11:09:00
3.62567,3.62567,3.62567,3.62567,1636715160,2021-11-12T11:06:00
3.68509,3.68509,3.68509,3.68509,1636714140,2021-11-12T10:49:00
3.75628,3.75628,3.75628,3.75628,1636713900,2021-11-12T10:45:00
3.81842,3.81842,3.81842,3.81842,1636713720,2021-11-12T10:42:00
3.91672,3.91672,3.91672,3.91672,1636709640,2021-11-12T09:34:00
3.9666,3.9666,3.9666,3.9666,1636702980,2021-11-12T07:43:00
3.9933,3.9933,3.9933,3.9933,1636699320,2021-11-12T06:42:00
3.9576,3.9576,3.9576,3.9576,1636699080,2021-11-12T06:38:00
3.93617,3.93617,3.93617,3.93617,1636698240,2021-11-12T06:24:00
3.92028,3.92028,3.92028,3.92028,1636697820,2021-11-12T06:17:00
3.95801,3.95801,3.95801,3.95801,1636696200,2021-11-12T05:50:00
3.99797,3.99797,3.99797,3.99797,1636694640,2021-11-12T05:24:00
3.99576,3.99576,3.99576,3.99576,1636693320,2021-11-12T05:02:00
3.89512,3.95075,3.89512,3.95075,1636692240,2021-11-12T04:44:00
3.92308,3.92308,3.92308,3.92308,1636691760,2021-11-12T04:36:00
3.96019,3.96019,3.96019,3.96019,1636691640,2021-11-12T04:34:00
3.97839,3.97839,3.97839,3.97839,1636691040,2021-11-12T04:24:00
3.88971,3.88971,3.88971,3.88971,1636690680,2021-11-12T04:18:00
3.80855,3.80855,3.80855,3.80855,1636690500,2021-11-12T04:15:00
3.78554,3.78554,3.78554,3.78554,1636689960,2021-11-12T04:06:00
3.75083,3.75083,3.75083,3.75083,1636687380,2021-11-12T03:23:00
3.69833,3.69833,3.69833,3.69833,1636686600,2021-11-12T03:10:00
3.71543,3.71543,3.71543,3.71543,1636683900,2021-11-12T02:25:00
3.70376,3.70376,3.70376,3.70376,1636677840,2021-11-12T00:44:00
3.68307,3.68307,3.68307,3.68307,1636675020,2021-11-11T23:57:00
3.71735,3.71735,3.71735,3.71735,1636674660,2021-11-11T23:51:00
4.05619,4.05619,3.91236,3.91236,1636674540,2021-11-11T23:49:00
4.09917,4.09917,4.05041,4.05041,1636672560,2021-11-11T23:16:00
4.19476,4.19476,4.19476,4.19476,1636671480,2021-11-11T22:58:00
4.31602,4.31602,4.31602,4.31602,1636670880,2021-11-11T22:48:00
4.4217,4.4217,4.4217,4.4217,1636670640,2021-11-11T22:44:00
4.3893,4.3893,4.3893,4.3893,1636670460,2021-11-11T22:41:00
4.36322,4.36322,4.36322,4.36322,1636670400,2021-11-11T22:40:00
4.47408,4.47408,4.47408,4.47408,1636670280,2021-11-11T22:38:00
4.14645,4.14645,4.14645,4.14645,1636670040,2021-11-11T22:34:00
4.05434,4.06698,4.05434,4.06698,1636669920,2021-11-11T22:32:00
3.95917,3.95917,3.95917,3.95917,1636668660,2021-11-11T22:11:00
3.81856,3.81856,3.81856,3.81856,1636667400,2021-11-11T21:50:00
3.92493,3.92493,3.92493,3.92493,1636666200,2021-11-11T21:30:00
3.61511,3.78217,3.61511,3.78217,1636665300,2021-11-11T21:15:00
3.45313,3.45313,3.45313,3.45313,1636661820,2021-11-11T20:17:00
3.41961,3.41961,3.41961,3.41961,1636657920,2021-11-11T19:12:00
3.39408,3.39408,3.39408,3.39408,1636657080,2021-11-11T18:58:00
3.3415,3.3415,3.3415,3.3415,1636656900,2021-11-11T18:55:00
3.31812,3.31812,3.31812,3.31812,1636651260,2021-11-11T17:21:00
3.30043,3.30043,3.30043,3.30043,1636650660,2021-11-11T17:11:00
3.1963,3.1963,3.1963,3.1963,1636650360,2021-11-11T17:06:00
3.10513,3.10513,3.10513,3.10513,1636648500,2021-11-11T16:35:00
3.11915,3.11915,3.11915,3.11915,1636647540,2021-11-11T16:19:00
3.19426,3.19426,3.19426,3.19426,1636646640,2021-11-11T16:04:00
3.28539,3.28539,3.28539,3.28539,1636646460,2021-11-11T16:01:00
3.24161,3.24161,3.24161,3.24161,1636645440,2021-11-11T15:44:00
3.33819,3.33819,3.33819,3.33819,1636645320,2021-11-11T15:42:00
3.44774,3.44774,3.44774,3.44774,1636643460,2021-11-11T15:11:00
3.44376,3.44376,3.44376,3.44376,1636641240,2021-11-11T14:34:00
3.49261,3.49261,3.49261,3.49261,1636640280,2021-11-11T14:18:00
3.66296,3.66296,3.66296,3.66296,1636639320,2021-11-11T14:02:00
3.78791,3.78791,3.78791,3.78791,1636637280,2021-11-11T13:28:00
3.76231,3.76231,3.76231,3.76231,1636629360,2021-11-11T11:16:00
3.82,3.82,3.82,3.82,1636628760,2021-11-11T11:06:00
3.6968,3.6968,3.6968,3.6968,1636627560,2021-11-11T10:46:00
3.67228,3.67228,3.67228,3.67228,1636626360,2021-11-11T10:26:00
3.69837,3.69837,3.69837,3.69837,1636625700,2021-11-11T10:15:00
3.71042,3.71042,3.71042,3.71042,1636625160,2021-11-11T10:06:00
3.72386,3.72386,3.72386,3.72386,1636619760,2021-11-11T08:36:00
3.76201,3.76201,3.76201,3.76201,1636614000,2021-11-11T07:00:00
3.77652,3.77652,3.77652,3.77652,1636612680,2021-11-11T06:38:00
3.79204,3.79204,3.79204,3.79204,1636611120,2021-11-11T06:12:00
3.7605,3.7605,3.7605,3.7605,1636609620,2021-11-11T05:47:00
3.75,3.75,3.75,3.75,1636606800,2021-11-11T05:00:00
3.7197,3.7197,3.7197,3.7197,1636606500,2021-11-11T04:55:00
3.68566,3.68566,3.68566,3.68566,1636604880,2021-11-11T04:28:00
3.67869,3.67869,3.67869,3.67869,1636603260,2021-11-11T04:01:00
3.73124,3.73124,3.73124,3.73124,1636602600,2021-11-11T03:50:00
3.77651,3.77651,3.77651,3.77651,1636595580,2021-11-11T01:53:00
3.65423,3.65423,3.65423,3.65423,1636588260,2021-11-10T23:51:00
4.20902,4.20902,4.20902,4.20902,1636588080,2021-11-10T23:48:00
3.58965,3.58965,3.58965,3.58965,1636583280,2021-11-10T22:28:00
3.58654,3.58654,3.58654,3.58654,1636581120,2021-11-10T21:52:00
3.55411,3.55411,3.55411,3.55411,1636579560,2021-11-10T21:26:00
3.64202,3.64202,3.64202,3.64202,1636579260,2021-11-10T21:21:00
3.66931,3.66931,3.66931,3.66931,1636577040,2021-11-10T20:44:00
3.85562,3.85562,3.85562,3.85562,1636576680,2021-11-10T20:38:00
3.92552,3.92552,3.92552,3.92552,1636576560,2021-11-10T20:36:00
3.96325,3.96325,3.96325,3.96325,1636575540,2021-11-10T20:19:00
4.14634,4.14634,4.14634,4.14634,1636571760,2021-11-10T19:16:00
4.04762,4.04762,4.04762,4.04762,1636570920,2021-11-10T19:02:00
4.04265,4.04265,4.04265,4.04265,1636569780,2021-11-10T18:43:00
4.05907,4.05907,4.05907,4.05907,1636568520,2021-11-10T18:22:00
4.20628,4.20628,4.20628,4.20628,1636566660,2021-11-10T17:51:00
4.32855,4.32855,4.32855,4.32855,1636565460,2021-11-10T17:31:00
4.0055,4.51728,4.0055,4.51728,1636564620,2021-11-10T17:17:00
4.4471,4.4471,4.4471,4.4471,1636563060,2021-11-10T16:51:00
4.42247,4.42247,4.42247,4.42247,1636560780,2021-11-10T16:13:00
4.40076,4.40076,4.40076,4.40076,1636558140,2021-11-10T15:29:00
4.68934,4.68934,4.68934,4.68934,1636557240,2021-11-10T15:14:00
4.29086,4.29086,4.29086,4.29086,1636556340,2021-11-10T14:59:00
4.25146,4.25146,4.25146,4.25146,1636554420,2021-11-10T14:27:00
4.24902,4.24902,4.24902,4.24902,1636554120,2021-11-10T14:22:00
4.25211,4.25211,4.25211,4.25211,1636553760,2021-11-10T14:16:00
4.16167,4.16167,4.16167,4.16167,1636553160,2021-11-10T14:06:00
4.14704,4.14704,4.14704,4.14704,1636552920,2021-11-10T14:02:00
4.1303,4.1303,4.1303,4.1303,1636552620,2021-11-10T13:57:00
4.1463,4.1463,4.12662,4.12662,1636551480,2021-11-10T13:38:00
4.13895,4.13895,4.13895,4.13895,1636551300,2021-11-10T13:35:00
4.05084,4.05084,4.05084,4.05084,1636551120,2021-11-10T13:32:00
3.93949,3.93949,3.93949,3.93949,1636550880,2021-11-10T13:28:00
3.78397,3.79305,3.78397,3.79305,1636548780,2021-11-10T12:53:00
3.78,3.78,3.78,3.78,1636546680,2021-11-10T12:18:00
3.78371,3.78371,3.78371,3.78371,1636546560,2021-11-10T12:16:00
3.73505,3.73505,3.73505,3.73505,1636546200,2021-11-10T12:10:00
3.7151,3.7151,3.7151,3.7151,1636546020,2021-11-10T12:07:00
3.70122,3.70122,3.70122,3.70122,1636545060,2021-11-10T11:51:00
3.69186,3.69186,3.69186,3.69186,1636544820,2021-11-10T11:47:00
3.69427,3.69427,3.69427,3.69427,1636543560,2021-11-10T11:26:00
3.64502,3.67045,3.64502,3.67045,1636543440,2021-11-10T11:24:00
3.61673,3.61673,3.61673,3.61673,1636543320,2021-11-10T11:22:00
3.53737,3.53737,3.53737,3.53737,1636542480,2021-11-10T11:08:00
3.51095,3.51095,3.51095,3.51095,1636541700,2021-11-10T10:55:00
3.52012,3.52012,3.52012,3.52012,1636539360,2021-11-10T10:16:00
3.49936,3.49936,3.49936,3.49936,1636538340,2021-11-10T09:59:00
3.52434,3.52434,3.52434,3.52434,1636537980,2021-11-10T09:53:00
3.51146,3.51146,3.51146,3.51146,1636537200,2021-11-10T09:40:00
3.51213,3.51213,3.51213,3.51213,1636535160,2021-11-10T09:06:00
3.4757,3.4757,3.4757,3.4757,1636535100,2021-11-10T09:05:00
3.4456,3.4456,3.4456,3.4456,1636533600,2021-11-10T08:40:00
3.47844,3.47844,3.47844,3.47844,1636533300,2021-11-10T08:35:00
3.46315,3.46315,3.46315,3.46315,1636533240,2021-11-10T08:34:00
3.40851,3.40851,3.40851,3.40851,1636533120,2021-11-10T08:32:00
3.38544,3.38544,3.38544,3.38544,1636532460,2021-11-10T08:21:00
3.39831,3.39831,3.39831,3.39831,1636531200,2021-11-10T08:00:00
3.42568,3.42568,3.42568,3.42568,1636531140,2021-11-10T07:59:00
3.58811,3.58811,3.58811,3.58811,1636528500,2021-11-10T07:15:00
3.79359,3.79359,3.79359,3.79359,1636528260,2021-11-10T07:11:00
3.90041,3.90041,3.90041,3.90041,1636528200,2021-11-10T07:10:00
3.91245,3.91245,3.91245,3.91245,1636528020,2021-11-10T07:07:00
3.92722,3.92722,3.92722,3.92722,1636526100,2021-11-10T06:35:00
3.89986,3.89986,3.89986,3.89986,1636524420,2021-11-10T06:07:00
3.9493,3.9493,3.9493,3.9493,1636524120,2021-11-10T06:02:00
4.00097,4.00097,4.00097,4.00097,1636523580,2021-11-10T05:53:00
4.00741,4.00741,4.00741,4.00741,1636523100,2021-11-10T05:45:00
4.05226,4.05226,4.05226,4.05226,1636518900,2021-11-10T04:35:00
3.92727,3.92727,3.92727,3.92727,1636517340,2021-11-10T04:09:00
4.09426,4.09426,4.09426,4.09426,1636516680,2021-11-10T03:58:00
4.08635,4.08635,4.08635,4.08635,1636515660,2021-11-10T03:41:00
4.06929,4.06929,4.06929,4.06929,1636515600,2021-11-10T03:40:00
4.0178,4.0178,4.0178,4.0178,1636515120,2021-11-10T03:32:00
4.0656,4.0656,4.0656,4.0656,1636514820,2021-11-10T03:27:00
4.05983,4.05983,4.05983,4.05983,1636512360,2021-11-10T02:46:00
4.03809,4.03809,4.03809,4.03809,1636511280,2021-11-10T02:28:00
4.05862,4.05862,4.05862,4.05862,1636511220,2021-11-10T02:27:00
4.09453,4.09453,4.09453,4.09453,1636509540,2021-11-10T01:59:00
4.12737,4.12737,4.12737,4.12737,1636509060,2021-11-10T01:51:00
4.10296,4.10296,4.10296,4.10296,1636507860,2021-11-10T01:31:00
4.13615,4.13615,4.13615,4.13615,1636507380,2021-11-10T01:23:00
4.16706,4.16706,4.16706,4.16706,1636504800,2021-11-10T00:40:00
4.11539,4.11539,4.11539,4.11539,1636503180,2021-11-10T00:13:00
4.06978,4.06978,4.06978,4.06978,1636501860,2021-11-09T23:51:00
3.87029,3.87029,3.87029,3.87029,1636501620,2021-11-09T23:47:00
3.8617,3.8617,3.8617,3.8617,1636501500,2021-11-09T23:45:00
3.80015,3.83634,3.80015,3.83634,1636500720,2021-11-09T23:32:00
3.72021,3.72021,3.72021,3.72021,1636500240,2021-11-09T23:24:00
3.73417,3.73417,3.73417,3.73417,1636499280,2021-11-09T23:08:00
3.72262,3.72262,3.72262,3.72262,1636498860,2021-11-09T23:01:00
3.71232,3.71232,3.71232,3.71232,1636498680,2021-11-09T22:58:00
3.72664,3.72664,3.72664,3.72664,1636496040,2021-11-09T22:14:00
3.75466,3.75466,3.75466,3.75466,1636495680,2021-11-09T22:08:00
3.71809,3.71809,3.71809,3.71809,1636495560,2021-11-09T22:06:00
3.7299,3.7299,3.7299,3.7299,1636495380,2021-11-09T22:03:00
3.78716,3.78716,3.68848,3.68848,1636495260,2021-11-09T22:01:00
4.1424,4.1424,4.1424,4.1424,1636493100,2021-11-09T21:25:00
4.15946,4.15946,4.15946,4.15946,1636493040,2021-11-09T21:24:00
4.10889,4.10988,4.10889,4.10988,1636492860,2021-11-09T21:21:00
4.29134,4.29134,4.29134,4.29134,1636492260,2021-11-09T21:11:00
4.3777,4.3777,4.3777,4.3777,1636492200,2021-11-09T21:10:00
4.40396,4.42854,4.40396,4.42854,1636492020,2021-11-09T21:07:00
4.34014,4.50165,4.34014,4.50165,1636491960,2021-11-09T21:06:00
4.44228,4.44228,4.44228,4.44228,1636491900,2021-11-09T21:05:00
4.49708,4.49708,4.49708,4.49708,1636491840,2021-11-09T21:04:00
4.52972,4.52972,4.52972,4.52972,1636491780,2021-11-09T21:03:00
4.75021,4.75021,4.75021,4.75021,1636491660,2021-11-09T21:01:00
4.70094,4.70094,4.70094,4.70094,1636491240,2021-11-09T20:54:00
4.73342,4.73342,4.73342,4.73342,1636491120,2021-11-09T20:52:00
4.70061,4.70061,4.70061,4.70061,1636491000,2021-11-09T20:50:00
4.30248,4.30248,4.30248,4.30248,1636490940,2021-11-09T20:49:00
4.15734,4.15734,4.15734,4.15734,1636490460,2021-11-09T20:41:00
4.12894,4.12894,4.12894,4.12894,1636490400,2021-11-09T20:40:00
4.1163,4.1163,4.1163,4.1163,1636490280,2021-11-09T20:38:00
4.12043,4.12043,4.12043,4.12043,1636489920,2021-11-09T20:32:00
4.18302,4.18302,4.18302,4.18302,1636489740,2021-11-09T20:29:00
4.23162,4.23162,4.23162,4.23162,1636489380,2021-11-09T20:23:00
4.18042,4.18042,4.18042,4.18042,1636489320,2021-11-09T20:22:00
3.98726,4.3297,3.98726,4.3297,1636489020,2021-11-09T20:17:00
4.18581,4.18581,4.18581,4.18581,1636488060,2021-11-09T20:01:00
4.04081,4.04081,4.04081,4.04081,1636488000,2021-11-09T20:00:00
4.07586,4.07586,4.07586,4.07586,1636487760,2021-11-09T19:56:00
4.11498,4.11498,4.11498,4.11498,1636487700,2021-11-09T19:55:00
4.09513,4.09513,4.09513,4.09513,1636485960,2021-11-09T19:26:00
3.83656,3.83656,3.83656,3.83656,1636485240,2021-11-09T19:14:00
3.80169,3.80169,3.80169,3.80169,1636484940,2021-11-09T19:09:00
3.67754,3.67754,3.67754,3.67754,1636484700,2021-11-09T19:05:00
3.64086,3.64086,3.64086,3.64086,1636484640,2021-11-09T19:04:00
3.69126,3.83544,3.69126,3.83544,1636484580,2021-11-09T19:03:00
3.71553,3.71553,3.71553,3.71553,1636484460,2021-11-09T19:01:00
4.10987,4.10987,4.10987,4.10987,1636484220,2021-11-09T18:57:00
4.24921,4.24921,4.24921,4.24921,1636484040,2021-11-09T18:54:00
4.27915,4.27915,4.27915,4.27915,1636483020,2021-11-09T18:37:00
4.26296,4.26296,4.26296,4.26296,1636482540,2021-11-09T18:29:00
4.25932,4.25932,4.25932,4.25932,1636482180,2021-11-09T18:23:00
4.42134,4.42134,4.42134,4.42134,1636482060,2021-11-09T18:21:00
4.29465,4.29465,4.29465,4.29465,1636482000,2021-11-09T18:20:00
4.5032,4.5032,4.5032,4.5032,1636481940,2021-11-09T18:19:00
4.29317,4.29317,4.29317,4.29317,1636481820,2021-11-09T18:17:00
4.10093,4.10093,4.10093,4.10093,1636481760,2021-11-09T18:16:00
3.90897,3.90897,3.90897,3.90897,1636480860,2021-11-09T18:01:00
3.73335,3.73335,3.73335,3.73335,1636480440,2021-11-09T17:54:00
3.6153,3.6153,3.6153,3.6153,1636479720,2021-11-09T17:42:00
3.62169,3.62169,3.62169,3.62169,1636476420,2021-11-09T16:47:00
3.65283,3.65283,3.65283,3.65283,1636475880,2021-11-09T16:38:00
3.64046,3.64046,3.64046,3.64046,1636472940,2021-11-09T15:49:00
3.68005,3.68005,3.68005,3.68005,1636470780,2021-11-09T15:13:00
3.81115,3.81115,3.81115,3.81115,1636469100,2021-11-09T14:45:00
3.82756,3.82756,3.82756,3.82756,1636468320,2021-11-09T14:32:00
3.80827,3.80827,3.80827,3.80827,1636467240,2021-11-09T14:14:00
3.81525,3.81525,3.81525,3.81525,1636465500,2021-11-09T13:45:00
3.79263,3.79263,3.79263,3.79263,1636465020,2021-11-09T13:37:00
3.83316,3.83316,3.83316,3.83316,1636464840,2021-11-09T13:34:00
3.85104,3.85104,3.85104,3.85104,1636460820,2021-11-09T12:27:00
3.87496,3.87496,3.87496,3.87496,1636460700,2021-11-09T12:25:00
3.90757,3.90757,3.90757,3.90757,1636460580,2021-11-09T12:23:00
3.93813,3.93813,3.93813,3.93813,1636460400,2021-11-09T12:20:00
3.93079,3.93079,3.93079,3.93079,1636460280,2021-11-09T12:18:00
3.90374,3.90374,3.90374,3.90374,1636459920,2021-11-09T12:12:00
3.96424,3.96424,3.96424,3.96424,1636458060,2021-11-09T11:41:00
3.99542,3.99542,3.99542,3.99542,1636457940,2021-11-09T11:39:00
4.01939,4.01939,4.01939,4.01939,1636457220,2021-11-09T11:27:00
4.06405,4.06405,4.06405,4.06405,1636457040,2021-11-09T11:24:00
4.08589,4.08589,4.08589,4.08589,1636456920,2021-11-09T11:22:00
4.13834,4.13834,4.13834,4.13834,1636456320,2021-11-09T11:12:00
4.23082,4.23082,4.19103,4.19103,1636456140,2021-11-09T11:09:00
4.25001,4.25001,4.25001,4.25001,1636456080,2021-11-09T11:08:00
4.26169,4.26169,4.26169,4.26169,1636455960,2021-11-09T11:06:00
4.16636,4.18454,4.16636,4.18454,1636455840,2021-11-09T11:04:00
4.3872,4.3872,4.3872,4.3872,1636455720,2021-11-09T11:02:00
4.09267,4.09267,4.09267,4.09267,1636455660,2021-11-09T11:01:00
4.26801,4.26801,4.14679,4.14679,1636455600,2021-11-09T11:00:00
4.32278,4.36817,4.32278,4.36817,1636455540,2021-11-09T10:59:00
4.24741,4.24741,4.24741,4.24741,1636455420,2021-11-09T10:57:00
3.93093,3.93093,3.93093,3.93093,1636454880,2021-11-09T10:48:00
3.95542,3.95542,3.95542,3.95542,1636454820,2021-11-09T10:47:00
3.94253,3.94253,3.94253,3.94253,1636453440,2021-11-09T10:24:00
3.96774,3.96774,3.96774,3.96774,1636453200,2021-11-09T10:20:00
4.03461,4.03461,4.00048,4.00048,1636453140,2021-11-09T10:19:00
3.97936,3.97936,3.97936,3.97936,1636453080,2021-11-09T10:18:00
4.2741,4.2741,4.14385,4.14385,1636453020,2021-11-09T10:17:00
4.32116,4.32116,4.32116,4.32116,1636452660,2021-11-09T10:11:00
4.07965,4.07965,4.07965,4.07965,1636452600,2021-11-09T10:10:00
4.09051,4.09051,4.09051,4.09051,1636452540,2021-11-09T10:09:00
4.0887,4.0887,4.0887,4.0887,1636452480,2021-11-09T10:08:00
4.0779,4.0779,4.0779,4.0779,1636452420,2021-11-09T10:07:00
4.01548,4.01548,4.01548,4.01548,1636452240,2021-11-09T10:04:00
3.88672,3.88672,3.88672,3.88672,1636451100,2021-11-09T09:45:00
3.90548,3.90548,3.90548,3.90548,1636450800,2021-11-09T09:40:00
3.8724,3.8724,3.8724,3.8724,1636450560,2021-11-09T09:36:00
3.83979,3.83979,3.83979,3.83979,1636449780,2021-11-09T09:23:00
3.76014,3.76014,3.76014,3.76014,1636449540,2021-11-09T09:19:00
3.66151,3.66151,3.66151,3.66151,1636448460,2021-11-09T09:01:00
3.65071,3.65071,3.65071,3.65071,1636447740,2021-11-09T08:49:00
3.71797,3.71797,3.71797,3.71797,1636447080,2021-11-09T08:38:00
3.65445,3.65445,3.65445,3.65445,1636446960,2021-11-09T08:36:00
3.63016,3.63016,3.63016,3.63016,1636446720,2021-11-09T08:32:00
3.57254,3.57254,3.57254,3.57254,1636446540,2021-11-09T08:29:00
3.51093,3.51093,3.51093,3.51093,1636446420,2021-11-09T08:27:00
3.4856,3.4856,3.4856,3.4856,1636446060,2021-11-09T08:21:00
3.5034,3.52702,3.5034,3.52702,1636445940,2021-11-09T08:19:00
3.48427,3.48427,3.48427,3.48427,1636445760,2021-11-09T08:16:00
3.41624,3.41624,3.41624,3.41624,1636445460,2021-11-09T08:11:00
3.34527,3.34527,3.34527,3.34527,1636445220,2021-11-09T08:07:00
3.35413,3.35413,3.35413,3.35413,1636444560,2021-11-09T07:56:00
3.38705,3.38705,3.38705,3.38705,1636444440,2021-11-09T07:54:00
3.39886,3.39886,3.39886,3.39886,1636444080,2021-11-09T07:48:00
3.57521,3.57521,3.57521,3.57521,1636443720,2021-11-09T07:42:00
3.84907,3.84907,3.84907,3.84907,1636442160,2021-11-09T07:16:00
3.89177,3.89177,3.89177,3.89177,1636441860,2021-11-09T07:11:00
3.83877,3.83877,3.83877,3.83877,1636441740,2021-11-09T07:09:00
3.83141,3.83141,3.83141,3.83141,1636441560,2021-11-09T07:06:00
3.8632,3.8632,3.8632,3.8632,1636441080,2021-11-09T06:58:00
3.82748,3.82748,3.82748,3.82748,1636440960,2021-11-09T06:56:00
3.88524,3.88524,3.88524,3.88524,1636440240,2021-11-09T06:44:00
3.95518,3.95518,3.95518,3.95518,1636440000,2021-11-09T06:40:00
3.86777,3.86777,3.86777,3.86777,1636439880,2021-11-09T06:38:00
3.74174,3.74174,3.74174,3.74174,1636439400,2021-11-09T06:30:00
3.74193,3.74193,3.74193,3.74193,1636439280,2021-11-09T06:28:00
3.69354,3.69354,3.69354,3.69354,1636439040,2021-11-09T06:24:00
3.7893,3.7893,3.7893,3.7893,1636438980,2021-11-09T06:23:00
3.74176,3.74176,3.74176,3.74176,1636438920,2021-11-09T06:22:00
3.46365,3.46365,3.46365,3.46365,1636438740,2021-11-09T06:19:00
3.23342,3.23342,3.23342,3.23342,1636437180,2021-11-09T05:53:00
3.22322,3.22322,3.22322,3.22322,1636435620,2021-11-09T05:27:00
3.21229,3.21229,3.21229,3.21229,1636432320,2021-11-09T04:32:00
3.2263,3.2263,3.2263,3.2263,1636432020,2021-11-09T04:27:00
3.24938,3.24938,3.24938,3.24938,1636427340,2021-11-09T03:09:00
3.28987,3.28987,3.28987,3.28987,1636415160,2021-11-08T23:46:00
3.27683,3.27683,3.27683,3.27683,1636413180,2021-11-08T23:13:00
3.24951,3.24951,3.24951,3.24951,1636412820,2021-11-08T23:07:00
3.223,3.223,3.223,3.223,1636411980,2021-11-08T22:53:00
3.23252,3.23252,3.23252,3.23252,1636411500,2021-11-08T22:45:00
3.25587,3.25587,3.25587,3.25587,1636408560,2021-11-08T21:56:00
3.24757,3.24757,3.24757,3.24757,1636408380,2021-11-08T21:53:00
3.22303,3.22303,3.22303,3.22303,1636405560,2021-11-08T21:06:00
3.30595,3.30595,3.30595,3.30595,1636404900,2021-11-08T20:55:00
3.43584,3.43584,3.43584,3.43584,1636404660,2021-11-08T20:51:00
3.45343,3.45343,3.45343,3.45343,1636404180,2021-11-08T20:43:00
3.46768,3.46768,3.46768,3.46768,1636404060,2021-11-08T20:41:00
3.48797,3.48797,3.48797,3.48797,1636401660,2021-11-08T20:01:00
3.46816,3.46816,3.46816,3.46816,1636401540,2021-11-08T19:59:00
3.51344,3.51344,3.51344,3.51344,1636400160,2021-11-08T19:36:00
3.55835,3.55835,3.55835,3.55835,1636398300,2021-11-08T19:05:00
3.52026,3.52026,3.52026,3.52026,1636398240,2021-11-08T19:04:00
3.39875,3.39875,3.39875,3.39875,1636398060,2021-11-08T19:01:00
3.37856,3.37856,3.37856,3.37856,1636397700,2021-11-08T18:55:00
3.44788,3.44788,3.44788,3.44788,1636397520,2021-11-08T18:52:00
3.48652,3.48652,3.48652,3.48652,1636396920,2021-11-08T18:42:00
3.40018,3.40018,3.40018,3.40018,1636396740,2021-11-08T18:39:00
3.30231,3.30231,3.30231,3.30231,1636396440,2021-11-08T18:34:00
3.32833,3.32833,3.32833,3.32833,1636396020,2021-11-08T18:27:00
3.39088,3.39088,3.28785,3.28785,1636395960,2021-11-08T18:26:00
3.42797,3.42797,3.42797,3.42797,1636395900,2021-11-08T18:25:00
3.29243,3.34597,3.29243,3.34597,1636395840,2021-11-08T18:24:00
3.3029,3.3029,3.3029,3.3029,1636395780,2021-11-08T18:23:00
3.12085,3.12085,3.12085,3.12085,1636395660,2021-11-08T18:21:00
2.92936,2.92936,2.92936,2.92936,1636395540,2021-11-08T18:19:00
2.89437,2.89437,2.89437,2.89437,1636390320,2021-11-08T16:52:00
2.91102,2.91102,2.91102,2.91102,1636388580,2021-11-08T16:23:00
2.92744,2.92744,2.92744,2.92744,1636387140,2021-11-08T15:59:00
2.88467,2.88467,2.88467,2.88467,1636384440,2021-11-08T15:14:00
2.87282,2.87282,2.87282,2.87282,1636383780,2021-11-08T15:03:00
2.85916,2.85916,2.85916,2.85916,1636383660,2021-11-08T15:01:00
2.83831,2.83831,2.83831,2.83831,1636382700,2021-11-08T14:45:00
2.85061,2.85061,2.85061,2.85061,1636379820,2021-11-08T13:57:00
2.86078,2.86078,2.86078,2.86078,1636379700,2021-11-08T13:55:00
2.8863,2.8863,2.8863,2.8863,1636377660,2021-11-08T13:21:00
2.87272,2.87272,2.87272,2.87272,1636377000,2021-11-08T13:10:00
2.89735,2.89735,2.89735,2.89735,1636376880,2021-11-08T13:08:00
2.83116,2.83116,2.83116,2.83116,1636376520,2021-11-08T13:02:00
2.99132,2.99132,2.99132,2.99132,1636376280,2021-11-08T12:58:00
3.00711,3.00711,3.00711,3.00711,1636376100,2021-11-08T12:55:00
3.00533,3.00533,3.00533,3.00533,1636375740,2021-11-08T12:49:00
3.06141,3.06141,3.06141,3.06141,1636374840,2021-11-08T12:34:00
3.10625,3.10625,3.10625,3.10625,1636374600,2021-11-08T12:30:00
3.12258,3.12258,3.12258,3.12258,1636374120,2021-11-08T12:22:00
3.11527,3.11527,3.11527,3.11527,1636373220,2021-11-08T12:07:00
3.05447,3.05447,3.05447,3.05447,1636373100,2021-11-08T12:05:00
3.02184,3.02184,3.02184,3.02184,1636372500,2021-11-08T11:55:00
3.08436,3.08436,3.08436,3.08436,1636372380,2021-11-08T11:53:00
3.15676,3.15676,3.14441,3.14441,1636372140,2021-11-08T11:49:00
3.17538,3.17538,3.17538,3.17538,1636371600,2021-11-08T11:40:00
3.20881,3.20881,3.20881,3.20881,1636371480,2021-11-08T11:38:00
3.17148,3.17148,3.17148,3.17148,1636371300,2021-11-08T11:35:00
3.08181,3.08181,3.08181,3.08181,1636371240,2021-11-08T11:34:00
3.03023,3.03023,3.03023,3.03023,1636370880,2021-11-08T11:28:00
2.91229,2.91229,2.91229,2.91229,1636370760,2021-11-08T11:26:00
2.82206,2.82206,2.82206,2.82206,1636370460,2021-11-08T11:21:00
2.82296,2.82296,2.82296,2.82296,1636370280,2021-11-08T11:18:00
2.81179,2.81179,2.81179,2.81179,1636368900,2021-11-08T10:55:00
2.77065,2.77065,2.77065,2.77065,1636366380,2021-11-08T10:13:00
2.79358,2.79358,2.79358,2.79358,1636366260,2021-11-08T10:11:00
2.8073,2.8073,2.8073,2.8073,1636365480,2021-11-08T09:58:00
2.86118,2.86118,2.86118,2.86118,1636364520,2021-11-08T09:42:00
2.768,2.768,2.768,2.768,1636364160,2021-11-08T09:36:00
2.78238,2.78238,2.78238,2.78238,1636363920,2021-11-08T09:32:00
2.77576,2.77576,2.77576,2.77576,1636363500,2021-11-08T09:25:00
2.73711,2.73711,2.73711,2.73711,1636362720,2021-11-08T09:12:00
2.78227,2.78227,2.78227,2.78227,1636359900,2021-11-08T08:25:00
2.81569,2.81569,2.81569,2.81569,1636359540,2021-11-08T08:19:00
2.8226,2.8226,2.8226,2.8226,1636359420,2021-11-08T08:17:00
2.83952,2.83952,2.83952,2.83952,1636358820,2021-11-08T08:07:00
2.82396,2.82396,2.82396,2.82396,1636357140,2021-11-08T07:39:00
2.71656,2.71656,2.71656,2.71656,1636356180,2021-11-08T07:23:00
2.69694,2.69694,2.69694,2.69694,1636354200,2021-11-08T06:50:00
2.70361,2.70361,2.70361,2.70361,1636353060,2021-11-08T06:31:00
2.65237,2.65237,2.65237,2.65237,1636330500,2021-11-08T00:15:00
2.63066,2.63066,2.63066,2.63066,1636325100,2021-11-07T22:45:00
2.65037,2.65037,2.65037,2.65037,1636324980,2021-11-07T22:43:00
2.64848,2.64848,2.64848,2.64848,1636323240,2021-11-07T22:14:00
2.67517,2.67517,2.67517,2.67517,1636322940,2021-11-07T22:09:00
2.68713,2.68713,2.68713,2.68713,1636320480,2021-11-07T21:28:00
2.70715,2.70715,2.70715,2.70715,1636320420,2021-11-07T21:27:00
2.73149,2.73149,2.73149,2.73149,1636320180,2021-11-07T21:23:00
2.71948,2.71948,2.71948,2.71948,1636318800,2021-11-07T21:00:00
2.64071,2.64071,2.64071,2.64071,1636318320,2021-11-07T20:52:00
2.57168,2.57168,2.57168,2.57168,1636317540,2021-11-07T20:39:00
2.60979,2.60979,2.60979,2.60979,1636317120,2021-11-07T20:32:00
2.63575,2.63575,2.63575,2.63575,1636317000,2021-11-07T20:30:00
2.65727,2.65727,2.65727,2.65727,1636316940,2021-11-07T20:29:00
2.70085,2.70085,2.70085,2.70085,1636316880,2021-11-07T20:28:00
2.87005,2.87005,2.87005,2.87005,1636316820,2021-11-07T20:27:00
2.65886,2.65886,2.65886,2.65886,1636316580,2021-11-07T20:23:00
2.60603,2.60603,2.60603,2.60603,1636316220,2021-11-07T20:17:00
2.56684,2.56684,2.56684,2.56684,1636315380,2021-11-07T20:03:00
2.5495,2.5495,2.5495,2.5495,1636315260,2021-11-07T20:01:00
2.45172,2.45172,2.45172,2.45172,1636315020,2021-11-07T19:57:00
2.47188,2.47188,2.47188,2.47188,1636314900,2021-11-07T19:55:00
2.20832,2.20832,2.20832,2.20832,1636308120,2021-11-07T18:02:00
2.21451,2.21451,2.21451,2.21451,1636306140,2021-11-07T17:29:00
2.22402,2.22402,2.22402,2.22402,1636306020,2021-11-07T17:27:00
2.22001,2.22001,2.22001,2.22001,1636304580,2021-11-07T17:03:00
2.23768,2.23768,2.23768,2.23768,1636299900,2021-11-07T15:45:00
2.25458,2.25458,2.25458,2.25458,1636299360,2021-11-07T15:36:00
2.27981,2.27981,2.27981,2.27981,1636296900,2021-11-07T14:55:00
2.29645,2.29645,2.28461,2.28461,1636293000,2021-11-07T13:50:00
2.28399,2.28399,2.28399,2.28399,1636290720,2021-11-07T13:12:00
2.27604,2.27604,2.27604,2.27604,1636289280,2021-11-07T12:48:00
2.25275,2.25275,2.25275,2.25275,1636287240,2021-11-07T12:14:00
2.25755,2.25755,2.25755,2.25755,1636286100,2021-11-07T11:55:00
2.2671,2.2671,2.2671,2.2671,1636285020,2021-11-07T11:37:00
2.24083,2.24083,2.24083,2.24083,1636276800,2021-11-07T09:20:00
2.24292,2.24292,2.24292,2.24292,1636273620,2021-11-07T08:27:00
2.26319,2.26319,2.26319,2.26319,1636271520,2021-11-07T07:52:00
2.27284,2.27284,2.27284,2.27284,1636268880,2021-11-07T07:08:00
2.28326,2.28326,2.28326,2.28326,1636267200,2021-11-07T06:40:00
2.08377,2.08377,2.08377,2.08377,1636264440,2021-11-07T05:54:00
2.09612,2.09612,2.09612,2.09612,1636255860,2021-11-07T03:31:00
2.0914,2.0914,2.0914,2.0914,1636250160,2021-11-07T01:56:00
2.10533,2.10533,2.10533,2.10533,1636248660,2021-11-07T01:31:00
2.11221,2.11221,2.11221,2.11221,1636247160,2021-11-07T01:06:00
2.10941,2.10941,2.10941,2.10941,1636243080,2021-11-06T23:58:00
2.07838,2.07838,2.07838,2.07838,1636242960,2021-11-06T23:56:00
2.04142,2.04142,2.04142,2.04142,1636241040,2021-11-06T23:24:00
2.0266,2.0266,2.0266,2.0266,1636230720,2021-11-06T20:32:00
2.03941,2.03941,2.03941,2.03941,1636229820,2021-11-06T20:17:00
2.01788,2.01788,2.01788,2.01788,1636228080,2021-11-06T19:48:00
1.99394,1.99394,1.99394,1.99394,1636223220,2021-11-06T18:27:00
1.99806,1.99806,1.99806,1.99806,1636221720,2021-11-06T18:02:00
2.00318,2.00318,2.00318,2.00318,1636219560,2021-11-06T17:26:00
2.00185,2.00185,2.00185,2.00185,1636217520,2021-11-06T16:52:00
1.97977,1.97977,1.97977,1.97977,1636202340,2021-11-06T12:39:00
1.9927,1.9927,1.9927,1.9927,1636200420,2021-11-06T12:07:00
2.00364,2.00364,2.00364,2.00364,1636198560,2021-11-06T11:36:00
2.02307,2.02307,2.02307,2.02307,1636198020,2021-11-06T11:27:00
2.04254,2.04254,2.04254,2.04254,1636196460,2021-11-06T11:01:00
2.04881,2.04881,2.04881,2.04881,1636195200,2021-11-06T10:40:00
2.06259,2.06259,2.06259,2.06259,1636192440,2021-11-06T09:54:00
2.0682,2.0682,2.0682,2.0682,1636189320,2021-11-06T09:02:00
2.07379,2.07379,2.07379,2.07379,1636189080,2021-11-06T08:58:00
2.08668,2.08668,2.08668,2.08668,1636187880,2021-11-06T08:38:00
2.0883,2.10427,2.0883,2.10427,1636186920,2021-11-06T08:22:00
2.09794,2.09794,2.09794,2.09794,1636184220,2021-11-06T07:37:00
2.12208,2.12208,2.12208,2.12208,1636177740,2021-11-06T05:49:00
2.12341,2.12341,2.12341,2.12341,1636176420,2021-11-06T05:27:00
2.20799,2.20799,2.20799,2.20799,1636175460,2021-11-06T05:11:00
2.27844,2.27844,2.27844,2.27844,1636174560,2021-11-06T04:56:00
2.3464,2.3464,2.3464,2.3464,1636174440,2021-11-06T04:54:00
2.22232,2.22232,2.22232,2.22232,1636174320,2021-11-06T04:52:00
2.11451,2.11451,2.11451,2.11451,1636174200,2021-11-06T04:50:00
2.04439,2.04439,2.04439,2.04439,1636173480,2021-11-06T04:38:00
2.05275,2.05275,2.05275,2.05275,1636171740,2021-11-06T04:09:00
2.06292,2.06292,2.06292,2.06292,1636171680,2021-11-06T04:08:00
2.05093,2.05093,2.05093,2.05093,1636167420,2021-11-06T02:57:00
2.04092,2.04092,2.04092,2.04092,1636165380,2021-11-06T02:23:00
2.05404,2.05404,2.05404,2.05404,1636164600,2021-11-06T02:10:00
2.05758,2.05758,2.05758,2.05758,1636163820,2021-11-06T01:57:00
2.0703,2.0703,2.0703,2.0703,1636160580,2021-11-06T01:03:00
2.07923,2.07923,2.07923,2.07923,1636160340,2021-11-06T00:59:00
2.09123,2.09123,2.09123,2.09123,1636160100,2021-11-06T00:55:00
2.13248,2.13248,2.10345,2.10345,1636159500,2021-11-06T00:45:00
2.15444,2.15444,2.14927,2.14927,1636158120,2021-11-06T00:22:00
2.16198,2.16198,2.16198,2.16198,1636156860,2021-11-06T00:01:00
2.16477,2.16477,2.16477,2.16477,1636153920,2021-11-05T23:12:00
2.17648,2.17648,2.17648,2.17648,1636150920,2021-11-05T22:22:00
2.1881,2.1881,2.1881,2.1881,1636150080,2021-11-05T22:08:00
2.18589,2.18589,2.18589,2.18589,1636149960,2021-11-05T22:06:00
2.20381,2.20381,2.20381,2.20381,1636149420,2021-11-05T21:57:00
2.18887,2.18887,2.18887,2.18887,1636147380,2021-11-05T21:23:00
2.18245,2.18245,2.18245,2.18245,1636136580,2021-11-05T18:23:00
2.18816,2.18816,2.18816,2.18816,1636129920,2021-11-05T16:32:00
2.20342,2.20342,2.20342,2.20342,1636127220,2021-11-05T15:47:00
2.23759,2.23759,2.23759,2.23759,1636123800,2021-11-05T14:50:00
2.23358,2.23358,2.23358,2.23358,1636123500,2021-11-05T14:45:00
2.25568,2.25568,2.25568,2.25568,1636120920,2021-11-05T14:02:00
2.26325,2.26325,2.26325,2.26325,1636119300,2021-11-05T13:35:00
2.23434,2.23434,2.23434,2.23434,1636113780,2021-11-05T12:03:00
2.20785,2.20785,2.20785,2.20785,1636109280,2021-11-05T10:48:00
2.203,2.203,2.203,2.203,1636106520,2021-11-05T10:02:00
2.22602,2.22602,2.22602,2.22602,1636104180,2021-11-05T09:23:00
2.20864,2.20864,2.20864,2.20864,1636102560,2021-11-05T08:56:00
2.21832,2.21832,2.21832,2.21832,1636100940,2021-11-05T08:29:00
2.20752,2.20752,2.20752,2.20752,1636096380,2021-11-05T07:13:00
2.22728,2.22728,2.22728,2.22728,1636092480,2021-11-05T06:08:00
2.23732,2.23732,2.23732,2.23732,1636082400,2021-11-05T03:20:00
2.24239,2.24239,2.24239,2.24239,1636080900,2021-11-05T02:55:00
2.22441,2.22441,2.22441,2.22441,1636076460,2021-11-05T01:41:00
2.23659,2.23659,2.23659,2.23659,1636068780,2021-11-04T23:33:00
2.22612,2.22612,2.22612,2.22612,1636064220,2021-11-04T22:17:00
2.23609,2.23609,2.23609,2.23609,1636063500,2021-11-04T22:05:00
2.24114,2.24114,2.24114,2.24114,1636062540,2021-11-04T21:49:00
2.36608,2.36608,2.36608,2.36608,1636062420,2021-11-04T21:47:00
2.36643,2.36643,2.36643,2.36643,1636057320,2021-11-04T20:22:00
2.27818,2.27818,2.27818,2.27818,1636054800,2021-11-04T19:40:00
2.28392,2.28392,2.28392,2.28392,1636054320,2021-11-04T19:32:00
2.30195,2.30195,2.30195,2.30195,1636049700,2021-11-04T18:15:00
2.34002,2.34002,2.34002,2.34002,1636041360,2021-11-04T15:56:00
2.3945,2.3945,2.3945,2.3945,1636037400,2021-11-04T14:50:00
2.37462,2.37462,2.37462,2.37462,1636036080,2021-11-04T14:28:00
2.36587,2.36587,2.36587,2.36587,1636032720,2021-11-04T13:32:00
2.36988,2.36988,2.36988,2.36988,1636030380,2021-11-04T12:53:00
2.3753,2.3753,2.3753,2.3753,1636021320,2021-11-04T10:22:00
2.39653,2.39653,2.39653,2.39653,1636017180,2021-11-04T09:13:00
2.44191,2.44191,2.44191,2.44191,1636014240,2021-11-04T08:24:00
2.43777,2.43777,2.43777,2.43777,1636005240,2021-11-04T05:54:00
2.43496,2.43496,2.43496,2.43496,1636001760,2021-11-04T04:56:00
2.42025,2.42025,2.42025,2.42025,1635982200,2021-11-03T23:30:00
2.43294,2.43294,2.43294,2.43294,1635976440,2021-11-03T21:54:00
2.42542,2.42542,2.42542,2.42542,1635975360,2021-11-03T21:36:00
2.41475,2.41475,2.41475,2.41475,1635974460,2021-11-03T21:21:00
2.4093,2.4093,2.4093,2.4093,1635972600,2021-11-03T20:50:00
2.40019,2.40019,2.40019,2.40019,1635970680,2021-11-03T20:18:00
2.34267,2.34267,2.34267,2.34267,1635964920,2021-11-03T18:42:00
2.26246,2.26246,2.26246,2.26246,1635963240,2021-11-03T18:14:00
2.26616,2.26616,2.26616,2.26616,1635951060,2021-11-03T14:51:00
2.29057,2.29057,2.29057,2.29057,1635950880,2021-11-03T14:48:00
2.3207,2.3207,2.3207,2.3207,1635948840,2021-11-03T14:14:00
2.40398,2.40398,2.40398,2.40398,1635936780,2021-11-03T10:53:00
2.4302,2.4302,2.4302,2.4302,1635934020,2021-11-03T10:07:00
2.41054,2.41054,2.41054,2.41054,1635933660,2021-11-03T10:01:00
2.37807,2.37807,2.37807,2.37807,1635925020,2021-11-03T07:37:00
2.39736,2.39736,2.39736,2.39736,1635919500,2021-11-03T06:05:00
2.4306,2.4306,2.4306,2.4306,1635916500,2021-11-03T05:15:00
2.48103,2.48103,2.48103,2.48103,1635903000,2021-11-03T01:30:00
2.48699,2.48699,2.48699,2.48699,1635901440,2021-11-03T01:04:00
2.43695,2.43695,2.43695,2.43695,1635901320,2021-11-03T01:02:00
2.3565,2.3565,2.3565,2.3565,1635895680,2021-11-02T23:28:00
2.35298,2.35298,2.35298,2.35298,1635894000,2021-11-02T23:00:00
2.39124,2.39124,2.39124,2.39124,1635892320,2021-11-02T22:32:00
2.44028,2.44028,2.44028,2.44028,1635889020,2021-11-02T21:37:00
2.49297,2.49297,2.49297,2.49297,1635884160,2021-11-02T20:16:00
2.49204,2.49204,2.49204,2.49204,1635882840,2021-11-02T19:54:00
2.45842,2.45842,2.45842,2.45842,1635880860,2021-11-02T19:21:00
2.45567,2.45567,2.45567,2.45567,1635871560,2021-11-02T16:46:00
2.42393,2.42393,2.42393,2.42393,1635869520,2021-11-02T16:12:00
2.39211,2.39211,2.39211,2.39211,1635869220,2021-11-02T16:07:00
2.34067,2.34067,2.34067,2.34067,1635869100,2021-11-02T16:05:00
2.26479,2.26479,2.26479,2.26479,1635861060,2021-11-02T13:51:00
2.21217,2.21217,2.21217,2.21217,1635860160,2021-11-02T13:36:00
2.18893,2.18893,2.18893,2.18893,1635859080,2021-11-02T13:18:00
2.16457,2.16457,2.16457,2.16457,1635856500,2021-11-02T12:35:00
2.19406,2.19406,2.19406,2.19406,1635855720,2021-11-02T12:22:00
2.24281,2.24281,2.24281,2.24281,1635852120,2021-11-02T11:22:00
2.2657,2.2657,2.2657,2.2657,1635851820,2021-11-02T11:17:00
2.24693,2.24693,2.24693,2.24693,1635849600,2021-11-02T10:40:00
2.14,2.20237,2.14,2.20237,1635849480,2021-11-02T10:38:00
2.0784,2.0784,2.0784,2.0784,1635847200,2021-11-02T10:00:00
2.04216,2.04216,2.04216,2.04216,1635835620,2021-11-02T06:47:00
2.01477,2.01477,2.01477,2.01477,1635830160,2021-11-02T05:16:00
1.97052,1.97052,1.97052,1.97052,1635825540,2021-11-02T03:59:00
1.97706,1.97706,1.97706,1.97706,1635822300,2021-11-02T03:05:00
1.98069,1.98069,1.98069,1.98069,1635820920,2021-11-02T02:42:00
1.96271,1.96271,1.96271,1.96271,1635817680,2021-11-02T01:48:00
1.98635,1.98635,1.98635,1.98635,1635816840,2021-11-02T01:34:00
2.0185,2.0185,2.0185,2.0185,1635814500,2021-11-02T00:55:00
2.04462,2.04462,2.04462,2.04462,1635810660,2021-11-01T23:51:00
2.05209,2.05209,2.05209,2.05209,1635810060,2021-11-01T23:41:00
2.07079,2.07079,2.07079,2.07079,1635806100,2021-11-01T22:35:00
2.08914,2.08914,2.08914,2.08914,1635805380,2021-11-01T22:23:00
2.1265,2.1265,2.1265,2.1265,1635803820,2021-11-01T21:57:00
2.14913,2.14913,2.14913,2.14913,1635794520,2021-11-01T19:22:00
2.18431,2.18431,2.18431,2.18431,1635793980,2021-11-01T19:13:00
2.19055,2.19055,2.19055,2.19055,1635791040,2021-11-01T18:24:00
2.17795,2.17795,2.17795,2.17795,1635790860,2021-11-01T18:21:00
2.16662,2.16662,2.16662,2.16662,1635790260,2021-11-01T18:11:00
2.14896,2.14896,2.14896,2.14896,1635788040,2021-11-01T17:34:00
2.14563,2.14563,2.14563,2.14563,1635787560,2021-11-01T17:26:00
2.17238,2.17238,2.17238,2.17238,1635785640,2021-11-01T16:54:00
2.18069,2.18069,2.18069,2.18069,1635783900,2021-11-01T16:25:00
2.23609,2.23609,2.23609,2.23609,1635782820,2021-11-01T16:07:00
2.27766,2.27766,2.27766,2.27766,1635775920,2021-11-01T14:12:00
2.31925,2.31925,2.31925,2.31925,1635775200,2021-11-01T14:00:00
2.34466,2.34466,2.34466,2.34466,1635769740,2021-11-01T12:29:00
2.33338,2.33338,2.33338,2.33338,1635766200,2021-11-01T11:30:00
2.31937,2.31937,2.31937,2.31937,1635765240,2021-11-01T11:14:00
2.2163,2.2163,2.2163,2.2163,1635763140,2021-11-01T10:39:00
2.26343,2.26343,2.26343,2.26343,1635763080,2021-11-01T10:38:00
2.37019,2.37019,2.37019,2.37019,1635761340,2021-11-01T10:09:00
2.43458,2.43458,2.43458,2.43458,1635761100,2021-11-01T10:05:00
2.44401,2.44401,2.44401,2.44401,1635760620,2021-11-01T09:57:00
2.4278,2.4278,2.4278,2.4278,1635760140,2021-11-01T09:49:00
2.43635,2.43635,2.43635,2.43635,1635759000,2021-11-01T09:30:00
2.43179,2.43179,2.43179,2.43179,1635758760,2021-11-01T09:26:00
2.45335,2.45335,2.45335,2.45335,1635758220,2021-11-01T09:17:00
2.47687,2.47687,2.47687,2.47687,1635755520,2021-11-01T08:32:00
2.48913,2.48913,2.48913,2.48913,1635752040,2021-11-01T07:34:00
2.49614,2.49614,2.49614,2.49614,1635750960,2021-11-01T07:16:00
2.50714,2.50714,2.50714,2.50714,1635750720,2021-11-01T07:12:00
2.52193,2.52193,2.52193,2.52193,1635748800,2021-11-01T06:40:00
2.50668,2.50668,2.50668,2.50668,1635742980,2021-11-01T05:03:00
2.51572,2.51572,2.51572,2.51572,1635742020,2021-11-01T04:47:00
2.49758,2.49758,2.49758,2.49758,1635740880,2021-11-01T04:28:00
2.46822,2.46822,2.46822,2.46822,1635739620,2021-11-01T04:07:00
2.50918,2.50918,2.50918,2.50918,1635738600,2021-11-01T03:50:00
2.57043,2.57043,2.57043,2.57043,1635729000,2021-11-01T01:10:00
2.5568,2.5568,2.5568,2.5568,1635727020,2021-11-01T00:37:00
2.53859,2.53859,2.53859,2.53859,1635725520,2021-11-01T00:12:00
2.59277,2.59277,2.59277,2.59277,1635724860,2021-11-01T00:01:00
2.86949,2.86949,2.86949,2.86949,1635723420,2021-10-31T23:37:00
2.6449,2.6449,2.6449,2.6449,1635723180,2021-10-31T23:33:00
2.63442,2.63442,2.63442,2.63442,1635722640,2021-10-31T23:24:00
2.66308,2.66308,2.66308,2.66308,1635722580,2021-10-31T23:23:00
2.76185,2.76185,2.76185,2.76185,1635722520,2021-10-31T23:22:00
2.89285,2.89285,2.89285,2.89285,1635722280,2021-10-31T23:18:00
2.84994,2.84994,2.84994,2.84994,1635722220,2021-10-31T23:17:00
2.59188,2.59188,2.59188,2.59188,1635721920,2021-10-31T23:12:00
2.51399,2.51399,2.51399,2.51399,1635721800,2021-10-31T23:10:00
2.5292,2.5292,2.5292,2.5292,1635721260,2021-10-31T23:01:00
2.5646,2.5646,2.5646,2.5646,1635721080,2021-10-31T22:58:00
2.5413,2.5413,2.5413,2.5413,1635720840,2021-10-31T22:54:00
2.57129,2.57129,2.57129,2.57129,1635720720,2021-10-31T22:52:00
2.60879,2.60879,2.60879,2.60879,1635720660,2021-10-31T22:51:00
2.62718,2.62718,2.62718,2.62718,1635720240,2021-10-31T22:44:00
2.86177,2.86177,2.86177,2.86177,1635719340,2021-10-31T22:29:00
2.50454,2.50454,2.50454,2.50454,1635719280,2021-10-31T22:28:00
2.49506,2.49506,2.49506,2.49506,1635719040,2021-10-31T22:24:00
2.48308,2.48308,2.48308,2.48308,1635718920,2021-10-31T22:22:00
2.46277,2.46277,2.46277,2.46277,1635718800,2021-10-31T22:20:00
2.45593,2.45593,2.45593,2.45593,1635718080,2021-10-31T22:08:00
2.54159,2.54159,2.54159,2.54159,1635718020,2021-10-31T22:07:00
2.58056,2.58056,2.58056,2.58056,1635717720,2021-10-31T22:02:00
2.48933,2.48933,2.48933,2.48933,1635717600,2021-10-31T22:00:00
2.37489,2.37489,2.37489,2.37489,1635717480,2021-10-31T21:58:00
2.30079,2.30079,2.30079,2.30079,1635716580,2021-10-31T21:43:00
2.27289,2.27289,2.27289,2.27289,1635716280,2021-10-31T21:38:00
2.21036,2.21036,2.21036,2.21036,1635714600,2021-10-31T21:10:00
2.18942,2.18942,2.18942,2.18942,1635711660,2021-10-31T20:21:00
2.16666,2.16666,2.16666,2.16666,1635711120,2021-10-31T20:12:00
2.15848,2.15848,2.15848,2.15848,1635710280,2021-10-31T19:58:00
2.16232,2.16232,2.16232,2.16232,1635708300,2021-10-31T19:25:00
2.08554,2.08554,2.08554,2.08554,1635707700,2021-10-31T19:15:00
2.11615,2.11615,2.11615,2.11615,1635703560,2021-10-31T18:06:00
2.24374,2.24374,2.24374,2.24374,1635703440,2021-10-31T18:04:00
2.32848,2.32848,2.32848,2.32848,1635702540,2021-10-31T17:49:00
2.28891,2.28891,2.28891,2.28891,1635701700,2021-10-31T17:35:00
2.25323,2.25323,2.25323,2.25323,1635700680,2021-10-31T17:18:00
2.26194,2.26194,2.26194,2.26194,1635700620,2021-10-31T17:17:00
2.25052,2.25052,2.25052,2.25052,1635699720,2021-10-31T17:02:00
2.23844,2.23844,2.23844,2.23844,1635695280,2021-10-31T15:48:00
2.23247,2.23247,2.23247,2.23247,1635692640,2021-10-31T15:04:00
2.26749,2.26749,2.26749,2.26749,1635690840,2021-10-31T14:34:00
2.25864,2.25864,2.25864,2.25864,1635688080,2021-10-31T13:48:00
2.2859,2.2859,2.2859,2.2859,1635687780,2021-10-31T13:43:00
2.31232,2.31232,2.31232,2.31232,1635687660,2021-10-31T13:41:00
2.34447,2.34447,2.34447,2.34447,1635687180,2021-10-31T13:33:00
2.33296,2.33296,2.33296,2.33296,1635687060,2021-10-31T13:31:00
2.34636,2.34636,2.34636,2.34636,1635686820,2021-10-31T13:27:00
2.32671,2.32671,2.32671,2.32671,1635686760,2021-10-31T13:26:00
2.33662,2.33662,2.33662,2.33662,1635686640,2021-10-31T13:24:00
2.32844,2.32844,2.32844,2.32844,1635686520,2021-10-31T13:22:00
2.36866,2.36866,2.36866,2.36866,1635686340,2021-10-31T13:19:00
2.38194,2.38194,2.38194,2.38194,1635685860,2021-10-31T13:11:00
2.22927,2.30157,2.22927,2.30157,1635685800,2021-10-31T13:10:00
2.20482,2.20482,2.20482,2.20482,1635685620,2021-10-31T13:07:00
2.18575,2.18575,2.18575,2.18575,1635684600,2021-10-31T12:50:00
2.1747,2.1747,2.1747,2.1747,1635683700,2021-10-31T12:35:00
2.1752,2.1752,2.1752,2.1752,1635683520,2021-10-31T12:32:00
2.1938,2.1938,2.1938,2.1938,1635682920,2021-10-31T12:22:00
2.17305,2.17305,2.17305,2.17305,1635682440,2021-10-31T12:14:00
2.17826,2.17826,2.17826,2.17826,1635682380,2021-10-31T12:13:00
2.32769,2.32769,2.32769,2.32769,1635682200,2021-10-31T12:10:00
2.1439,2.1439,2.1439,2.1439,1635681600,2021-10-31T12:00:00
2.15471,2.15471,2.15471,2.15471,1635681120,2021-10-31T11:52:00
2.1279,2.1279,2.1279,2.1279,1635681000,2021-10-31T11:50:00
2.10567,2.10567,2.10567,2.10567,1635680640,2021-10-31T11:44:00
2.08471,2.08471,2.08471,2.08471,1635680460,2021-10-31T11:41:00
2.08796,2.08796,2.08796,2.08796,1635676980,2021-10-31T10:43:00
2.09516,2.09516,2.09516,2.09516,1635676740,2021-10-31T10:39:00
2.0499,2.06848,2.0499,2.06848,1635676320,2021-10-31T10:32:00
2.01842,2.01842,2.01842,2.01842,1635674700,2021-10-31T10:05:00
1.98654,1.98654,1.98654,1.98654,1635674520,2021-10-31T10:02:00
1.91822,1.91822,1.91822,1.91822,1635674040,2021-10-31T09:54:00
1.87157,1.87157,1.87157,1.87157,1635668760,2021-10-31T08:26:00
1.85668,1.85668,1.85668,1.85668,1635668520,2021-10-31T08:22:00
1.85039,1.85039,1.85039,1.85039,1635667620,2021-10-31T08:07:00
1.8371,1.8371,1.8371,1.8371,1635666720,2021-10-31T07:52:00
1.81724,1.81724,1.81724,1.81724,1635666660,2021-10-31T07:51:00
1.79914,1.79914,1.79914,1.79914,1635666300,2021-10-31T07:45:00
1.78834,1.78834,1.78834,1.78834,1635666240,2021-10-31T07:44:00
1.77732,1.77732,1.77732,1.77732,1635665940,2021-10-31T07:39:00
1.75934,1.75934,1.75934,1.75934,1635662940,2021-10-31T06:49:00
1.74863,1.74863,1.74863,1.74863,1635661920,2021-10-31T06:32:00
1.77696,1.77696,1.77696,1.77696,1635660540,2021-10-31T06:09:00
1.81918,1.81918,1.81918,1.81918,1635651300,2021-10-31T03:35:00
1.74265,1.74265,1.74265,1.74265,1635643620,2021-10-31T01:27:00
1.882,1.882,1.882,1.882,1635639000,2021-10-31T00:10:00
1.90187,1.90187,1.90187,1.90187,1635626640,2021-10-30T20:44:00
1.91909,1.91909,1.91909,1.91909,1635625920,2021-10-30T20:32:00
1.88917,1.88917,1.88917,1.88917,1635625800,2021-10-30T20:30:00
1.88364,1.88364,1.88364,1.88364,1635624000,2021-10-30T20:00:00
1.88115,1.88115,1.88115,1.88115,1635619620,2021-10-30T18:47:00
1.88337,1.88337,1.88337,1.88337,1635612060,2021-10-30T16:41:00
1.72795,1.72795,1.72795,1.72795,1635600660,2021-10-30T13:31:00
1.74902,1.74902,1.74902,1.74902,1635595020,2021-10-30T11:57:00
1.74055,1.74055,1.74055,1.74055,1635593100,2021-10-30T11:25:00
1.71261,1.71261,1.71261,1.71261,1635586740,2021-10-30T09:39:00
1.69684,1.69684,1.69684,1.69684,1635582720,2021-10-30T08:32:00
1.69101,1.69101,1.69101,1.69101,1635575640,2021-10-30T06:34:00
1.69125,1.69125,1.69125,1.69125,1635568260,2021-10-30T04:31:00
1.71807,1.71807,1.71807,1.71807,1635551580,2021-10-29T23:53:00
1.74952,1.74952,1.74952,1.74952,1635548700,2021-10-29T23:05:00
1.73887,1.73887,1.73887,1.73887,1635548520,2021-10-29T23:02:00
1.73494,1.73494,1.73494,1.73494,1635547440,2021-10-29T22:44:00
1.73752,1.73752,1.73752,1.73752,1635547200,2021-10-29T22:40:00
1.77299,1.77299,1.77299,1.77299,1635545220,2021-10-29T22:07:00
1.77834,1.77834,1.77834,1.77834,1635543060,2021-10-29T21:31:00
1.80634,1.80634,1.80634,1.80634,1635540960,2021-10-29T20:56:00
1.8304,1.8304,1.8304,1.8304,1635538320,2021-10-29T20:12:00
1.83302,1.83302,1.83302,1.83302,1635535440,2021-10-29T19:24:00
1.8554,1.8554,1.8554,1.8554,1635524460,2021-10-29T16:21:00
1.82653,1.82653,1.82653,1.82653,1635519960,2021-10-29T15:06:00
1.83751,1.83751,1.83751,1.83751,1635518520,2021-10-29T14:42:00
1.82398,1.82398,1.82398,1.82398,1635511020,2021-10-29T12:37:00
1.83097,1.83097,1.83097,1.83097,1635510180,2021-10-29T12:23:00
1.83181,1.83181,1.83181,1.83181,1635507600,2021-10-29T11:40:00
1.86045,1.86045,1.86045,1.86045,1635505920,2021-10-29T11:12:00
1.89773,1.89773,1.89773,1.89773,1635501780,2021-10-29T10:03:00
1.90915,1.90915,1.90915,1.90915,1635501180,2021-10-29T09:53:00
1.90058,1.90058,1.90058,1.90058,1635495840,2021-10-29T08:24:00
1.88797,1.88797,1.88797,1.88797,1635491820,2021-10-29T07:17:00
1.89311,1.89311,1.89311,1.89311,1635489360,2021-10-29T06:36:00
1.96984,1.96984,1.96984,1.96984,1635471000,2021-10-29T01:30:00
1.99667,1.99667,1.99667,1.99667,1635469380,2021-10-29T01:03:00
1.96559,1.96559,1.96559,1.96559,1635468840,2021-10-29T00:54:00
1.96227,1.96227,1.96227,1.96227,1635466680,2021-10-29T00:18:00
1.94752,1.94752,1.94752,1.94752,1635466140,2021-10-29T00:09:00
2.06881,2.06881,2.06881,2.06881,1635463380,2021-10-28T23:23:00
2.13181,2.13181,2.13181,2.13181,1635458100,2021-10-28T21:55:00
2.58225,2.58225,2.58225,2.58225,1635457620,2021-10-28T21:47:00
2.07052,2.07052,2.07052,2.07052,1635456660,2021-10-28T21:31:00
1.98553,1.98553,1.98553,1.98553,1635455040,2021-10-28T21:04:00
2.21379,2.21379,2.21379,2.21379,1635454740,2021-10-28T20:59:00
2.01622,2.01622,2.01622,2.01622,1635453900,2021-10-28T20:45:00
2.01232,2.01232,2.01232,2.01232,1635451200,2021-10-28T20:00:00
2.03796,2.03796,2.01944,2.01944,1635451080,2021-10-28T19:58:00
2.11413,2.11413,2.11413,2.11413,1635450960,2021-10-28T19:56:00
2.14958,2.14958,2.14958,2.14958,1635450720,2021-10-28T19:52:00
2.07821,2.07821,2.07821,2.07821,1635450600,2021-10-28T19:50:00
2.00949,2.00949,2.00949,2.00949,1635449940,2021-10-28T19:39:00
1.97588,1.97588,1.97588,1.97588,1635449520,2021-10-28T19:32:00
1.95442,1.95442,1.95442,1.95442,1635449100,2021-10-28T19:25:00
1.90638,1.90638,1.90638,1.90638,1635447720,2021-10-28T19:02:00
1.86738,1.86738,1.86738,1.86738,1635444900,2021-10-28T18:15:00
1.87332,1.87332,1.87332,1.87332,1635428700,2021-10-28T13:45:00
1.87591,1.87591,1.87591,1.87591,1635423720,2021-10-28T12:22:00
1.85636,1.85636,1.85636,1.85636,1635422520,2021-10-28T12:02:00
1.91029,1.91029,1.91029,1.91029,1635420660,2021-10-28T11:31:00
1.96949,1.96949,1.96949,1.96949,1635420300,2021-10-28T11:25:00
1.98998,1.98998,1.98998,1.98998,1635417300,2021-10-28T10:35:00
1.97005,1.97005,1.97005,1.97005,1635414660,2021-10-28T09:51:00
1.98156,1.98156,1.98156,1.98156,1635414420,2021-10-28T09:47:00
1.99287,1.99287,1.99287,1.99287,1635413700,2021-10-28T09:35:00
1.95015,1.95015,1.95015,1.95015,1635409200,2021-10-28T08:20:00
1.89946,1.89946,1.89946,1.89946,1635406920,2021-10-28T07:42:00
1.87955,1.87955,1.87955,1.87955,1635394920,2021-10-28T04:22:00
1.91507,1.91507,1.91507,1.91507,1635394860,2021-10-28T04:21:00
1.92349,1.92349,1.92349,1.92349,1635394380,2021-10-28T04:13:00
1.84943,1.84943,1.84943,1.84943,1635379860,2021-10-28T00:11:00
1.82998,1.82998,1.82998,1.82998,1635377820,2021-10-27T23:37:00
1.83436,1.83436,1.83436,1.83436,1635362580,2021-10-27T19:23:00
1.76608,1.76608,1.76608,1.76608,1635361860,2021-10-27T19:11:00
1.71421,1.71421,1.71421,1.71421,1635360960,2021-10-27T18:56:00
1.69043,1.69043,1.69043,1.69043,1635359400,2021-10-27T18:30:00
1.67688,1.67688,1.67688,1.67688,1635353760,2021-10-27T16:56:00
1.67679,1.67679,1.67679,1.67679,1635351840,2021-10-27T16:24:00
1.70569,1.70569,1.70569,1.70569,1635346080,2021-10-27T14:48:00
1.70576,1.70576,1.70576,1.70576,1635342660,2021-10-27T13:51:00
1.70733,1.70733,1.70733,1.70733,1635340500,2021-10-27T13:15:00
1.68192,1.68192,1.68192,1.68192,1635340080,2021-10-27T13:08:00
1.66212,1.66212,1.66212,1.66212,1635339120,2021-10-27T12:52:00
1.72523,1.72523,1.72523,1.72523,1635333900,2021-10-27T11:25:00
1.79164,1.79164,1.79164,1.79164,1635325560,2021-10-27T09:06:00
1.81578,1.81578,1.81578,1.81578,1635323700,2021-10-27T08:35:00
1.88414,1.88414,1.88414,1.88414,1635320400,2021-10-27T07:40:00
1.91293,1.91293,1.91293,1.91293,1635308880,2021-10-27T04:28:00
1.94594,1.94594,1.94594,1.94594,1635308760,2021-10-27T04:26:00
1.98081,1.98081,1.98081,1.98081,1635308640,2021-10-27T04:24:00
1.96346,1.96346,1.96346,1.96346,1635299460,2021-10-27T01:51:00
1.97719,1.97719,1.97719,1.97719,1635296760,2021-10-27T01:06:00
2.00651,2.00651,2.00651,2.00651,1635269340,2021-10-26T17:29:00
2.04695,2.04695,2.04695,2.04695,1635268920,2021-10-26T17:22:00
1.99075,1.99075,1.99075,1.99075,1635268080,2021-10-26T17:08:00
1.9792,2.00006,1.9792,2.00006,1635267900,2021-10-26T17:05:00
1.9696,1.9696,1.9696,1.9696,1635267240,2021-10-26T16:54:00
1.95152,1.95152,1.95152,1.95152,1635267000,2021-10-26T16:50:00
1.92153,1.92153,1.92153,1.92153,1635266580,2021-10-26T16:43:00
1.87446,1.87446,1.87446,1.87446,1635260640,2021-10-26T15:04:00
1.8715,1.8715,1.8715,1.8715,1635248940,2021-10-26T11:49:00
1.8874,1.8874,1.8874,1.8874,1635246060,2021-10-26T11:01:00
1.87328,1.87328,1.87328,1.87328,1635233820,2021-10-26T07:37:00
1.90155,1.90155,1.90155,1.90155,1635231120,2021-10-26T06:52:00
1.89236,1.89236,1.89236,1.89236,1635230700,2021-10-26T06:45:00
1.90107,1.90107,1.90107,1.90107,1635225960,2021-10-26T05:26:00
1.91056,1.91056,1.91056,1.91056,1635218400,2021-10-26T03:20:00
1.88175,1.88175,1.88175,1.88175,1635218100,2021-10-26T03:15:00
1.88547,1.88547,1.88547,1.88547,1635212820,2021-10-26T01:47:00
1.9346,1.9346,1.9346,1.9346,1635211020,2021-10-26T01:17:00
1.96258,1.96258,1.96258,1.96258,1635203880,2021-10-25T23:18:00
1.92521,1.92521,1.92521,1.92521,1635201660,2021-10-25T22:41:00
1.89995,1.89995,1.89995,1.89995,1635201540,2021-10-25T22:39:00
1.83833,1.83833,1.83833,1.83833,1635192240,2021-10-25T20:04:00
1.83361,1.83361,1.83361,1.83361,1635188280,2021-10-25T18:58:00
1.82929,1.82929,1.82929,1.82929,1635187920,2021-10-25T18:52:00
1.82629,1.82629,1.82629,1.82629,1635187440,2021-10-25T18:44:00
1.82619,1.82619,1.82619,1.82619,1635187320,2021-10-25T18:42:00
1.82527,1.82527,1.82527,1.82527,1635186720,2021-10-25T18:32:00
1.78519,1.78519,1.78519,1.78519,1635184680,2021-10-25T17:58:00
1.7844,1.7844,1.7844,1.7844,1635184560,2021-10-25T17:56:00
1.80752,1.80752,1.80752,1.80752,1635180660,2021-10-25T16:51:00
1.76736,1.76736,1.76736,1.76736,1635172620,2021-10-25T14:37:00
1.76346,1.76346,1.76346,1.76346,1635166740,2021-10-25T12:59:00
1.77058,1.77058,1.77058,1.77058,1635161700,2021-10-25T11:35:00
1.75366,1.75366,1.75366,1.75366,1635158580,2021-10-25T10:43:00
1.74276,1.74276,1.74276,1.74276,1635157620,2021-10-25T10:27:00
1.75178,1.75178,1.75178,1.75178,1635156960,2021-10-25T10:16:00
1.77361,1.77361,1.77361,1.77361,1635155700,2021-10-25T09:55:00
1.74271,1.74271,1.74271,1.74271,1635154500,2021-10-25T09:35:00
1.70869,1.70869,1.70869,1.70869,1635154320,2021-10-25T09:32:00
1.71664,1.71664,1.71664,1.71664,1635153600,2021-10-25T09:20:00
1.71153,1.71153,1.71153,1.71153,1635151200,2021-10-25T08:40:00
1.70078,1.70078,1.70078,1.70078,1635150540,2021-10-25T08:29:00
1.70645,1.70645,1.70645,1.70645,1635150240,2021-10-25T08:24:00
1.69344,1.69344,1.69344,1.69344,1635148200,2021-10-25T07:50:00
1.66855,1.66855,1.66855,1.66855,1635145680,2021-10-25T07:08:00
1.72184,1.72184,1.72184,1.72184,1635139920,2021-10-25T05:32:00
1.78467,1.78467,1.78467,1.78467,1635138060,2021-10-25T05:01:00
1.79448,1.79448,1.79448,1.79448,1635136500,2021-10-25T04:35:00
1.81001,1.81001,1.81001,1.81001,1635135120,2021-10-25T04:12:00
1.81085,1.81085,1.81085,1.81085,1635132420,2021-10-25T03:27:00
1.78286,1.78286,1.78286,1.78286,1635119220,2021-10-24T23:47:00
1.77918,1.77918,1.77918,1.77918,1635118140,2021-10-24T23:29:00
1.73424,1.73424,1.73424,1.73424,1635116640,2021-10-24T23:04:00
1.70727,1.70727,1.70727,1.70727,1635116580,2021-10-24T23:03:00
1.67049,1.67049,1.67049,1.67049,1635116100,2021-10-24T22:55:00
1.63586,1.63586,1.63586,1.63586,1635115680,2021-10-24T22:48:00
1.63677,1.63677,1.63677,1.63677,1635114000,2021-10-24T22:20:00
1.62014,1.62014,1.62014,1.62014,1635113640,2021-10-24T22:14:00
1.56203,1.56203,1.56203,1.56203,1635112980,2021-10-24T22:03:00
1.57346,1.57346,1.57346,1.57346,1635112860,2021-10-24T22:01:00
1.44325,1.44325,1.44325,1.44325,1635110640,2021-10-24T21:24:00
1.40369,1.40369,1.40369,1.40369,1635110400,2021-10-24T21:20:00
1.37392,1.37392,1.37392,1.37392,1635109980,2021-10-24T21:13:00
1.35487,1.35487,1.35487,1.35487,1635106440,2021-10-24T20:14:00
1.35507,1.35507,1.35507,1.35507,1635091800,2021-10-24T16:10:00
1.37949,1.37949,1.37949,1.37949,1635087960,2021-10-24T15:06:00
1.38562,1.38562,1.38562,1.38562,1635083460,2021-10-24T13:51:00
1.36841,1.36841,1.36841,1.36841,1635079320,2021-10-24T12:42:00
1.37292,1.37292,1.37292,1.37292,1635075300,2021-10-24T11:35:00
1.38375,1.38375,1.38375,1.38375,1635073920,2021-10-24T11:12:00
1.39014,1.39014,1.39014,1.39014,1635071940,2021-10-24T10:39:00
1.37853,1.37853,1.37853,1.37853,1635069900,2021-10-24T10:05:00
1.38055,1.38055,1.38055,1.38055,1635069780,2021-10-24T10:03:00
1.38995,1.38995,1.38995,1.38995,1635068940,2021-10-24T09:49:00
1.39809,1.39809,1.39809,1.39809,1635067320,2021-10-24T09:22:00
1.38334,1.38334,1.38334,1.38334,1635064560,2021-10-24T08:36:00
1.40691,1.40691,1.38528,1.38528,1635063780,2021-10-24T08:23:00
1.45587,1.45587,1.45587,1.45587,1635061860,2021-10-24T07:51:00
1.4693,1.4693,1.4693,1.4693,1635056100,2021-10-24T06:15:00
1.47027,1.47027,1.47027,1.47027,1635055200,2021-10-24T06:00:00
1.46247,1.46247,1.46247,1.46247,1635052860,2021-10-24T05:21:00
1.45278,1.45278,1.45278,1.45278,1635048540,2021-10-24T04:09:00
1.45671,1.45671,1.45671,1.45671,1635044700,2021-10-24T03:05:00
1.44921,1.44921,1.44921,1.44921,1635044100,2021-10-24T02:55:00
1.46531,1.46531,1.46531,1.46531,1635042120,2021-10-24T02:22:00
1.48618,1.48618,1.48618,1.48618,1635033840,2021-10-24T00:04:00
1.47798,1.47798,1.47798,1.47798,1635028020,2021-10-23T22:27:00
1.46507,1.46507,1.46507,1.46507,1635021420,2021-10-23T20:37:00
1.47364,1.47364,1.47364,1.47364,1635020280,2021-10-23T20:18:00
1.47304,1.47304,1.47304,1.47304,1635015780,2021-10-23T19:03:00
1.46072,1.46072,1.46072,1.46072,1635012300,2021-10-23T18:05:00
1.45603,1.45603,1.45603,1.45603,1635009660,2021-10-23T17:21:00
1.45918,1.45918,1.45918,1.45918,1635008700,2021-10-23T17:05:00
1.49078,1.49078,1.49078,1.49078,1635005280,2021-10-23T16:08:00
1.52849,1.52849,1.52849,1.52849,1635003360,2021-10-23T15:36:00
1.55398,1.55398,1.55398,1.55398,1635002040,2021-10-23T15:14:00
1.52679,1.52679,1.52679,1.52679,1635001920,2021-10-23T15:12:00
1.5629,1.5629,1.5629,1.5629,1635001860,2021-10-23T15:11:00
1.6397,1.6397,1.6397,1.6397,1635001380,2021-10-23T15:03:00
1.66502,1.66502,1.66502,1.66502,1634993880,2021-10-23T12:58:00
1.66951,1.66951,1.66951,1.66951,1634990520,2021-10-23T12:02:00
1.69891,1.69891,1.69891,1.69891,1634990220,2021-10-23T11:57:00
1.73582,1.73582,1.73582,1.73582,1634989080,2021-10-23T11:38:00
1.73268,1.73268,1.73268,1.73268,1634983260,2021-10-23T10:01:00
1.74283,1.74283,1.74283,1.74283,1634976600,2021-10-23T08:10:00
1.74912,1.74912,1.74912,1.74912,1634976300,2021-10-23T08:05:00
1.75845,1.75845,1.75845,1.75845,1634966280,2021-10-23T05:18:00
1.77307,1.77307,1.77307,1.77307,1634962800,2021-10-23T04:20:00
1.75642,1.75642,1.75642,1.75642,1634958060,2021-10-23T03:01:00
1.7303,1.7303,1.7303,1.7303,1634946540,2021-10-22T23:49:00
1.73798,1.73798,1.73798,1.73798,1634944260,2021-10-22T23:11:00
1.74236,1.74236,1.74236,1.74236,1634944200,2021-10-22T23:10:00
1.75173,1.75173,1.75173,1.75173,1634935380,2021-10-22T20:43:00
1.80111,1.80111,1.80111,1.80111,1634909400,2021-10-22T13:30:00
1.7953,1.7953,1.7953,1.7953,1634904360,2021-10-22T12:06:00
1.79832,1.79832,1.79832,1.79832,1634897160,2021-10-22T10:06:00
1.8088,1.8088,1.8088,1.8088,1634897040,2021-10-22T10:04:00
1.79457,1.79457,1.79457,1.79457,1634895480,2021-10-22T09:38:00
1.80032,1.80032,1.80032,1.80032,1634891640,2021-10-22T08:34:00
1.809,1.809,1.809,1.809,1634890980,2021-10-22T08:23:00
1.80549,1.80549,1.80549,1.80549,1634881620,2021-10-22T05:47:00
1.81407,1.81407,1.81407,1.81407,1634877600,2021-10-22T04:40:00
1.81866,1.81866,1.81866,1.81866,1634876700,2021-10-22T04:25:00
1.82377,1.82377,1.82377,1.82377,1634874120,2021-10-22T03:42:00
1.79454,1.79454,1.79454,1.79454,1634854260,2021-10-21T22:11:00
1.79538,1.79538,1.79538,1.79538,1634846520,2021-10-21T20:02:00
1.83512,1.83512,1.83512,1.83512,1634818980,2021-10-21T12:23:00
1.90555,1.90555,1.90555,1.90555,1634813820,2021-10-21T10:57:00
1.91004,1.91004,1.91004,1.91004,1634811840,2021-10-21T10:24:00
1.93279,1.93279,1.93279,1.93279,1634810940,2021-10-21T10:09:00
1.92895,1.92895,1.92895,1.92895,1634808840,2021-10-21T09:34:00
1.91303,1.91303,1.91303,1.91303,1634805300,2021-10-21T08:35:00
1.92454,1.92454,1.92454,1.92454,1634803860,2021-10-21T08:11:00
1.91527,1.91527,1.91527,1.91527,1634790960,2021-10-21T04:36:00
1.92916,1.92916,1.92916,1.92916,1634787180,2021-10-21T03:33:00
1.93512,1.93512,1.93512,1.93512,1634782800,2021-10-21T02:20:00
1.90749,1.90749,1.90749,1.90749,1634782320,2021-10-21T02:12:00
1.88501,1.88501,1.88501,1.88501,1634781660,2021-10-21T02:01:00
1.88291,1.88291,1.88291,1.88291,1634779740,2021-10-21T01:29:00
1.90382,1.90382,1.90382,1.90382,1634779680,2021-10-21T01:28:00
1.98282,1.98282,1.98282,1.98282,1634779620,2021-10-21T01:27:00
1.88715,2.04942,1.88715,2.04942,1634779560,2021-10-21T01:26:00
1.77083,1.77083,1.77083,1.77083,1634757000,2021-10-20T19:10:00
1.77387,1.77387,1.77387,1.77387,1634756100,2021-10-20T18:55:00
1.71773,1.71773,1.71773,1.71773,1634736960,2021-10-20T13:36:00
1.70493,1.70493,1.70493,1.70493,1634732520,2021-10-20T12:22:00
1.69281,1.69281,1.69281,1.69281,1634722260,2021-10-20T09:31:00
1.70141,1.70141,1.70141,1.70141,1634722140,2021-10-20T09:29:00
1.72084,1.72084,1.72084,1.72084,1634708100,2021-10-20T05:35:00
1.74288,1.74288,1.74288,1.74288,1634698740,2021-10-20T02:59:00
1.73977,1.73977,1.73977,1.73977,1634696880,2021-10-20T02:28:00
1.71539,1.71539,1.71539,1.71539,1634695740,2021-10-20T02:09:00
1.67797,1.67797,1.67797,1.67797,1634686620,2021-10-19T23:37:00
1.655,1.655,1.655,1.655,1634680680,2021-10-19T21:58:00
1.6604,1.6604,1.6604,1.6604,1634677320,2021-10-19T21:02:00
1.64662,1.64662,1.64662,1.64662,1634676120,2021-10-19T20:42:00
1.6678,1.6678,1.6678,1.6678,1634673360,2021-10-19T19:56:00
1.70803,1.70803,1.70803,1.70803,1634664300,2021-10-19T17:25:00
1.69519,1.69519,1.69519,1.69519,1634656980,2021-10-19T15:23:00
1.70737,1.70737,1.70737,1.70737,1634656860,2021-10-19T15:21:00
1.70389,1.70389,1.70389,1.70389,1634646360,2021-10-19T12:26:00
1.67313,1.67313,1.67313,1.67313,1634646240,2021-10-19T12:24:00
1.65585,1.67444,1.65585,1.67444,1634636460,2021-10-19T09:41:00
1.70386,1.70386,1.70386,1.70386,1634635500,2021-10-19T09:25:00
1.69325,1.69325,1.69325,1.69325,1634629200,2021-10-19T07:40:00
1.69724,1.69724,1.69724,1.69724,1634629140,2021-10-19T07:39:00
1.71087,1.71087,1.71087,1.71087,1634625300,2021-10-19T06:35:00
1.72566,1.72566,1.72566,1.72566,1634622720,2021-10-19T05:52:00
1.72334,1.72334,1.72334,1.72334,1634622600,2021-10-19T05:50:00
1.70167,1.70167,1.70167,1.70167,1634618400,2021-10-19T04:40:00
1.6723,1.6723,1.6723,1.6723,1634616480,2021-10-19T04:08:00
1.65176,1.65176,1.65176,1.65176,1634602440,2021-10-19T00:14:00
1.64367,1.64367,1.64367,1.64367,1634601060,2021-10-18T23:51:00
1.62414,1.62414,1.62414,1.62414,1634590200,2021-10-18T20:50:00
1.63699,1.63699,1.63699,1.63699,1634590080,2021-10-18T20:48:00
1.62565,1.62565,1.62565,1.62565,1634588280,2021-10-18T20:18:00
1.62548,1.62548,1.62548,1.62548,1634582520,2021-10-18T18:42:00
1.62778,1.62778,1.62778,1.62778,1634580420,2021-10-18T18:07:00
1.63676,1.63676,1.63676,1.63676,1634579880,2021-10-18T17:58:00
1.65336,1.65336,1.65336,1.65336,1634575080,2021-10-18T16:38:00
1.69115,1.69115,1.69115,1.69115,1634569440,2021-10-18T15:04:00
1.68378,1.68378,1.68378,1.68378,1634565360,2021-10-18T13:56:00
1.67401,1.67401,1.67401,1.67401,1634564700,2021-10-18T13:45:00
1.64766,1.64766,1.64766,1.64766,1634561640,2021-10-18T12:54:00
1.72372,1.72372,1.72372,1.72372,1634546100,2021-10-18T08:35:00
1.75669,1.75669,1.75669,1.75669,1634545440,2021-10-18T08:24:00
1.77266,1.77266,1.77266,1.77266,1634545380,2021-10-18T08:23:00
1.78254,1.78254,1.78254,1.78254,1634545260,2021-10-18T08:21:00
1.80263,1.80263,1.80263,1.80263,1634529180,2021-10-18T03:53:00
1.78799,1.78799,1.78799,1.78799,1634529060,2021-10-18T03:51:00
1.77488,1.77488,1.77488,1.77488,1634525700,2021-10-18T02:55:00
1.71689,1.7355,1.71689,1.7355,1634513820,2021-10-17T23:37:00
1.72092,1.72092,1.72092,1.72092,1634509320,2021-10-17T22:22:00
1.72647,1.72647,1.70994,1.70994,1634499120,2021-10-17T19:32:00
1.71967,1.71967,1.71967,1.71967,1634486460,2021-10-17T16:01:00
1.75061,1.75061,1.75061,1.75061,1634485920,2021-10-17T15:52:00
1.81307,1.81307,1.81307,1.81307,1634481360,2021-10-17T14:36:00
1.80017,1.80017,1.80017,1.80017,1634475060,2021-10-17T12:51:00
1.81058,1.81058,1.81058,1.81058,1634472300,2021-10-17T12:05:00
1.8316,1.8316,1.8316,1.8316,1634465520,2021-10-17T10:12:00
1.84297,1.84297,1.84297,1.84297,1634447820,2021-10-17T05:17:00
1.83302,1.83302,1.83302,1.83302,1634446680,2021-10-17T04:58:00
1.83647,1.83647,1.83647,1.83647,1634442420,2021-10-17T03:47:00
1.83338,1.83338,1.83338,1.83338,1634440020,2021-10-17T03:07:00
1.82386,1.82386,1.82386,1.82386,1634436180,2021-10-17T02:03:00
1.81157,1.81157,1.81157,1.81157,1634435100,2021-10-17T01:45:00
1.76729,1.76729,1.76729,1.76729,1634431440,2021-10-17T00:44:00
1.7569,1.7569,1.7569,1.7569,1634430960,2021-10-17T00:36:00
1.76917,1.76917,1.76917,1.76917,1634430780,2021-10-17T00:33:00
1.76959,1.76959,1.76959,1.76959,1634429520,2021-10-17T00:12:00
1.76387,1.76387,1.76387,1.76387,1634428920,2021-10-17T00:02:00
1.75222,1.75222,1.75222,1.75222,1634419440,2021-10-16T21:24:00
1.76558,1.76558,1.76558,1.76558,1634418300,2021-10-16T21:05:00
1.76306,1.76306,1.76306,1.76306,1634414580,2021-10-16T20:03:00
1.75716,1.75716,1.75716,1.75716,1634413740,2021-10-16T19:49:00
1.78716,1.78716,1.78716,1.78716,1634385120,2021-10-16T11:52:00
1.78052,1.78052,1.78052,1.78052,1634382480,2021-10-16T11:08:00
1.76183,1.76183,1.76183,1.76183,1634379600,2021-10-16T10:20:00
1.73315,1.73315,1.73315,1.73315,1634363580,2021-10-16T05:53:00
1.71993,1.71993,1.71993,1.71993,1634347560,2021-10-16T01:26:00
1.7331,1.7331,1.7331,1.7331,1634341680,2021-10-15T23:48:00
1.74465,1.74465,1.74465,1.74465,1634334060,2021-10-15T21:41:00
1.69144,1.69144,1.69144,1.69144,1634307300,2021-10-15T14:15:00
1.69153,1.69153,1.69153,1.69153,1634305860,2021-10-15T13:51:00
1.6691,1.6691,1.6691,1.6691,1634305380,2021-10-15T13:43:00
1.6727,1.6727,1.6727,1.6727,1634283960,2021-10-15T07:46:00
1.71,1.71,1.71,1.71,1634280900,2021-10-15T06:55:00
1.76819,1.76819,1.76819,1.76819,1634278860,2021-10-15T06:21:00
1.84622,1.84622,1.84622,1.84622,1634275980,2021-10-15T05:33:00
1.89293,1.89293,1.89293,1.89293,1634274600,2021-10-15T05:10:00
1.90114,1.90114,1.90114,1.90114,1634256900,2021-10-15T00:15:00
1.89574,1.89574,1.89574,1.89574,1634251680,2021-10-14T22:48:00
1.85536,1.86208,1.85536,1.86208,1634245200,2021-10-14T21:00:00
1.85993,1.85993,1.85993,1.85993,1634242620,2021-10-14T20:17:00
1.83619,1.83619,1.83619,1.83619,1634238240,2021-10-14T19:04:00
1.77526,1.77526,1.77526,1.77526,1634234400,2021-10-14T18:00:00
1.78611,1.78611,1.78611,1.78611,1634233980,2021-10-14T17:53:00
1.7958,1.7958,1.7958,1.7958,1634233800,2021-10-14T17:50:00
1.78474,1.78474,1.78474,1.78474,1634232840,2021-10-14T17:34:00
1.80145,1.80145,1.80145,1.80145,1634232780,2021-10-14T17:33:00
1.81828,1.81828,1.81828,1.81828,1634228700,2021-10-14T16:25:00
1.7901,1.7901,1.7901,1.7901,1634217540,2021-10-14T13:19:00
1.79651,1.79651,1.79651,1.79651,1634216400,2021-10-14T13:00:00
1.81548,1.81548,1.81548,1.81548,1634214900,2021-10-14T12:35:00
1.82081,1.82081,1.82081,1.82081,1634214240,2021-10-14T12:24:00
1.80415,1.80415,1.80415,1.80415,1634214120,2021-10-14T12:22:00
1.75669,1.75669,1.75669,1.75669,1634213400,2021-10-14T12:10:00
1.74171,1.74171,1.74171,1.74171,1634212320,2021-10-14T11:52:00
1.75023,1.75023,1.75023,1.75023,1634211480,2021-10-14T11:38:00
1.60143,1.60143,1.60143,1.60143,1634207220,2021-10-14T10:27:00
1.61181,1.61181,1.61181,1.61181,1634202000,2021-10-14T09:00:00
1.59324,1.59324,1.59324,1.59324,1634200920,2021-10-14T08:42:00
1.59194,1.59194,1.59194,1.59194,1634198340,2021-10-14T07:59:00
1.65089,1.65089,1.65089,1.65089,1634193120,2021-10-14T06:32:00
1.60612,1.60612,1.60612,1.60612,1634187480,2021-10-14T04:58:00
1.60194,1.60194,1.60194,1.60194,1634186340,2021-10-14T04:39:00
1.56782,1.56782,1.56782,1.56782,1634174520,2021-10-14T01:22:00
1.57395,1.57395,1.57395,1.57395,1634172240,2021-10-14T00:44:00
1.56645,1.56645,1.56645,1.56645,1634170440,2021-10-14T00:14:00
1.56118,1.56118,1.56118,1.56118,1634164020,2021-10-13T22:27:00
1.5511,1.5511,1.54606,1.54606,1634155260,2021-10-13T20:01:00
1.55383,1.55383,1.55383,1.55383,1634151720,2021-10-13T19:02:00
1.55835,1.55835,1.55835,1.55835,1634147580,2021-10-13T17:53:00
1.57379,1.57379,1.57379,1.57379,1634146500,2021-10-13T17:35:00
1.58745,1.58745,1.58745,1.58745,1634141640,2021-10-13T16:14:00
1.58005,1.58005,1.58005,1.58005,1634137620,2021-10-13T15:07:00
1.62769,1.62769,1.62769,1.62769,1634136900,2021-10-13T14:55:00
1.53974,1.53974,1.53974,1.53974,1634129400,2021-10-13T12:50:00
1.53424,1.53424,1.53424,1.53424,1634127840,2021-10-13T12:24:00
1.53771,1.53771,1.53771,1.53771,1634125920,2021-10-13T11:52:00
1.52976,1.52976,1.52976,1.52976,1634121660,2021-10-13T10:41:00
1.5411,1.5411,1.5411,1.5411,1634120820,2021-10-13T10:27:00
1.52577,1.52577,1.52577,1.52577,1634118720,2021-10-13T09:52:00
1.54932,1.54932,1.54932,1.54932,1634117460,2021-10-13T09:31:00
1.56989,1.56989,1.56989,1.56989,1634116620,2021-10-13T09:17:00
1.57355,1.57355,1.57355,1.57355,1634115900,2021-10-13T09:05:00
1.55211,1.55211,1.55211,1.55211,1634115420,2021-10-13T08:57:00
1.53417,1.53417,1.53417,1.53417,1634112000,2021-10-13T08:00:00
1.55345,1.55345,1.55345,1.55345,1634110740,2021-10-13T07:39:00
1.57627,1.57627,1.57627,1.57627,1634108460,2021-10-13T07:01:00
1.58061,1.58061,1.58061,1.58061,1634107680,2021-10-13T06:48:00
1.62658,1.62658,1.62658,1.62658,1634099760,2021-10-13T04:36:00
1.54908,1.54908,1.54908,1.54908,1634097720,2021-10-13T04:02:00
1.55865,1.55865,1.55865,1.55865,1634093520,2021-10-13T02:52:00
1.54906,1.54906,1.54906,1.54906,1634090280,2021-10-13T01:58:00
1.57714,1.57714,1.57714,1.57714,1634087640,2021-10-13T01:14:00
1.64638,1.64638,1.64638,1.64638,1634086980,2021-10-13T01:03:00
1.69218,1.69218,1.69218,1.69218,1634084940,2021-10-13T00:29:00
1.68178,1.68178,1.68178,1.68178,1634084520,2021-10-13T00:22:00
1.68576,1.68576,1.68576,1.68576,1634084100,2021-10-13T00:15:00
1.67226,1.67226,1.67226,1.67226,1634081460,2021-10-12T23:31:00
1.67565,1.67565,1.67565,1.67565,1634075880,2021-10-12T21:58:00
1.67273,1.67273,1.67273,1.67273,1634074620,2021-10-12T21:37:00
1.66082,1.66082,1.66082,1.66082,1634070540,2021-10-12T20:29:00
1.67483,1.67483,1.67483,1.67483,1634067900,2021-10-12T19:45:00
1.68652,1.68652,1.68652,1.68652,1634067240,2021-10-12T19:34:00
1.68384,1.68384,1.68384,1.68384,1634063880,2021-10-12T18:38:00
1.65763,1.65763,1.65763,1.65763,1634063280,2021-10-12T18:28:00
1.56416,1.56416,1.56416,1.56416,1634063220,2021-10-12T18:27:00
1.51633,1.51633,1.51633,1.51633,1634062980,2021-10-12T18:23:00
1.5076,1.5076,1.5076,1.5076,1634062440,2021-10-12T18:14:00
1.51186,1.51186,1.51186,1.51186,1634060880,2021-10-12T17:48:00
1.57435,1.57435,1.57435,1.57435,1634060340,2021-10-12T17:39:00
1.62693,1.62693,1.62693,1.62693,1634057280,2021-10-12T16:48:00
1.61261,1.61261,1.61261,1.61261,1634056860,2021-10-12T16:41:00
1.62219,1.62219,1.62219,1.62219,1634054940,2021-10-12T16:09:00
1.62041,1.62041,1.62041,1.62041,1634054460,2021-10-12T16:01:00
1.57981,1.57981,1.57981,1.57981,1634054220,2021-10-12T15:57:00
1.54891,1.54891,1.54891,1.54891,1634053680,2021-10-12T15:48:00
1.54216,1.54216,1.54216,1.54216,1634053440,2021-10-12T15:44:00
1.61594,1.61594,1.61594,1.61594,1634052180,2021-10-12T15:23:00
1.65467,1.65467,1.65467,1.65467,1634044500,2021-10-12T13:15:00
1.66734,1.66734,1.66734,1.66734,1634041080,2021-10-12T12:18:00
1.66189,1.66189,1.66189,1.66189,1634040540,2021-10-12T12:09:00
1.67203,1.67203,1.67203,1.67203,1634037540,2021-10-12T11:19:00
1.65375,1.65375,1.65375,1.65375,1634037480,2021-10-12T11:18:00
1.66164,1.66164,1.66164,1.66164,1634037180,2021-10-12T11:13:00
1.64562,1.64562,1.64562,1.64562,1634036880,2021-10-12T11:08:00
1.64688,1.64688,1.64688,1.64688,1634033100,2021-10-12T10:05:00
1.67186,1.67186,1.66767,1.66767,1634031420,2021-10-12T09:37:00
1.69878,1.69878,1.69878,1.69878,1634027340,2021-10-12T08:29:00
1.71436,1.71436,1.71436,1.71436,1634024340,2021-10-12T07:39:00
1.71724,1.71724,1.71724,1.71724,1634024100,2021-10-12T07:35:00
1.74562,1.74562,1.74562,1.74562,1634021220,2021-10-12T06:47:00
1.75922,1.75922,1.75922,1.75922,1634021040,2021-10-12T06:44:00
1.74334,1.74334,1.74334,1.74334,1634019900,2021-10-12T06:25:00
1.74064,1.74064,1.74064,1.74064,1634012100,2021-10-12T04:15:00
1.7466,1.7466,1.7466,1.7466,1634007660,2021-10-12T03:01:00
1.75698,1.75698,1.75698,1.75698,1634006760,2021-10-12T02:46:00
1.75138,1.75138,1.75138,1.75138,1634006640,2021-10-12T02:44:00
1.75383,1.75383,1.75383,1.75383,1634006160,2021-10-12T02:36:00
1.71447,1.71447,1.71447,1.71447,1634006100,2021-10-12T02:35:00
1.69685,1.69685,1.69685,1.69685,1634005860,2021-10-12T02:31:00
1.72078,1.72078,1.72078,1.72078,1634005800,2021-10-12T02:30:00
1.6813,1.6813,1.6813,1.6813,1634005740,2021-10-12T02:29:00
1.71755,1.71755,1.71755,1.71755,1634005680,2021-10-12T02:28:00
1.8192,1.8192,1.8192,1.8192,1633989720,2021-10-11T22:02:00
1.84805,1.84805,1.84805,1.84805,1633988400,2021-10-11T21:40:00
1.83592,1.83592,1.83592,1.83592,1633987980,2021-10-11T21:33:00
1.82158,1.82158,1.82158,1.82158,1633987620,2021-10-11T21:27:00
1.84066,1.84066,1.84066,1.84066,1633979820,2021-10-11T19:17:00
1.80947,1.80947,1.80947,1.80947,1633979280,2021-10-11T19:08:00
1.82335,1.82335,1.82335,1.82335,1633975080,2021-10-11T17:58:00
1.83623,1.83623,1.83623,1.83623,1633969860,2021-10-11T16:31:00
1.77899,1.77899,1.77899,1.77899,1633969020,2021-10-11T16:17:00
1.88493,1.88493,1.88493,1.88493,1633959780,2021-10-11T13:43:00
1.8718,1.8718,1.8718,1.8718,1633957800,2021-10-11T13:10:00
1.84539,1.84539,1.84539,1.84539,1633957740,2021-10-11T13:09:00
1.85492,1.85492,1.85492,1.85492,1633956900,2021-10-11T12:55:00
1.86291,1.86291,1.86291,1.86291,1633956060,2021-10-11T12:41:00
1.85115,1.85115,1.85115,1.85115,1633951560,2021-10-11T11:26:00
1.86424,1.86424,1.86424,1.86424,1633949100,2021-10-11T10:45:00
1.8637,1.8637,1.8637,1.8637,1633945140,2021-10-11T09:39:00
1.8587,1.8587,1.8587,1.8587,1633941720,2021-10-11T08:42:00
1.86455,1.86455,1.86455,1.86455,1633941600,2021-10-11T08:40:00
1.84699,1.84699,1.84699,1.84699,1633940880,2021-10-11T08:28:00
1.83243,1.86061,1.83243,1.86061,1633940760,2021-10-11T08:26:00
1.93014,1.93014,1.93014,1.93014,1633940700,2021-10-11T08:25:00
2.00056,2.00056,2.00056,2.00056,1633918740,2021-10-11T02:19:00
1.98397,1.98397,1.98397,1.98397,1633918200,2021-10-11T02:10:00
1.95466,1.95466,1.95466,1.95466,1633911240,2021-10-11T00:14:00
2.04155,2.04155,2.04155,2.04155,1633908180,2021-10-10T23:23:00
1.94175,1.94175,1.94175,1.94175,1633903680,2021-10-10T22:08:00
1.99367,1.99367,1.99367,1.99367,1633897860,2021-10-10T20:31:00
2.00451,2.00451,2.00451,2.00451,1633880820,2021-10-10T15:47:00
2.01802,2.01802,2.01802,2.01802,1633880760,2021-10-10T15:46:00
2.01649,2.01649,2.01649,2.01649,1633879740,2021-10-10T15:29:00
1.98481,1.98481,1.98481,1.98481,1633871160,2021-10-10T13:06:00
1.98493,1.98493,1.98493,1.98493,1633870620,2021-10-10T12:57:00
2.00136,2.00136,2.00136,2.00136,1633870380,2021-10-10T12:53:00
1.98482,1.98482,1.98482,1.98482,1633869900,2021-10-10T12:45:00
2.00195,2.00195,2.00195,2.00195,1633865100,2021-10-10T11:25:00
2.01658,2.01658,2.01658,2.01658,1633863360,2021-10-10T10:56:00
2.00282,2.00282,2.00282,2.00282,1633862040,2021-10-10T10:34:00
2.01774,2.01774,2.01774,2.01774,1633860600,2021-10-10T10:10:00
2.02442,2.02442,2.02442,2.02442,1633860540,2021-10-10T10:09:00
2.03606,2.03606,2.03606,2.03606,1633857900,2021-10-10T09:25:00
2.04719,2.04719,2.04719,2.04719,1633854660,2021-10-10T08:31:00
2.0228,2.0228,2.0228,2.0228,1633853700,2021-10-10T08:15:00
2.03184,2.03184,2.03184,2.03184,1633851900,2021-10-10T07:45:00
2.05258,2.05258,2.05258,2.05258,1633849620,2021-10-10T07:07:00
2.03306,2.03306,2.03306,2.03306,1633846260,2021-10-10T06:11:00
2.00244,2.00244,2.00244,2.00244,1633845480,2021-10-10T05:58:00
2.02391,2.02391,2.02391,2.02391,1633842600,2021-10-10T05:10:00
1.99088,1.99088,1.99088,1.99088,1633837380,2021-10-10T03:43:00
1.99419,1.99419,1.99419,1.99419,1633835520,2021-10-10T03:12:00
2.00293,2.00293,2.00293,2.00293,1633833960,2021-10-10T02:46:00
1.98159,1.98159,1.98159,1.98159,1633831380,2021-10-10T02:03:00
1.97057,1.97057,1.97057,1.97057,1633830840,2021-10-10T01:54:00
2.00222,2.00222,2.00222,2.00222,1633817220,2021-10-09T22:07:00
2.01573,2.01573,2.01573,2.01573,1633813380,2021-10-09T21:03:00
2.01593,2.01593,2.01593,2.01593,1633809960,2021-10-09T20:06:00
2.03639,2.03639,2.03639,2.03639,1633808760,2021-10-09T19:46:00
2.05274,2.05274,2.05274,2.05274,1633806600,2021-10-09T19:10:00
2.07159,2.07159,2.07159,2.07159,1633806540,2021-10-09T19:09:00
2.06397,2.06397,2.06397,2.06397,1633806000,2021-10-09T19:00:00
2.05349,2.05349,2.05349,2.05349,1633803180,2021-10-09T18:13:00
2.08592,2.08592,2.08592,2.08592,1633800960,2021-10-09T17:36:00
2.11686,2.11686,2.11686,2.11686,1633797900,2021-10-09T16:45:00
2.10428,2.10428,2.10428,2.10428,1633797600,2021-10-09T16:40:00
2.02547,2.02547,2.02547,2.02547,1633796700,2021-10-09T16:25:00
2.02916,2.02916,2.02916,2.02916,1633796640,2021-10-09T16:24:00
2.03181,2.03181,2.03181,2.03181,1633796040,2021-10-09T16:14:00
2.03625,2.03625,2.03625,2.03625,1633793580,2021-10-09T15:33:00
2.04348,2.04348,2.04348,2.04348,1633790940,2021-10-09T14:49:00
2.05486,2.05486,2.05486,2.05486,1633790280,2021-10-09T14:38:00
2.02449,2.02449,2.02449,2.02449,1633785180,2021-10-09T13:13:00
2.03294,2.03294,2.03294,2.03294,1633785120,2021-10-09T13:12:00
2.06012,2.06012,2.06012,2.06012,1633785000,2021-10-09T13:10:00
2.09076,2.09076,2.09076,2.09076,1633783800,2021-10-09T12:50:00
2.10167,2.10167,2.10167,2.10167,1633781880,2021-10-09T12:18:00
2.09284,2.09284,2.09284,2.09284,1633779960,2021-10-09T11:46:00
2.06731,2.06731,2.06731,2.06731,1633777200,2021-10-09T11:00:00
2.04035,2.04035,2.04035,2.04035,1633775940,2021-10-09T10:39:00
2.059,2.059,2.059,2.059,1633774740,2021-10-09T10:19:00
2.04478,2.04478,2.04478,2.04478,1633773780,2021-10-09T10:03:00
2.05717,2.05717,2.05717,2.05717,1633773420,2021-10-09T09:57:00
2.04516,2.04516,2.04516,2.04516,1633772400,2021-10-09T09:40:00
2.03861,2.03861,2.03861,2.03861,1633770000,2021-10-09T09:00:00
2.02942,2.02942,2.02942,2.02942,1633767660,2021-10-09T08:21:00
2.06971,2.06971,2.06971,2.06971,1633767060,2021-10-09T08:11:00
2.11254,2.11254,2.11254,2.11254,1633765740,2021-10-09T07:49:00
2.11383,2.11383,2.11383,2.11383,1633760580,2021-10-09T06:23:00
2.11927,2.11927,2.11927,2.11927,1633758360,2021-10-09T05:46:00
2.1178,2.1178,2.1178,2.1178,1633755960,2021-10-09T05:06:00
2.11538,2.11538,2.11538,2.11538,1633755660,2021-10-09T05:01:00
2.11299,2.11299,2.11299,2.11299,1633755360,2021-10-09T04:56:00
2.1089,2.1089,2.1089,2.1089,1633755000,2021-10-09T04:50:00
2.04926,2.04926,2.04926,2.04926,1633753200,2021-10-09T04:20:00
2.04718,2.04718,2.04718,2.04718,1633752780,2021-10-09T04:13:00
2.04591,2.04591,2.04591,2.04591,1633752720,2021-10-09T04:12:00
2.04359,2.04359,2.04359,2.04359,1633751880,2021-10-09T03:58:00
2.03254,2.03254,2.03254,2.03254,1633751460,2021-10-09T03:51:00
2.04279,2.04279,2.04279,2.04279,1633751280,2021-10-09T03:48:00
2.03399,2.03399,2.03399,2.03399,1633751040,2021-10-09T03:44:00
2.0186,2.0186,2.0186,2.0186,1633750680,2021-10-09T03:38:00
2.01748,2.01748,2.01748,2.01748,1633746600,2021-10-09T02:30:00
2.0149,2.0149,2.0149,2.0149,1633743660,2021-10-09T01:41:00
2.01293,2.01293,2.01293,2.01293,1633743240,2021-10-09T01:34:00
2.03029,2.03029,2.03029,2.03029,1633742640,2021-10-09T01:24:00
2.02567,2.02567,2.02567,2.02567,1633741680,2021-10-09T01:08:00
2.02143,2.02143,2.02143,2.02143,1633740300,2021-10-09T00:45:00
2.01712,2.01712,2.01712,2.01712,1633740180,2021-10-09T00:43:00
2.00738,2.00738,2.00738,2.00738,1633736760,2021-10-08T23:46:00
2.00231,2.00231,2.00231,2.00231,1633736640,2021-10-08T23:44:00
2.00049,2.00049,2.00049,2.00049,1633735920,2021-10-08T23:32:00
1.9964,1.9964,1.9964,1.9964,1633734240,2021-10-08T23:04:00
2.00852,2.00852,2.00852,2.00852,1633733460,2021-10-08T22:51:00
1.99111,1.99111,1.99111,1.99111,1633733400,2021-10-08T22:50:00
2.00716,2.00716,2.00716,2.00716,1633733340,2021-10-08T22:49:00
1.99836,1.99836,1.99836,1.99836,1633733100,2021-10-08T22:45:00
2.00059,2.00059,2.00059,2.00059,1633730100,2021-10-08T21:55:00
2.07417,2.07417,2.07417,2.07417,1633728720,2021-10-08T21:32:00
2.18091,2.18091,2.18091,2.18091,1633724400,2021-10-08T20:20:00
2.17547,2.17547,2.17547,2.17547,1633722660,2021-10-08T19:51:00
2.17149,2.17149,2.17149,2.17149,1633715820,2021-10-08T17:57:00
2.16375,2.16375,2.16375,2.16375,1633714680,2021-10-08T17:38:00
2.15731,2.15731,2.15731,2.15731,1633713780,2021-10-08T17:23:00
2.16229,2.16229,2.16229,2.16229,1633713360,2021-10-08T17:16:00
2.17957,2.17957,2.17957,2.17957,1633712040,2021-10-08T16:54:00
2.19733,2.19733,2.19733,2.19733,1633711800,2021-10-08T16:50:00
2.16746,2.16746,2.16746,2.16746,1633701300,2021-10-08T13:55:00
2.19072,2.19072,2.19072,2.19072,1633700940,2021-10-08T13:49:00
2.18636,2.18636,2.18636,2.18636,1633699440,2021-10-08T13:24:00
2.17207,2.17207,2.17207,2.17207,1633698900,2021-10-08T13:15:00
2.16465,2.16465,2.16465,2.16465,1633695360,2021-10-08T12:16:00
2.15746,2.15746,2.15746,2.15746,1633691520,2021-10-08T11:12:00
2.16083,2.16083,2.16083,2.16083,1633690140,2021-10-08T10:49:00
2.16591,2.16591,2.16591,2.16591,1633689780,2021-10-08T10:43:00
2.16686,2.16686,2.16686,2.16686,1633688460,2021-10-08T10:21:00
2.15516,2.15516,2.15516,2.15516,1633687800,2021-10-08T10:10:00
2.15297,2.15297,2.15297,2.15297,1633686720,2021-10-08T09:52:00
2.17275,2.17275,2.17275,2.17275,1633685640,2021-10-08T09:34:00
2.17566,2.17566,2.17566,2.17566,1633684560,2021-10-08T09:16:00
2.17048,2.17048,2.17048,2.17048,1633682040,2021-10-08T08:34:00
2.17807,2.17807,2.17807,2.17807,1633680840,2021-10-08T08:14:00
2.17983,2.17983,2.17983,2.17983,1633680600,2021-10-08T08:10:00
2.2204,2.2204,2.2204,2.2204,1633680540,2021-10-08T08:09:00
2.25941,2.25941,2.25941,2.25941,1633680480,2021-10-08T08:08:00
2.28321,2.28321,2.28321,2.28321,1633679880,2021-10-08T07:58:00
2.27201,2.27201,2.27201,2.27201,1633678620,2021-10-08T07:37:00
2.2714,2.2714,2.2714,2.2714,1633678080,2021-10-08T07:28:00
2.33647,2.33647,2.33647,2.33647,1633675380,2021-10-08T06:43:00
2.1314,2.1314,2.1314,2.1314,1633669140,2021-10-08T04:59:00
2.13118,2.13118,2.13118,2.13118,1633667100,2021-10-08T04:25:00
2.11116,2.11116,2.11116,2.11116,1633663860,2021-10-08T03:31:00
2.15348,2.15348,2.15348,2.15348,1633653660,2021-10-08T00:41:00
2.14201,2.14201,2.14201,2.14201,1633653060,2021-10-08T00:31:00
2.12486,2.12486,2.12486,2.12486,1633646880,2021-10-07T22:48:00
2.11774,2.11774,2.11774,2.11774,1633645860,2021-10-07T22:31:00
2.08982,2.08982,2.08982,2.08982,1633645680,2021-10-07T22:28:00
2.07392,2.07392,2.07392,2.07392,1633640700,2021-10-07T21:05:00
2.04008,2.04008,2.04008,2.04008,1633640580,2021-10-07T21:03:00
1.99806,1.99806,1.99806,1.99806,1633639080,2021-10-07T20:38:00
1.97884,1.97884,1.97884,1.97884,1633633140,2021-10-07T18:59:00
1.99659,1.99659,1.99659,1.99659,1633631100,2021-10-07T18:25:00
1.97024,1.97024,1.97024,1.97024,1633622880,2021-10-07T16:08:00
1.99339,1.99339,1.99339,1.99339,1633622700,2021-10-07T16:05:00
2.04492,2.04492,2.04492,2.04492,1633621860,2021-10-07T15:51:00
2.09193,2.09193,2.09193,2.09193,1633616880,2021-10-07T14:28:00
2.1345,2.1345,2.1345,2.1345,1633615080,2021-10-07T13:58:00
2.1228,2.1228,2.1228,2.1228,1633614840,2021-10-07T13:54:00
2.0086,2.0086,2.0086,2.0086,1633613520,2021-10-07T13:32:00
1.94185,1.94185,1.94185,1.94185,1633608300,2021-10-07T12:05:00
1.92806,1.92806,1.92806,1.92806,1633608120,2021-10-07T12:02:00
1.87839,1.87839,1.87839,1.87839,1633602900,2021-10-07T10:35:00
1.83388,1.83388,1.83388,1.83388,1633602780,2021-10-07T10:33:00
1.8386,1.8386,1.8386,1.8386,1633602480,2021-10-07T10:28:00
1.83637,1.83637,1.83637,1.83637,1633596180,2021-10-07T08:43:00
1.80116,1.80116,1.80116,1.80116,1633594920,2021-10-07T08:22:00
1.79425,1.79425,1.79425,1.79425,1633594560,2021-10-07T08:16:00
1.77898,1.77898,1.77898,1.77898,1633594020,2021-10-07T08:07:00
1.79822,1.79822,1.79822,1.79822,1633593960,2021-10-07T08:06:00
1.83841,1.83841,1.83841,1.83841,1633592460,2021-10-07T07:41:00
1.82505,1.82505,1.82505,1.82505,1633589940,2021-10-07T06:59:00
1.85485,1.85485,1.85485,1.85485,1633588080,2021-10-07T06:28:00
1.8426,1.8426,1.8426,1.8426,1633573980,2021-10-07T02:33:00
1.83137,1.83137,1.83137,1.83137,1633573080,2021-10-07T02:18:00
1.82918,1.82918,1.82918,1.82918,1633570620,2021-10-07T01:37:00
1.89947,1.89947,1.89947,1.89947,1633566600,2021-10-07T00:30:00
1.93771,1.93771,1.93771,1.93771,1633559280,2021-10-06T22:28:00
1.94867,1.94867,1.94867,1.94867,1633555980,2021-10-06T21:33:00
1.93437,1.93437,1.93437,1.93437,1633555260,2021-10-06T21:21:00
1.88685,1.88685,1.88685,1.88685,1633555020,2021-10-06T21:17:00
1.89479,1.89479,1.89479,1.89479,1633553400,2021-10-06T20:50:00
1.97793,1.97793,1.97793,1.97793,1633552740,2021-10-06T20:39:00
2.03108,2.03108,2.03108,2.03108,1633552440,2021-10-06T20:34:00
2.03567,2.03567,2.03567,2.03567,1633551540,2021-10-06T20:19:00
2.0423,2.0423,2.0423,2.0423,1633550700,2021-10-06T20:05:00
2.02312,2.02312,2.02312,2.02312,1633538100,2021-10-06T16:35:00
1.97266,1.97266,1.97266,1.97266,1633536900,2021-10-06T16:15:00
2.08734,2.08734,2.08734,2.08734,1633536000,2021-10-06T16:00:00
2.09948,2.09948,2.09948,2.09948,1633535100,2021-10-06T15:45:00
2.09302,2.09302,2.09302,2.09302,1633529340,2021-10-06T14:09:00
2.09271,2.09271,2.09271,2.09271,1633527780,2021-10-06T13:43:00
2.16226,2.16226,2.16226,2.16226,1633527600,2021-10-06T13:40:00
2.12725,2.12725,2.12725,2.12725,1633525560,2021-10-06T13:06:00
2.20106,2.20106,2.20106,2.20106,1633523460,2021-10-06T12:31:00
2.19964,2.19964,2.19964,2.19964,1633517580,2021-10-06T10:53:00
2.21015,2.21015,2.21015,2.21015,1633511700,2021-10-06T09:15:00
2.2618,2.2618,2.2618,2.2618,1633506600,2021-10-06T07:50:00
2.29049,2.29049,2.27185,2.27185,1633506180,2021-10-06T07:43:00
2.3249,2.3249,2.3249,2.3249,1633502760,2021-10-06T06:46:00
2.34389,2.34389,2.34389,2.34389,1633501560,2021-10-06T06:26:00
2.36432,2.36432,2.36432,2.36432,1633501440,2021-10-06T06:24:00
2.3765,2.3765,2.3765,2.3765,1633501380,2021-10-06T06:23:00
2.40887,2.40887,2.40887,2.40887,1633501320,2021-10-06T06:22:00
2.16175,2.16175,2.16175,2.16175,1633500960,2021-10-06T06:16:00
2.16619,2.16619,2.16619,2.16619,1633500600,2021-10-06T06:10:00
2.10582,2.10582,2.10582,2.10582,1633500360,2021-10-06T06:06:00
2.05719,2.05719,2.05719,2.05719,1633499280,2021-10-06T05:48:00
2.12668,2.12668,2.12291,2.12291,1633499220,2021-10-06T05:47:00
2.00919,2.00919,2.00919,2.00919,1633499160,2021-10-06T05:46:00
1.95919,1.95919,1.95919,1.95919,1633491780,2021-10-06T03:43:00
1.98592,1.98592,1.96531,1.96531,1633491420,2021-10-06T03:37:00
1.96222,1.96222,1.96222,1.96222,1633491300,2021-10-06T03:35:00
1.94899,1.94899,1.94899,1.94899,1633486140,2021-10-06T02:09:00
1.95933,1.95933,1.95933,1.95933,1633483500,2021-10-06T01:25:00
1.97197,1.97197,1.97197,1.97197,1633480860,2021-10-06T00:41:00
1.98029,1.98029,1.98029,1.98029,1633478940,2021-10-06T00:09:00
1.97125,1.97125,1.97125,1.97125,1633474860,2021-10-05T23:01:00
1.99001,1.99001,1.99001,1.99001,1633474620,2021-10-05T22:57:00
2.01048,2.01048,2.01048,2.01048,1633474440,2021-10-05T22:54:00
1.84692,1.84692,1.84692,1.84692,1633470300,2021-10-05T21:45:00
1.7875,1.7875,1.7875,1.7875,1633469640,2021-10-05T21:34:00
1.78586,1.78586,1.78586,1.78586,1633469580,2021-10-05T21:33:00
1.75969,1.75969,1.75969,1.75969,1633467180,2021-10-05T20:53:00
1.75024,1.75024,1.75024,1.75024,1633467000,2021-10-05T20:50:00
1.8996,1.8996,1.8996,1.8996,1633466880,2021-10-05T20:48:00
1.70862,1.70862,1.70862,1.70862,1633464540,2021-10-05T20:09:00
1.71066,1.71066,1.71066,1.71066,1633461900,2021-10-05T19:25:00
1.69842,1.69842,1.69842,1.69842,1633461780,2021-10-05T19:23:00
1.70367,1.70367,1.70367,1.70367,1633461720,2021-10-05T19:22:00
1.68475,1.68475,1.68475,1.68475,1633461180,2021-10-05T19:13:00
1.68196,1.68196,1.68196,1.68196,1633460640,2021-10-05T19:04:00
1.72758,1.72758,1.69813,1.69813,1633460520,2021-10-05T19:02:00
1.77899,1.77899,1.77899,1.77899,1633457040,2021-10-05T18:04:00
1.76629,1.76629,1.76629,1.76629,1633456800,2021-10-05T18:00:00
1.70553,1.70553,1.70553,1.70553,1633452660,2021-10-05T16:51:00
1.78942,1.78942,1.78942,1.78942,1633452240,2021-10-05T16:44:00
1.80902,1.80902,1.80902,1.80902,1633451100,2021-10-05T16:25:00
1.83672,1.83672,1.83672,1.83672,1633450860,2021-10-05T16:21:00
1.86395,1.86395,1.86395,1.86395,1633446780,2021-10-05T15:13:00
1.87801,1.87801,1.87801,1.87801,1633442220,2021-10-05T13:57:00
1.93255,1.93255,1.93255,1.93255,1633438860,2021-10-05T13:01:00
1.99578,1.99578,1.99578,1.99578,1633437480,2021-10-05T12:38:00
1.97628,1.97628,1.97628,1.97628,1633437180,2021-10-05T12:33:00
1.94001,1.94001,1.94001,1.94001,1633435980,2021-10-05T12:13:00
1.94996,1.94996,1.94996,1.94996,1633435860,2021-10-05T12:11:00
1.9428,1.9428,1.9428,1.9428,1633435560,2021-10-05T12:06:00
1.94414,1.94414,1.94414,1.94414,1633434420,2021-10-05T11:47:00
1.99056,1.99056,1.99056,1.99056,1633431840,2021-10-05T11:04:00
2.06568,2.06568,2.06568,2.06568,1633430460,2021-10-05T10:41:00
2.08692,2.08692,2.08692,2.08692,1633428000,2021-10-05T10:00:00
2.06648,2.06648,2.06648,2.06648,1633426020,2021-10-05T09:27:00
2.06639,2.06639,2.06639,2.06639,1633420440,2021-10-05T07:54:00
2.08922,2.08922,2.08922,2.08922,1633418880,2021-10-05T07:28:00
2.0741,2.0741,2.0741,2.0741,1633413960,2021-10-05T06:06:00
2.02518,2.02518,2.02518,2.02518,1633412400,2021-10-05T05:40:00
1.99523,1.99523,1.99523,1.99523,1633410660,2021-10-05T05:11:00
2.00949,2.00949,2.00949,2.00949,1633408920,2021-10-05T04:42:00
1.99629,1.99629,1.99629,1.99629,1633405560,2021-10-05T03:46:00
2.00722,2.00722,2.00722,2.00722,1633404840,2021-10-05T03:34:00
2.02452,2.02452,2.02452,2.02452,1633404660,2021-10-05T03:31:00
2.03875,2.03875,2.03875,2.03875,1633401180,2021-10-05T02:33:00
2.02981,2.02981,2.02981,2.02981,1633399860,2021-10-05T02:11:00
2.03067,2.03067,2.03067,2.03067,1633394760,2021-10-05T00:46:00
2.04555,2.04555,2.04555,2.04555,1633388700,2021-10-04T23:05:00
2.08922,2.08922,2.08922,2.08922,1633387500,2021-10-04T22:45:00
2.10453,2.10453,2.10453,2.10453,1633383180,2021-10-04T21:33:00
2.09483,2.09483,2.09483,2.09483,1633379820,2021-10-04T20:37:00
2.10977,2.10977,2.10977,2.10977,1633378620,2021-10-04T20:17:00
2.09109,2.09109,2.09109,2.09109,1633377360,2021-10-04T19:56:00
2.05625,2.05625,2.05625,2.05625,1633368720,2021-10-04T17:32:00
2.02035,2.02035,2.02035,2.02035,1633364040,2021-10-04T16:14:00
1.98483,1.98483,1.98483,1.98483,1633354800,2021-10-04T13:40:00
1.93208,1.93208,1.91638,1.91638,1633354620,2021-10-04T13:37:00
1.99244,1.99244,1.96336,1.96336,1633354560,2021-10-04T13:36:00
1.97815,1.99936,1.97815,1.99936,1633354440,2021-10-04T13:34:00
2.09471,2.09471,2.09471,2.09471,1633354380,2021-10-04T13:33:00
2.15475,2.15475,2.15475,2.15475,1633351020,2021-10-04T12:37:00
2.16249,2.16249,2.16249,2.16249,1633349460,2021-10-04T12:11:00
2.16521,2.16521,2.16521,2.16521,1633343880,2021-10-04T10:38:00
2.15526,2.15526,2.15526,2.15526,1633340040,2021-10-04T09:34:00
2.12812,2.12812,2.12812,2.12812,1633339320,2021-10-04T09:22:00
2.1005,2.1005,2.1005,2.1005,1633338480,2021-10-04T09:08:00
2.0549,2.0549,2.0549,2.0549,1633338360,2021-10-04T09:06:00
2.05154,2.05154,2.05154,2.05154,1633337520,2021-10-04T08:52:00
2.04325,2.04325,2.04325,2.04325,1633328160,2021-10-04T06:16:00
2.05384,2.05384,2.05384,2.05384,1633327560,2021-10-04T06:06:00
2.06344,2.06344,2.06344,2.06344,1633326360,2021-10-04T05:46:00
2.04426,2.04426,2.04426,2.04426,1633319580,2021-10-04T03:53:00
2.06165,2.06165,2.06165,2.06165,1633316580,2021-10-04T03:03:00
2.08322,2.08322,2.08322,2.08322,1633310760,2021-10-04T01:26:00
2.10946,2.10946,2.10946,2.10946,1633310700,2021-10-04T01:25:00
2.10552,2.10552,2.10552,2.10552,1633310520,2021-10-04T01:22:00
2.14944,2.14944,2.14944,2.14944,1633306500,2021-10-04T00:15:00
2.16207,2.16207,2.16207,2.16207,1633301700,2021-10-03T22:55:00
2.16075,2.16075,2.16075,2.16075,1633300140,2021-10-03T22:29:00
2.08545,2.08545,2.08545,2.08545,1633299180,2021-10-03T22:13:00
2.35622,2.35622,2.35622,2.35622,1633298940,2021-10-03T22:09:00
2.13539,2.13539,2.13539,2.13539,1633298880,2021-10-03T22:08:00
2.33521,2.33521,2.33521,2.33521,1633295880,2021-10-03T21:18:00
2.37005,2.37005,2.37005,2.37005,1633294860,2021-10-03T21:01:00
2.36382,2.36382,2.36382,2.36382,1633294320,2021-10-03T20:52:00
2.37069,2.37069,2.37069,2.37069,1633292940,2021-10-03T20:29:00
2.38455,2.38455,2.38455,2.38455,1633289940,2021-10-03T19:39:00
2.39307,2.39307,2.39307,2.39307,1633289220,2021-10-03T19:27:00
2.37935,2.37935,2.37935,2.37935,1633283700,2021-10-03T17:55:00
2.38619,2.38619,2.38619,2.38619,1633279620,2021-10-03T16:47:00
2.37836,2.37836,2.37836,2.37836,1633272360,2021-10-03T14:46:00
2.39032,2.39032,2.39032,2.39032,1633271100,2021-10-03T14:25:00
2.38838,2.38838,2.38838,2.38838,1633263060,2021-10-03T12:11:00
2.39805,2.39805,2.39805,2.39805,1633260900,2021-10-03T11:35:00
2.37419,2.37419,2.37419,2.37419,1633258680,2021-10-03T10:58:00
2.2566,2.30026,2.2566,2.30026,1633254060,2021-10-03T09:41:00
2.35643,2.35643,2.35643,2.35643,1633252920,2021-10-03T09:22:00
2.43342,2.43342,2.43342,2.43342,1633250400,2021-10-03T08:40:00
2.41503,2.41503,2.41503,2.41503,1633245300,2021-10-03T07:15:00
2.43952,2.43952,2.43952,2.43952,1633245060,2021-10-03T07:11:00
2.47106,2.47106,2.47106,2.47106,1633243740,2021-10-03T06:49:00
2.46734,2.46734,2.46734,2.46734,1633242060,2021-10-03T06:21:00
2.42544,2.42544,2.42544,2.42544,1633238520,2021-10-03T05:22:00
2.41034,2.41034,2.41034,2.41034,1633236240,2021-10-03T04:44:00
2.42247,2.42247,2.42247,2.42247,1633234920,2021-10-03T04:22:00
2.40595,2.40595,2.40595,2.40595,1633234140,2021-10-03T04:09:00
2.41027,2.41027,2.41027,2.41027,1633232880,2021-10-03T03:48:00
2.43157,2.43157,2.43157,2.43157,1633227900,2021-10-03T02:25:00
2.38843,2.38843,2.38843,2.38843,1633223340,2021-10-03T01:09:00
2.39327,2.39327,2.39327,2.39327,1633222860,2021-10-03T01:01:00
2.40676,2.40676,2.40676,2.40676,1633221720,2021-10-03T00:42:00
2.46964,2.46964,2.46964,2.46964,1633221060,2021-10-03T00:31:00
2.36254,2.36254,2.36254,2.36254,1633219500,2021-10-03T00:05:00
2.38327,2.38327,2.38327,2.38327,1633219320,2021-10-03T00:02:00
2.44115,2.44115,2.44115,2.44115,1633216020,2021-10-02T23:07:00
2.42933,2.42933,2.42933,2.42933,1633214340,2021-10-02T22:39:00
2.44005,2.44005,2.44005,2.44005,1633212960,2021-10-02T22:16:00
2.41249,2.41249,2.41249,2.41249,1633212600,2021-10-02T22:10:00
2.33629,2.33629,2.33629,2.33629,1633209660,2021-10-02T21:21:00
2.34121,2.34121,2.34121,2.34121,1633208580,2021-10-02T21:03:00
2.35485,2.35485,2.35485,2.35485,1633208220,2021-10-02T20:57:00
2.34599,2.34599,2.34599,2.34599,1633206780,2021-10-02T20:33:00
2.35312,2.35312,2.35312,2.35312,1633199220,2021-10-02T18:27:00
2.36032,2.36032,2.36032,2.36032,1633196700,2021-10-02T17:45:00
2.3275,2.3275,2.3275,2.3275,1633195620,2021-10-02T17:27:00
2.54165,2.54165,2.54165,2.54165,1633195020,2021-10-02T17:17:00
2.5471,2.5471,2.5471,2.5471,1633194960,2021-10-02T17:16:00
2.57998,2.57998,2.57998,2.57998,1633194540,2021-10-02T17:09:00
2.57406,2.57406,2.57406,2.57406,1633191660,2021-10-02T16:21:00
2.58854,2.58854,2.58854,2.58854,1633191120,2021-10-02T16:12:00
2.56754,2.56754,2.56754,2.56754,1633189860,2021-10-02T15:51:00
2.5662,2.5662,2.5662,2.5662,1633188600,2021-10-02T15:30:00
2.39917,2.39917,2.39917,2.39917,1633187160,2021-10-02T15:06:00
2.41026,2.41026,2.41026,2.41026,1633186440,2021-10-02T14:54:00
2.37719,2.37719,2.37719,2.37719,1633185780,2021-10-02T14:43:00
2.39175,2.39175,2.39175,2.39175,1633185540,2021-10-02T14:39:00
2.39696,2.39696,2.39696,2.39696,1633182480,2021-10-02T13:48:00
2.40144,2.40144,2.40144,2.40144,1633176540,2021-10-02T12:09:00
2.38651,2.38651,2.38651,2.38651,1633175460,2021-10-02T11:51:00
2.39611,2.39611,2.39611,2.39611,1633174080,2021-10-02T11:28:00
2.40247,2.40247,2.40247,2.40247,1633172340,2021-10-02T10:59:00
2.4162,2.4162,2.4162,2.4162,1633170720,2021-10-02T10:32:00
2.40825,2.40825,2.40825,2.40825,1633168020,2021-10-02T09:47:00
2.42233,2.42233,2.42233,2.42233,1633167000,2021-10-02T09:30:00
2.41161,2.41161,2.41161,2.41161,1633163040,2021-10-02T08:24:00
2.4156,2.4156,2.4156,2.4156,1633160580,2021-10-02T07:43:00
2.46323,2.46323,2.46323,2.46323,1633159980,2021-10-02T07:33:00
2.52377,2.52377,2.52377,2.52377,1633157520,2021-10-02T06:52:00
2.51676,2.51676,2.51676,2.51676,1633155660,2021-10-02T06:21:00
2.53515,2.53515,2.53515,2.53515,1633155360,2021-10-02T06:16:00
2.52146,2.52146,2.52146,2.52146,1633153920,2021-10-02T05:52:00
2.50599,2.50599,2.50599,2.50599,1633153260,2021-10-02T05:41:00
2.51255,2.51255,2.51255,2.51255,1633152600,2021-10-02T05:30:00
2.51915,2.51915,2.51915,2.51915,1633152420,2021-10-02T05:27:00
2.53001,2.53001,2.53001,2.53001,1633151880,2021-10-02T05:18:00
2.31621,2.31621,2.31621,2.31621,1633142760,2021-10-02T02:46:00
2.33595,2.33595,2.33595,2.33595,1633132680,2021-10-01T23:58:00
2.34962,2.34962,2.34962,2.34962,1633129920,2021-10-01T23:12:00
2.36865,2.36865,2.36865,2.36865,1633127280,2021-10-01T22:28:00
2.38456,2.38456,2.38456,2.38456,1633125120,2021-10-01T21:52:00
2.41062,2.41062,2.41062,2.41062,1633124880,2021-10-01T21:48:00
2.29141,2.29141,2.29141,2.29141,1633123860,2021-10-01T21:31:00
2.316,2.316,2.316,2.316,1633123260,2021-10-01T21:21:00
2.31218,2.31218,2.31218,2.31218,1633122840,2021-10-01T21:14:00
2.26188,2.26188,2.26188,2.26188,1633122720,2021-10-01T21:12:00
2.21127,2.21127,2.21127,2.21127,1633121640,2021-10-01T20:54:00
2.22426,2.22426,2.22426,2.22426,1633117080,2021-10-01T19:38:00
2.23178,2.23178,2.23178,2.23178,1633114080,2021-10-01T18:48:00
2.23682,2.23682,2.23682,2.23682,1633110480,2021-10-01T17:48:00
2.2224,2.2224,2.2224,2.2224,1633108560,2021-10-01T17:16:00
2.19329,2.19329,2.19329,2.19329,1633105500,2021-10-01T16:25:00
2.15044,2.15044,2.15044,2.15044,1633104060,2021-10-01T16:01:00
2.12873,2.12873,2.12873,2.12873,1633097520,2021-10-01T14:12:00
2.12161,2.12161,2.12161,2.12161,1633093320,2021-10-01T13:02:00
2.10649,2.10649,2.10649,2.10649,1633091700,2021-10-01T12:35:00
2.1082,2.1082,2.1082,2.1082,1633091640,2021-10-01T12:34:00
2.12239,2.12239,2.12239,2.12239,1633091280,2021-10-01T12:28:00
2.11186,2.11186,2.11186,2.11186,1633091220,2021-10-01T12:27:00
2.11058,2.11058,2.11058,2.11058,1633089120,2021-10-01T11:52:00
2.08297,2.08297,2.08297,2.08297,1633085940,2021-10-01T10:59:00
2.0435,2.0435,2.0435,2.0435,1633084740,2021-10-01T10:39:00
2.01996,2.01996,2.01996,2.01996,1633084080,2021-10-01T10:28:00
2.00159,2.00159,2.00159,2.00159,1633075320,2021-10-01T08:02:00
2.01403,2.01403,2.01403,2.01403,1633073340,2021-10-01T07:29:00
2.00181,2.00181,2.00181,2.00181,1633072620,2021-10-01T07:17:00
2.02092,2.02092,2.02092,2.02092,1633071480,2021-10-01T06:58:00
2.03898,2.03898,2.03898,2.03898,1633069260,2021-10-01T06:21:00
2.02458,2.02458,2.02458,2.02458,1633069140,2021-10-01T06:19:00
2.02186,2.02186,2.02186,2.02186,1633067100,2021-10-01T05:45:00
2.01681,2.01681,2.01681,2.01681,1633066620,2021-10-01T05:37:00
1.99843,1.99843,1.99843,1.99843,1633064160,2021-10-01T04:56:00
2.01291,2.01291,2.01291,2.01291,1633063800,2021-10-01T04:50:00
2.01858,2.01858,2.01858,2.01858,1633062000,2021-10-01T04:20:00
2.02937,2.02937,2.02937,2.02937,1633053720,2021-10-01T02:02:00
2.03895,2.03895,2.03895,2.03895,1633051860,2021-10-01T01:31:00
2.02649,2.02649,2.02649,2.02649,1633051020,2021-10-01T01:17:00
2.05088,2.05088,2.05088,2.05088,1633049040,2021-10-01T00:44:00
2.02442,2.02442,2.02442,2.02442,1633044360,2021-09-30T23:26:00
2.01355,2.01355,2.01355,2.01355,1633038540,2021-09-30T21:49:00
2.05226,2.05226,2.05226,2.05226,1633035900,2021-09-30T21:05:00
2.12011,2.12011,2.12011,2.12011,1633030980,2021-09-30T19:43:00
2.13286,2.13286,2.13286,2.13286,1633027440,2021-09-30T18:44:00
2.07199,2.07199,2.07199,2.07199,1633025820,2021-09-30T18:17:00
2.023,2.023,2.023,2.023,1633024500,2021-09-30T17:55:00
2.00523,2.00523,2.00523,2.00523,1633024380,2021-09-30T17:53:00
2.0131,2.0131,2.0131,2.0131,1633024140,2021-09-30T17:49:00
2.02344,2.02344,2.02344,2.02344,1633022880,2021-09-30T17:28:00
2.00295,2.00295,2.00295,2.00295,1633021140,2021-09-30T16:59:00
2.02967,2.02967,2.02967,2.02967,1633019340,2021-09-30T16:29:00
2.08158,2.08158,2.08158,2.08158,1633016280,2021-09-30T15:38:00
2.05373,2.05373,2.05373,2.05373,1633013460,2021-09-30T14:51:00
2.07596,2.07596,2.07596,2.07596,1633009680,2021-09-30T13:48:00
2.09248,2.09248,2.09248,2.09248,1633009080,2021-09-30T13:38:00
2.07067,2.07067,2.07067,2.07067,1633007820,2021-09-30T13:17:00
2.06516,2.06516,2.06516,2.06516,1633006740,2021-09-30T12:59:00
2.06058,2.06058,2.06058,2.06058,1633006140,2021-09-30T12:49:00
2.0192,2.0192,2.0192,2.0192,1633002660,2021-09-30T11:51:00
2.03656,2.03656,2.03656,2.03656,1632999840,2021-09-30T11:04:00
2.06458,2.06458,2.06458,2.06458,1632998880,2021-09-30T10:48:00
2.06546,2.06546,2.06546,2.06546,1632992760,2021-09-30T09:06:00
2.06009,2.06009,2.06009,2.06009,1632992640,2021-09-30T09:04:00
2.04537,2.04537,2.04537,2.04537,1632992280,2021-09-30T08:58:00
2.07188,2.07188,2.07188,2.07188,1632992220,2021-09-30T08:57:00
2.09587,2.09587,2.09587,2.09587,1632991560,2021-09-30T08:46:00
2.12024,2.12024,2.12024,2.12024,1632991080,2021-09-30T08:38:00
2.16196,2.16196,2.16196,2.16196,1632989520,2021-09-30T08:12:00
2.18128,2.18128,2.18128,2.18128,1632987660,2021-09-30T07:41:00
2.16943,2.16943,2.16943,2.16943,1632981600,2021-09-30T06:00:00
2.17632,2.17632,2.17632,2.17632,1632980100,2021-09-30T05:35:00
2.1916,2.1916,2.1916,2.1916,1632979260,2021-09-30T05:21:00
2.16708,2.16708,2.16708,2.16708,1632978900,2021-09-30T05:15:00
2.18365,2.18365,2.18365,2.18365,1632978420,2021-09-30T05:07:00
2.20819,2.20819,2.20819,2.20819,1632975780,2021-09-30T04:23:00
2.22594,2.22594,2.22594,2.22594,1632975420,2021-09-30T04:17:00
2.23019,2.23019,2.23019,2.23019,1632975000,2021-09-30T04:10:00
2.20076,2.20076,2.20076,2.20076,1632974460,2021-09-30T04:01:00
2.18499,2.18499,2.18499,2.18499,1632974340,2021-09-30T03:59:00
2.17871,2.17871,2.17871,2.17871,1632973140,2021-09-30T03:39:00
2.17634,2.17634,2.17634,2.17634,1632972120,2021-09-30T03:22:00
2.27127,2.27127,2.22519,2.22519,1632972060,2021-09-30T03:21:00
2.28914,2.28914,2.28914,2.28914,1632971460,2021-09-30T03:11:00
2.26518,2.26518,2.26518,2.26518,1632970200,2021-09-30T02:50:00
2.26311,2.26311,2.26311,2.26311,1632970080,2021-09-30T02:48:00
2.21991,2.21991,2.21991,2.21991,1632969960,2021-09-30T02:46:00
2.2028,2.2028,2.2028,2.2028,1632968760,2021-09-30T02:26:00
2.17328,2.17328,2.17328,2.17328,1632967980,2021-09-30T02:13:00
2.16931,2.16931,2.16931,2.16931,1632966360,2021-09-30T01:46:00
2.1733,2.1733,2.1733,2.1733,1632964500,2021-09-30T01:15:00
2.21611,2.21611,2.18513,2.18513,1632963960,2021-09-30T01:06:00
2.2582,2.2582,2.23955,2.23955,1632963720,2021-09-30T01:02:00
2.28535,2.28535,2.28535,2.28535,1632963660,2021-09-30T01:01:00
2.32396,2.32396,2.30611,2.30611,1632963480,2021-09-30T00:58:00
2.31122,2.31122,2.31122,2.31122,1632962940,2021-09-30T00:49:00
2.27467,2.27467,2.27467,2.27467,1632962880,2021-09-30T00:48:00
2.30366,2.30366,2.30366,2.30366,1632962760,2021-09-30T00:46:00
2.19008,2.19008,2.19008,2.19008,1632960720,2021-09-30T00:12:00
2.19156,2.19156,2.19156,2.19156,1632960300,2021-09-30T00:05:00
2.1967,2.1967,2.1967,2.1967,1632959100,2021-09-29T23:45:00
2.12682,2.12682,2.12682,2.12682,1632958800,2021-09-29T23:40:00
2.12707,2.12707,2.12707,2.12707,1632956760,2021-09-29T23:06:00
2.13205,2.13205,2.13205,2.13205,1632956280,2021-09-29T22:58:00
2.13479,2.13479,2.13479,2.13479,1632953220,2021-09-29T22:07:00
2.1137,2.1137,2.1137,2.1137,1632951420,2021-09-29T21:37:00
2.09205,2.09205,2.09205,2.09205,1632951060,2021-09-29T21:31:00
2.0947,2.0947,2.0947,2.0947,1632950040,2021-09-29T21:14:00
2.11374,2.11374,2.11374,2.11374,1632949920,2021-09-29T21:12:00
2.09076,2.09076,2.09076,2.09076,1632949680,2021-09-29T21:08:00
2.02944,2.0666,2.02944,2.0666,1632949560,2021-09-29T21:06:00
2.06919,2.06919,2.0223,2.0223,1632949440,2021-09-29T21:04:00
2.08598,2.08598,2.08598,2.08598,1632949320,2021-09-29T21:02:00
2.09488,2.09488,2.09488,2.09488,1632949200,2021-09-29T21:00:00
2.13174,2.13174,2.13174,2.13174,1632948120,2021-09-29T20:42:00
2.14277,2.14277,2.14277,2.14277,1632946620,2021-09-29T20:17:00
2.0556,2.11288,2.0556,2.11288,1632946560,2021-09-29T20:16:00
2.24356,2.24356,2.24356,2.24356,1632943200,2021-09-29T19:20:00
2.26071,2.26071,2.26071,2.26071,1632937620,2021-09-29T17:47:00
2.31994,2.31994,2.30464,2.30464,1632931380,2021-09-29T16:03:00
2.38331,2.38331,2.38331,2.38331,1632928260,2021-09-29T15:11:00
2.39093,2.39093,2.39093,2.39093,1632927480,2021-09-29T14:58:00
2.39458,2.39458,2.39458,2.39458,1632926760,2021-09-29T14:46:00
2.40089,2.40089,2.40089,2.40089,1632925560,2021-09-29T14:26:00
2.39395,2.39395,2.39395,2.39395,1632923340,2021-09-29T13:49:00
2.41281,2.41281,2.41281,2.41281,1632922320,2021-09-29T13:32:00
2.41517,2.41517,2.41517,2.41517,1632919800,2021-09-29T12:50:00
2.43732,2.43732,2.43732,2.43732,1632919080,2021-09-29T12:38:00
2.43266,2.43266,2.43266,2.43266,1632918720,2021-09-29T12:32:00
2.42898,2.42898,2.42898,2.42898,1632918420,2021-09-29T12:27:00
2.42304,2.42304,2.42304,2.42304,1632916980,2021-09-29T12:03:00
2.39699,2.39699,2.39699,2.39699,1632916200,2021-09-29T11:50:00
2.39371,2.39371,2.39371,2.39371,1632911340,2021-09-29T10:29:00
2.40518,2.40518,2.40518,2.40518,1632910380,2021-09-29T10:13:00
2.42098,2.42098,2.42098,2.42098,1632910200,2021-09-29T10:10:00
2.41758,2.41758,2.41758,2.41758,1632909840,2021-09-29T10:04:00
2.40777,2.40777,2.40777,2.40777,1632909540,2021-09-29T09:59:00
2.41849,2.41849,2.41849,2.41849,1632908700,2021-09-29T09:45:00
2.41127,2.41127,2.41127,2.41127,1632908640,2021-09-29T09:44:00
2.42549,2.42549,2.42549,2.42549,1632908580,2021-09-29T09:43:00
2.416,2.416,2.416,2.416,1632907500,2021-09-29T09:25:00
2.43597,2.43597,2.43597,2.43597,1632905280,2021-09-29T08:48:00
2.45963,2.45963,2.45963,2.45963,1632901260,2021-09-29T07:41:00
2.4897,2.4897,2.4897,2.4897,1632899460,2021-09-29T07:11:00
2.5007,2.5007,2.5007,2.5007,1632889260,2021-09-29T04:21:00
2.4756,2.4756,2.4756,2.4756,1632886560,2021-09-29T03:36:00
2.49183,2.49183,2.49183,2.49183,1632883920,2021-09-29T02:52:00
2.46453,2.46453,2.46453,2.46453,1632880320,2021-09-29T01:52:00
2.4989,2.4989,2.4989,2.4989,1632877980,2021-09-29T01:13:00
2.48651,2.48651,2.48651,2.48651,1632876720,2021-09-29T00:52:00
2.44859,2.44859,2.44859,2.44859,1632876120,2021-09-29T00:42:00
2.42814,2.42814,2.42814,2.42814,1632876060,2021-09-29T00:41:00
2.35719,2.35719,2.35719,2.35719,1632875940,2021-09-29T00:39:00
2.3622,2.3622,2.3622,2.3622,1632875520,2021-09-29T00:32:00
2.35783,2.35783,2.35783,2.35783,1632875400,2021-09-29T00:30:00
2.29319,2.29319,2.29319,2.29319,1632874680,2021-09-29T00:18:00
2.27312,2.27312,2.27312,2.27312,1632874500,2021-09-29T00:15:00
2.27605,2.27605,2.27605,2.27605,1632872520,2021-09-28T23:42:00
2.29349,2.29349,2.29349,2.29349,1632870120,2021-09-28T23:02:00
2.3185,2.3185,2.3185,2.3185,1632869820,2021-09-28T22:57:00
2.34238,2.34238,2.34238,2.34238,1632869460,2021-09-28T22:51:00
2.36458,2.36458,2.36458,2.36458,1632869280,2021-09-28T22:48:00
2.38147,2.38147,2.38147,2.38147,1632868860,2021-09-28T22:41:00
2.40548,2.40548,2.40548,2.40548,1632867300,2021-09-28T22:15:00
2.43874,2.43874,2.43874,2.43874,1632865800,2021-09-28T21:50:00
2.48507,2.48507,2.48507,2.48507,1632865020,2021-09-28T21:37:00
2.51589,2.51589,2.51589,2.51589,1632864840,2021-09-28T21:34:00
2.44082,2.44082,2.44082,2.44082,1632863880,2021-09-28T21:18:00
2.46289,2.46289,2.46289,2.46289,1632862980,2021-09-28T21:03:00
2.52403,2.52403,2.52403,2.52403,1632861480,2021-09-28T20:38:00
2.53654,2.53654,2.53654,2.53654,1632856260,2021-09-28T19:11:00
2.54242,2.54242,2.54242,2.54242,1632853980,2021-09-28T18:33:00
2.54823,2.54823,2.54823,2.54823,1632853140,2021-09-28T18:19:00
2.56855,2.56855,2.56855,2.56855,1632852900,2021-09-28T18:15:00
2.56311,2.56311,2.56311,2.56311,1632850440,2021-09-28T17:34:00
2.57994,2.57994,2.57994,2.57994,1632850200,2021-09-28T17:30:00
2.44244,2.44244,2.44244,2.44244,1632840660,2021-09-28T14:51:00
2.45932,2.45932,2.45932,2.45932,1632840420,2021-09-28T14:47:00
2.47207,2.47207,2.47207,2.47207,1632840360,2021-09-28T14:46:00
2.3197,2.3197,2.3197,2.3197,1632840240,2021-09-28T14:44:00
2.29553,2.29553,2.29553,2.29553,1632839700,2021-09-28T14:35:00
2.33093,2.33093,2.33093,2.33093,1632839100,2021-09-28T14:25:00
2.34337,2.34337,2.34337,2.34337,1632838920,2021-09-28T14:22:00
2.34919,2.34919,2.34919,2.34919,1632838380,2021-09-28T14:13:00
2.33702,2.33702,2.33702,2.33702,1632836700,2021-09-28T13:45:00
2.35075,2.35075,2.35075,2.35075,1632836520,2021-09-28T13:42:00
2.32093,2.32093,2.32093,2.32093,1632834900,2021-09-28T13:15:00
2.30861,2.30861,2.30861,2.30861,1632834420,2021-09-28T13:07:00
2.29665,2.29665,2.29665,2.29665,1632833760,2021-09-28T12:56:00
2.27781,2.27781,2.27781,2.27781,1632833100,2021-09-28T12:45:00
2.27564,2.27564,2.27564,2.27564,1632831240,2021-09-28T12:14:00
2.2636,2.2636,2.2636,2.2636,1632830340,2021-09-28T11:59:00
2.24399,2.24399,2.24399,2.24399,1632830280,2021-09-28T11:58:00
2.25797,2.25797,2.25797,2.25797,1632829560,2021-09-28T11:46:00
2.2794,2.2794,2.2794,2.2794,1632828360,2021-09-28T11:26:00
2.2846,2.2846,2.2846,2.2846,1632825300,2021-09-28T10:35:00
2.283,2.283,2.283,2.283,1632824820,2021-09-28T10:27:00
2.27752,2.27752,2.27752,2.27752,1632824280,2021-09-28T10:18:00
2.26679,2.26679,2.26679,2.26679,1632823680,2021-09-28T10:08:00
2.27929,2.27929,2.27929,2.27929,1632823560,2021-09-28T10:06:00
2.31307,2.31307,2.31307,2.31307,1632822420,2021-09-28T09:47:00
2.23801,2.23801,2.23801,2.23801,1632821760,2021-09-28T09:36:00
2.24006,2.24006,2.24006,2.24006,1632820320,2021-09-28T09:12:00
2.22246,2.22246,2.22246,2.22246,1632818280,2021-09-28T08:38:00
2.22807,2.22807,2.22807,2.22807,1632817260,2021-09-28T08:21:00
2.21181,2.21181,2.21181,2.21181,1632814560,2021-09-28T07:36:00
2.25625,2.25625,2.25625,2.25625,1632812820,2021-09-28T07:07:00
2.28966,2.28966,2.28966,2.28966,1632811440,2021-09-28T06:44:00
2.32518,2.32518,2.32518,2.32518,1632810780,2021-09-28T06:33:00
2.30386,2.30386,2.30386,2.30386,1632810540,2021-09-28T06:29:00
2.30005,2.30005,2.30005,2.30005,1632808440,2021-09-28T05:54:00
2.31874,2.31874,2.31874,2.31874,1632808080,2021-09-28T05:48:00
2.32812,2.32812,2.32812,2.32812,1632805680,2021-09-28T05:08:00
2.35885,2.35885,2.35885,2.35885,1632804780,2021-09-28T04:53:00
2.27818,2.27818,2.27818,2.27818,1632804420,2021-09-28T04:47:00
2.25941,2.25941,2.25941,2.25941,1632802560,2021-09-28T04:16:00
2.27325,2.27325,2.27325,2.27325,1632801360,2021-09-28T03:56:00
2.26173,2.26173,2.26173,2.26173,1632799800,2021-09-28T03:30:00
2.26915,2.26915,2.26915,2.26915,1632799680,2021-09-28T03:28:00
2.27558,2.27558,2.27558,2.27558,1632798060,2021-09-28T03:01:00
2.26688,2.26688,2.26688,2.26688,1632796560,2021-09-28T02:36:00
2.24757,2.24757,2.24757,2.24757,1632793200,2021-09-28T01:40:00
2.22052,2.22052,2.22052,2.22052,1632792900,2021-09-28T01:35:00
2.21601,2.21601,2.21601,2.21601,1632789360,2021-09-28T00:36:00
2.19257,2.19257,2.19257,2.19257,1632789060,2021-09-28T00:31:00
2.19977,2.19977,2.19977,2.19977,1632788880,2021-09-28T00:28:00
2.13994,2.13994,2.13994,2.13994,1632787500,2021-09-28T00:05:00
2.15825,2.15825,2.15825,2.15825,1632787380,2021-09-28T00:03:00
2.23663,2.23663,2.21621,2.21621,1632787140,2021-09-27T23:59:00
2.2531,2.2531,2.2531,2.2531,1632786480,2021-09-27T23:48:00
2.24575,2.24575,2.24575,2.24575,1632786420,2021-09-27T23:47:00
2.21593,2.21593,2.21593,2.21593,1632786360,2021-09-27T23:46:00
2.24628,2.24628,2.24628,2.24628,1632786300,2021-09-27T23:45:00
2.32425,2.32425,2.32425,2.32425,1632786240,2021-09-27T23:44:00
2.34138,2.34138,2.34138,2.34138,1632786180,2021-09-27T23:43:00
2.40909,2.40909,2.40909,2.40909,1632786000,2021-09-27T23:40:00
2.46161,2.46161,2.46161,2.46161,1632784980,2021-09-27T23:23:00
2.4963,2.4963,2.4963,2.4963,1632781680,2021-09-27T22:28:00
2.46688,2.46688,2.46688,2.46688,1632781020,2021-09-27T22:17:00
2.45744,2.45744,2.45744,2.45744,1632780660,2021-09-27T22:11:00
2.44482,2.44482,2.44482,2.44482,1632778440,2021-09-27T21:34:00
2.43695,2.43695,2.43695,2.43695,1632776100,2021-09-27T20:55:00
2.47181,2.47181,2.47181,2.47181,1632775320,2021-09-27T20:42:00
2.515,2.515,2.515,2.515,1632771180,2021-09-27T19:33:00
2.49357,2.49357,2.49357,2.49357,1632769740,2021-09-27T19:09:00
2.51344,2.51344,2.51344,2.51344,1632766440,2021-09-27T18:14:00
2.52705,2.52705,2.52705,2.52705,1632766140,2021-09-27T18:09:00
2.508,2.508,2.508,2.508,1632765120,2021-09-27T17:52:00
2.539,2.539,2.539,2.539,1632763140,2021-09-27T17:19:00
2.53326,2.53326,2.53326,2.53326,1632763080,2021-09-27T17:18:00
2.58125,2.58125,2.58125,2.58125,1632761940,2021-09-27T16:59:00
2.64501,2.64501,2.64501,2.64501,1632761460,2021-09-27T16:51:00
2.53196,2.61064,2.53196,2.61064,1632761400,2021-09-27T16:50:00
2.77855,2.77855,2.77855,2.77855,1632761340,2021-09-27T16:49:00
2.83669,2.83669,2.83669,2.83669,1632757200,2021-09-27T15:40:00
2.80547,2.80547,2.80547,2.80547,1632756180,2021-09-27T15:23:00
2.77658,2.77658,2.77658,2.77658,1632755820,2021-09-27T15:17:00
2.79646,2.79646,2.79646,2.79646,1632753540,2021-09-27T14:39:00
2.83838,2.83838,2.83838,2.83838,1632753180,2021-09-27T14:33:00
2.72515,2.72515,2.72515,2.72515,1632752220,2021-09-27T14:17:00
2.74092,2.74092,2.74092,2.74092,1632749820,2021-09-27T13:37:00
2.79563,2.79563,2.79563,2.79563,1632748560,2021-09-27T13:16:00
2.8613,2.8613,2.8613,2.8613,1632748200,2021-09-27T13:10:00
2.83178,2.83178,2.83178,2.83178,1632747900,2021-09-27T13:05:00
2.84518,2.84518,2.84518,2.84518,1632747540,2021-09-27T12:59:00
3.21713,3.21713,3.21713,3.21713,1632746400,2021-09-27T12:40:00
2.81067,2.81067,2.81067,2.81067,1632745860,2021-09-27T12:31:00
2.79715,2.79715,2.79715,2.79715,1632744960,2021-09-27T12:16:00
2.84369,2.84369,2.84369,2.84369,1632743820,2021-09-27T11:57:00
2.89323,2.89323,2.89323,2.89323,1632743520,2021-09-27T11:52:00
2.88637,2.88637,2.88637,2.88637,1632743040,2021-09-27T11:44:00
2.89561,2.89561,2.89561,2.89561,1632741660,2021-09-27T11:21:00
2.90564,2.90564,2.90564,2.90564,1632741120,2021-09-27T11:12:00
2.92812,2.92812,2.92812,2.92812,1632739200,2021-09-27T10:40:00
2.94563,2.94563,2.94563,2.94563,1632737460,2021-09-27T10:11:00
2.92958,2.92958,2.92958,2.92958,1632736860,2021-09-27T10:01:00
2.93479,2.93479,2.93479,2.93479,1632735300,2021-09-27T09:35:00
2.91229,2.91229,2.91229,2.91229,1632732480,2021-09-27T08:48:00
2.88826,2.88826,2.88826,2.88826,1632730020,2021-09-27T08:07:00
2.88638,2.88638,2.88638,2.88638,1632729720,2021-09-27T08:02:00
2.89086,2.89086,2.89086,2.89086,1632728400,2021-09-27T07:40:00
2.9033,2.9033,2.9033,2.9033,1632728340,2021-09-27T07:39:00
2.96162,2.96162,2.96162,2.96162,1632726780,2021-09-27T07:13:00
3.0435,3.0435,3.0435,3.0435,1632726300,2021-09-27T07:05:00
3.0268,3.0268,3.0268,3.0268,1632726180,2021-09-27T07:03:00
3.04189,3.04189,3.04189,3.04189,1632726060,2021-09-27T07:01:00
3.06731,3.06731,3.06731,3.06731,1632724740,2021-09-27T06:39:00
3.08758,3.08758,3.08758,3.08758,1632724560,2021-09-27T06:36:00
3.076,3.076,3.076,3.076,1632724140,2021-09-27T06:29:00
3.10351,3.10351,3.10351,3.10351,1632723480,2021-09-27T06:18:00
2.84597,2.84597,2.84597,2.84597,1632723360,2021-09-27T06:16:00
2.79265,2.79265,2.79265,2.79265,1632723060,2021-09-27T06:11:00
2.77774,2.77774,2.77774,2.77774,1632721680,2021-09-27T05:48:00
2.8024,2.8024,2.8024,2.8024,1632721260,2021-09-27T05:41:00
2.47721,2.47721,2.47721,2.47721,1632716700,2021-09-27T04:25:00
2.58668,2.58668,2.58668,2.58668,1632712500,2021-09-27T03:15:00
2.58873,2.58873,2.58873,2.58873,1632709380,2021-09-27T02:23:00
2.59242,2.59242,2.59242,2.59242,1632709200,2021-09-27T02:20:00
2.6118,2.6118,2.6118,2.6118,1632708180,2021-09-27T02:03:00
2.60446,2.60446,2.60446,2.60446,1632705660,2021-09-27T01:21:00
2.57972,2.57972,2.57972,2.57972,1632703680,2021-09-27T00:48:00
2.56224,2.56224,2.56224,2.56224,1632703320,2021-09-27T00:42:00
2.55762,2.55762,2.55762,2.55762,1632702960,2021-09-27T00:36:00
2.42833,2.42833,2.42833,2.42833,1632702720,2021-09-27T00:32:00
2.3553,2.3553,2.3553,2.3553,1632702120,2021-09-27T00:22:00
2.35426,2.35426,2.35426,2.35426,1632701940,2021-09-27T00:19:00
2.32648,2.32648,2.32648,2.32648,1632700080,2021-09-26T23:48:00
2.31632,2.31632,2.31632,2.31632,1632699900,2021-09-26T23:45:00
2.3117,2.3117,2.3117,2.3117,1632699120,2021-09-26T23:32:00
2.33413,2.33413,2.33413,2.33413,1632698400,2021-09-26T23:20:00
2.33857,2.33857,2.33857,2.33857,1632698160,2021-09-26T23:16:00
2.36123,2.36123,2.36123,2.36123,1632697620,2021-09-26T23:07:00
2.43045,2.43045,2.43045,2.43045,1632695820,2021-09-26T22:37:00
2.44388,2.44388,2.44388,2.44388,1632695340,2021-09-26T22:29:00
2.46388,2.46388,2.46388,2.46388,1632695160,2021-09-26T22:26:00
2.46147,2.46147,2.46147,2.46147,1632694500,2021-09-26T22:15:00
2.41467,2.41467,2.41467,2.41467,1632694260,2021-09-26T22:11:00
2.57822,2.57822,2.57822,2.57822,1632694200,2021-09-26T22:10:00
2.53044,2.53044,2.53044,2.53044,1632693480,2021-09-26T21:58:00
2.26228,2.26228,2.26228,2.26228,1632690480,2021-09-26T21:08:00
2.23575,2.23575,2.23575,2.23575,1632690000,2021-09-26T21:00:00
2.24359,2.24359,2.24359,2.24359,1632688680,2021-09-26T20:38:00
2.28752,2.28752,2.28752,2.28752,1632687300,2021-09-26T20:15:00
2.31845,2.31845,2.31845,2.31845,1632685260,2021-09-26T19:41:00
2.3069,2.3069,2.3069,2.3069,1632685080,2021-09-26T19:38:00
2.29616,2.29616,2.29616,2.29616,1632684540,2021-09-26T19:29:00
2.28035,2.28035,2.28035,2.28035,1632682920,2021-09-26T19:02:00
2.26398,2.26398,2.26398,2.26398,1632682080,2021-09-26T18:48:00
2.20959,2.20959,2.20959,2.20959,1632680100,2021-09-26T18:15:00
2.21572,2.21572,2.21572,2.21572,1632678180,2021-09-26T17:43:00
2.22569,2.22569,2.22569,2.22569,1632673200,2021-09-26T16:20:00
2.21672,2.21672,2.21672,2.21672,1632670380,2021-09-26T15:33:00
2.22145,2.22145,2.22145,2.22145,1632667620,2021-09-26T14:47:00
2.20401,2.20401,2.20401,2.20401,1632663900,2021-09-26T13:45:00
2.19734,2.19734,2.19734,2.19734,1632663120,2021-09-26T13:32:00
2.21077,2.21077,2.21077,2.21077,1632661740,2021-09-26T13:09:00
2.21992,2.21992,2.21992,2.21992,1632660060,2021-09-26T12:41:00
2.23556,2.23556,2.23556,2.23556,1632659940,2021-09-26T12:39:00
2.20538,2.20538,2.20538,2.20538,1632657360,2021-09-26T11:56:00
2.19341,2.19341,2.19341,2.19341,1632656160,2021-09-26T11:36:00
2.1957,2.1957,2.1957,2.1957,1632654000,2021-09-26T11:00:00
2.20398,2.20398,2.20398,2.20398,1632653820,2021-09-26T10:57:00
2.18849,2.18849,2.18849,2.18849,1632652680,2021-09-26T10:38:00
2.21555,2.21555,2.21555,2.21555,1632650100,2021-09-26T09:55:00
2.21888,2.21888,2.21888,2.21888,1632649860,2021-09-26T09:51:00
2.15989,2.15989,2.15989,2.15989,1632649680,2021-09-26T09:48:00
2.09718,2.09718,2.09718,2.09718,1632649200,2021-09-26T09:40:00
2.08844,2.08844,2.08844,2.08844,1632649020,2021-09-26T09:37:00
2.06556,2.06556,2.06556,2.06556,1632648900,2021-09-26T09:35:00
2.05521,2.05521,2.05521,2.05521,1632648540,2021-09-26T09:29:00
1.99827,1.99827,1.99827,1.99827,1632647340,2021-09-26T09:09:00
2.00192,2.00192,2.00192,2.00192,1632645960,2021-09-26T08:46:00
2.01401,2.01401,2.01401,2.01401,1632644160,2021-09-26T08:16:00
2.02207,2.02207,2.02207,2.02207,1632644040,2021-09-26T08:14:00
2.01116,2.01116,2.01116,2.01116,1632642900,2021-09-26T07:55:00
2.07527,2.07527,2.07527,2.07527,1632642000,2021-09-26T07:40:00
2.15046,2.15046,2.15046,2.15046,1632641460,2021-09-26T07:31:00
2.21711,2.21711,2.21711,2.21711,1632639780,2021-09-26T07:03:00
2.22965,2.22965,2.22965,2.22965,1632635580,2021-09-26T05:53:00
2.23389,2.23389,2.22022,2.22022,1632633480,2021-09-26T05:18:00
2.24993,2.24993,2.24993,2.24993,1632632760,2021-09-26T05:06:00
2.17089,2.17089,2.17089,2.17089,1632630960,2021-09-26T04:36:00
2.1938,2.1938,2.1938,2.1938,1632630420,2021-09-26T04:27:00
2.21085,2.21085,2.21085,2.21085,1632629760,2021-09-26T04:16:00
2.22997,2.22997,2.22997,2.22997,1632628860,2021-09-26T04:01:00
2.21836,2.21836,2.21836,2.21836,1632628680,2021-09-26T03:58:00
2.23508,2.23508,2.23508,2.23508,1632628620,2021-09-26T03:57:00
2.23034,2.23034,2.23034,2.23034,1632628080,2021-09-26T03:48:00
2.21109,2.21109,2.21109,2.21109,1632626220,2021-09-26T03:17:00
2.22228,2.22228,2.22228,2.22228,1632624360,2021-09-26T02:46:00
2.24806,2.24806,2.24806,2.24806,1632620400,2021-09-26T01:40:00
2.2597,2.2597,2.2597,2.2597,1632620340,2021-09-26T01:39:00
2.2821,2.2821,2.2821,2.2821,1632619860,2021-09-26T01:31:00
2.27559,2.27559,2.27559,2.27559,1632619200,2021-09-26T01:20:00
2.30474,2.30474,2.30474,2.30474,1632618960,2021-09-26T01:16:00
2.29523,2.29523,2.29523,2.29523,1632618240,2021-09-26T01:04:00
2.31492,2.31492,2.31492,2.31492,1632615780,2021-09-26T00:23:00
2.34592,2.34592,2.34592,2.34592,1632614280,2021-09-25T23:58:00
2.34745,2.34745,2.34745,2.34745,1632613980,2021-09-25T23:53:00
2.36534,2.36534,2.36534,2.36534,1632613380,2021-09-25T23:43:00
2.37977,2.37977,2.37977,2.37977,1632610740,2021-09-25T22:59:00
2.383,2.383,2.383,2.383,1632610680,2021-09-25T22:58:00
2.38451,2.38451,2.38451,2.38451,1632608700,2021-09-25T22:25:00
2.36478,2.36478,2.36478,2.36478,1632607140,2021-09-25T21:59:00
2.37238,2.37238,2.37238,2.37238,1632604680,2021-09-25T21:18:00
2.39783,2.39783,2.39783,2.39783,1632603240,2021-09-25T20:54:00
2.37322,2.37322,2.37322,2.37322,1632599280,2021-09-25T19:48:00
2.37862,2.37862,2.37862,2.37862,1632598860,2021-09-25T19:41:00
2.38137,2.38137,2.38137,2.38137,1632597660,2021-09-25T19:21:00
2.39435,2.39435,2.39435,2.39435,1632593640,2021-09-25T18:14:00
2.46023,2.46023,2.46023,2.46023,1632590880,2021-09-25T17:28:00
2.38442,2.38442,2.38442,2.38442,1632588120,2021-09-25T16:42:00
2.37938,2.37938,2.37938,2.37938,1632588000,2021-09-25T16:40:00
2.40451,2.40451,2.40451,2.40451,1632585960,2021-09-25T16:06:00
2.41462,2.41462,2.41462,2.41462,1632584640,2021-09-25T15:44:00
2.4009,2.4009,2.4009,2.4009,1632583440,2021-09-25T15:24:00
2.40037,2.40037,2.40037,2.40037,1632583200,2021-09-25T15:20:00
2.40582,2.40582,2.40582,2.40582,1632582660,2021-09-25T15:11:00
2.43423,2.43423,2.43423,2.43423,1632581400,2021-09-25T14:50:00
2.44037,2.44037,2.44037,2.44037,1632580200,2021-09-25T14:30:00
2.49419,2.49419,2.49419,2.49419,1632579420,2021-09-25T14:17:00
2.45241,2.45241,2.45241,2.45241,1632579360,2021-09-25T14:16:00
2.46421,2.46421,2.46421,2.46421,1632577080,2021-09-25T13:38:00
2.47151,2.47151,2.47151,2.47151,1632572400,2021-09-25T12:20:00
2.49928,2.49928,2.49928,2.49928,1632571680,2021-09-25T12:08:00
2.524,2.524,2.524,2.524,1632571020,2021-09-25T11:57:00
2.5212,2.5212,2.5212,2.5212,1632570900,2021-09-25T11:55:00
2.50801,2.50801,2.50801,2.50801,1632570120,2021-09-25T11:42:00
2.53517,2.53517,2.53517,2.53517,1632568860,2021-09-25T11:21:00
2.5481,2.5481,2.5481,2.5481,1632568800,2021-09-25T11:20:00
2.56949,2.56949,2.56949,2.56949,1632568260,2021-09-25T11:11:00
2.57123,2.57123,2.57123,2.57123,1632567780,2021-09-25T11:03:00
2.57084,2.57084,2.57084,2.57084,1632566280,2021-09-25T10:38:00
2.58279,2.58279,2.58279,2.58279,1632564120,2021-09-25T10:02:00
2.36431,2.36431,2.36431,2.36431,1632563940,2021-09-25T09:59:00
2.34101,2.34101,2.34101,2.34101,1632562200,2021-09-25T09:30:00
2.33367,2.33367,2.33367,2.33367,1632560820,2021-09-25T09:07:00
2.29053,2.29053,2.29053,2.29053,1632560340,2021-09-25T08:59:00
2.25744,2.25744,2.25744,2.25744,1632559980,2021-09-25T08:53:00
2.24991,2.24991,2.24991,2.24991,1632559860,2021-09-25T08:51:00
2.20885,2.20885,2.20885,2.20885,1632559680,2021-09-25T08:48:00
2.1772,2.1772,2.1772,2.1772,1632559260,2021-09-25T08:41:00
2.24483,2.24483,2.24483,2.24483,1632559200,2021-09-25T08:40:00
2.40096,2.40096,2.40096,2.40096,1632559080,2021-09-25T08:38:00
2.48415,2.48415,2.48415,2.48415,1632558300,2021-09-25T08:25:00
2.48804,2.48804,2.48804,2.48804,1632558120,2021-09-25T08:22:00
2.47078,2.47078,2.47078,2.47078,1632557880,2021-09-25T08:18:00
2.49321,2.49321,2.49321,2.49321,1632557280,2021-09-25T08:08:00
2.48942,2.48942,2.48942,2.48942,1632556440,2021-09-25T07:54:00
2.51662,2.51662,2.51662,2.51662,1632552600,2021-09-25T06:50:00
2.53055,2.53055,2.53055,2.53055,1632551100,2021-09-25T06:25:00
2.53839,2.53839,2.53839,2.53839,1632550920,2021-09-25T06:22:00
2.50528,2.50528,2.50528,2.50528,1632550860,2021-09-25T06:21:00
2.48616,2.48616,2.48616,2.48616,1632550560,2021-09-25T06:16:00
2.47779,2.47779,2.47779,2.47779,1632550080,2021-09-25T06:08:00
2.49222,2.49222,2.49222,2.49222,1632549900,2021-09-25T06:05:00
2.44743,2.47097,2.44743,2.47097,1632549780,2021-09-25T06:03:00
2.79904,2.79904,2.3795,2.3795,1632549720,2021-09-25T06:02:00
2.84576,2.84576,2.84576,2.84576,1632548940,2021-09-25T05:49:00
2.86285,2.86285,2.86285,2.86285,1632548760,2021-09-25T05:46:00
2.88653,2.88653,2.88653,2.88653,1632548280,2021-09-25T05:38:00
2.80158,2.80158,2.80158,2.80158,1632548220,2021-09-25T05:37:00
2.78502,2.78502,2.78502,2.78502,1632547620,2021-09-25T05:27:00
2.80136,2.80136,2.80136,2.80136,1632547140,2021-09-25T05:19:00
2.78171,2.78171,2.78171,2.78171,1632545280,2021-09-25T04:48:00
2.79231,2.79231,2.79231,2.79231,1632545160,2021-09-25T04:46:00
2.80634,2.80634,2.80634,2.80634,1632543360,2021-09-25T04:16:00
2.80901,2.80901,2.80901,2.80901,1632539940,2021-09-25T03:19:00
2.83614,2.83614,2.83614,2.83614,1632537360,2021-09-25T02:36:00
2.81384,2.81384,2.81384,2.81384,1632535320,2021-09-25T02:02:00
2.7974,2.7974,2.7974,2.7974,1632535260,2021-09-25T02:01:00
2.7343,2.7343,2.7343,2.7343,1632533580,2021-09-25T01:33:00
2.74821,2.74821,2.74821,2.74821,1632533520,2021-09-25T01:32:00
2.77278,2.77278,2.77278,2.77278,1632533220,2021-09-25T01:27:00
2.55862,2.55862,2.55862,2.55862,1632532020,2021-09-25T01:07:00
2.5611,2.5611,2.5611,2.5611,1632529020,2021-09-25T00:17:00
2.58169,2.58169,2.58169,2.58169,1632526500,2021-09-24T23:35:00
2.57859,2.57859,2.57859,2.57859,1632525600,2021-09-24T23:20:00
2.594,2.594,2.594,2.594,1632525180,2021-09-24T23:13:00
2.58659,2.58659,2.58659,2.58659,1632524040,2021-09-24T22:54:00
2.57278,2.57278,2.57278,2.57278,1632523680,2021-09-24T22:48:00
2.55834,2.55834,2.55834,2.55834,1632521220,2021-09-24T22:07:00
2.59269,2.59269,2.59269,2.59269,1632518820,2021-09-24T21:27:00
2.60767,2.60767,2.60767,2.60767,1632518340,2021-09-24T21:19:00
2.60212,2.60212,2.60212,2.60212,1632517320,2021-09-24T21:02:00
2.60601,2.60601,2.60601,2.60601,1632517020,2021-09-24T20:57:00
2.59038,2.59038,2.59038,2.59038,1632514080,2021-09-24T20:08:00
2.5941,2.5941,2.5941,2.5941,1632513480,2021-09-24T19:58:00
2.55183,2.55183,2.55183,2.55183,1632510900,2021-09-24T19:15:00
2.49904,2.49904,2.49904,2.49904,1632510180,2021-09-24T19:03:00
2.48641,2.48641,2.48641,2.48641,1632510120,2021-09-24T19:02:00
2.47753,2.47753,2.47753,2.47753,1632508560,2021-09-24T18:36:00
2.43691,2.43691,2.43691,2.43691,1632508260,2021-09-24T18:31:00
2.44186,2.44186,2.44186,2.44186,1632507480,2021-09-24T18:18:00
2.45625,2.45625,2.45625,2.45625,1632507420,2021-09-24T18:17:00
2.47107,2.47107,2.47107,2.47107,1632507120,2021-09-24T18:12:00
2.47479,2.47479,2.47479,2.47479,1632506460,2021-09-24T18:01:00
2.48323,2.48323,2.48323,2.48323,1632505740,2021-09-24T17:49:00
2.49559,2.49559,2.49559,2.49559,1632505140,2021-09-24T17:39:00
2.49464,2.49464,2.49464,2.49464,1632504120,2021-09-24T17:22:00
2.4964,2.4964,2.4964,2.4964,1632502260,2021-09-24T16:51:00
2.48404,2.48404,2.48404,2.48404,1632501000,2021-09-24T16:30:00
2.47112,2.47112,2.47112,2.47112,1632500340,2021-09-24T16:19:00
2.48353,2.48353,2.48353,2.48353,1632499320,2021-09-24T16:02:00
2.46386,2.46386,2.46386,2.46386,1632498180,2021-09-24T15:43:00
2.4635,2.4635,2.4635,2.4635,1632498000,2021-09-24T15:40:00
2.48992,2.48992,2.47368,2.47368,1632496620,2021-09-24T15:17:00
2.47651,2.47651,2.47651,2.47651,1632495600,2021-09-24T15:00:00
2.50038,2.50038,2.50038,2.50038,1632494880,2021-09-24T14:48:00
2.51984,2.51984,2.51984,2.51984,1632494700,2021-09-24T14:45:00
2.49823,2.49823,2.49823,2.49823,1632494040,2021-09-24T14:34:00
2.43468,2.43468,2.43468,2.43468,1632491940,2021-09-24T13:59:00
2.45439,2.45439,2.45439,2.45439,1632491760,2021-09-24T13:56:00
2.46014,2.46014,2.46014,2.46014,1632491520,2021-09-24T13:52:00
2.44274,2.44274,2.44274,2.44274,1632489480,2021-09-24T13:18:00
2.43824,2.43824,2.43824,2.43824,1632488520,2021-09-24T13:02:00
2.44857,2.44857,2.44857,2.44857,1632486600,2021-09-24T12:30:00
2.46049,2.46049,2.46049,2.46049,1632486480,2021-09-24T12:28:00
2.42027,2.42027,2.42027,2.42027,1632485160,2021-09-24T12:06:00
2.38283,2.39372,2.38283,2.39372,1632483720,2021-09-24T11:42:00
2.40296,2.40296,2.40296,2.40296,1632481620,2021-09-24T11:07:00
2.47166,2.47166,2.47166,2.47166,1632479760,2021-09-24T10:36:00
2.48323,2.48323,2.48323,2.48323,1632478620,2021-09-24T10:17:00
2.49868,2.49868,2.49868,2.49868,1632478560,2021-09-24T10:16:00
2.49408,2.49408,2.49408,2.49408,1632477660,2021-09-24T10:01:00
2.51563,2.51563,2.51563,2.51563,1632477420,2021-09-24T09:57:00
2.5406,2.5406,2.5406,2.5406,1632476640,2021-09-24T09:44:00
2.57952,2.57952,2.57952,2.57952,1632476460,2021-09-24T09:41:00
2.59673,2.59673,2.59673,2.59673,1632476100,2021-09-24T09:35:00
2.67764,2.67764,2.67764,2.67764,1632476040,2021-09-24T09:34:00
2.73892,2.73892,2.73892,2.73892,1632475800,2021-09-24T09:30:00
2.84019,2.84019,2.84019,2.84019,1632475320,2021-09-24T09:22:00
2.87889,2.87889,2.86423,2.86423,1632475080,2021-09-24T09:18:00
3.04268,3.04268,3.04268,3.04268,1632472620,2021-09-24T08:37:00
3.06437,3.06437,3.06437,3.06437,1632472320,2021-09-24T08:32:00
3.08764,3.08764,3.08764,3.08764,1632472140,2021-09-24T08:29:00
2.93982,2.93982,2.93982,2.93982,1632471960,2021-09-24T08:26:00
2.88277,2.88277,2.88277,2.88277,1632471360,2021-09-24T08:16:00
2.90262,2.90262,2.90262,2.90262,1632467760,2021-09-24T07:16:00
2.88652,2.88652,2.88652,2.88652,1632467520,2021-09-24T07:12:00
2.87162,2.87162,2.87162,2.87162,1632465540,2021-09-24T06:39:00
2.90094,2.90094,2.90094,2.90094,1632464880,2021-09-24T06:28:00
2.90956,2.90956,2.90956,2.90956,1632462600,2021-09-24T05:50:00
2.92207,2.92207,2.92207,2.92207,1632462420,2021-09-24T05:47:00
2.90839,2.90839,2.90839,2.90839,1632461640,2021-09-24T05:34:00
2.92676,2.92676,2.92676,2.92676,1632461460,2021-09-24T05:31:00
2.95378,2.95378,2.95378,2.95378,1632460440,2021-09-24T05:14:00
3.00254,3.00254,3.00254,3.00254,1632460200,2021-09-24T05:10:00
3.0242,3.0242,3.0242,3.0242,1632460140,2021-09-24T05:09:00
3.01833,3.01833,3.01833,3.01833,1632459900,2021-09-24T05:05:00
2.75505,2.75505,2.75505,2.75505,1632459060,2021-09-24T04:51:00
2.73851,2.73851,2.73851,2.73851,1632458700,2021-09-24T04:45:00
2.71934,2.71934,2.71934,2.71934,1632458460,2021-09-24T04:41:00
2.69884,2.69884,2.69884,2.69884,1632458400,2021-09-24T04:40:00
2.69701,2.69701,2.69701,2.69701,1632457020,2021-09-24T04:17:00
2.69835,2.69835,2.69835,2.69835,1632455520,2021-09-24T03:52:00
2.6809,2.6809,2.6809,2.6809,1632455040,2021-09-24T03:44:00
2.6955,2.6955,2.6955,2.6955,1632453120,2021-09-24T03:12:00
2.70761,2.70761,2.70761,2.70761,1632452340,2021-09-24T02:59:00
2.72835,2.72835,2.72835,2.72835,1632451320,2021-09-24T02:42:00
2.77344,2.77344,2.77344,2.77344,1632451200,2021-09-24T02:40:00
2.77729,2.77729,2.77729,2.77729,1632451140,2021-09-24T02:39:00
2.78431,2.79641,2.78431,2.79641,1632450720,2021-09-24T02:32:00
2.76242,2.76242,2.76242,2.76242,1632450000,2021-09-24T02:20:00
2.74047,2.74047,2.74047,2.74047,1632449460,2021-09-24T02:11:00
2.76189,2.76189,2.76189,2.76189,1632448860,2021-09-24T02:01:00
2.75111,2.75111,2.75111,2.75111,1632448500,2021-09-24T01:55:00
2.77656,2.77656,2.77656,2.77656,1632448200,2021-09-24T01:50:00
2.76481,2.76481,2.76481,2.76481,1632447300,2021-09-24T01:35:00
2.7788,2.7788,2.7788,2.7788,1632445680,2021-09-24T01:08:00
2.8429,2.8429,2.8429,2.8429,1632445500,2021-09-24T01:05:00
2.65674,2.65674,2.65674,2.65674,1632445440,2021-09-24T01:04:00
2.66691,2.66691,2.66691,2.66691,1632445260,2021-09-24T01:01:00
2.68499,2.68499,2.68499,2.68499,1632444000,2021-09-24T00:40:00
2.6723,2.6723,2.6723,2.6723,1632442440,2021-09-24T00:14:00
2.68069,2.68069,2.68069,2.68069,1632441780,2021-09-24T00:03:00
2.69475,2.69475,2.69475,2.69475,1632440460,2021-09-23T23:41:00
2.66982,2.66982,2.66982,2.66982,1632438960,2021-09-23T23:16:00
2.68272,2.68272,2.68272,2.68272,1632437880,2021-09-23T22:58:00
2.64838,2.64838,2.64838,2.64838,1632437400,2021-09-23T22:50:00
2.65315,2.65315,2.65315,2.65315,1632436500,2021-09-23T22:35:00
2.66742,2.66742,2.66742,2.66742,1632435540,2021-09-23T22:19:00
2.67631,2.67631,2.67631,2.67631,1632435360,2021-09-23T22:16:00
2.75239,2.75239,2.75239,2.75239,1632434520,2021-09-23T22:02:00
2.84984,2.84984,2.84984,2.84984,1632433920,2021-09-23T21:52:00
2.8542,2.8542,2.8542,2.8542,1632431940,2021-09-23T21:19:00
2.87106,2.87106,2.87106,2.87106,1632431820,2021-09-23T21:17:00
2.8569,2.8569,2.8569,2.8569,1632430680,2021-09-23T20:58:00
2.86177,2.86177,2.86177,2.86177,1632430560,2021-09-23T20:56:00
2.84213,2.84213,2.84213,2.84213,1632430260,2021-09-23T20:51:00
2.84168,2.84168,2.84168,2.84168,1632429360,2021-09-23T20:36:00
2.85506,2.85506,2.85506,2.85506,1632429180,2021-09-23T20:33:00
2.83864,2.83864,2.83864,2.83864,1632427620,2021-09-23T20:07:00
2.77308,2.77308,2.77308,2.77308,1632426300,2021-09-23T19:45:00
2.79105,2.79105,2.79105,2.79105,1632426060,2021-09-23T19:41:00
2.79748,2.79748,2.79748,2.79748,1632424800,2021-09-23T19:20:00
2.72483,2.72483,2.72483,2.72483,1632423060,2021-09-23T18:51:00
2.74247,2.74247,2.74247,2.74247,1632420480,2021-09-23T18:08:00
2.74002,2.74002,2.74002,2.74002,1632420240,2021-09-23T18:04:00
2.74186,2.74186,2.74186,2.74186,1632419460,2021-09-23T17:51:00
2.74458,2.74458,2.74458,2.74458,1632418680,2021-09-23T17:38:00
2.75979,2.75979,2.75979,2.75979,1632418500,2021-09-23T17:35:00
2.61264,2.61264,2.61264,2.61264,1632416520,2021-09-23T17:02:00
2.6231,2.6231,2.6231,2.6231,1632413340,2021-09-23T16:09:00
2.61952,2.61952,2.61952,2.61952,1632412680,2021-09-23T15:58:00
2.65841,2.65841,2.65841,2.65841,1632409980,2021-09-23T15:13:00
2.67425,2.67425,2.67425,2.67425,1632408660,2021-09-23T14:51:00
2.65475,2.65475,2.65475,2.65475,1632406620,2021-09-23T14:17:00
2.62534,2.62534,2.62534,2.62534,1632405540,2021-09-23T13:59:00
2.65463,2.65463,2.65463,2.65463,1632403020,2021-09-23T13:17:00
2.69852,2.69852,2.69852,2.69852,1632402900,2021-09-23T13:15:00
2.71176,2.71176,2.71176,2.71176,1632401400,2021-09-23T12:50:00
3.0028,3.0028,3.0028,3.0028,1632393300,2021-09-23T10:35:00
2.87534,2.87534,2.87534,2.87534,1632393000,2021-09-23T10:30:00
4.09829,4.09829,4.09829,4.09829,1632392760,2021-09-23T10:26:00
2.97714,2.97714,2.97714,2.97714,1632391920,2021-09-23T10:12:00
3.6699,3.6699,3.6699,3.6699,1632390420,2021-09-23T09:47:00
3.56539,3.56539,3.56539,3.56539,1632389160,2021-09-23T09:26:00
3.37934,3.37934,3.37934,3.37934,1632388020,2021-09-23T09:07:00
2.88126,2.88126,2.88126,2.88126,1632385980,2021-09-23T08:33:00
3.16976,3.16976,3.16976,3.16976,1632385800,2021-09-23T08:30:00
2.77049,2.77049,2.77049,2.77049,1632383820,2021-09-23T07:57:00
2.88007,2.88007,2.88007,2.88007,1632383760,2021-09-23T07:56:00
2.98305,2.98305,2.98305,2.98305,1632379740,2021-09-23T06:49:00
3.29745,3.29745,3.29745,3.29745,1632378120,2021-09-23T06:22:00
4.09118,4.09118,4.09118,4.09118,1632377640,2021-09-23T06:14:00
3.3393,3.3393,3.3393,3.3393,1632376560,2021-09-23T05:56:00
3.19271,3.19271,3.19271,3.19271,1632376080,2021-09-23T05:48:00
2.97141,4.05022,2.97141,4.05022,1632371580,2021-09-23T04:33:00
2.99294,2.99294,2.99294,2.99294,1632371400,2021-09-23T04:30:00
3.08644,3.08644,3.08644,3.08644,1632370560,2021-09-23T04:16:00
3.06952,3.06952,3.06952,3.06952,1632368520,2021-09-23T03:42:00
2.94119,2.94119,2.94119,2.94119,1632368460,2021-09-23T03:41:00
2.87854,2.87854,2.87854,2.87854,1632368100,2021-09-23T03:35:00
2.77869,2.77869,2.77869,2.77869,1632367800,2021-09-23T03:30:00
2.6382,2.6382,2.6382,2.6382,1632367680,2021-09-23T03:28:00
2.72459,2.72459,2.72459,2.72459,1632367560,2021-09-23T03:26:00
2.55295,2.55295,2.55295,2.55295,1632365340,2021-09-23T02:49:00
2.56234,2.56234,2.56234,2.56234,1632364380,2021-09-23T02:33:00
3.28539,3.28539,3.28539,3.28539,1632361200,2021-09-23T01:40:00
3.2024,3.2024,3.2024,3.2024,1632358920,2021-09-23T01:02:00
3.74975,3.74975,3.74975,3.74975,1632358440,2021-09-23T00:54:00
3.38665,3.38665,3.38665,3.38665,1632354900,2021-09-22T23:55:00
3.08528,3.08528,3.08528,3.08528,1632354720,2021-09-22T23:52:00
2.74879,2.74879,2.74879,2.74879,1632352380,2021-09-22T23:13:00
2.54533,2.54533,2.54533,2.54533,1632349620,2021-09-22T22:27:00
2.90193,2.90193,2.52814,2.52814,1632349080,2021-09-22T22:18:00
2.46855,2.72743,2.46855,2.72743,1632345720,2021-09-22T21:22:00
2.41857,2.41857,2.41857,2.41857,1632345600,2021-09-22T21:20:00
2.33304,2.33304,2.33304,2.33304,1632345300,2021-09-22T21:15:00
2.31946,2.31946,2.31946,2.31946,1632345000,2021-09-22T21:10:00
2.28355,2.28355,2.28355,2.28355,1632343980,2021-09-22T20:53:00
2.26165,2.26165,2.26165,2.26165,1632343860,2021-09-22T20:51:00
2.46106,2.46106,2.46106,2.46106,1632343200,2021-09-22T20:40:00
2.23454,2.23454,2.23454,2.23454,1632339780,2021-09-22T19:43:00
2.24296,2.24296,2.24296,2.24296,1632339300,2021-09-22T19:35:00
2.237,2.237,2.237,2.237,1632339000,2021-09-22T19:30:00
2.15413,2.15413,2.15413,2.15413,1632338940,2021-09-22T19:29:00
2.11377,2.11377,2.11377,2.11377,1632338580,2021-09-22T19:23:00
2.09982,2.09982,2.09982,2.09982,1632336720,2021-09-22T18:52:00
2.11403,2.11403,2.11403,2.11403,1632336300,2021-09-22T18:45:00
2.08071,2.09288,2.08071,2.09288,1632336120,2021-09-22T18:42:00
2.07067,2.07067,2.07067,2.07067,1632336060,2021-09-22T18:41:00
2.07991,2.07991,2.07991,2.07991,1632335880,2021-09-22T18:38:00
2.12851,2.12851,2.12851,2.12851,1632332160,2021-09-22T17:36:00
2.24521,2.24521,2.24521,2.24521,1632331620,2021-09-22T17:27:00
2.31526,2.31526,2.31526,2.31526,1632331500,2021-09-22T17:25:00
2.35163,2.35163,2.35163,2.35163,1632329580,2021-09-22T16:53:00
2.32263,2.32263,2.32263,2.32263,1632328680,2021-09-22T16:38:00
2.2877,2.2877,2.2877,2.2877,1632327480,2021-09-22T16:18:00
2.21968,2.21968,2.21968,2.21968,1632322260,2021-09-22T14:51:00
2.2236,2.2236,2.2236,2.2236,1632319440,2021-09-22T14:04:00
2.22099,2.22099,2.21777,2.21777,1632316740,2021-09-22T13:19:00
2.21979,2.21979,2.21979,2.21979,1632316200,2021-09-22T13:10:00
2.23423,2.23423,2.23423,2.23423,1632314880,2021-09-22T12:48:00
2.17496,2.17496,2.17496,2.17496,1632313380,2021-09-22T12:23:00
2.18745,2.18745,2.18745,2.18745,1632312480,2021-09-22T12:08:00
2.23507,2.23507,2.23507,2.23507,1632298140,2021-09-22T08:09:00
2.22252,2.22252,2.22252,2.22252,1632295140,2021-09-22T07:19:00
2.20176,2.20176,2.20176,2.20176,1632295080,2021-09-22T07:18:00
2.17318,2.17318,2.17318,2.17318,1632294480,2021-09-22T07:08:00
2.31666,2.31666,2.31666,2.31666,1632294420,2021-09-22T07:07:00
2.06198,2.06198,2.06198,2.06198,1632292860,2021-09-22T06:41:00
1.97065,1.97065,1.97065,1.97065,1632289920,2021-09-22T05:52:00
1.97341,1.97341,1.97341,1.97341,1632283920,2021-09-22T04:12:00
1.9659,1.9659,1.9659,1.9659,1632283800,2021-09-22T04:10:00
1.96338,1.96338,1.96338,1.96338,1632283500,2021-09-22T04:05:00
1.9531,1.9531,1.9531,1.9531,1632280020,2021-09-22T03:07:00
1.93155,1.93155,1.93155,1.93155,1632279780,2021-09-22T03:03:00
1.92019,1.92019,1.92019,1.92019,1632275940,2021-09-22T01:59:00
1.9074,1.9074,1.9074,1.9074,1632275820,2021-09-22T01:57:00
1.89803,1.89803,1.89803,1.89803,1632275040,2021-09-22T01:44:00
1.88582,1.88582,1.88582,1.88582,1632273840,2021-09-22T01:24:00
1.84443,1.84443,1.84443,1.84443,1632269760,2021-09-22T00:16:00
1.79116,1.79116,1.79116,1.79116,1632267780,2021-09-21T23:43:00
1.78504,1.78504,1.78504,1.78504,1632266220,2021-09-21T23:17:00
1.77926,1.77926,1.76659,1.76659,1632265200,2021-09-21T23:00:00
1.88107,1.88107,1.88107,1.88107,1632264060,2021-09-21T22:41:00
1.92025,1.92025,1.92025,1.92025,1632257940,2021-09-21T20:59:00
1.8885,1.8885,1.8885,1.8885,1632257400,2021-09-21T20:50:00
1.87227,1.87227,1.87227,1.87227,1632257340,2021-09-21T20:49:00
1.87354,1.87354,1.87354,1.87354,1632257160,2021-09-21T20:46:00
1.9141,1.9141,1.9141,1.9141,1632257040,2021-09-21T20:44:00
1.94398,1.94398,1.94398,1.94398,1632256860,2021-09-21T20:41:00
1.93777,1.93777,1.91599,1.91599,1632256800,2021-09-21T20:40:00
2.04192,2.04192,2.0322,2.0322,1632256680,2021-09-21T20:38:00
2.14168,2.14168,2.14168,2.14168,1632256440,2021-09-21T20:34:00
2.23454,2.23454,2.23454,2.23454,1632256140,2021-09-21T20:29:00
2.29948,2.29948,2.29948,2.29948,1632250560,2021-09-21T18:56:00
2.15079,2.15079,2.15079,2.15079,1632247260,2021-09-21T18:01:00
2.15364,2.15364,2.15364,2.15364,1632247140,2021-09-21T17:59:00
2.15181,2.15181,2.15181,2.15181,1632246300,2021-09-21T17:45:00
2.14298,2.14298,2.14298,2.14298,1632245880,2021-09-21T17:38:00
2.2007,2.2007,2.2007,2.2007,1632241920,2021-09-21T16:32:00
2.20902,2.20902,2.20902,2.20902,1632241500,2021-09-21T16:25:00
2.18984,2.18984,2.18984,2.18984,1632241320,2021-09-21T16:22:00
2.16949,2.16949,2.16949,2.16949,1632240600,2021-09-21T16:10:00
2.14101,2.14101,2.14101,2.14101,1632239580,2021-09-21T15:53:00
2.17813,2.17813,2.17612,2.17612,1632238560,2021-09-21T15:36:00
2.16846,2.16846,2.16846,2.16846,1632238080,2021-09-21T15:28:00
2.25254,2.25254,2.25254,2.25254,1632237480,2021-09-21T15:18:00
2.33877,2.33877,2.33877,2.33877,1632235860,2021-09-21T14:51:00
2.3665,2.3665,2.3665,2.3665,1632234840,2021-09-21T14:34:00
2.45025,2.45025,2.45025,2.45025,1632234480,2021-09-21T14:28:00
2.51621,2.51621,2.51621,2.51621,1632230940,2021-09-21T13:29:00
2.50741,2.50741,2.50741,2.50741,1632230880,2021-09-21T13:28:00
2.47774,2.47774,2.47774,2.47774,1632230280,2021-09-21T13:18:00
2.47994,2.47994,2.47994,2.47994,1632229740,2021-09-21T13:09:00
2.46956,2.46956,2.46956,2.46956,1632229500,2021-09-21T13:05:00
2.48047,2.48047,2.48047,2.48047,1632228420,2021-09-21T12:47:00
2.51381,2.51381,2.51381,2.51381,1632227580,2021-09-21T12:33:00
2.56181,2.56181,2.56181,2.56181,1632223620,2021-09-21T11:27:00
2.54647,2.54647,2.54647,2.54647,1632223320,2021-09-21T11:22:00
2.55107,2.55107,2.55107,2.55107,1632222900,2021-09-21T11:15:00
2.54626,2.54626,2.54626,2.54626,1632221100,2021-09-21T10:45:00
2.56116,2.56116,2.56116,2.56116,1632218400,2021-09-21T10:00:00
2.53688,2.53688,2.53688,2.53688,1632217260,2021-09-21T09:41:00
2.50687,2.50687,2.50687,2.50687,1632216060,2021-09-21T09:21:00
2.51527,2.51527,2.51527,2.51527,1632215220,2021-09-21T09:07:00
2.4795,2.4795,2.4795,2.4795,1632209520,2021-09-21T07:32:00
2.46239,2.46239,2.46239,2.46239,1632209400,2021-09-21T07:30:00
2.43932,2.43932,2.43932,2.43932,1632209040,2021-09-21T07:24:00
2.43158,2.43158,2.43158,2.43158,1632208740,2021-09-21T07:19:00
2.42634,2.42634,2.42634,2.42634,1632207540,2021-09-21T06:59:00
2.45753,2.45753,2.45753,2.45753,1632207240,2021-09-21T06:54:00
2.47131,2.47131,2.47131,2.47131,1632205320,2021-09-21T06:22:00
2.24136,2.24136,2.24136,2.24136,1632198720,2021-09-21T04:32:00
2.27019,2.27019,2.27019,2.27019,1632196200,2021-09-21T03:50:00
2.27073,2.27073,2.27073,2.27073,1632195420,2021-09-21T03:37:00
2.18879,2.18879,2.18879,2.18879,1632187560,2021-09-21T01:26:00
2.17044,2.17044,2.17044,2.17044,1632186720,2021-09-21T01:12:00
2.18118,2.18118,2.18118,2.18118,1632185280,2021-09-21T00:48:00
2.16776,2.16776,2.16776,2.16776,1632184800,2021-09-21T00:40:00
2.19185,2.19185,2.19185,2.19185,1632182460,2021-09-21T00:01:00
2.20308,2.20308,2.20308,2.20308,1632181020,2021-09-20T23:37:00
2.24008,2.24008,2.24008,2.24008,1632179340,2021-09-20T23:09:00
2.25179,2.25179,2.25179,2.25179,1632174000,2021-09-20T21:40:00
2.2004,2.2004,2.2004,2.2004,1632172560,2021-09-20T21:16:00
2.22721,2.22721,2.22721,2.22721,1632172200,2021-09-20T21:10:00
2.25701,2.25701,2.25701,2.25701,1632172080,2021-09-20T21:08:00
2.31468,2.31468,2.31468,2.31468,1632167880,2021-09-20T19:58:00
2.29896,2.29896,2.29896,2.29896,1632167760,2021-09-20T19:56:00
2.26341,2.26341,2.26341,2.26341,1632166560,2021-09-20T19:36:00
2.2405,2.2405,2.2405,2.2405,1632165480,2021-09-20T19:18:00
2.2794,2.2794,2.2794,2.2794,1632165300,2021-09-20T19:15:00
2.32035,2.32035,2.32035,2.32035,1632164220,2021-09-20T18:57:00
2.33133,2.33133,2.33133,2.33133,1632163380,2021-09-20T18:43:00
2.38457,2.38457,2.38457,2.38457,1632162480,2021-09-20T18:28:00
2.39523,2.39523,2.39523,2.39523,1632160680,2021-09-20T17:58:00
2.37491,2.37491,2.37491,2.37491,1632158040,2021-09-20T17:14:00
2.38794,2.38794,2.38794,2.38794,1632157860,2021-09-20T17:11:00
2.40713,2.40713,2.40713,2.40713,1632157320,2021-09-20T17:02:00
2.39273,2.39273,2.39273,2.39273,1632157140,2021-09-20T16:59:00
2.41637,2.41637,2.41637,2.41637,1632157020,2021-09-20T16:57:00
2.42046,2.42046,2.42046,2.42046,1632153480,2021-09-20T15:58:00
2.42772,2.42772,2.42772,2.42772,1632151620,2021-09-20T15:27:00
2.41357,2.41357,2.41357,2.41357,1632151020,2021-09-20T15:17:00
2.31319,2.31319,2.31319,2.31319,1632150120,2021-09-20T15:02:00
2.30723,2.30723,2.30723,2.30723,1632149820,2021-09-20T14:57:00
2.34429,2.34429,2.34429,2.34429,1632148980,2021-09-20T14:43:00
2.40997,2.40997,2.40997,2.40997,1632148500,2021-09-20T14:35:00
2.4948,2.4948,2.4948,2.4948,1632147600,2021-09-20T14:20:00
2.61185,2.61185,2.61185,2.61185,1632147480,2021-09-20T14:18:00
2.65013,2.65013,2.65013,2.65013,1632146160,2021-09-20T13:56:00
2.5781,2.5781,2.5781,2.5781,1632145920,2021-09-20T13:52:00
2.58453,2.58453,2.58453,2.58453,1632144480,2021-09-20T13:28:00
2.56426,2.56426,2.56426,2.56426,1632144180,2021-09-20T13:23:00
2.58619,2.58619,2.58619,2.58619,1632144120,2021-09-20T13:22:00
2.27382,2.43197,2.27382,2.43197,1632144060,2021-09-20T13:21:00
2.25653,2.25653,2.25653,2.25653,1632143940,2021-09-20T13:19:00
2.16219,2.16219,2.16219,2.16219,1632143760,2021-09-20T13:16:00
2.15202,2.15202,2.15202,2.15202,1632143580,2021-09-20T13:13:00
2.13729,2.13729,2.13729,2.13729,1632143520,2021-09-20T13:12:00
2.15272,2.15272,2.15272,2.15272,1632143340,2021-09-20T13:09:00
2.14854,2.14854,2.14854,2.14854,1632142320,2021-09-20T12:52:00
2.14842,2.14842,2.14842,2.14842,1632141540,2021-09-20T12:39:00
2.17799,2.17799,2.17799,2.17799,1632140640,2021-09-20T12:24:00
2.18141,2.18141,2.18141,2.18141,1632140220,2021-09-20T12:17:00
2.14169,2.14169,2.14169,2.14169,1632140100,2021-09-20T12:15:00
2.11214,2.11214,2.11214,2.11214,1632139860,2021-09-20T12:11:00
2.07914,2.07914,2.07914,2.07914,1632139740,2021-09-20T12:09:00
2.05161,2.05161,2.05161,2.05161,1632139140,2021-09-20T11:59:00
2.0646,2.0646,2.0646,2.0646,1632139020,2021-09-20T11:57:00
2.08403,2.08403,2.08403,2.08403,1632138360,2021-09-20T11:46:00
2.13399,2.13399,2.13399,2.13399,1632137940,2021-09-20T11:39:00
2.13743,2.13743,2.13743,2.13743,1632137580,2021-09-20T11:33:00
2.2243,2.2243,2.2243,2.2243,1632135480,2021-09-20T10:58:00
2.25326,2.25326,2.25326,2.25326,1632133680,2021-09-20T10:28:00
2.25347,2.25347,2.25347,2.25347,1632132960,2021-09-20T10:16:00
2.26168,2.26168,2.26168,2.26168,1632131580,2021-09-20T09:53:00
2.28978,2.28978,2.28978,2.28978,1632130620,2021-09-20T09:37:00
2.29965,2.30803,2.29965,2.30803,1632130140,2021-09-20T09:29:00
2.31295,2.31295,2.31295,2.31295,1632129960,2021-09-20T09:26:00
2.27439,2.27439,2.27439,2.27439,1632129120,2021-09-20T09:12:00
2.38641,2.38641,2.38641,2.38641,1632129060,2021-09-20T09:11:00
2.4696,2.4696,2.4696,2.4696,1632128940,2021-09-20T09:09:00
2.54651,2.54651,2.54651,2.54651,1632128760,2021-09-20T09:06:00
2.55663,2.55663,2.55663,2.55663,1632128520,2021-09-20T09:02:00
2.58311,2.58311,2.58311,2.58311,1632128100,2021-09-20T08:55:00
2.53459,2.53459,2.53459,2.53459,1632126240,2021-09-20T08:24:00
2.54441,2.56061,2.54441,2.56061,1632125460,2021-09-20T08:11:00
2.50709,2.50709,2.50709,2.50709,1632125400,2021-09-20T08:10:00
2.58763,2.58763,2.58763,2.58763,1632125340,2021-09-20T08:09:00
2.71543,2.71543,2.71543,2.71543,1632124980,2021-09-20T08:03:00
2.7596,2.7596,2.7596,2.7596,1632122400,2021-09-20T07:20:00
2.74033,2.74033,2.74033,2.74033,1632121740,2021-09-20T07:09:00
2.75051,2.75051,2.75051,2.75051,1632120180,2021-09-20T06:43:00
2.88871,2.88871,2.88871,2.88871,1632119160,2021-09-20T06:26:00
2.91577,2.91577,2.91577,2.91577,1632117960,2021-09-20T06:06:00
2.77732,2.77732,2.77732,2.77732,1632117360,2021-09-20T05:56:00
2.96722,2.96722,2.96722,2.96722,1632117180,2021-09-20T05:53:00
2.86165,2.86165,2.83479,2.83479,1632117000,2021-09-20T05:50:00
2.86883,2.86883,2.86883,2.86883,1632116940,2021-09-20T05:49:00
3.23053,3.23053,3.23053,3.23053,1632116760,2021-09-20T05:46:00
2.54524,2.54524,2.54524,2.54524,1632116520,2021-09-20T05:42:00
2.45222,2.45222,2.45222,2.45222,1632114600,2021-09-20T05:10:00
2.6689,2.6689,2.6689,2.6689,1632112200,2021-09-20T04:30:00
2.46819,2.46819,2.46819,2.46819,1632111120,2021-09-20T04:12:00
2.41135,2.41135,2.41135,2.41135,1632111060,2021-09-20T04:11:00
2.40411,2.40411,2.40411,2.40411,1632109020,2021-09-20T03:37:00
2.31784,2.31784,2.31784,2.31784,1632108360,2021-09-20T03:26:00
2.36845,2.36845,2.36845,2.36845,1632108120,2021-09-20T03:22:00
2.52744,2.52744,2.52744,2.52744,1632108000,2021-09-20T03:20:00
2.40709,2.40709,2.40709,2.40709,1632107640,2021-09-20T03:14:00
2.58247,2.58247,2.58247,2.58247,1632107580,2021-09-20T03:13:00
2.43478,2.43478,2.43478,2.43478,1632107400,2021-09-20T03:10:00
2.51566,2.51566,2.51566,2.51566,1632106980,2021-09-20T03:03:00
2.53188,2.53754,2.53188,2.53754,1632106860,2021-09-20T03:01:00
2.6306,2.6306,2.6306,2.6306,1632106800,2021-09-20T03:00:00
2.65593,2.65593,2.65593,2.65593,1632106080,2021-09-20T02:48:00
2.82765,2.82765,2.82765,2.82765,1632103860,2021-09-20T02:11:00
2.776,2.776,2.776,2.776,1632102660,2021-09-20T01:51:00
3.21019,3.21019,3.21019,3.21019,1632101220,2021-09-20T01:27:00
2.8418,2.8418,2.8418,2.8418,1632100080,2021-09-20T01:08:00
3.00131,3.00131,3.00131,3.00131,1632093960,2021-09-19T23:26:00
3.31135,3.31135,3.31135,3.31135,1632089100,2021-09-19T22:05:00
3.0609,3.0609,3.0609,3.0609,1632088680,2021-09-19T21:58:00
2.99984,2.99984,2.99984,2.99984,1632086160,2021-09-19T21:16:00
3.0563,3.0563,3.0563,3.0563,1632085620,2021-09-19T21:07:00
3.04643,3.04643,3.04643,3.04643,1632084600,2021-09-19T20:50:00
3.05869,3.05869,3.05869,3.05869,1632084240,2021-09-19T20:44:00
3.01756,3.01756,3.01756,3.01756,1632084180,2021-09-19T20:43:00
2.99103,2.99103,2.99103,2.99103,1632084060,2021-09-19T20:41:00
3.04734,3.04734,3.04734,3.04734,1632083400,2021-09-19T20:30:00
4.47734,4.47734,4.47734,4.47734,1632081300,2021-09-19T19:55:00
3.00669,3.00669,3.00669,3.00669,1632081000,2021-09-19T19:50:00
3.0356,3.0356,3.0356,3.0356,1632080940,2021-09-19T19:49:00
2.98385,2.98385,2.98385,2.98385,1632080400,2021-09-19T19:40:00
2.97212,2.97212,2.97212,2.97212,1632079860,2021-09-19T19:31:00
3.0568,3.0568,3.0568,3.0568,1632078720,2021-09-19T19:12:00
2.99276,2.99276,2.99276,2.99276,1632074700,2021-09-19T18:05:00
3.1405,3.1405,3.1405,3.1405,1632070140,2021-09-19T16:49:00
3.09074,3.09074,3.09074,3.09074,1632068520,2021-09-19T16:22:00
3.07772,3.07772,3.07772,3.07772,1632067920,2021-09-19T16:12:00
3.08551,3.08551,3.08551,3.08551,1632067860,2021-09-19T16:11:00
3.0419,3.0419,3.0419,3.0419,1632067680,2021-09-19T16:08:00
3.32167,3.32167,3.12752,3.12752,1632067380,2021-09-19T16:03:00
3.12095,3.12095,3.12095,3.12095,1632067320,2021-09-19T16:02:00
3.26122,3.26122,3.15245,3.15245,1632067260,2021-09-19T16:01:00
3.17645,3.17645,3.17645,3.17645,1632067200,2021-09-19T16:00:00
3.27241,3.27241,3.27241,3.27241,1632066120,2021-09-19T15:42:00
3.78986,3.78986,3.78986,3.78986,1632065280,2021-09-19T15:28:00
3.15564,3.15564,3.15564,3.15564,1632064140,2021-09-19T15:09:00
3.15946,3.15946,3.15946,3.15946,1632063900,2021-09-19T15:05:00
3.65843,3.65843,3.65843,3.65843,1632063540,2021-09-19T14:59:00
3.22726,3.22726,3.22726,3.22726,1632063240,2021-09-19T14:54:00
3.16392,3.16392,3.16392,3.16392,1632062340,2021-09-19T14:39:00
4.21476,4.21476,4.21476,4.21476,1632061620,2021-09-19T14:27:00
3.17857,3.17857,3.17857,3.17857,1632060960,2021-09-19T14:16:00
3.65144,3.65144,3.65144,3.65144,1632060120,2021-09-19T14:02:00
3.20047,3.20047,3.20047,3.20047,1632059760,2021-09-19T13:56:00
3.19394,3.19394,3.19394,3.19394,1632059640,2021-09-19T13:54:00
3.2631,3.2631,3.2631,3.2631,1632059160,2021-09-19T13:46:00
3.28654,3.28654,3.28654,3.28654,1632058140,2021-09-19T13:29:00
3.24048,3.24048,3.24048,3.24048,1632057300,2021-09-19T13:15:00
3.66864,3.66864,3.66864,3.66864,1632057180,2021-09-19T13:13:00
3.5226,3.5226,3.5226,3.5226,1632056460,2021-09-19T13:01:00
3.38524,3.38524,3.14946,3.14946,1632056160,2021-09-19T12:56:00
3.0044,3.0044,2.95114,2.95114,1632056100,2021-09-19T12:55:00
2.92676,2.92676,2.92676,2.92676,1632055740,2021-09-19T12:49:00
3.14045,3.14045,3.14045,3.14045,1632054900,2021-09-19T12:35:00
2.93966,2.93966,2.93966,2.93966,1632054780,2021-09-19T12:33:00
2.92738,2.92738,2.92738,2.92738,1632053220,2021-09-19T12:07:00
3.19548,3.19548,3.19548,3.19548,1632052740,2021-09-19T11:59:00
2.90398,2.90398,2.90398,2.90398,1632052620,2021-09-19T11:57:00
3.00369,3.00369,3.00369,3.00369,1632051180,2021-09-19T11:33:00
3.45126,3.45126,3.45126,3.45126,1632051000,2021-09-19T11:30:00
3.29356,3.29356,3.29356,3.29356,1632050580,2021-09-19T11:23:00
3.16266,3.16266,3.16266,3.16266,1632049440,2021-09-19T11:04:00
3.11295,3.11295,3.11295,3.11295,1632049080,2021-09-19T10:58:00
3.21235,3.21235,3.21235,3.21235,1632048960,2021-09-19T10:56:00
3.3436,3.3436,3.3436,3.3436,1632047460,2021-09-19T10:31:00
3.31049,3.31049,3.31049,3.31049,1632047340,2021-09-19T10:29:00
3.35681,3.36121,3.35681,3.36121,1632046560,2021-09-19T10:16:00
3.89891,3.89891,3.54008,3.54008,1632045840,2021-09-19T10:04:00
3.6453,3.6453,3.6453,3.6453,1632045480,2021-09-19T09:58:00
3.62559,3.62559,3.62559,3.62559,1632044520,2021-09-19T09:42:00
3.66455,3.66455,3.66455,3.66455,1632044220,2021-09-19T09:37:00
3.86193,3.86193,3.86193,3.86193,1632044160,2021-09-19T09:36:00
3.9099,3.9099,3.9099,3.9099,1632044100,2021-09-19T09:35:00
3.52129,3.52129,3.52129,3.52129,1632043920,2021-09-19T09:32:00
3.77322,3.77322,3.77322,3.77322,1632043860,2021-09-19T09:31:00
3.60796,3.60796,3.60796,3.60796,1632043440,2021-09-19T09:24:00
3.81648,3.81648,3.81648,3.81648,1632043320,2021-09-19T09:22:00
3.73013,3.73013,3.73013,3.73013,1632041520,2021-09-19T08:52:00
3.94318,4.49715,3.94318,4.49715,1632041160,2021-09-19T08:46:00
3.62152,3.62152,3.62152,3.62152,1632040800,2021-09-19T08:40:00
3.78739,3.78739,3.78739,3.78739,1632040200,2021-09-19T08:30:00
3.70744,3.70744,3.70744,3.70744,1632039960,2021-09-19T08:26:00
3.97505,3.97505,3.97505,3.97505,1632039420,2021-09-19T08:17:00
3.8954,3.8954,3.8954,3.8954,1632039000,2021-09-19T08:10:00
3.87843,3.87843,3.87843,3.87843,1632037320,2021-09-19T07:42:00
5.09322,5.09322,5.09322,5.09322,1632036720,2021-09-19T07:32:00
3.69209,3.69209,3.69209,3.69209,1632036180,2021-09-19T07:23:00
4.17326,4.17326,4.17326,4.17326,1632035220,2021-09-19T07:07:00
3.70003,4.04619,3.70003,4.04619,1632035100,2021-09-19T07:05:00
3.67616,3.67616,3.67616,3.67616,1632034740,2021-09-19T06:59:00
4.15119,4.15119,4.15119,4.15119,1632033900,2021-09-19T06:45:00
3.48329,3.48329,3.48329,3.48329,1632033720,2021-09-19T06:42:00
4.10587,4.10587,4.10587,4.10587,1632032760,2021-09-19T06:26:00
3.53353,3.59266,3.53353,3.59266,1632032040,2021-09-19T06:14:00
4.84097,4.84097,4.84097,4.84097,1632030540,2021-09-19T05:49:00
3.6433,3.6433,3.6433,3.6433,1632030060,2021-09-19T05:41:00
3.53728,3.53728,3.53728,3.53728,1632029880,2021-09-19T05:38:00
3.4438,3.4438,3.4438,3.4438,1632028140,2021-09-19T05:09:00
3.54454,3.54454,3.54454,3.54454,1632028020,2021-09-19T05:07:00
3.46854,3.46854,3.46854,3.46854,1632027900,2021-09-19T05:05:00
3.49157,3.49157,3.49157,3.49157,1632027540,2021-09-19T04:59:00
3.42264,3.42264,3.42264,3.42264,1632026940,2021-09-19T04:49:00
3.21693,3.21693,3.21693,3.21693,1632026760,2021-09-19T04:46:00
3.49306,3.49306,3.49306,3.49306,1632026580,2021-09-19T04:43:00
3.12716,3.12716,3.12716,3.12716,1632026280,2021-09-19T04:38:00
3.11422,3.11422,3.11422,3.11422,1632026160,2021-09-19T04:36:00
3.08001,3.08001,3.08001,3.08001,1632026100,2021-09-19T04:35:00
3.11524,3.11524,3.11524,3.11524,1632025620,2021-09-19T04:27:00
3.18918,3.18918,3.18918,3.18918,1632024000,2021-09-19T04:00:00
3.17392,3.17392,3.17392,3.17392,1632023580,2021-09-19T03:53:00
2.95935,2.95935,2.95935,2.95935,1632019680,2021-09-19T02:48:00
2.94656,2.94656,2.94656,2.94656,1632017820,2021-09-19T02:17:00
2.96268,2.96268,2.96268,2.96268,1632017520,2021-09-19T02:12:00
2.94212,2.94212,2.94212,2.94212,1632016440,2021-09-19T01:54:00
2.92535,2.92535,2.91224,2.91224,1632016260,2021-09-19T01:51:00
2.91451,2.91451,2.91451,2.91451,1632015840,2021-09-19T01:44:00
2.93328,2.93328,2.93328,2.93328,1632015660,2021-09-19T01:41:00
2.86435,2.86435,2.86435,2.86435,1632015540,2021-09-19T01:39:00
2.82219,2.82219,2.82219,2.82219,1632014700,2021-09-19T01:25:00
2.82549,2.82549,2.82549,2.82549,1632013800,2021-09-19T01:10:00
2.82851,2.82851,2.82851,2.82851,1632013080,2021-09-19T00:58:00
2.81725,2.81725,2.81725,2.81725,1632012600,2021-09-19T00:50:00
2.75226,2.75226,2.75226,2.75226,1632009600,2021-09-19T00:00:00
2.76449,2.76449,2.76449,2.76449,1632009420,2021-09-18T23:57:00
2.74201,2.74201,2.74201,2.74201,1632009060,2021-09-18T23:51:00
2.75794,2.75794,2.75794,2.75794,1632008880,2021-09-18T23:48:00
2.78434,2.78434,2.78434,2.78434,1632008760,2021-09-18T23:46:00
2.79973,2.79973,2.79973,2.79973,1632005760,2021-09-18T22:56:00
2.79171,2.79171,2.79171,2.79171,1632003120,2021-09-18T22:12:00
2.76597,2.76597,2.76597,2.76597,1632003000,2021-09-18T22:10:00
2.76724,2.76724,2.76724,2.76724,1632002760,2021-09-18T22:06:00
2.77692,2.77692,2.77692,2.77692,1632002400,2021-09-18T22:00:00
2.77808,2.77808,2.77808,2.77808,1632001620,2021-09-18T21:47:00
2.8151,2.8151,2.8151,2.8151,1632000300,2021-09-18T21:25:00
2.88707,2.88707,2.88707,2.88707,1632000240,2021-09-18T21:24:00
2.89447,2.89447,2.89447,2.89447,1632000000,2021-09-18T21:20:00
2.92862,2.92862,2.92862,2.92862,1631998080,2021-09-18T20:48:00
2.95347,2.95347,2.95347,2.95347,1631996820,2021-09-18T20:27:00
2.9379,2.9379,2.9379,2.9379,1631996040,2021-09-18T20:14:00
2.9924,2.9924,2.9924,2.9924,1631995800,2021-09-18T20:10:00
2.93799,2.93799,2.93799,2.93799,1631995620,2021-09-18T20:07:00
2.90304,2.90304,2.90304,2.90304,1631995500,2021-09-18T20:05:00
2.99581,2.99581,2.99581,2.99581,1631995020,2021-09-18T19:57:00
3.04419,3.04419,3.04419,3.04419,1631993820,2021-09-18T19:37:00
3.05111,3.05111,3.05111,3.05111,1631993580,2021-09-18T19:33:00
3.05934,3.05934,3.05934,3.05934,1631992860,2021-09-18T19:21:00
3.07683,3.07683,3.07683,3.07683,1631992620,2021-09-18T19:17:00
3.07241,3.07241,3.07241,3.07241,1631991540,2021-09-18T18:59:00
3.07216,3.07216,3.07216,3.07216,1631990940,2021-09-18T18:49:00
3.07953,3.07953,3.07953,3.07953,1631990880,2021-09-18T18:48:00
3.0969,3.0969,3.0969,3.0969,1631990760,2021-09-18T18:46:00
3.09269,3.09269,3.09269,3.09269,1631990520,2021-09-18T18:42:00
3.38248,3.38248,3.38248,3.38248,1631990340,2021-09-18T18:39:00
2.95751,2.95751,2.95751,2.95751,1631990220,2021-09-18T18:37:00
2.98012,2.98012,2.98012,2.98012,1631989560,2021-09-18T18:26:00
3.0344,3.0344,3.0344,3.0344,1631989380,2021-09-18T18:23:00
3.16988,3.16988,3.08292,3.08292,1631989260,2021-09-18T18:21:00
3.31111,3.31111,3.31111,3.31111,1631989200,2021-09-18T18:20:00
3.28184,3.28184,3.28184,3.28184,1631989140,2021-09-18T18:19:00
3.32286,3.32286,3.32286,3.32286,1631988900,2021-09-18T18:15:00
3.36415,3.36415,3.36415,3.36415,1631988840,2021-09-18T18:14:00
3.37484,3.37484,3.37484,3.37484,1631988540,2021-09-18T18:09:00
3.37415,3.37415,3.37415,3.37415,1631988480,2021-09-18T18:08:00
3.39507,3.39507,3.39507,3.39507,1631988420,2021-09-18T18:07:00
3.39654,3.39654,3.3706,3.3706,1631988120,2021-09-18T18:02:00
3.47826,3.47826,3.47826,3.47826,1631987880,2021-09-18T17:58:00
3.5593,3.5593,3.5593,3.5593,1631987700,2021-09-18T17:55:00
3.57016,3.57016,3.57016,3.57016,1631987640,2021-09-18T17:54:00
3.57641,3.57641,3.57641,3.57641,1631987520,2021-09-18T17:52:00
3.54104,3.54104,3.54104,3.54104,1631987280,2021-09-18T17:48:00
3.49994,3.49994,3.49994,3.49994,1631987220,2021-09-18T17:47:00
3.39959,3.39959,3.39959,3.39959,1631986980,2021-09-18T17:43:00
3.32084,3.32084,3.32084,3.32084,1631986500,2021-09-18T17:35:00
3.34992,3.34992,3.34992,3.34992,1631986020,2021-09-18T17:27:00
3.33705,3.33705,3.33705,3.33705,1631985600,2021-09-18T17:20:00
3.31515,3.31515,3.31515,3.31515,1631985120,2021-09-18T17:12:00
3.28907,3.28907,3.28907,3.28907,1631984820,2021-09-18T17:07:00
3.31185,3.31185,3.31185,3.31185,1631984640,2021-09-18T17:04:00
3.30461,3.30461,3.30461,3.30461,1631984520,2021-09-18T17:02:00
3.27412,3.27412,3.27412,3.27412,1631983980,2021-09-18T16:53:00
3.22457,3.22457,3.22457,3.22457,1631983140,2021-09-18T16:39:00
3.15266,3.24175,3.15266,3.24175,1631983080,2021-09-18T16:38:00
3.17925,3.17925,3.17925,3.17925,1631981460,2021-09-18T16:11:00
3.17682,3.17682,3.17682,3.17682,1631981340,2021-09-18T16:09:00
3.17687,3.17687,3.17687,3.17687,1631980980,2021-09-18T16:03:00
3.15746,3.15746,3.15746,3.15746,1631980860,2021-09-18T16:01:00
3.17359,3.17359,3.17359,3.17359,1631980680,2021-09-18T15:58:00
3.20193,3.20193,3.20193,3.20193,1631980560,2021-09-18T15:56:00
3.2357,3.2357,3.2357,3.2357,1631980260,2021-09-18T15:51:00
3.27894,3.27894,3.27894,3.27894,1631979720,2021-09-18T15:42:00
3.31238,3.33782,3.31238,3.33782,1631979660,2021-09-18T15:41:00
3.30735,3.30735,3.30735,3.30735,1631979600,2021-09-18T15:40:00
3.36601,3.36601,3.31335,3.31335,1631979300,2021-09-18T15:35:00
3.35624,3.35624,3.35624,3.35624,1631979240,2021-09-18T15:34:00
3.3283,3.3283,3.3283,3.3283,1631978880,2021-09-18T15:28:00
3.30625,3.30625,3.30625,3.30625,1631978700,2021-09-18T15:25:00
3.29702,3.29702,3.29702,3.29702,1631978580,2021-09-18T15:23:00
3.29168,3.29168,3.29168,3.29168,1631978340,2021-09-18T15:19:00
3.2841,3.2841,3.2841,3.2841,1631978040,2021-09-18T15:14:00
3.26591,3.26591,3.26591,3.26591,1631977920,2021-09-18T15:12:00
3.13426,3.13426,3.13426,3.13426,1631977860,2021-09-18T15:11:00
3.11458,3.12628,3.11458,3.12628,1631977740,2021-09-18T15:09:00
3.14075,3.14075,3.14075,3.14075,1631977560,2021-09-18T15:06:00
3.16482,3.17513,3.16482,3.17513,1631977500,2021-09-18T15:05:00
3.0162,3.14536,3.0162,3.14536,1631977320,2021-09-18T15:02:00
2.94237,2.94237,2.94237,2.94237,1631977200,2021-09-18T15:00:00
2.93053,2.93053,2.93053,2.93053,1631976840,2021-09-18T14:54:00
2.95116,2.95116,2.94532,2.94532,1631976420,2021-09-18T14:47:00
2.98943,2.98943,2.98943,2.98943,1631976300,2021-09-18T14:45:00
2.98664,2.98664,2.98664,2.98664,1631975880,2021-09-18T14:38:00
2.98443,2.98443,2.98443,2.98443,1631975760,2021-09-18T14:36:00
2.97764,2.97764,2.97764,2.97764,1631975640,2021-09-18T14:34:00
2.9605,2.9605,2.9605,2.9605,1631975340,2021-09-18T14:29:00
2.9749,2.9749,2.9749,2.9749,1631975220,2021-09-18T14:27:00
2.96985,2.96985,2.96741,2.96741,1631975160,2021-09-18T14:26:00
2.95297,2.95297,2.95297,2.95297,1631975040,2021-09-18T14:24:00
2.97597,2.97597,2.97597,2.97597,1631974740,2021-09-18T14:19:00
2.98629,2.98629,2.98629,2.98629,1631974320,2021-09-18T14:12:00
3.02587,3.02587,3.02587,3.02587,1631973840,2021-09-18T14:04:00
3.0473,3.04818,3.0473,3.04818,1631973360,2021-09-18T13:56:00
3.04626,3.04626,3.04626,3.04626,1631973240,2021-09-18T13:54:00
3.0279,3.0279,3.0279,3.0279,1631973000,2021-09-18T13:50:00
3.03609,3.03609,3.03609,3.03609,1631972940,2021-09-18T13:49:00
3.04387,3.04387,3.04387,3.04387,1631972880,2021-09-18T13:48:00
3.06873,3.06873,3.06873,3.06873,1631972220,2021-09-18T13:37:00
3.05834,3.05834,3.05834,3.05834,1631971620,2021-09-18T13:27:00
3.08319,3.08319,3.08319,3.08319,1631971500,2021-09-18T13:25:00
3.10167,3.10167,3.10167,3.10167,1631971140,2021-09-18T13:19:00
3.12087,3.12087,3.12087,3.12087,1631970960,2021-09-18T13:16:00
3.12043,3.12043,3.11794,3.11794,1631970840,2021-09-18T13:14:00
3.10193,3.10193,3.10193,3.10193,1631970780,2021-09-18T13:13:00
3.1259,3.1259,3.1259,3.1259,1631970720,2021-09-18T13:12:00
3.10827,3.10827,3.10827,3.10827,1631970600,2021-09-18T13:10:00
3.12258,3.12258,3.12258,3.12258,1631970300,2021-09-18T13:05:00
3.14186,3.14186,3.14186,3.14186,1631970000,2021-09-18T13:00:00
3.1604,3.1604,3.1604,3.1604,1631969940,2021-09-18T12:59:00
3.16183,3.16183,3.14625,3.14625,1631969880,2021-09-18T12:58:00
3.18461,3.18461,3.18461,3.18461,1631969760,2021-09-18T12:56:00
3.17952,3.17952,3.17952,3.17952,1631969640,2021-09-18T12:54:00
3.15982,3.15982,3.15982,3.15982,1631969580,2021-09-18T12:53:00
3.12926,3.14735,3.12926,3.14735,1631969460,2021-09-18T12:51:00
3.15806,3.15806,3.15806,3.15806,1631969400,2021-09-18T12:50:00
3.17294,3.17294,3.17294,3.17294,1631969280,2021-09-18T12:48:00
3.20617,3.20617,3.19016,3.19016,1631969220,2021-09-18T12:47:00
3.25975,3.25975,3.25975,3.25975,1631969160,2021-09-18T12:46:00
3.33668,3.33668,3.33668,3.33668,1631969100,2021-09-18T12:45:00
3.47989,3.49826,3.47989,3.49826,1631969040,2021-09-18T12:44:00
3.49423,3.49423,3.49423,3.49423,1631968980,2021-09-18T12:43:00
3.50524,3.50524,3.50524,3.50524,1631968920,2021-09-18T12:42:00
3.55527,3.55527,3.55527,3.55527,1631968860,2021-09-18T12:41:00
3.63069,3.63069,3.63069,3.63069,1631968800,2021-09-18T12:40:00
3.68571,3.68571,3.67454,3.67454,1631968740,2021-09-18T12:39:00
3.84262,3.84262,3.84262,3.84262,1631968680,2021-09-18T12:38:00
3.4007,3.4007,3.4007,3.4007,1631968620,2021-09-18T12:37:00
3.46741,3.46741,3.44154,3.44154,1631968560,2021-09-18T12:36:00
3.53494,3.53494,3.53494,3.53494,1631968500,2021-09-18T12:35:00
3.18091,3.18091,3.18091,3.18091,1631968380,2021-09-18T12:33:00
3.26495,3.26495,3.26495,3.26495,1631968260,2021-09-18T12:31:00
2.86481,2.86481,2.86481,2.86481,1631968080,2021-09-18T12:28:00
2.8015,2.8015,2.8015,2.8015,1631968020,2021-09-18T12:27:00
2.82899,2.82899,2.82899,2.82899,1631967960,2021-09-18T12:26:00
2.79637,2.79637,2.79637,2.79637,1631967780,2021-09-18T12:23:00
2.72874,2.72874,2.72874,2.72874,1631967720,2021-09-18T12:22:00
2.75588,2.75588,2.75588,2.75588,1631967660,2021-09-18T12:21:00
2.74957,2.74957,2.74957,2.74957,1631967600,2021-09-18T12:20:00
2.73478,2.73478,2.73478,2.73478,1631967180,2021-09-18T12:13:00
2.72669,2.72669,2.72669,2.72669,1631966940,2021-09-18T12:09:00
2.70941,2.70941,2.70941,2.70941,1631966700,2021-09-18T12:05:00
2.78216,2.78216,2.78216,2.78216,1631965800,2021-09-18T11:50:00
2.71794,2.71794,2.70011,2.70011,1631965740,2021-09-18T11:49:00
2.71111,2.71111,2.71111,2.71111,1631965620,2021-09-18T11:47:00
2.71984,2.71984,2.71984,2.71984,1631965440,2021-09-18T11:44:00
2.66882,2.66882,2.66882,2.66882,1631965140,2021-09-18T11:39:00
2.66595,2.66595,2.66595,2.66595,1631964960,2021-09-18T11:36:00
2.64216,2.64216,2.64216,2.64216,1631964840,2021-09-18T11:34:00
2.61494,2.61494,2.61494,2.61494,1631964300,2021-09-18T11:25:00
2.61149,2.61149,2.61149,2.61149,1631963940,2021-09-18T11:19:00
2.60998,2.60998,2.60998,2.60998,1631963580,2021-09-18T11:13:00
2.60632,2.60632,2.60632,2.60632,1631963280,2021-09-18T11:08:00
2.63202,2.63202,2.63202,2.63202,1631963040,2021-09-18T11:04:00
2.56658,2.56658,2.56658,2.56658,1631962920,2021-09-18T11:02:00
2.58084,2.58084,2.58084,2.58084,1631962800,2021-09-18T11:00:00
2.56014,2.56014,2.56014,2.56014,1631962740,2021-09-18T10:59:00
2.57451,2.57451,2.57451,2.57451,1631962140,2021-09-18T10:49:00
2.51681,2.6032,2.51681,2.6032,1631961660,2021-09-18T10:41:00
2.53273,2.53273,2.53273,2.53273,1631961600,2021-09-18T10:40:00
2.52532,2.52532,2.52532,2.52532,1631961420,2021-09-18T10:37:00
2.52175,2.52175,2.52175,2.52175,1631961300,2021-09-18T10:35:00
2.51591,2.51591,2.51591,2.51591,1631961240,2021-09-18T10:34:00
2.51364,2.51364,2.51364,2.51364,1631960820,2021-09-18T10:27:00
2.48221,2.48221,2.48221,2.48221,1631960700,2021-09-18T10:25:00
2.47819,2.47819,2.47819,2.47819,1631960520,2021-09-18T10:22:00
2.46381,2.46381,2.46381,2.46381,1631959980,2021-09-18T10:13:00
2.46957,2.46957,2.46957,2.46957,1631959920,2021-09-18T10:12:00
2.46677,2.46677,2.46677,2.46677,1631959860,2021-09-18T10:11:00
2.45697,2.45697,2.45697,2.45697,1631959740,2021-09-18T10:09:00
2.43495,2.43495,2.43495,2.43495,1631959500,2021-09-18T10:05:00
2.44559,2.44559,2.44559,2.44559,1631959440,2021-09-18T10:04:00
2.43934,2.43934,2.43934,2.43934,1631959080,2021-09-18T09:58:00
2.40095,2.40095,2.40095,2.40095,1631958780,2021-09-18T09:53:00
2.3956,2.3956,2.3956,2.3956,1631958600,2021-09-18T09:50:00
2.38435,2.38435,2.38435,2.38435,1631957280,2021-09-18T09:28:00
2.3857,2.3857,2.3857,2.3857,1631955660,2021-09-18T09:01:00
2.3979,2.3979,2.3979,2.3979,1631954880,2021-09-18T08:48:00
2.38749,2.38749,2.38749,2.38749,1631953860,2021-09-18T08:31:00
2.388,2.388,2.388,2.388,1631950380,2021-09-18T07:33:00
2.38997,2.38997,2.38997,2.38997,1631949060,2021-09-18T07:11:00
2.43618,2.43618,2.43618,2.43618,1631948760,2021-09-18T07:06:00
2.48155,2.48155,2.48155,2.48155,1631947500,2021-09-18T06:45:00
2.52233,2.52233,2.52233,2.52233,1631946600,2021-09-18T06:30:00
2.58537,2.58537,2.58537,2.58537,1631945640,2021-09-18T06:14:00
2.60777,2.62089,2.60777,2.62089,1631944920,2021-09-18T06:02:00
2.60288,2.60288,2.60288,2.60288,1631944260,2021-09-18T05:51:00
2.62241,2.62241,2.62241,2.62241,1631944200,2021-09-18T05:50:00
2.61053,2.61053,2.61053,2.61053,1631943960,2021-09-18T05:46:00
2.62045,2.62045,2.62045,2.62045,1631942880,2021-09-18T05:28:00
2.60632,2.60632,2.60632,2.60632,1631942640,2021-09-18T05:24:00
2.62316,2.62316,2.62316,2.62316,1631942100,2021-09-18T05:15:00
2.52086,2.52086,2.52086,2.52086,1631941860,2021-09-18T05:11:00
2.39248,2.39248,2.39248,2.39248,1631940240,2021-09-18T04:44:00
2.39199,2.39199,2.39199,2.39199,1631939160,2021-09-18T04:26:00
2.38813,2.38813,2.38813,2.38813,1631938260,2021-09-18T04:11:00
2.38032,2.38032,2.38032,2.38032,1631934720,2021-09-18T03:12:00
2.38497,2.38497,2.38497,2.38497,1631930760,2021-09-18T02:06:00
2.38908,2.38908,2.38908,2.38908,1631930520,2021-09-18T02:02:00
2.39469,2.39469,2.39469,2.39469,1631928840,2021-09-18T01:34:00
2.37063,2.37063,2.37063,2.37063,1631927040,2021-09-18T01:04:00
2.3617,2.3617,2.3617,2.3617,1631926800,2021-09-18T01:00:00
2.32407,2.32407,2.32407,2.32407,1631926620,2021-09-18T00:57:00
2.29818,2.29818,2.29818,2.29818,1631926380,2021-09-18T00:53:00
2.28654,2.28654,2.28654,2.28654,1631925660,2021-09-18T00:41:00
2.25969,2.25969,2.25969,2.25969,1631925240,2021-09-18T00:34:00
2.23321,2.23321,2.23321,2.23321,1631925180,2021-09-18T00:33:00
2.24161,2.24161,2.24161,2.24161,1631925120,2021-09-18T00:32:00
2.22584,2.22584,2.22584,2.22584,1631925060,2021-09-18T00:31:00
2.19853,2.19853,2.19853,2.19853,1631923560,2021-09-18T00:06:00
2.18417,2.18417,2.18417,2.18417,1631923080,2021-09-17T23:58:00
2.16523,2.16523,2.16523,2.16523,1631922900,2021-09-17T23:55:00
2.14773,2.14773,2.14773,2.14773,1631922120,2021-09-17T23:42:00
2.09608,2.09608,2.09608,2.09608,1631920440,2021-09-17T23:14:00
2.04998,2.04998,2.04998,2.04998,1631919600,2021-09-17T23:00:00
2.05437,2.05437,2.05437,2.05437,1631917260,2021-09-17T22:21:00
2.05709,2.05709,2.05709,2.05709,1631916300,2021-09-17T22:05:00
2.01671,2.01671,2.01671,2.01671,1631916120,2021-09-17T22:02:00
1.94422,1.94422,1.94422,1.94422,1631916060,2021-09-17T22:01:00
1.88746,1.88746,1.88746,1.88746,1631915460,2021-09-17T21:51:00
1.89285,1.89285,1.89285,1.89285,1631913960,2021-09-17T21:26:00
1.89449,1.89449,1.89449,1.89449,1631912280,2021-09-17T20:58:00
1.92737,1.92737,1.92737,1.92737,1631908860,2021-09-17T20:01:00
1.92956,1.92956,1.92956,1.92956,1631908620,2021-09-17T19:57:00
1.96683,1.96683,1.96683,1.96683,1631907960,2021-09-17T19:46:00
1.98211,1.98211,1.98211,1.98211,1631903040,2021-09-17T18:24:00
2.04836,2.04836,2.04836,2.04836,1631898960,2021-09-17T17:16:00
2.01068,2.01068,2.01068,2.01068,1631897700,2021-09-17T16:55:00
1.99071,1.99071,1.99071,1.99071,1631890380,2021-09-17T14:53:00
1.97966,1.97966,1.97966,1.97966,1631889540,2021-09-17T14:39:00
1.97553,1.97553,1.97553,1.97553,1631887920,2021-09-17T14:12:00
1.95624,1.95624,1.95624,1.95624,1631887200,2021-09-17T14:00:00
1.94613,1.94613,1.94613,1.94613,1631885280,2021-09-17T13:28:00
1.93925,1.93925,1.93925,1.93925,1631884800,2021-09-17T13:20:00
1.93142,1.93142,1.93142,1.93142,1631883060,2021-09-17T12:51:00
1.93415,1.93415,1.93415,1.93415,1631882040,2021-09-17T12:34:00
1.96026,1.96026,1.96026,1.96026,1631880360,2021-09-17T12:06:00
1.98834,1.98834,1.98834,1.98834,1631880240,2021-09-17T12:04:00
2.00142,2.00142,2.00142,2.00142,1631880060,2021-09-17T12:01:00
1.96494,1.96494,1.96494,1.96494,1631879700,2021-09-17T11:55:00
1.99276,1.99276,1.99276,1.99276,1631879340,2021-09-17T11:49:00
1.98801,1.98801,1.98801,1.98801,1631879280,2021-09-17T11:48:00
2.02321,2.02321,2.02321,2.02321,1631878920,2021-09-17T11:42:00
2.08776,2.08776,2.08776,2.08776,1631877120,2021-09-17T11:12:00
2.07497,2.07497,2.07497,2.07497,1631875560,2021-09-17T10:46:00
2.21115,2.21115,2.21115,2.21115,1631874600,2021-09-17T10:30:00
2.11105,2.11105,2.11105,2.11105,1631871780,2021-09-17T09:43:00
2.10235,2.10235,2.10235,2.10235,1631871660,2021-09-17T09:41:00
2.11975,2.11975,2.11975,2.11975,1631871540,2021-09-17T09:39:00
2.16799,2.16799,2.16799,2.16799,1631871360,2021-09-17T09:36:00
2.24521,2.24521,2.24521,2.24521,1631871180,2021-09-17T09:33:00
2.25796,2.25796,2.25796,2.25796,1631871120,2021-09-17T09:32:00
2.30417,2.30417,2.30417,2.30417,1631870280,2021-09-17T09:18:00
2.37528,2.37528,2.37528,2.37528,1631864400,2021-09-17T07:40:00
2.45116,2.45116,2.45116,2.45116,1631863680,2021-09-17T07:28:00
2.48381,2.48381,2.48381,2.48381,1631863380,2021-09-17T07:23:00
2.48238,2.48238,2.48238,2.48238,1631863140,2021-09-17T07:19:00
2.47182,2.47182,2.47182,2.47182,1631862180,2021-09-17T07:03:00
3.00854,3.00854,3.00854,3.00854,1631862060,2021-09-17T07:01:00
2.39775,2.39775,2.39775,2.39775,1631860800,2021-09-17T06:40:00
2.43801,2.43801,2.43801,2.43801,1631856660,2021-09-17T05:31:00
2.42967,2.42967,2.42967,2.42967,1631856600,2021-09-17T05:30:00
2.42482,2.42482,2.42482,2.42482,1631856300,2021-09-17T05:25:00
2.42039,2.42039,2.42039,2.42039,1631855220,2021-09-17T05:07:00
2.40352,2.40352,2.40352,2.40352,1631855100,2021-09-17T05:05:00
2.41719,2.41719,2.41719,2.41719,1631850780,2021-09-17T03:53:00
2.34062,2.34062,2.34062,2.34062,1631849520,2021-09-17T03:32:00
2.31386,2.31386,2.31386,2.31386,1631848440,2021-09-17T03:14:00
2.33574,2.33574,2.33574,2.33574,1631846520,2021-09-17T02:42:00
2.3312,2.3312,2.3312,2.3312,1631845380,2021-09-17T02:23:00
2.32376,2.32376,2.32376,2.32376,1631844720,2021-09-17T02:12:00
2.33524,2.33524,2.33524,2.33524,1631844300,2021-09-17T02:05:00
2.3092,2.3092,2.3092,2.3092,1631842920,2021-09-17T01:42:00
2.30632,2.30632,2.30632,2.30632,1631842140,2021-09-17T01:29:00
2.28631,2.28631,2.28631,2.28631,1631842080,2021-09-17T01:28:00
2.30854,2.30854,2.30854,2.30854,1631841300,2021-09-17T01:15:00
2.32293,2.32293,2.32293,2.32293,1631840040,2021-09-17T00:54:00
2.32131,2.32131,2.32131,2.32131,1631838300,2021-09-17T00:25:00
2.3,2.3,2.3,2.3,1631834400,2021-09-16T23:20:00
2.30153,2.30153,2.30153,2.30153,1631834100,2021-09-16T23:15:00
2.29569,2.29569,2.29569,2.29569,1631832960,2021-09-16T22:56:00
2.27942,2.27942,2.27942,2.27942,1631827020,2021-09-16T21:17:00
2.24082,2.24082,2.24082,2.24082,1631825700,2021-09-16T20:55:00
2.2154,2.2154,2.2154,2.2154,1631825160,2021-09-16T20:46:00
2.21068,2.21068,2.21068,2.21068,1631824320,2021-09-16T20:32:00
2.20764,2.20764,2.20764,2.20764,1631823540,2021-09-16T20:19:00
2.22488,2.22488,2.22488,2.22488,1631822760,2021-09-16T20:06:00
2.21246,2.21246,2.21246,2.21246,1631822580,2021-09-16T20:03:00
2.22807,2.22807,2.22807,2.22807,1631822520,2021-09-16T20:02:00
2.24425,2.24425,2.24425,2.24425,1631820960,2021-09-16T19:36:00
2.19676,2.19676,2.19676,2.19676,1631820480,2021-09-16T19:28:00
2.21798,2.21798,2.21798,2.21798,1631818440,2021-09-16T18:54:00
2.25175,2.25175,2.25175,2.25175,1631818140,2021-09-16T18:49:00
2.27569,2.27569,2.27569,2.27569,1631817720,2021-09-16T18:42:00
2.24951,2.24951,2.24951,2.24951,1631817120,2021-09-16T18:32:00
2.2485,2.2485,2.2485,2.2485,1631816880,2021-09-16T18:28:00
2.26563,2.26563,2.26563,2.26563,1631816160,2021-09-16T18:16:00
2.31653,2.31653,2.31653,2.31653,1631815080,2021-09-16T17:58:00
2.37811,2.37811,2.37811,2.37811,1631814960,2021-09-16T17:56:00
2.3979,2.3979,2.3979,2.3979,1631814900,2021-09-16T17:55:00
2.42468,2.42468,2.42468,2.42468,1631814660,2021-09-16T17:51:00
2.46772,2.46772,2.46772,2.46772,1631814600,2021-09-16T17:50:00
2.4498,2.4498,2.4498,2.4498,1631814360,2021-09-16T17:46:00
2.44284,2.44284,2.44284,2.44284,1631814180,2021-09-16T17:43:00
2.44227,2.44227,2.44227,2.44227,1631814120,2021-09-16T17:42:00
2.427,2.427,2.427,2.427,1631814060,2021-09-16T17:41:00
2.42498,2.42498,2.42498,2.42498,1631812440,2021-09-16T17:14:00
2.38858,2.38858,2.38858,2.38858,1631811660,2021-09-16T17:01:00
2.38166,2.38166,2.38166,2.38166,1631811240,2021-09-16T16:54:00
2.40232,2.40232,2.40232,2.40232,1631811060,2021-09-16T16:51:00
2.39178,2.39178,2.39178,2.39178,1631810940,2021-09-16T16:49:00
2.38657,2.38657,2.38657,2.38657,1631810160,2021-09-16T16:36:00
2.37902,2.37902,2.37902,2.37902,1631809920,2021-09-16T16:32:00
2.36321,2.36321,2.36321,2.36321,1631809080,2021-09-16T16:18:00
2.3823,2.3823,2.3823,2.3823,1631808840,2021-09-16T16:14:00
2.36706,2.36706,2.36706,2.36706,1631808660,2021-09-16T16:11:00
2.34326,2.34326,2.34326,2.34326,1631807520,2021-09-16T15:52:00
2.34101,2.34101,2.34101,2.34101,1631806560,2021-09-16T15:36:00
2.33286,2.33286,2.33286,2.33286,1631806200,2021-09-16T15:30:00
2.30371,2.30371,2.30371,2.30371,1631804160,2021-09-16T14:56:00
2.28595,2.28595,2.28595,2.28595,1631802960,2021-09-16T14:36:00
2.35941,2.35941,2.35941,2.35941,1631802900,2021-09-16T14:35:00
2.2953,2.2953,2.2953,2.2953,1631802840,2021-09-16T14:34:00
2.33874,2.33874,2.33874,2.33874,1631802600,2021-09-16T14:30:00
2.3654,2.3654,2.3316,2.3316,1631802300,2021-09-16T14:25:00
2.36451,2.36451,2.36451,2.36451,1631801760,2021-09-16T14:16:00
2.35832,2.35832,2.35832,2.35832,1631801220,2021-09-16T14:07:00
2.34295,2.34295,2.34295,2.34295,1631801100,2021-09-16T14:05:00
2.38798,2.38798,2.38798,2.38798,1631800740,2021-09-16T13:59:00
2.44941,2.44941,2.44941,2.44941,1631800680,2021-09-16T13:58:00
2.43674,2.43674,2.43674,2.43674,1631800200,2021-09-16T13:50:00
2.48825,2.48825,2.48825,2.48825,1631799540,2021-09-16T13:39:00
2.50823,2.50823,2.50823,2.50823,1631799420,2021-09-16T13:37:00
2.50898,2.50898,2.50898,2.50898,1631799300,2021-09-16T13:35:00
2.50207,2.50207,2.50207,2.50207,1631799240,2021-09-16T13:34:00
2.47937,2.49595,2.47937,2.49595,1631798880,2021-09-16T13:28:00
2.48834,2.48834,2.48834,2.48834,1631798820,2021-09-16T13:27:00
2.47901,2.47901,2.47901,2.47901,1631798700,2021-09-16T13:25:00
2.44761,2.44761,2.44761,2.44761,1631798460,2021-09-16T13:21:00
2.40575,2.40575,2.40575,2.40575,1631798160,2021-09-16T13:16:00
2.42194,2.42194,2.42194,2.42194,1631796960,2021-09-16T12:56:00
2.41554,2.41554,2.41554,2.41554,1631796840,2021-09-16T12:54:00
2.4006,2.4006,2.4006,2.4006,1631796540,2021-09-16T12:49:00
2.40595,2.40595,2.40595,2.40595,1631796420,2021-09-16T12:47:00
2.41211,2.41211,2.41211,2.41211,1631796360,2021-09-16T12:46:00
2.4235,2.4235,2.4235,2.4235,1631796300,2021-09-16T12:45:00
2.42209,2.42209,2.40557,2.40557,1631795100,2021-09-16T12:25:00
2.41417,2.41417,2.41417,2.41417,1631794920,2021-09-16T12:22:00
2.41013,2.41013,2.4078,2.4078,1631794800,2021-09-16T12:20:00
2.43897,2.43897,2.43897,2.43897,1631794620,2021-09-16T12:17:00
2.4232,2.4232,2.4232,2.4232,1631794440,2021-09-16T12:14:00
2.41482,2.41482,2.41482,2.41482,1631794080,2021-09-16T12:08:00
2.37238,2.37238,2.37238,2.37238,1631793780,2021-09-16T12:03:00
2.34182,2.3453,2.34182,2.3453,1631793540,2021-09-16T11:59:00
2.33796,2.33796,2.33094,2.33094,1631792880,2021-09-16T11:48:00
2.32957,2.32957,2.32957,2.32957,1631792700,2021-09-16T11:45:00
2.32132,2.32132,2.32132,2.32132,1631792460,2021-09-16T11:41:00
2.31717,2.31717,2.31717,2.31717,1631792340,2021-09-16T11:39:00
2.34194,2.34194,2.34194,2.34194,1631792280,2021-09-16T11:38:00
2.33679,2.33679,2.33679,2.33679,1631792160,2021-09-16T11:36:00
2.32783,2.32783,2.32783,2.32783,1631792040,2021-09-16T11:34:00
2.33458,2.33458,2.33458,2.33458,1631791980,2021-09-16T11:33:00
2.34855,2.34855,2.34855,2.34855,1631791920,2021-09-16T11:32:00
2.32764,2.32764,2.32764,2.32764,1631791740,2021-09-16T11:29:00
2.30631,2.30631,2.30631,2.30631,1631791680,2021-09-16T11:28:00
2.29767,2.29767,2.29767,2.29767,1631791440,2021-09-16T11:24:00
2.2873,2.2873,2.2873,2.2873,1631791320,2021-09-16T11:22:00
2.29421,2.29421,2.29421,2.29421,1631791260,2021-09-16T11:21:00
2.38614,2.38614,2.38614,2.38614,1631791080,2021-09-16T11:18:00
2.25953,2.25953,2.25953,2.25953,1631790660,2021-09-16T11:11:00
2.24929,2.25448,2.24929,2.25448,1631789820,2021-09-16T10:57:00
2.24017,2.24017,2.24017,2.24017,1631789760,2021-09-16T10:56:00
2.23146,2.23146,2.23146,2.23146,1631789700,2021-09-16T10:55:00
2.22737,2.22737,2.22737,2.22737,1631789580,2021-09-16T10:53:00
2.21322,2.21322,2.21322,2.21322,1631789520,2021-09-16T10:52:00
2.19824,2.19824,2.19824,2.19824,1631789400,2021-09-16T10:50:00
2.18911,2.18911,2.18911,2.18911,1631789100,2021-09-16T10:45:00
2.1818,2.1818,2.1818,2.1818,1631789040,2021-09-16T10:44:00
2.1751,2.1751,2.1751,2.1751,1631788980,2021-09-16T10:43:00
2.36225,2.36225,2.36225,2.36225,1631788920,2021-09-16T10:42:00
2.12487,2.12487,2.12487,2.12487,1631788440,2021-09-16T10:34:00
2.10778,2.10778,2.10778,2.10778,1631788380,2021-09-16T10:33:00
2.1083,2.11915,2.1083,2.11915,1631788320,2021-09-16T10:32:00
2.12772,2.12772,2.12772,2.12772,1631788140,2021-09-16T10:29:00
2.12632,2.12632,2.12632,2.12632,1631788020,2021-09-16T10:27:00
2.12311,2.12311,2.12311,2.12311,1631787960,2021-09-16T10:26:00
2.11952,2.11952,2.11952,2.11952,1631787840,2021-09-16T10:24:00
2.10951,2.11331,2.10951,2.11331,1631787540,2021-09-16T10:19:00
2.10964,2.10964,2.10964,2.10964,1631786580,2021-09-16T10:03:00
2.13524,2.13524,2.13524,2.13524,1631785920,2021-09-16T09:52:00
2.14285,2.14285,2.14285,2.14285,1631783880,2021-09-16T09:18:00
2.17876,2.17876,2.17876,2.17876,1631783640,2021-09-16T09:14:00
2.22779,2.22779,2.22779,2.22779,1631783400,2021-09-16T09:10:00
2.25056,2.25056,2.25056,2.25056,1631783340,2021-09-16T09:09:00
2.29388,2.29388,2.29388,2.29388,1631783280,2021-09-16T09:08:00
2.36691,2.36691,2.36691,2.36691,1631783220,2021-09-16T09:07:00
2.44639,2.44639,2.44639,2.44639,1631783100,2021-09-16T09:05:00
2.4593,2.4593,2.4593,2.4593,1631782800,2021-09-16T09:00:00
2.52259,2.52259,2.52259,2.52259,1631782560,2021-09-16T08:56:00
2.44789,2.44789,2.44789,2.44789,1631782440,2021-09-16T08:54:00
2.45401,2.45401,2.45401,2.45401,1631782140,2021-09-16T08:49:00
2.46054,2.46054,2.46054,2.46054,1631782020,2021-09-16T08:47:00
2.46668,2.46668,2.46668,2.46668,1631781960,2021-09-16T08:46:00
2.47555,2.47555,2.47555,2.47555,1631781780,2021-09-16T08:43:00
2.49634,2.49634,2.49634,2.49634,1631781540,2021-09-16T08:39:00
2.56427,2.56427,2.56427,2.56427,1631781420,2021-09-16T08:37:00
2.62117,2.62117,2.62117,2.62117,1631781360,2021-09-16T08:36:00
2.66965,2.66965,2.66965,2.66965,1631780940,2021-09-16T08:29:00
2.72989,2.72989,2.72989,2.72989,1631780640,2021-09-16T08:24:00
2.72776,2.74337,2.72776,2.74337,1631780580,2021-09-16T08:23:00
2.8291,2.8291,2.8291,2.8291,1631780460,2021-09-16T08:21:00
2.71864,2.71864,2.71864,2.71864,1631780280,2021-09-16T08:18:00
2.29413,2.29413,2.29413,2.29413,1631780100,2021-09-16T08:15:00
2.273,2.273,2.273,2.273,1631779080,2021-09-16T07:58:00
2.25074,2.25074,2.25074,2.25074,1631778240,2021-09-16T07:44:00
2.2553,2.2553,2.2553,2.2553,1631777880,2021-09-16T07:38:00
2.26245,2.26245,2.26245,2.26245,1631777760,2021-09-16T07:36:00
2.26831,2.26831,2.26831,2.26831,1631777640,2021-09-16T07:34:00
2.27421,2.27421,2.27421,2.27421,1631777580,2021-09-16T07:33:00
2.2853,2.2853,2.2853,2.2853,1631777340,2021-09-16T07:29:00
2.27858,2.27858,2.27858,2.27858,1631776920,2021-09-16T07:22:00
2.26648,2.26648,2.26648,2.26648,1631776680,2021-09-16T07:18:00
2.24239,2.24239,2.24239,2.24239,1631776620,2021-09-16T07:17:00
2.36735,2.36735,2.36735,2.36735,1631776560,2021-09-16T07:16:00
2.05821,2.05821,2.05821,2.05821,1631776380,2021-09-16T07:13:00
1.9238,1.9238,1.9238,1.9238,1631775480,2021-09-16T06:58:00
1.93507,1.93507,1.93507,1.93507,1631773860,2021-09-16T06:31:00
1.93339,1.93339,1.93339,1.93339,1631771820,2021-09-16T05:57:00
1.90974,1.90974,1.90974,1.90974,1631771700,2021-09-16T05:55:00
1.93436,1.93436,1.93436,1.93436,1631770620,2021-09-16T05:37:00
1.86011,1.86011,1.86011,1.86011,1631769540,2021-09-16T05:19:00
1.8695,1.8695,1.8695,1.8695,1631769300,2021-09-16T05:15:00
2.06346,2.06346,2.06346,2.06346,1631769180,2021-09-16T05:13:00
1.79923,1.79923,1.79923,1.79923,1631769060,2021-09-16T05:11:00
1.76215,1.76215,1.76215,1.76215,1631767140,2021-09-16T04:39:00
1.71642,1.71642,1.71642,1.71642,1631765460,2021-09-16T04:11:00
1.60739,1.60739,1.60739,1.60739,1631765280,2021-09-16T04:08:00
1.51061,1.51061,1.51061,1.51061,1631762460,2021-09-16T03:21:00
1.56788,1.56788,1.56788,1.56788,1631762400,2021-09-16T03:20:00
1.62736,1.62736,1.62736,1.62736,1631757420,2021-09-16T01:57:00
1.61816,1.61816,1.61816,1.61816,1631756880,2021-09-16T01:48:00
1.58174,1.58174,1.58174,1.58174,1631756520,2021-09-16T01:42:00
1.51945,1.51945,1.51945,1.51945,1631754420,2021-09-16T01:07:00
1.40729,1.40729,1.40729,1.40729,1631752380,2021-09-16T00:33:00
1.43071,1.43071,1.43071,1.43071,1631748120,2021-09-15T23:22:00
1.4367,1.4367,1.4367,1.4367,1631746140,2021-09-15T22:49:00
1.43952,1.43952,1.43952,1.43952,1631745600,2021-09-15T22:40:00
1.46452,1.46452,1.46452,1.46452,1631745060,2021-09-15T22:31:00
1.40179,1.40179,1.40179,1.40179,1631744760,2021-09-15T22:26:00
1.37121,1.37121,1.37121,1.37121,1631740800,2021-09-15T21:20:00
1.3839,1.3839,1.3839,1.3839,1631737320,2021-09-15T20:22:00
1.39203,1.39203,1.39203,1.39203,1631736720,2021-09-15T20:12:00
1.38874,1.38874,1.38874,1.38874,1631735760,2021-09-15T19:56:00
1.42279,1.42279,1.42279,1.42279,1631734440,2021-09-15T19:34:00
1.4454,1.4454,1.4454,1.4454,1631734320,2021-09-15T19:32:00
1.46227,1.46227,1.46227,1.46227,1631729520,2021-09-15T18:12:00
1.42541,1.42541,1.42541,1.42541,1631720220,2021-09-15T15:37:00
1.3647,1.3647,1.3647,1.3647,1631719920,2021-09-15T15:32:00
1.31271,1.31271,1.31271,1.31271,1631717340,2021-09-15T14:49:00
1.27003,1.27003,1.27003,1.27003,1631716980,2021-09-15T14:43:00
1.22803,1.22803,1.22803,1.22803,1631712660,2021-09-15T13:31:00
1.23051,1.23051,1.23051,1.23051,1631701920,2021-09-15T10:32:00
1.2131,1.2131,1.2131,1.2131,1631699880,2021-09-15T09:58:00
1.20634,1.20634,1.20634,1.20634,1631699580,2021-09-15T09:53:00
1.21093,1.21093,1.21093,1.21093,1631699460,2021-09-15T09:51:00
1.21165,1.21165,1.21165,1.21165,1631699100,2021-09-15T09:45:00
1.2026,1.2026,1.2026,1.2026,1631692800,2021-09-15T08:00:00
1.19887,1.19887,1.19887,1.19887,1631691600,2021-09-15T07:40:00
1.18945,1.18945,1.18945,1.18945,1631691420,2021-09-15T07:37:00
1.17737,1.17737,1.17737,1.17737,1631691000,2021-09-15T07:30:00
1.17276,1.17276,1.17276,1.17276,1631690880,2021-09-15T07:28:00
1.18888,1.18888,1.18888,1.18888,1631686860,2021-09-15T06:21:00
1.22226,1.22226,1.22226,1.22226,1631684760,2021-09-15T05:46:00
1.24581,1.24581,1.24581,1.24581,1631682720,2021-09-15T05:12:00
1.25359,1.25359,1.25359,1.25359,1631681520,2021-09-15T04:52:00
1.29503,1.29503,1.29503,1.29503,1631677980,2021-09-15T03:53:00
1.24735,1.24735,1.24735,1.24735,1631669520,2021-09-15T01:32:00
1.26439,1.26439,1.26439,1.26439,1631664480,2021-09-15T00:08:00
1.2386,1.2386,1.2386,1.2386,1631658600,2021-09-14T22:30:00
1.28107,1.28107,1.28107,1.28107,1631657820,2021-09-14T22:17:00
1.35477,1.35477,1.35477,1.35477,1631657700,2021-09-14T22:15:00
1.39316,1.39316,1.39316,1.39316,1631652900,2021-09-14T20:55:00
1.37359,1.37359,1.37359,1.37359,1631652000,2021-09-14T20:40:00
1.3838,1.3838,1.3838,1.3838,1631646780,2021-09-14T19:13:00
1.40218,1.40218,1.40218,1.40218,1631646720,2021-09-14T19:12:00
1.42469,1.42469,1.42469,1.42469,1631641380,2021-09-14T17:43:00
1.43442,1.43442,1.43442,1.43442,1631638560,2021-09-14T16:56:00
1.40356,1.40356,1.40356,1.40356,1631635740,2021-09-14T16:09:00
1.34106,1.34106,1.34106,1.34106,1631632980,2021-09-14T15:23:00
1.35592,1.35592,1.35592,1.35592,1631632860,2021-09-14T15:21:00
1.3592,1.3592,1.3592,1.3592,1631632740,2021-09-14T15:19:00
1.34964,1.34964,1.34964,1.34964,1631630520,2021-09-14T14:42:00
1.38041,1.38041,1.38041,1.38041,1631629740,2021-09-14T14:29:00
1.37989,1.37989,1.37989,1.37989,1631620620,2021-09-14T11:57:00
1.38702,1.38702,1.38702,1.38702,1631619300,2021-09-14T11:35:00
1.41112,1.41112,1.39993,1.39993,1631618520,2021-09-14T11:22:00
1.40233,1.40233,1.40233,1.40233,1631618460,2021-09-14T11:21:00
1.29063,1.29063,1.29063,1.29063,1631618040,2021-09-14T11:14:00
1.23018,1.23018,1.23018,1.23018,1631617320,2021-09-14T11:02:00
1.20054,1.20054,1.20054,1.20054,1631616480,2021-09-14T10:48:00
1.183,1.183,1.183,1.183,1631614560,2021-09-14T10:16:00
1.11619,1.16225,1.11619,1.16225,1631614080,2021-09-14T10:08:00
1.12137,1.12137,1.12137,1.12137,1631610780,2021-09-14T09:13:00
1.14228,1.14228,1.14228,1.14228,1631610720,2021-09-14T09:12:00
1.18147,1.18147,1.18147,1.18147,1631609700,2021-09-14T08:55:00
1.18302,1.18302,1.18302,1.18302,1631608980,2021-09-14T08:43:00
1.16705,1.16705,1.16705,1.16705,1631608920,2021-09-14T08:42:00
1.14562,1.15026,1.12914,1.15026,1631608860,2021-09-14T08:41:00
1.16786,1.16786,1.16786,1.16786,1631607900,2021-09-14T08:25:00
1.16247,1.16247,1.16247,1.16247,1631607120,2021-09-14T08:12:00
1.21799,1.21799,1.21799,1.21799,1631606400,2021-09-14T08:00:00
1.28836,1.28836,1.28836,1.28836,1631605380,2021-09-14T07:43:00
1.3486,1.3486,1.3486,1.3486,1631603580,2021-09-14T07:13:00
1.38336,1.38336,1.38336,1.38336,1631601960,2021-09-14T06:46:00
1.42515,1.42515,1.42515,1.42515,1631601420,2021-09-14T06:37:00
1.46777,1.46777,1.46777,1.46777,1631599800,2021-09-14T06:10:00
1.47871,1.47871,1.47871,1.47871,1631596560,2021-09-14T05:16:00
1.49097,1.49097,1.49097,1.49097,1631596500,2021-09-14T05:15:00
1.50003,1.50003,1.50003,1.50003,1631595600,2021-09-14T05:00:00
1.4986,1.4986,1.4986,1.4986,1631594700,2021-09-14T04:45:00
1.50875,1.50875,1.50875,1.50875,1631594340,2021-09-14T04:39:00
1.49469,1.49469,1.49469,1.49469,1631586600,2021-09-14T02:30:00
1.48968,1.48968,1.48968,1.48968,1631586300,2021-09-14T02:25:00
1.51233,1.51233,1.51233,1.51233,1631586000,2021-09-14T02:20:00
1.52555,1.52555,1.52555,1.52555,1631579640,2021-09-14T00:34:00
1.53325,1.53325,1.53325,1.53325,1631574720,2021-09-13T23:12:00
1.53353,1.53353,1.53353,1.53353,1631570340,2021-09-13T21:59:00
1.54661,1.54661,1.54661,1.54661,1631568240,2021-09-13T21:24:00
1.51914,1.51914,1.51914,1.51914,1631561940,2021-09-13T19:39:00
1.52406,1.52406,1.52406,1.52406,1631560800,2021-09-13T19:20:00
1.53033,1.53033,1.53033,1.53033,1631553540,2021-09-13T17:19:00
1.54415,1.54415,1.54415,1.54415,1631547720,2021-09-13T15:42:00
1.52672,1.52672,1.52672,1.52672,1631545200,2021-09-13T15:00:00
1.57557,1.57557,1.54173,1.54173,1631544720,2021-09-13T14:52:00
1.59583,1.59583,1.59583,1.59583,1631542800,2021-09-13T14:20:00
1.63419,1.63419,1.63419,1.63419,1631542500,2021-09-13T14:15:00
1.67478,1.67478,1.67478,1.67478,1631539500,2021-09-13T13:25:00
1.68349,1.68349,1.68349,1.68349,1631538660,2021-09-13T13:11:00
1.68462,1.68462,1.68462,1.68462,1631538420,2021-09-13T13:07:00
1.68119,1.68119,1.68119,1.68119,1631535720,2021-09-13T12:22:00
1.6924,1.6924,1.6924,1.6924,1631535300,2021-09-13T12:15:00
1.6867,1.70373,1.6867,1.70373,1631535000,2021-09-13T12:10:00
1.68385,1.68385,1.68385,1.68385,1631534520,2021-09-13T12:02:00
1.60206,1.60206,1.60206,1.60206,1631534340,2021-09-13T11:59:00
1.59995,1.59995,1.59995,1.59995,1631534160,2021-09-13T11:56:00
1.60899,1.60899,1.60899,1.60899,1631530500,2021-09-13T10:55:00
1.61111,1.61111,1.61111,1.61111,1631524620,2021-09-13T09:17:00
1.55012,1.55012,1.55012,1.55012,1631524380,2021-09-13T09:13:00
1.52436,1.52436,1.52436,1.52436,1631524080,2021-09-13T09:08:00
1.51378,1.51378,1.51378,1.51378,1631522580,2021-09-13T08:43:00
1.53422,1.53422,1.53422,1.53422,1631521500,2021-09-13T08:25:00
1.54339,1.54339,1.54339,1.54339,1631521080,2021-09-13T08:18:00
1.58408,1.58408,1.58408,1.58408,1631519640,2021-09-13T07:54:00
1.64444,1.64444,1.64444,1.64444,1631516160,2021-09-13T06:56:00
1.63697,1.63697,1.63697,1.63697,1631509320,2021-09-13T05:02:00
1.6219,1.6219,1.6219,1.6219,1631505720,2021-09-13T04:02:00
1.66298,1.66298,1.66298,1.66298,1631505120,2021-09-13T03:52:00
1.69179,1.69179,1.69179,1.69179,1631503740,2021-09-13T03:29:00
1.71661,1.71661,1.71661,1.71661,1631500500,2021-09-13T02:35:00
1.74566,1.74566,1.74566,1.74566,1631497620,2021-09-13T01:47:00
1.75356,1.75356,1.75356,1.75356,1631496960,2021-09-13T01:36:00
1.77885,1.77885,1.77885,1.77885,1631496420,2021-09-13T01:27:00
1.82602,1.82602,1.82602,1.82602,1631494800,2021-09-13T01:00:00
1.86898,1.86898,1.86898,1.86898,1631494740,2021-09-13T00:59:00
1.8899,1.8899,1.8899,1.8899,1631494620,2021-09-13T00:57:00
1.88921,1.88921,1.88921,1.88921,1631494440,2021-09-13T00:54:00
1.95633,1.95633,1.95633,1.95633,1631494260,2021-09-13T00:51:00
1.87853,1.87853,1.87853,1.87853,1631493960,2021-09-13T00:46:00
1.81879,1.81879,1.81879,1.81879,1631493540,2021-09-13T00:39:00
1.81719,1.81719,1.81719,1.81719,1631493360,2021-09-13T00:36:00
1.82491,1.82491,1.82491,1.82491,1631493060,2021-09-13T00:31:00
1.85223,1.85223,1.85223,1.85223,1631492700,2021-09-13T00:25:00
1.83028,1.83028,1.83028,1.83028,1631492640,2021-09-13T00:24:00
1.7996,1.7996,1.7996,1.7996,1631491320,2021-09-13T00:02:00
1.80606,1.80606,1.80606,1.80606,1631491200,2021-09-13T00:00:00
1.79854,1.79854,1.79854,1.79854,1631490720,2021-09-12T23:52:00
1.82028,1.82028,1.82028,1.82028,1631490120,2021-09-12T23:42:00
1.8126,1.8126,1.8126,1.8126,1631489940,2021-09-12T23:39:00
1.81265,1.81265,1.81265,1.81265,1631489520,2021-09-12T23:32:00
1.78023,1.78023,1.78023,1.78023,1631489400,2021-09-12T23:30:00
1.77297,1.77297,1.77297,1.77297,1631489280,2021-09-12T23:28:00
1.72783,1.72783,1.72783,1.72783,1631489220,2021-09-12T23:27:00
1.70108,1.70108,1.70108,1.70108,1631489160,2021-09-12T23:26:00
1.66673,1.66673,1.66673,1.66673,1631488500,2021-09-12T23:15:00
1.67047,1.67047,1.67047,1.67047,1631487900,2021-09-12T23:05:00
1.66135,1.66135,1.66135,1.66135,1631487840,2021-09-12T23:04:00
1.64364,1.65531,1.64364,1.65531,1631487780,2021-09-12T23:03:00
1.62996,1.62996,1.62996,1.62996,1631487720,2021-09-12T23:02:00
1.60833,1.60833,1.60833,1.60833,1631487240,2021-09-12T22:54:00
1.53144,1.53144,1.53144,1.53144,1631484780,2021-09-12T22:13:00
1.54402,1.54402,1.54402,1.54402,1631481600,2021-09-12T21:20:00
1.59627,1.59627,1.59627,1.59627,1631472780,2021-09-12T18:53:00
1.61668,1.61668,1.61668,1.61668,1631471400,2021-09-12T18:30:00
1.63806,1.63806,1.63806,1.63806,1631466180,2021-09-12T17:03:00
1.66258,1.66258,1.66258,1.66258,1631464860,2021-09-12T16:41:00
1.6662,1.6662,1.6662,1.6662,1631464680,2021-09-12T16:38:00
1.65925,1.65925,1.65925,1.65925,1631460780,2021-09-12T15:33:00
1.63355,1.63355,1.63355,1.63355,1631459940,2021-09-12T15:19:00
1.63862,1.63862,1.63862,1.63862,1631458980,2021-09-12T15:03:00
1.64594,1.64594,1.64594,1.64594,1631456100,2021-09-12T14:15:00
1.66109,1.66109,1.66109,1.66109,1631451240,2021-09-12T12:54:00
1.67648,1.67648,1.67648,1.67648,1631450160,2021-09-12T12:36:00
1.63261,1.63261,1.63261,1.63261,1631449620,2021-09-12T12:27:00
1.63019,1.63019,1.63019,1.63019,1631445900,2021-09-12T11:25:00
1.60361,1.60361,1.60361,1.60361,1631435340,2021-09-12T08:29:00
1.57262,1.57262,1.57262,1.57262,1631431140,2021-09-12T07:19:00
1.58782,1.58782,1.58782,1.58782,1631416860,2021-09-12T03:21:00
1.5552,1.5552,1.5552,1.5552,1631411460,2021-09-12T01:51:00
1.57608,1.57608,1.57608,1.57608,1631405760,2021-09-12T00:16:00
1.59511,1.59511,1.59511,1.59511,1631403180,2021-09-11T23:33:00
1.61612,1.61612,1.61612,1.61612,1631400900,2021-09-11T22:55:00
1.63684,1.63684,1.63684,1.63684,1631391000,2021-09-11T20:10:00
1.65797,1.65797,1.65797,1.65797,1631383620,2021-09-11T18:07:00
1.66742,1.66742,1.66742,1.66742,1631381100,2021-09-11T17:25:00
1.66946,1.66946,1.66946,1.66946,1631379420,2021-09-11T16:57:00
1.66863,1.66863,1.66863,1.66863,1631377500,2021-09-11T16:25:00
1.67344,1.67344,1.67344,1.67344,1631377440,2021-09-11T16:24:00
1.65765,1.65765,1.65765,1.65765,1631373180,2021-09-11T15:13:00
1.65916,1.65916,1.65916,1.65916,1631371920,2021-09-11T14:52:00
1.67563,1.67563,1.67563,1.67563,1631371620,2021-09-11T14:47:00
1.71759,1.71759,1.71759,1.71759,1631371440,2021-09-11T14:44:00
1.72825,1.72825,1.72825,1.72825,1631370900,2021-09-11T14:35:00
1.62167,1.62167,1.62167,1.62167,1631370720,2021-09-11T14:32:00
1.55639,1.55639,1.55639,1.55639,1631370240,2021-09-11T14:24:00
1.4291,1.4291,1.4291,1.4291,1631369820,2021-09-11T14:17:00
1.39146,1.39146,1.39146,1.39146,1631366880,2021-09-11T13:28:00
1.35466,1.35466,1.35466,1.35466,1631366700,2021-09-11T13:25:00
1.3042,1.3042,1.3042,1.3042,1631364540,2021-09-11T12:49:00
1.28809,1.28809,1.28809,1.28809,1631362920,2021-09-11T12:22:00
1.2187,1.2187,1.2187,1.2187,1631358240,2021-09-11T11:04:00
1.29675,1.29675,1.29675,1.29675,1631358060,2021-09-11T11:01:00
1.32856,1.32856,1.32856,1.32856,1631350500,2021-09-11T08:55:00
1.33368,1.33368,1.33368,1.33368,1631348100,2021-09-11T08:15:00
1.25067,1.25067,1.25067,1.25067,1631343420,2021-09-11T06:57:00
1.23832,1.23832,1.23832,1.23832,1631333100,2021-09-11T04:05:00
1.25354,1.25354,1.25354,1.25354,1631326260,2021-09-11T02:11:00
1.25471,1.25471,1.25471,1.25471,1631323440,2021-09-11T01:24:00
1.24044,1.24044,1.24044,1.24044,1631321520,2021-09-11T00:52:00
1.22245,1.22245,1.22245,1.22245,1631318580,2021-09-11T00:03:00
1.22663,1.22663,1.22663,1.22663,1631314020,2021-09-10T22:47:00
1.13906,1.13906,1.13906,1.13906,1631313900,2021-09-10T22:45:00
1.01628,1.01628,1.01628,1.01628,1631313720,2021-09-10T22:42:00
0.991822,0.991822,0.991822,0.991822,1631313180,2021-09-10T22:33:00
1.06193,1.06193,1.02519,1.02519,1631313120,2021-09-10T22:32:00
1.08426,1.08426,1.08426,1.08426,1631313000,2021-09-10T22:30:00
1.08292,1.08292,1.07291,1.07291,1631312880,2021-09-10T22:28:00
1.15115,1.15115,1.15115,1.15115,1631306880,2021-09-10T20:48:00
1.1799,1.1799,1.1799,1.1799,1631302680,2021-09-10T19:38:00
1.17055,1.17055,1.17055,1.17055,1631301120,2021-09-10T19:12:00
1.18018,1.18018,1.18018,1.18018,1631299560,2021-09-10T18:46:00
1.18335,1.18335,1.18335,1.18335,1631297760,2021-09-10T18:16:00
1.17156,1.17156,1.17156,1.17156,1631297400,2021-09-10T18:10:00
1.16363,1.16363,1.16363,1.16363,1631292240,2021-09-10T16:44:00
1.17803,1.17803,1.17803,1.17803,1631291880,2021-09-10T16:38:00
1.21202,1.21202,1.21202,1.21202,1631291340,2021-09-10T16:29:00
1.19537,1.19537,1.1812,1.1812,1631289120,2021-09-10T15:52:00
1.19339,1.19339,1.19339,1.19339,1631288580,2021-09-10T15:43:00
1.17781,1.17781,1.17781,1.17781,1631284680,2021-09-10T14:38:00
1.20045,1.20045,1.20045,1.20045,1631283900,2021-09-10T14:25:00
1.24876,1.24876,1.24876,1.24876,1631280480,2021-09-10T13:28:00
1.25351,1.25351,1.25351,1.25351,1631280060,2021-09-10T13:21:00
1.26449,1.26449,1.26449,1.26449,1631279880,2021-09-10T13:18:00
1.29686,1.29686,1.29686,1.29686,1631279280,2021-09-10T13:08:00
1.34114,1.34114,1.34114,1.34114,1631276400,2021-09-10T12:20:00
1.33656,1.33656,1.33656,1.33656,1631275440,2021-09-10T12:04:00
1.33186,1.33186,1.33186,1.33186,1631274300,2021-09-10T11:45:00
1.36293,1.36293,1.36293,1.36293,1631272500,2021-09-10T11:15:00
1.40095,1.40095,1.40095,1.40095,1631271600,2021-09-10T11:00:00
1.43346,1.43346,1.43346,1.43346,1631267520,2021-09-10T09:52:00
1.4885,1.4885,1.4885,1.4885,1631267040,2021-09-10T09:44:00
1.52679,1.52679,1.52679,1.52679,1631264100,2021-09-10T08:55:00
1.55059,1.55059,1.55059,1.55059,1631262840,2021-09-10T08:34:00
1.58412,1.58412,1.58412,1.58412,1631254620,2021-09-10T06:17:00
1.57823,1.57823,1.57823,1.57823,1631253900,2021-09-10T06:05:00
1.57177,1.57177,1.57177,1.57177,1631251560,2021-09-10T05:26:00
1.59787,1.59787,1.59787,1.59787,1631233740,2021-09-10T00:29:00
1.6352,1.6352,1.6352,1.6352,1631222460,2021-09-09T21:21:00
1.64738,1.64738,1.64738,1.64738,1631217540,2021-09-09T19:59:00
1.66395,1.66395,1.66395,1.66395,1631214060,2021-09-09T19:01:00
1.67338,1.67338,1.67338,1.67338,1631213400,2021-09-09T18:50:00
1.66938,1.66938,1.66938,1.66938,1631211000,2021-09-09T18:10:00
1.66601,1.66601,1.66601,1.66601,1631192820,2021-09-09T13:07:00
1.67978,1.67978,1.67978,1.67978,1631183640,2021-09-09T10:34:00
1.70396,1.70396,1.70396,1.70396,1631181120,2021-09-09T09:52:00
1.71813,1.71813,1.71813,1.71813,1631179320,2021-09-09T09:22:00
1.70858,1.70858,1.70858,1.70858,1631174760,2021-09-09T08:06:00
1.71269,1.71269,1.71269,1.71269,1631159460,2021-09-09T03:51:00
1.73857,1.73857,1.73857,1.73857,1631139360,2021-09-08T22:16:00
1.69766,1.69766,1.69766,1.69766,1631139120,2021-09-08T22:12:00
1.67991,1.67991,1.67991,1.67991,1631138640,2021-09-08T22:04:00
1.61086,1.61086,1.61086,1.61086,1631138520,2021-09-08T22:02:00
1.56312,1.56312,1.56312,1.56312,1631138160,2021-09-08T21:56:00
1.51719,1.51719,1.51719,1.51719,1631138040,2021-09-08T21:54:00
1.47934,1.47934,1.47934,1.47934,1631134380,2021-09-08T20:53:00
1.48415,1.48415,1.48415,1.48415,1631134260,2021-09-08T20:51:00
1.52769,1.52769,1.52769,1.52769,1631131800,2021-09-08T20:10:00
1.57235,1.57235,1.57235,1.57235,1631130420,2021-09-08T19:47:00
1.57197,1.57197,1.57197,1.57197,1631128920,2021-09-08T19:22:00
1.56247,1.56247,1.56247,1.56247,1631127480,2021-09-08T18:58:00
1.52018,1.52018,1.52018,1.52018,1631120940,2021-09-08T17:09:00
1.45937,1.45937,1.45937,1.45937,1631112900,2021-09-08T14:55:00
1.50995,1.50995,1.50995,1.50995,1631108940,2021-09-08T13:49:00
1.55328,1.55328,1.55328,1.55328,1631108880,2021-09-08T13:48:00
1.49635,1.56704,1.49635,1.56704,1631108700,2021-09-08T13:45:00
1.43919,1.43919,1.43919,1.43919,1631108580,2021-09-08T13:43:00
1.39779,1.39779,1.39779,1.39779,1631108520,2021-09-08T13:42:00
1.3572,1.3572,1.3572,1.3572,1631108460,2021-09-08T13:41:00
1.35677,1.35677,1.35677,1.35677,1631107320,2021-09-08T13:22:00
1.42579,1.42579,1.42579,1.42579,1631106960,2021-09-08T13:16:00
1.45739,1.45739,1.45739,1.45739,1631105100,2021-09-08T12:45:00
1.45676,1.45676,1.45676,1.45676,1631100300,2021-09-08T11:25:00
1.44882,1.44882,1.44882,1.44882,1631093340,2021-09-08T09:29:00
1.46682,1.46682,1.46682,1.46682,1631092860,2021-09-08T09:21:00
1.45184,1.45184,1.45184,1.45184,1631092380,2021-09-08T09:13:00
1.43941,1.43941,1.43941,1.43941,1631091540,2021-09-08T08:59:00
1.46744,1.46744,1.46744,1.46744,1631090880,2021-09-08T08:48:00
1.51608,1.51608,1.51608,1.51608,1631090100,2021-09-08T08:35:00
1.50435,1.50435,1.50435,1.50435,1631089320,2021-09-08T08:22:00
1.54719,1.54719,1.54719,1.54719,1631088180,2021-09-08T08:03:00
1.58695,1.58695,1.58695,1.58695,1631084220,2021-09-08T06:57:00
1.62058,1.62058,1.62058,1.62058,1631082240,2021-09-08T06:24:00
1.64862,1.64862,1.64862,1.64862,1631081700,2021-09-08T06:15:00
1.664,1.664,1.664,1.664,1631080800,2021-09-08T06:00:00
1.66872,1.66872,1.66872,1.66872,1631080500,2021-09-08T05:55:00
1.67848,1.67848,1.67848,1.67848,1631079960,2021-09-08T05:46:00
1.6817,1.6817,1.6817,1.6817,1631051100,2021-09-07T21:45:00
1.74985,1.74985,1.74985,1.74985,1631050260,2021-09-07T21:31:00
1.83564,1.83564,1.83564,1.83564,1631049480,2021-09-07T21:18:00
1.85213,1.85213,1.85213,1.85213,1631048700,2021-09-07T21:05:00
1.89833,1.89833,1.89833,1.89833,1631044500,2021-09-07T19:55:00
1.83424,1.83424,1.83424,1.83424,1631039220,2021-09-07T18:27:00
1.8741,1.8741,1.8741,1.8741,1631038500,2021-09-07T18:15:00
1.85132,1.85132,1.85132,1.85132,1631038380,2021-09-07T18:13:00
1.81736,1.81736,1.81736,1.81736,1631036400,2021-09-07T17:40:00
1.799,1.799,1.799,1.799,1631036040,2021-09-07T17:34:00
1.84803,1.84803,1.84803,1.84803,1631034360,2021-09-07T17:06:00
1.82381,1.82381,1.82381,1.82381,1631032740,2021-09-07T16:39:00
1.80918,1.80918,1.80918,1.80918,1631032680,2021-09-07T16:38:00
1.79921,1.79921,1.79921,1.79921,1631031180,2021-09-07T16:13:00
1.79831,1.79831,1.79831,1.79831,1631031060,2021-09-07T16:11:00
1.74489,1.74489,1.74489,1.74489,1631030760,2021-09-07T16:06:00
1.72927,1.72927,1.72927,1.72927,1631026980,2021-09-07T15:03:00
1.79277,1.79277,1.79277,1.79277,1631026680,2021-09-07T14:58:00
1.89871,1.89871,1.89871,1.89871,1631025960,2021-09-07T14:46:00
1.92916,1.92916,1.92916,1.92916,1631025540,2021-09-07T14:39:00
1.94818,1.94818,1.93471,1.93471,1631024400,2021-09-07T14:20:00
1.99497,1.99497,1.99497,1.99497,1631024160,2021-09-07T14:16:00
2.01024,2.01024,2.01024,2.01024,1631023560,2021-09-07T14:06:00
2.00717,2.00717,2.00717,2.00717,1631023140,2021-09-07T13:59:00
2.02526,2.02526,2.02526,2.02526,1631022720,2021-09-07T13:52:00
2.02404,2.02404,2.02404,2.02404,1631018760,2021-09-07T12:46:00
2.06109,2.06109,2.06109,2.06109,1631006880,2021-09-07T09:28:00
2.0643,2.0643,2.0643,2.0643,1631003520,2021-09-07T08:32:00
2.12009,2.12009,2.12009,2.12009,1631002440,2021-09-07T08:14:00
2.12147,2.12147,2.12147,2.12147,1630997820,2021-09-07T06:57:00
2.13529,2.13529,2.13529,2.13529,1630997400,2021-09-07T06:50:00
2.19391,2.19391,2.19391,2.19391,1630991880,2021-09-07T05:18:00
2.21119,2.21119,2.21119,2.21119,1630977000,2021-09-07T01:10:00
2.23248,2.23248,2.23248,2.23248,1630968300,2021-09-06T22:45:00
2.26539,2.26539,2.26539,2.26539,1630964100,2021-09-06T21:35:00
2.27315,2.27315,2.27315,2.27315,1630962780,2021-09-06T21:13:00
2.2871,2.2871,2.2871,2.2871,1630961700,2021-09-06T20:55:00
2.29511,2.29511,2.29511,2.29511,1630959660,2021-09-06T20:21:00
2.32732,2.32732,2.32732,2.32732,1630958280,2021-09-06T19:58:00
2.33144,2.33144,2.33144,2.33144,1630957200,2021-09-06T19:40:00
2.28824,2.28824,2.28824,2.28824,1630956120,2021-09-06T19:22:00
2.3187,2.3187,2.3187,2.3187,1630953540,2021-09-06T18:39:00
2.38708,2.38708,2.38708,2.38708,1630949220,2021-09-06T17:27:00
2.4159,2.4159,2.4159,2.4159,1630945380,2021-09-06T16:23:00
2.44567,2.44567,2.44567,2.44567,1630941120,2021-09-06T15:12:00
2.43498,2.43498,2.43498,2.43498,1630940400,2021-09-06T15:00:00
2.42451,2.42451,2.42451,2.42451,1630938360,2021-09-06T14:26:00
2.3218,2.3218,2.3218,2.3218,1630936380,2021-09-06T13:53:00
2.21622,2.21622,2.21622,2.21622,1630930200,2021-09-06T12:10:00
2.22042,2.22042,2.22042,2.22042,1630929540,2021-09-06T11:59:00
2.25726,2.25726,2.25726,2.25726,1630929420,2021-09-06T11:57:00
2.28243,2.28243,2.28243,2.28243,1630928580,2021-09-06T11:43:00
2.26802,2.26802,2.26802,2.26802,1630927200,2021-09-06T11:20:00
2.28447,2.28447,2.28447,2.28447,1630920960,2021-09-06T09:36:00
2.277,2.277,2.277,2.277,1630920840,2021-09-06T09:34:00
2.25972,2.25972,2.25972,2.25972,1630917600,2021-09-06T08:40:00
2.2467,2.2467,2.2467,2.2467,1630914960,2021-09-06T07:56:00
2.17627,2.17627,2.17627,2.17627,1630914720,2021-09-06T07:52:00
2.17197,2.17197,2.17197,2.17197,1630914480,2021-09-06T07:48:00
2.15442,2.15442,2.15442,2.15442,1630910580,2021-09-06T06:43:00
2.16958,2.16958,2.16958,2.16958,1630910160,2021-09-06T06:36:00
2.1917,2.1917,2.1917,2.1917,1630892520,2021-09-06T01:42:00
2.2134,2.2134,2.2134,2.2134,1630889280,2021-09-06T00:48:00
2.24504,2.24504,2.24504,2.24504,1630887780,2021-09-06T00:23:00
2.27518,2.27518,2.27518,2.27518,1630885020,2021-09-05T23:37:00
2.26361,2.26361,2.26361,2.26361,1630870680,2021-09-05T19:38:00
2.44365,2.44365,2.31973,2.31973,1630869600,2021-09-05T19:20:00
2.37977,2.37977,2.37977,2.37977,1630869540,2021-09-05T19:19:00
2.41973,2.41973,2.41973,2.41973,1630866420,2021-09-05T18:27:00
2.39091,2.39091,2.39091,2.39091,1630866120,2021-09-05T18:22:00
2.36538,2.36538,2.36538,2.36538,1630852320,2021-09-05T14:32:00
2.36105,2.36105,2.36105,2.36105,1630842960,2021-09-05T11:56:00
2.36684,2.36684,2.36684,2.36684,1630840260,2021-09-05T11:11:00
2.35193,2.35193,2.35193,2.35193,1630838040,2021-09-05T10:34:00
2.27586,2.27586,2.27586,2.27586,1630835460,2021-09-05T09:51:00
2.27075,2.27075,2.27075,2.27075,1630834740,2021-09-05T09:39:00
2.1819,2.1819,2.1819,2.1819,1630832340,2021-09-05T08:59:00
2.14715,2.14715,2.14715,2.14715,1630828800,2021-09-05T08:00:00
2.17731,2.17731,2.17731,2.17731,1630825380,2021-09-05T07:03:00
2.22091,2.22091,2.22091,2.22091,1630825260,2021-09-05T07:01:00
2.27179,2.27179,2.27179,2.27179,1630820580,2021-09-05T05:43:00
2.3474,2.3474,2.3474,2.3474,1630819800,2021-09-05T05:30:00
2.39349,2.39349,2.39349,2.39349,1630819560,2021-09-05T05:26:00
2.40617,2.40617,2.40617,2.40617,1630813440,2021-09-05T03:44:00
2.45428,2.45428,2.45428,2.45428,1630809300,2021-09-05T02:35:00
2.46293,2.46293,2.46293,2.46293,1630809000,2021-09-05T02:30:00
2.45869,2.45869,2.45869,2.45869,1630804800,2021-09-05T01:20:00
2.5029,2.5029,2.5029,2.5029,1630803480,2021-09-05T00:58:00
2.51984,2.51984,2.51984,2.51984,1630798620,2021-09-04T23:37:00
2.54686,2.54686,2.54686,2.54686,1630795740,2021-09-04T22:49:00
2.5656,2.5656,2.5656,2.5656,1630793280,2021-09-04T22:08:00
2.61038,2.61038,2.61038,2.61038,1630790400,2021-09-04T21:20:00
2.62974,2.62974,2.62974,2.62974,1630789320,2021-09-04T21:02:00
2.65376,2.65376,2.65376,2.65376,1630789080,2021-09-04T20:58:00
2.66213,2.66213,2.66213,2.66213,1630788960,2021-09-04T20:56:00
2.67846,2.67846,2.67846,2.67846,1630788060,2021-09-04T20:41:00
2.70338,2.70338,2.70338,2.70338,1630787700,2021-09-04T20:35:00
2.72417,2.72417,2.72417,2.72417,1630787580,2021-09-04T20:33:00
2.53815,2.53815,2.53815,2.53815,1630787520,2021-09-04T20:32:00
2.4493,2.4493,2.4493,2.4493,1630785720,2021-09-04T20:02:00
2.40872,2.40872,2.40872,2.40872,1630780500,2021-09-04T18:35:00
2.38422,2.38422,2.38422,2.38422,1630779240,2021-09-04T18:14:00
2.4063,2.4063,2.4063,2.4063,1630774560,2021-09-04T16:56:00
2.4231,2.4231,2.4231,2.4231,1630770480,2021-09-04T15:48:00
2.41083,2.41083,2.41083,2.41083,1630769160,2021-09-04T15:26:00
2.4583,2.4583,2.4583,2.4583,1630767780,2021-09-04T15:03:00
2.51439,2.51439,2.51439,2.51439,1630766760,2021-09-04T14:46:00
2.53577,2.53577,2.53577,2.53577,1630766580,2021-09-04T14:43:00
2.56501,2.56501,2.56501,2.56501,1630765920,2021-09-04T14:32:00
2.56465,2.56465,2.56465,2.56465,1630765800,2021-09-04T14:30:00
2.59414,2.59414,2.59414,2.59414,1630765080,2021-09-04T14:18:00
2.58381,2.58381,2.58381,2.58381,1630764840,2021-09-04T14:14:00
2.57873,2.57873,2.57873,2.57873,1630764180,2021-09-04T14:03:00
2.60721,2.60721,2.60721,2.60721,1630764120,2021-09-04T14:02:00
2.52182,2.52182,2.52182,2.52182,1630763520,2021-09-04T13:52:00
2.42809,2.47481,2.42809,2.47481,1630763460,2021-09-04T13:51:00
2.41925,2.41925,2.41925,2.41925,1630763340,2021-09-04T13:49:00
2.41332,2.41332,2.41332,2.41332,1630763160,2021-09-04T13:46:00
2.3733,2.39149,2.3733,2.39149,1630763040,2021-09-04T13:44:00
2.34062,2.34062,2.34062,2.34062,1630762620,2021-09-04T13:37:00
2.30826,2.30826,2.30826,2.30826,1630762440,2021-09-04T13:34:00
2.34249,2.34249,2.34249,2.34249,1630762260,2021-09-04T13:31:00
2.31854,2.31854,2.31854,2.31854,1630761600,2021-09-04T13:20:00
2.30907,2.30907,2.30907,2.30907,1630761480,2021-09-04T13:18:00
2.26836,2.26836,2.26836,2.26836,1630761360,2021-09-04T13:16:00
2.21519,2.21519,2.21519,2.21519,1630761120,2021-09-04T13:12:00
2.11301,2.15729,2.11301,2.15729,1630761060,2021-09-04T13:11:00
2.10241,2.10241,2.10241,2.10241,1630759200,2021-09-04T12:40:00
2.08639,2.08639,2.08639,2.08639,1630756380,2021-09-04T11:53:00
2.09706,2.09706,2.09706,2.09706,1630755840,2021-09-04T11:44:00
2.13726,2.13726,2.13726,2.13726,1630755480,2021-09-04T11:38:00
2.14883,2.14883,2.14883,2.14883,1630749660,2021-09-04T10:01:00
2.16486,2.16486,2.16486,2.16486,1630747140,2021-09-04T09:19:00
2.13891,2.13891,2.13891,2.13891,1630740900,2021-09-04T07:35:00
2.10786,2.10786,2.10786,2.10786,1630740000,2021-09-04T07:20:00
2.08853,2.08853,2.08853,2.08853,1630737000,2021-09-04T06:30:00
2.09681,2.09681,2.09681,2.09681,1630735440,2021-09-04T06:04:00
2.09103,2.09103,2.09103,2.09103,1630732140,2021-09-04T05:09:00
2.11565,2.11565,2.11565,2.11565,1630732080,2021-09-04T05:08:00
2.111,2.111,2.111,2.111,1630731600,2021-09-04T05:00:00
2.07998,2.07998,2.07998,2.07998,1630728420,2021-09-04T04:07:00
2.05169,2.05169,2.05169,2.05169,1630720860,2021-09-04T02:01:00
2.07949,2.07949,2.07949,2.07949,1630714560,2021-09-04T00:16:00
2.09539,2.09539,2.09539,2.09539,1630714080,2021-09-04T00:08:00
2.10733,2.10733,2.10733,2.10733,1630697040,2021-09-03T19:24:00
2.08005,2.08005,2.08005,2.08005,1630696980,2021-09-03T19:23:00
2.04689,2.04689,2.04689,2.04689,1630696140,2021-09-03T19:09:00
2.03122,2.03122,2.03122,2.03122,1630694820,2021-09-03T18:47:00
2.08256,2.08256,2.08256,2.08256,1630690380,2021-09-03T17:33:00
2.1327,2.1327,2.1327,2.1327,1630682340,2021-09-03T15:19:00
2.15179,2.15179,2.15179,2.15179,1630663800,2021-09-03T10:10:00
2.10972,2.10972,2.10972,2.10972,1630662840,2021-09-03T09:54:00
2.082,2.082,2.082,2.082,1630662240,2021-09-03T09:44:00
2.09524,2.09524,2.09524,2.09524,1630661220,2021-09-03T09:27:00
2.20711,2.20711,2.10264,2.10264,1630660980,2021-09-03T09:23:00
2.28788,2.28788,2.28788,2.28788,1630657020,2021-09-03T08:17:00
2.31174,2.31174,2.31174,2.31174,1630655100,2021-09-03T07:45:00
2.29021,2.29021,2.29021,2.29021,1630653180,2021-09-03T07:13:00
2.30558,2.30558,2.30558,2.30558,1630645980,2021-09-03T05:13:00
2.29167,2.29167,2.29167,2.29167,1630645500,2021-09-03T05:05:00
2.31799,2.31799,2.31799,2.31799,1630644540,2021-09-03T04:49:00
2.26065,2.26065,2.26065,2.26065,1630644360,2021-09-03T04:46:00
2.2637,2.2637,2.2637,2.2637,1630642080,2021-09-03T04:08:00
2.20417,2.20417,2.20417,2.20417,1630640460,2021-09-03T03:41:00
2.19817,2.19817,2.19817,2.19817,1630637040,2021-09-03T02:44:00
2.16996,2.16996,2.16996,2.16996,1630636320,2021-09-03T02:32:00
2.18466,2.18466,2.18466,2.18466,1630632600,2021-09-03T01:30:00
2.21499,2.21499,2.21499,2.21499,1630632120,2021-09-03T01:22:00
2.21628,2.21628,2.21628,2.21628,1630631820,2021-09-03T01:17:00
2.21455,2.21455,2.21455,2.21455,1630628580,2021-09-03T00:23:00
2.22513,2.22513,2.22513,2.22513,1630628520,2021-09-03T00:22:00
2.25268,2.25268,2.25268,2.25268,1630628220,2021-09-03T00:17:00
2.27282,2.27282,2.27282,2.27282,1630627020,2021-09-02T23:57:00
2.27901,2.27901,2.27901,2.27901,1630625160,2021-09-02T23:26:00
2.28724,2.28724,2.28724,2.28724,1630624980,2021-09-02T23:23:00
2.30278,2.30278,2.30278,2.30278,1630624860,2021-09-02T23:21:00
2.31223,2.31223,2.31223,2.31223,1630623360,2021-09-02T22:56:00
2.30413,2.30413,2.30413,2.30413,1630623000,2021-09-02T22:50:00
2.24854,2.26291,2.24854,2.26291,1630622340,2021-09-02T22:39:00
2.23589,2.23589,2.23589,2.23589,1630621320,2021-09-02T22:22:00
2.26309,2.26309,2.26309,2.26309,1630619520,2021-09-02T21:52:00
2.26226,2.26226,2.26226,2.26226,1630615860,2021-09-02T20:51:00
2.276,2.276,2.276,2.276,1630615080,2021-09-02T20:38:00
2.2698,2.2698,2.2698,2.2698,1630614720,2021-09-02T20:32:00
2.2753,2.2753,2.2753,2.2753,1630611900,2021-09-02T19:45:00
2.35018,2.35018,2.35018,2.35018,1630611780,2021-09-02T19:43:00
2.26031,2.26031,2.26031,2.26031,1630608240,2021-09-02T18:44:00
2.23253,2.23253,2.23253,2.23253,1630607160,2021-09-02T18:26:00
2.21025,2.21025,2.21025,2.21025,1630603440,2021-09-02T17:24:00
2.20029,2.20029,2.20029,2.20029,1630602420,2021-09-02T17:07:00
2.18042,2.18042,2.18042,2.18042,1630602060,2021-09-02T17:01:00
2.1604,2.1604,2.1604,2.1604,1630601940,2021-09-02T16:59:00
2.17391,2.17391,2.17391,2.17391,1630601520,2021-09-02T16:52:00
2.27444,2.27444,2.27444,2.27444,1630601400,2021-09-02T16:50:00
2.35178,2.35178,2.35178,2.35178,1630598940,2021-09-02T16:09:00
2.42887,2.42887,2.42887,2.42887,1630598880,2021-09-02T16:08:00
2.526,2.526,2.526,2.526,1630598760,2021-09-02T16:06:00
2.52692,2.52692,2.52692,2.52692,1630597080,2021-09-02T15:38:00
2.59846,2.59846,2.59846,2.59846,1630596900,2021-09-02T15:35:00
2.66773,2.66773,2.66773,2.66773,1630596780,2021-09-02T15:33:00
2.71995,2.71995,2.71995,2.71995,1630593720,2021-09-02T14:42:00
2.75199,2.75199,2.75199,2.75199,1630592760,2021-09-02T14:26:00
2.74645,2.74645,2.74645,2.74645,1630592040,2021-09-02T14:14:00
2.73311,2.73311,2.73311,2.73311,1630591860,2021-09-02T14:11:00
2.69747,2.69747,2.69747,2.69747,1630590660,2021-09-02T13:51:00
2.699,2.699,2.699,2.699,1630584480,2021-09-02T12:08:00
2.73104,2.73104,2.73104,2.73104,1630583880,2021-09-02T11:58:00
2.71239,2.71239,2.71239,2.71239,1630582200,2021-09-02T11:30:00
2.71408,2.71408,2.71408,2.71408,1630575240,2021-09-02T09:34:00
2.73455,2.73455,2.73455,2.73455,1630574040,2021-09-02T09:14:00
2.71617,2.71617,2.71617,2.71617,1630570560,2021-09-02T08:16:00
2.71672,2.71672,2.71672,2.71672,1630568100,2021-09-02T07:35:00
2.68065,2.68065,2.68065,2.68065,1630568040,2021-09-02T07:34:00
2.67542,2.67542,2.67542,2.67542,1630565760,2021-09-02T06:56:00
2.69076,2.69076,2.69076,2.69076,1630561860,2021-09-02T05:51:00
2.6672,2.6672,2.6672,2.6672,1630561500,2021-09-02T05:45:00
2.67828,2.67828,2.67828,2.67828,1630559580,2021-09-02T05:13:00
2.71828,2.71828,2.71828,2.71828,1630559400,2021-09-02T05:10:00
2.73538,2.73538,2.73538,2.73538,1630558740,2021-09-02T04:59:00
2.72013,2.72013,2.72013,2.72013,1630557480,2021-09-02T04:38:00
2.75559,2.75559,2.75559,2.75559,1630555740,2021-09-02T04:09:00
2.80778,2.80778,2.80778,2.80778,1630550580,2021-09-02T02:43:00
2.78781,2.78781,2.78781,2.78781,1630545300,2021-09-02T01:15:00
2.78222,2.78222,2.78222,2.78222,1630545240,2021-09-02T01:14:00
2.76873,2.76873,2.76873,2.76873,1630545120,2021-09-02T01:12:00
2.78525,2.78525,2.78525,2.78525,1630540260,2021-09-01T23:51:00
2.77371,2.77371,2.77371,2.77371,1630539540,2021-09-01T23:39:00
2.80399,2.80399,2.80399,2.80399,1630537440,2021-09-01T23:04:00
2.863,2.863,2.863,2.863,1630536840,2021-09-01T22:54:00
2.7424,2.7424,2.7424,2.7424,1630536780,2021-09-01T22:53:00
2.71311,2.71311,2.71311,2.71311,1630536480,2021-09-01T22:48:00
2.68787,2.68787,2.68787,2.68787,1630533660,2021-09-01T22:01:00
2.67904,2.67904,2.67904,2.67904,1630533600,2021-09-01T22:00:00
2.68747,2.68747,2.68747,2.68747,1630531260,2021-09-01T21:21:00
2.72061,2.72061,2.72061,2.72061,1630529520,2021-09-01T20:52:00
2.77803,2.77803,2.77803,2.77803,1630526940,2021-09-01T20:09:00
2.75945,2.75945,2.75945,2.75945,1630526820,2021-09-01T20:07:00
2.77438,2.77438,2.77438,2.77438,1630526580,2021-09-01T20:03:00
2.76709,2.76709,2.76709,2.76709,1630525020,2021-09-01T19:37:00
2.76167,2.76167,2.76167,2.76167,1630524900,2021-09-01T19:35:00
2.73442,2.73442,2.73442,2.73442,1630522320,2021-09-01T18:52:00
2.70524,2.70524,2.70524,2.70524,1630522200,2021-09-01T18:50:00
2.69214,2.69214,2.69214,2.69214,1630518420,2021-09-01T17:47:00
2.69388,2.69388,2.69388,2.69388,1630517040,2021-09-01T17:24:00
2.52945,2.52945,2.52945,2.52945,1630509300,2021-09-01T15:15:00
2.49891,2.49891,2.49891,2.49891,1630507500,2021-09-01T14:45:00
2.47767,2.47767,2.47767,2.47767,1630502760,2021-09-01T13:26:00
2.47271,2.47271,2.47271,2.47271,1630501140,2021-09-01T12:59:00
2.48692,2.48692,2.48692,2.48692,1630500720,2021-09-01T12:52:00
2.46401,2.46401,2.46401,2.46401,1630499520,2021-09-01T12:32:00
2.4861,2.4861,2.4861,2.4861,1630498500,2021-09-01T12:15:00
2.53923,2.53923,2.53923,2.53923,1630496700,2021-09-01T11:45:00
2.59302,2.59302,2.59302,2.59302,1630495200,2021-09-01T11:20:00
2.59596,2.59596,2.59596,2.59596,1630493340,2021-09-01T10:49:00
2.61154,2.61154,2.61154,2.61154,1630492680,2021-09-01T10:38:00
2.59547,2.59547,2.59547,2.59547,1630492560,2021-09-01T10:36:00
2.61722,2.61722,2.61722,2.61722,1630491480,2021-09-01T10:18:00
2.63563,2.63563,2.63563,2.63563,1630490940,2021-09-01T10:09:00
2.61011,2.63201,2.61011,2.63201,1630490640,2021-09-01T10:04:00
2.59283,2.59283,2.59283,2.59283,1630489380,2021-09-01T09:43:00
2.57436,2.57436,2.57436,2.57436,1630488540,2021-09-01T09:29:00
2.54872,2.54872,2.54872,2.54872,1630487640,2021-09-01T09:14:00
2.4954,2.4954,2.4954,2.4954,1630484760,2021-09-01T08:26:00
2.54209,2.54209,2.54209,2.54209,1630481640,2021-09-01T07:34:00
2.62628,2.62628,2.62628,2.62628,1630481580,2021-09-01T07:33:00
2.69218,2.69218,2.69218,2.69218,1630481520,2021-09-01T07:32:00
2.72626,2.72626,2.72626,2.72626,1630480620,2021-09-01T07:17:00
2.74838,2.74838,2.74838,2.74838,1630480560,2021-09-01T07:16:00
2.7622,2.7622,2.7622,2.7622,1630480320,2021-09-01T07:12:00
2.74204,2.74204,2.74204,2.74204,1630479420,2021-09-01T06:57:00
2.75493,2.75493,2.75493,2.75493,1630478100,2021-09-01T06:35:00
2.76641,2.76641,2.76641,2.76641,1630475580,2021-09-01T05:53:00
2.74824,2.74824,2.74824,2.74824,1630473000,2021-09-01T05:10:00
2.70508,2.70508,2.70508,2.70508,1630471980,2021-09-01T04:53:00
2.72829,2.72829,2.72829,2.72829,1630471620,2021-09-01T04:47:00
2.73386,2.73386,2.73386,2.73386,1630466940,2021-09-01T03:29:00
2.76251,2.76251,2.76251,2.76251,1630464840,2021-09-01T02:54:00
2.75133,2.75133,2.75133,2.75133,1630463160,2021-09-01T02:26:00
2.77278,2.77278,2.77278,2.77278,1630457400,2021-09-01T00:50:00
2.80991,2.80991,2.80991,2.80991,1630457340,2021-09-01T00:49:00
2.79731,2.79731,2.79731,2.79731,1630457100,2021-09-01T00:45:00
2.69212,2.69212,2.69212,2.69212,1630456980,2021-09-01T00:43:00
2.6403,2.6403,2.6403,2.6403,1630456740,2021-09-01T00:39:00
2.62603,2.62603,2.62603,2.62603,1630453500,2021-08-31T23:45:00
2.62919,2.62919,2.62919,2.62919,1630451100,2021-08-31T23:05:00
2.67467,2.67467,2.67467,2.67467,1630450500,2021-08-31T22:55:00
2.67004,2.67004,2.67004,2.67004,1630450260,2021-08-31T22:51:00
2.62899,2.62899,2.62899,2.62899,1630450080,2021-08-31T22:48:00
2.61739,2.61739,2.61739,2.61739,1630449300,2021-08-31T22:35:00
2.62866,2.62866,2.62866,2.62866,1630449180,2021-08-31T22:33:00
2.63236,2.63236,2.63236,2.63236,1630449060,2021-08-31T22:31:00
2.61707,2.61707,2.61707,2.61707,1630448220,2021-08-31T22:17:00
2.60678,2.60678,2.60678,2.60678,1630447980,2021-08-31T22:13:00
2.60884,2.60884,2.60884,2.60884,1630446600,2021-08-31T21:50:00
2.64207,2.64207,2.64207,2.64207,1630446360,2021-08-31T21:46:00
2.55597,2.55597,2.55597,2.55597,1630445340,2021-08-31T21:29:00
2.54342,2.54342,2.54342,2.54342,1630443900,2021-08-31T21:05:00
2.55057,2.55057,2.55057,2.55057,1630443420,2021-08-31T20:57:00
2.53595,2.53595,2.53595,2.53595,1630441020,2021-08-31T20:17:00
2.57878,2.57878,2.57878,2.57878,1630437720,2021-08-31T19:22:00
2.61111,2.61111,2.61111,2.61111,1630437300,2021-08-31T19:15:00
2.57207,2.59057,2.57207,2.59057,1630436460,2021-08-31T19:01:00
2.54212,2.54212,2.54212,2.54212,1630436160,2021-08-31T18:56:00
2.55439,2.55439,2.55439,2.55439,1630436040,2021-08-31T18:54:00
2.60265,2.60265,2.60265,2.60265,1630435980,2021-08-31T18:53:00
2.58388,2.58388,2.58388,2.58388,1630435860,2021-08-31T18:51:00
2.55566,2.55566,2.55566,2.55566,1630435800,2021-08-31T18:50:00
2.52971,2.52971,2.52971,2.52971,1630435020,2021-08-31T18:37:00
2.54327,2.54327,2.54327,2.54327,1630434960,2021-08-31T18:36:00
2.60268,2.60268,2.55889,2.55889,1630434660,2021-08-31T18:31:00
2.65769,2.65769,2.65769,2.65769,1630434480,2021-08-31T18:28:00
2.699,2.699,2.699,2.699,1630434300,2021-08-31T18:25:00
2.68217,2.68217,2.68217,2.68217,1630434000,2021-08-31T18:20:00
2.67182,2.67182,2.67182,2.67182,1630433940,2021-08-31T18:19:00
2.65457,2.65457,2.65457,2.65457,1630433880,2021-08-31T18:18:00
2.624,2.624,2.624,2.624,1630433820,2021-08-31T18:17:00
2.66089,2.66089,2.66089,2.66089,1630433760,2021-08-31T18:16:00
2.55112,2.55112,2.55112,2.55112,1630433700,2021-08-31T18:15:00
2.51193,2.51193,2.51193,2.51193,1630433580,2021-08-31T18:13:00
2.48002,2.48002,2.48002,2.48002,1630433460,2021-08-31T18:11:00
2.45954,2.45954,2.45954,2.45954,1630433280,2021-08-31T18:08:00
2.40069,2.40069,2.40069,2.40069,1630433220,2021-08-31T18:07:00
2.34468,2.34468,2.34468,2.34468,1630433160,2021-08-31T18:06:00
2.31666,2.31666,2.31666,2.31666,1630432920,2021-08-31T18:02:00
2.29852,2.29852,2.29852,2.29852,1630432800,2021-08-31T18:00:00
2.28025,2.28025,2.28025,2.28025,1630432680,2021-08-31T17:58:00
2.26528,2.26528,2.26528,2.26528,1630431360,2021-08-31T17:36:00
2.24664,2.24664,2.24664,2.24664,1630430520,2021-08-31T17:22:00
2.22151,2.22151,2.22151,2.22151,1630429200,2021-08-31T17:00:00
2.19379,2.19379,2.19379,2.19379,1630428900,2021-08-31T16:55:00
2.21666,2.21666,2.21666,2.21666,1630428120,2021-08-31T16:42:00
2.15864,2.15864,2.15864,2.15864,1630424940,2021-08-31T15:49:00
2.2178,2.2178,2.2178,2.2178,1630418520,2021-08-31T14:02:00
2.20343,2.20343,2.20343,2.20343,1630416060,2021-08-31T13:21:00
2.21812,2.21812,2.21812,2.21812,1630414500,2021-08-31T12:55:00
2.21683,2.21683,2.21683,2.21683,1630410000,2021-08-31T11:40:00
2.17745,2.17745,2.17745,2.17745,1630409460,2021-08-31T11:31:00
2.15606,2.15606,2.15606,2.15606,1630405020,2021-08-31T10:17:00
2.16696,2.16696,2.16696,2.16696,1630404420,2021-08-31T10:07:00
2.18536,2.18536,2.18536,2.18536,1630400940,2021-08-31T09:09:00
2.20826,2.20826,2.20826,2.20826,1630397760,2021-08-31T08:16:00
2.21314,2.21314,2.21314,2.21314,1630395780,2021-08-31T07:43:00
2.18161,2.18161,2.18161,2.18161,1630392900,2021-08-31T06:55:00
2.20922,2.20922,2.20922,2.20922,1630392480,2021-08-31T06:48:00
2.22182,2.22182,2.22182,2.22182,1630391700,2021-08-31T06:35:00
2.21059,2.21059,2.21059,2.21059,1630390200,2021-08-31T06:10:00
2.20168,2.20168,2.20168,2.20168,1630387260,2021-08-31T05:21:00
2.21977,2.21977,2.21977,2.21977,1630387020,2021-08-31T05:17:00
2.23671,2.23671,2.23671,2.23671,1630386240,2021-08-31T05:04:00
2.24461,2.24461,2.24461,2.24461,1630383060,2021-08-31T04:11:00
2.25327,2.25327,2.25327,2.25327,1630374780,2021-08-31T01:53:00
2.28883,2.28883,2.28883,2.28883,1630372140,2021-08-31T01:09:00
2.27693,2.27693,2.27693,2.27693,1630371420,2021-08-31T00:57:00
2.28329,2.28329,2.28329,2.28329,1630368600,2021-08-31T00:10:00
2.14993,2.14993,2.14993,2.14993,1630367580,2021-08-30T23:53:00
1.98662,2.04429,1.98662,2.04429,1630367460,2021-08-30T23:51:00
2.02794,2.02794,2.02794,2.02794,1630367340,2021-08-30T23:49:00
2.04314,2.04314,2.04314,2.04314,1630366920,2021-08-30T23:42:00
2.11278,2.11278,2.11278,2.11278,1630359780,2021-08-30T21:43:00
2.10765,2.10765,2.10765,2.10765,1630357740,2021-08-30T21:09:00
2.14671,2.14671,2.14671,2.14671,1630356060,2021-08-30T20:41:00
2.2017,2.2017,2.2017,2.2017,1630355580,2021-08-30T20:33:00
2.22132,2.22132,2.22132,2.22132,1630352040,2021-08-30T19:34:00
2.23599,2.23599,2.23599,2.23599,1630351800,2021-08-30T19:30:00
2.25554,2.25554,2.25554,2.25554,1630350780,2021-08-30T19:13:00
2.27401,2.27401,2.27401,2.27401,1630350480,2021-08-30T19:08:00
2.23075,2.23075,2.23075,2.23075,1630349640,2021-08-30T18:54:00
2.20601,2.20601,2.20601,2.20601,1630349400,2021-08-30T18:50:00
2.18433,2.18433,2.18433,2.18433,1630349220,2021-08-30T18:47:00
2.16253,2.16253,2.16253,2.16253,1630348980,2021-08-30T18:43:00
2.14712,2.14712,2.14712,2.14712,1630348740,2021-08-30T18:39:00
2.14705,2.14705,2.14705,2.14705,1630348500,2021-08-30T18:35:00
2.20778,2.20778,2.20778,2.20778,1630348080,2021-08-30T18:28:00
2.29369,2.29369,2.29369,2.29369,1630348020,2021-08-30T18:27:00
2.33468,2.33468,2.33468,2.33468,1630347660,2021-08-30T18:21:00
2.31151,2.31151,2.31151,2.31151,1630347540,2021-08-30T18:19:00
2.28698,2.28698,2.28698,2.28698,1630347420,2021-08-30T18:17:00
2.26533,2.26533,2.26533,2.26533,1630347180,2021-08-30T18:13:00
2.25062,2.25062,2.25062,2.25062,1630347120,2021-08-30T18:12:00
2.17608,2.17608,2.17608,2.17608,1630347060,2021-08-30T18:11:00
2.12882,2.12882,2.12882,2.12882,1630346640,2021-08-30T18:04:00
2.11369,2.11369,2.11369,2.11369,1630346580,2021-08-30T18:03:00
2.09626,2.09626,2.09626,2.09626,1630346520,2021-08-30T18:02:00
2.06149,2.06149,2.06149,2.06149,1630346220,2021-08-30T17:57:00
2.0216,2.0216,2.0216,2.0216,1630345380,2021-08-30T17:43:00
1.99408,1.99408,1.99408,1.99408,1630344480,2021-08-30T17:28:00
1.97753,1.97753,1.97753,1.97753,1630341360,2021-08-30T16:36:00
1.99838,1.99838,1.99838,1.99838,1630338240,2021-08-30T15:44:00
2.02402,2.02402,2.02402,2.02402,1630338120,2021-08-30T15:42:00
2.07445,2.07445,2.07445,2.07445,1630337640,2021-08-30T15:34:00
2.08014,2.08014,2.08014,2.08014,1630335240,2021-08-30T14:54:00
2.26477,2.26477,2.26477,2.26477,1630335000,2021-08-30T14:50:00
2.3068,2.3068,2.3068,2.3068,1630334760,2021-08-30T14:46:00
2.35297,2.35297,2.35297,2.35297,1630334580,2021-08-30T14:43:00
2.36927,2.36927,2.36927,2.36927,1630333500,2021-08-30T14:25:00
2.41329,2.41329,2.41329,2.41329,1630332540,2021-08-30T14:09:00
2.46632,2.46632,2.46632,2.46632,1630332300,2021-08-30T14:05:00
2.47047,2.47047,2.47047,2.47047,1630331700,2021-08-30T13:55:00
2.49704,2.49704,2.49704,2.49704,1630331040,2021-08-30T13:44:00
2.5077,2.5077,2.5077,2.5077,1630330560,2021-08-30T13:36:00
2.52032,2.52032,2.52032,2.52032,1630328640,2021-08-30T13:04:00
2.50839,2.50839,2.50839,2.50839,1630321860,2021-08-30T11:11:00
2.45161,2.45161,2.45161,2.45161,1630319400,2021-08-30T10:30:00
2.46845,2.46845,2.46845,2.46845,1630319220,2021-08-30T10:27:00
2.48224,2.48224,2.48224,2.48224,1630318680,2021-08-30T10:18:00
2.49482,2.49482,2.49482,2.49482,1630316820,2021-08-30T09:47:00
2.49991,2.49991,2.49991,2.49991,1630315800,2021-08-30T09:30:00
2.43984,2.43984,2.43984,2.43984,1630314360,2021-08-30T09:06:00
2.38836,2.38836,2.38836,2.38836,1630313580,2021-08-30T08:53:00
2.37383,2.37383,2.37383,2.37383,1630313100,2021-08-30T08:45:00
2.36877,2.36877,2.36877,2.36877,1630313040,2021-08-30T08:44:00
2.37434,2.37434,2.37434,2.37434,1630312380,2021-08-30T08:33:00
2.38535,2.38535,2.38535,2.38535,1630308840,2021-08-30T07:34:00
2.3934,2.3934,2.3934,2.3934,1630306980,2021-08-30T07:03:00
2.40058,2.40058,2.40058,2.40058,1630306860,2021-08-30T07:01:00
2.42541,2.42541,2.42541,2.42541,1630299780,2021-08-30T05:03:00
2.45432,2.45432,2.45432,2.45432,1630299000,2021-08-30T04:50:00
2.51295,2.51295,2.51295,2.51295,1630292640,2021-08-30T03:04:00
2.55555,2.55555,2.55555,2.55555,1630292580,2021-08-30T03:03:00
2.54173,2.54173,2.54173,2.54173,1630292220,2021-08-30T02:57:00
2.58366,2.58366,2.58366,2.58366,1630292100,2021-08-30T02:55:00
2.61207,2.61207,2.61207,2.61207,1630286040,2021-08-30T01:14:00
2.57778,2.57778,2.57778,2.57778,1630285800,2021-08-30T01:10:00
2.55778,2.55778,2.55778,2.55778,1630283340,2021-08-30T00:29:00
2.53099,2.53099,2.53099,2.53099,1630283280,2021-08-30T00:28:00
2.42474,2.42474,2.42474,2.42474,1630283100,2021-08-30T00:25:00
2.38509,2.38509,2.38509,2.38509,1630282620,2021-08-30T00:17:00
2.37972,2.37972,2.37972,2.37972,1630281780,2021-08-30T00:03:00
2.39892,2.39892,2.39892,2.39892,1630280220,2021-08-29T23:37:00
2.42262,2.42262,2.42262,2.42262,1630279560,2021-08-29T23:26:00
2.47679,2.47679,2.47679,2.47679,1630279080,2021-08-29T23:18:00
2.58176,2.58176,2.58176,2.58176,1630278300,2021-08-29T23:05:00
2.47938,2.47938,2.47938,2.47938,1630277880,2021-08-29T22:58:00
2.55944,2.55944,2.55944,2.55944,1630277100,2021-08-29T22:45:00
2.60826,2.60826,2.60826,2.60826,1630273800,2021-08-29T21:50:00
2.57907,2.57907,2.57907,2.57907,1630272540,2021-08-29T21:29:00
2.53059,2.53059,2.53059,2.53059,1630269300,2021-08-29T20:35:00
2.49711,2.49711,2.49711,2.49711,1630268820,2021-08-29T20:27:00
2.46277,2.46277,2.46277,2.46277,1630268580,2021-08-29T20:23:00
2.41426,2.41426,2.41426,2.41426,1630267380,2021-08-29T20:03:00
2.37787,2.37787,2.37787,2.37787,1630267320,2021-08-29T20:02:00
2.37726,2.3896,2.37726,2.3896,1630267080,2021-08-29T19:58:00
2.37069,2.37069,2.37069,2.37069,1630261920,2021-08-29T18:32:00
2.33285,2.33285,2.33285,2.33285,1630261020,2021-08-29T18:17:00
2.33535,2.33535,2.33535,2.33535,1630260120,2021-08-29T18:02:00
2.34786,2.34786,2.34786,2.34786,1630259700,2021-08-29T17:55:00
2.33415,2.33415,2.33415,2.33415,1630259340,2021-08-29T17:49:00
2.3225,2.3225,2.3225,2.3225,1630258800,2021-08-29T17:40:00
2.2162,2.2162,2.2162,2.2162,1630258680,2021-08-29T17:38:00
2.22955,2.22955,2.22955,2.22955,1630258560,2021-08-29T17:36:00
2.12122,2.12122,2.12122,2.12122,1630252020,2021-08-29T15:47:00
2.16582,2.16582,2.16582,2.16582,1630249320,2021-08-29T15:02:00
2.24276,2.24276,2.24276,2.24276,1630244820,2021-08-29T13:47:00
2.23503,2.23503,2.23503,2.23503,1630243620,2021-08-29T13:27:00
2.28064,2.28064,2.28064,2.28064,1630241400,2021-08-29T12:50:00
2.30984,2.30984,2.30984,2.30984,1630241280,2021-08-29T12:48:00
2.31115,2.31115,2.31115,2.31115,1630241160,2021-08-29T12:46:00
2.25628,2.25628,2.25628,2.25628,1630240920,2021-08-29T12:42:00
2.25772,2.25772,2.25772,2.25772,1630237800,2021-08-29T11:50:00
2.28456,2.28456,2.28456,2.28456,1630237200,2021-08-29T11:40:00
2.27563,2.27563,2.27563,2.27563,1630237020,2021-08-29T11:37:00
2.29364,2.29364,2.29364,2.29364,1630236840,2021-08-29T11:34:00
2.23889,2.23889,2.23889,2.23889,1630236420,2021-08-29T11:27:00
2.2197,2.2197,2.2197,2.2197,1630236120,2021-08-29T11:22:00
2.22713,2.22713,2.22713,2.22713,1630233600,2021-08-29T10:40:00
2.25289,2.25289,2.25289,2.25289,1630230900,2021-08-29T09:55:00
2.27531,2.27531,2.27531,2.27531,1630227060,2021-08-29T08:51:00
2.2813,2.2813,2.2813,2.2813,1630225860,2021-08-29T08:31:00
2.3104,2.3104,2.3104,2.3104,1630218660,2021-08-29T06:31:00
2.32372,2.32372,2.32372,2.32372,1630218180,2021-08-29T06:23:00
2.18768,2.18768,2.18768,2.18768,1630217520,2021-08-29T06:12:00
2.17357,2.17357,2.17357,2.17357,1630215660,2021-08-29T05:41:00
2.10099,2.10099,2.10099,2.10099,1630212960,2021-08-29T04:56:00
2.08532,2.08532,2.08532,2.08532,1630210200,2021-08-29T04:10:00
2.09904,2.09904,2.09904,2.09904,1630210080,2021-08-29T04:08:00
2.156,2.156,2.156,2.156,1630206960,2021-08-29T03:16:00
2.15495,2.15495,2.15495,2.15495,1630206660,2021-08-29T03:11:00
2.15281,2.15281,2.15281,2.15281,1630206060,2021-08-29T03:01:00
2.2273,2.2273,2.2273,2.2273,1630203900,2021-08-29T02:25:00
2.27034,2.27034,2.27034,2.27034,1630202580,2021-08-29T02:03:00
2.28213,2.28213,2.28213,2.28213,1630201500,2021-08-29T01:45:00
2.2926,2.2926,2.2926,2.2926,1630200960,2021-08-29T01:36:00
2.28963,2.28963,2.28963,2.28963,1630200540,2021-08-29T01:29:00
2.36458,2.36458,2.36458,2.36458,1630200240,2021-08-29T01:24:00
2.2629,2.2629,2.2629,2.2629,1630200000,2021-08-29T01:20:00
2.24657,2.24657,2.24657,2.24657,1630198860,2021-08-29T01:01:00
2.24248,2.24248,2.24248,2.24248,1630198560,2021-08-29T00:56:00
2.22619,2.22619,2.22619,2.22619,1630196700,2021-08-29T00:25:00
2.22468,2.22468,2.22468,2.22468,1630196340,2021-08-29T00:19:00
2.21115,2.21115,2.21115,2.21115,1630195860,2021-08-29T00:11:00
2.18865,2.18865,2.18865,2.18865,1630193760,2021-08-28T23:36:00
2.1809,2.1809,2.1809,2.1809,1630193580,2021-08-28T23:33:00
2.15602,2.15602,2.15602,2.15602,1630191420,2021-08-28T22:57:00
2.13238,2.13238,2.13238,2.13238,1630190580,2021-08-28T22:43:00
2.17223,2.17223,2.17223,2.17223,1630190520,2021-08-28T22:42:00
2.21777,2.21777,2.21777,2.21777,1630190460,2021-08-28T22:41:00
2.21154,2.21154,2.21154,2.21154,1630190340,2021-08-28T22:39:00
2.23973,2.23973,2.23973,2.23973,1630188060,2021-08-28T22:01:00
2.23863,2.23863,2.23054,2.23054,1630187280,2021-08-28T21:48:00
2.21124,2.21124,2.21124,2.21124,1630187160,2021-08-28T21:46:00
2.32064,2.32064,2.32064,2.32064,1630187100,2021-08-28T21:45:00
2.42389,2.42389,2.42389,2.42389,1630187040,2021-08-28T21:44:00
2.58557,2.58557,2.58557,2.58557,1630186920,2021-08-28T21:42:00
2.64921,2.64921,2.64921,2.64921,1630186500,2021-08-28T21:35:00
2.724,2.724,2.724,2.724,1630186200,2021-08-28T21:30:00
2.64705,2.64705,2.64705,2.64705,1630186080,2021-08-28T21:28:00
2.64924,2.64924,2.64924,2.64924,1630185600,2021-08-28T21:20:00
2.59266,2.63197,2.59266,2.63197,1630185540,2021-08-28T21:19:00
2.5844,2.5844,2.5844,2.5844,1630185420,2021-08-28T21:17:00
2.57435,2.57435,2.57435,2.57435,1630185060,2021-08-28T21:11:00
2.61695,2.61695,2.61695,2.61695,1630184940,2021-08-28T21:09:00
2.54265,2.54265,2.54265,2.54265,1630184400,2021-08-28T21:00:00
2.52552,2.52552,2.52552,2.52552,1630184100,2021-08-28T20:55:00
2.51032,2.51395,2.51032,2.51395,1630183740,2021-08-28T20:49:00
2.50415,2.50415,2.50415,2.50415,1630183680,2021-08-28T20:48:00
2.4795,2.4795,2.4795,2.4795,1630183440,2021-08-28T20:44:00
2.61717,2.71072,2.54228,2.54228,1630183260,2021-08-28T20:41:00
2.61035,2.61035,2.61035,2.61035,1630183200,2021-08-28T20:40:00
2.66928,2.74437,2.66928,2.74437,1630183140,2021-08-28T20:39:00
2.66073,2.66073,2.66073,2.66073,1630183080,2021-08-28T20:38:00
2.70557,2.70557,2.65491,2.65491,1630183020,2021-08-28T20:37:00
2.46677,2.46677,2.46677,2.46677,1630182900,2021-08-28T20:35:00
2.44822,2.44822,2.44822,2.44822,1630182840,2021-08-28T20:34:00
2.27537,2.43305,2.27537,2.43305,1630182780,2021-08-28T20:33:00
2.24971,2.24971,2.24971,2.24971,1630182660,2021-08-28T20:31:00
2.23853,2.23853,2.23853,2.23853,1630182600,2021-08-28T20:30:00
2.00538,2.10356,2.00538,2.10356,1630182420,2021-08-28T20:27:00
1.98306,1.98306,1.98306,1.98306,1630182360,2021-08-28T20:26:00
2.39789,2.39789,2.39789,2.39789,1630182300,2021-08-28T20:25:00
1.93868,1.93868,1.93868,1.93868,1630181340,2021-08-28T20:09:00
1.95445,1.95445,1.95445,1.95445,1630181040,2021-08-28T20:04:00
1.94369,1.94369,1.94369,1.94369,1630180020,2021-08-28T19:47:00
1.93691,1.93691,1.93691,1.93691,1630179840,2021-08-28T19:44:00
1.90805,1.90805,1.90805,1.90805,1630179180,2021-08-28T19:33:00
1.87566,1.87566,1.87566,1.87566,1630177020,2021-08-28T18:57:00
1.81897,1.81897,1.81897,1.81897,1630175820,2021-08-28T18:37:00
1.91179,1.91179,1.91179,1.91179,1630174980,2021-08-28T18:23:00
1.92706,1.92706,1.92706,1.92706,1630174920,2021-08-28T18:22:00
1.91835,1.91835,1.91835,1.91835,1630174380,2021-08-28T18:13:00
1.92596,1.92596,1.92596,1.92596,1630172580,2021-08-28T17:43:00
1.89065,1.89065,1.89065,1.89065,1630168800,2021-08-28T16:40:00
1.85994,1.85994,1.85994,1.85994,1630168380,2021-08-28T16:33:00
1.87035,1.87035,1.87035,1.87035,1630168020,2021-08-28T16:27:00
1.86195,1.86195,1.86195,1.86195,1630167060,2021-08-28T16:11:00
1.81457,1.83114,1.80765,1.83114,1630166940,2021-08-28T16:09:00
1.86508,1.86508,1.86508,1.86508,1630166880,2021-08-28T16:08:00
1.84986,1.84986,1.84986,1.84986,1630166820,2021-08-28T16:07:00
1.99001,1.99001,1.99001,1.99001,1630165980,2021-08-28T15:53:00
2.02497,2.02497,2.02497,2.02497,1630164480,2021-08-28T15:28:00
2.05409,2.05409,2.05409,2.05409,1630162920,2021-08-28T15:02:00
2.04764,2.04764,2.04764,2.04764,1630162740,2021-08-28T14:59:00
2.07148,2.07148,2.07148,2.07148,1630162200,2021-08-28T14:50:00
2.09311,2.09311,2.09311,2.09311,1630161480,2021-08-28T14:38:00
2.1152,2.1152,2.1152,2.1152,1630160040,2021-08-28T14:14:00
2.07801,2.07801,2.07801,2.07801,1630159800,2021-08-28T14:10:00
2.18101,2.18101,2.18101,2.18101,1630159440,2021-08-28T14:04:00
2.16065,2.16065,2.16065,2.16065,1630159020,2021-08-28T13:57:00
2.17036,2.17036,2.17036,2.17036,1630158240,2021-08-28T13:44:00
2.1057,2.1057,2.1057,2.1057,1630157460,2021-08-28T13:31:00
2.09839,2.09839,2.09839,2.09839,1630154100,2021-08-28T12:35:00
2.08132,2.08132,2.08132,2.08132,1630153620,2021-08-28T12:27:00
2.07919,2.07919,2.07919,2.07919,1630153380,2021-08-28T12:23:00
2.04534,2.04534,2.04534,2.04534,1630153260,2021-08-28T12:21:00
2.03432,2.03432,2.03432,2.03432,1630153200,2021-08-28T12:20:00
2.0525,2.0525,2.0525,2.0525,1630152900,2021-08-28T12:15:00
2.06922,2.06922,2.06922,2.06922,1630152780,2021-08-28T12:13:00
2.09668,2.09668,2.09668,2.09668,1630152540,2021-08-28T12:09:00
2.15423,2.15423,2.15423,2.15423,1630152420,2021-08-28T12:07:00
2.20894,2.20894,2.20894,2.20894,1630149420,2021-08-28T11:17:00
2.18291,2.18291,2.18291,2.18291,1630149360,2021-08-28T11:16:00
2.20432,2.20432,2.20432,2.20432,1630149300,2021-08-28T11:15:00
2.24574,2.27197,2.24574,2.27197,1630147860,2021-08-28T10:51:00
2.29588,2.29588,2.29588,2.29588,1630147620,2021-08-28T10:47:00
2.31933,2.31933,2.31933,2.31933,1630146600,2021-08-28T10:30:00
2.36083,2.36083,2.36083,2.36083,1630145280,2021-08-28T10:08:00
2.41466,2.41466,2.41466,2.41466,1630145160,2021-08-28T10:06:00
2.40143,2.40143,2.40143,2.40143,1630142820,2021-08-28T09:27:00
2.38282,2.38282,2.38282,2.38282,1630141860,2021-08-28T09:11:00
2.38535,2.38535,2.38535,2.38535,1630139040,2021-08-28T08:24:00
2.39847,2.39847,2.39316,2.39316,1630138200,2021-08-28T08:10:00
2.4089,2.4089,2.4089,2.4089,1630136700,2021-08-28T07:45:00
2.41894,2.41894,2.41894,2.41894,1630134420,2021-08-28T07:07:00
2.42774,2.42774,2.42774,2.42774,1630130220,2021-08-28T05:57:00
2.46465,2.46465,2.46465,2.46465,1630126260,2021-08-28T04:51:00
2.50274,2.50274,2.50274,2.50274,1630123320,2021-08-28T04:02:00
2.51213,2.51213,2.51213,2.51213,1630120080,2021-08-28T03:08:00
2.57942,2.57942,2.57942,2.57942,1630107180,2021-08-27T23:33:00
2.63278,2.63278,2.63278,2.63278,1630105980,2021-08-27T23:13:00
2.66434,2.66434,2.66434,2.66434,1630103940,2021-08-27T22:39:00
2.7026,2.7026,2.7026,2.7026,1630101480,2021-08-27T21:58:00
2.6869,2.6869,2.6869,2.6869,1630098180,2021-08-27T21:03:00
2.75735,2.75735,2.75735,2.75735,1630096080,2021-08-27T20:28:00
2.66966,2.66966,2.66966,2.66966,1630095420,2021-08-27T20:17:00
2.63616,2.63616,2.63616,2.63616,1630093140,2021-08-27T19:39:00
2.60148,2.60148,2.60148,2.60148,1630088100,2021-08-27T18:15:00
2.61869,2.61869,2.61869,2.61869,1630084320,2021-08-27T17:12:00
2.64475,2.64475,2.64475,2.64475,1630083900,2021-08-27T17:05:00
2.49938,2.49938,2.49938,2.49938,1630082100,2021-08-27T16:35:00
2.30466,2.30466,2.30466,2.30466,1630080840,2021-08-27T16:14:00
2.31801,2.31801,2.31801,2.31801,1630079520,2021-08-27T15:52:00
2.28358,2.28358,2.28358,2.28358,1630075080,2021-08-27T14:38:00
2.27155,2.27155,2.27155,2.27155,1630073820,2021-08-27T14:17:00
2.27403,2.27403,2.27403,2.27403,1630073580,2021-08-27T14:13:00
2.26286,2.26286,2.26286,2.26286,1630072440,2021-08-27T13:54:00
2.3,2.3,2.3,2.3,1630072320,2021-08-27T13:52:00
2.31106,2.31106,2.31106,2.31106,1630071480,2021-08-27T13:38:00
2.32023,2.32023,2.32023,2.32023,1630070460,2021-08-27T13:21:00
2.32988,2.32988,2.32988,2.32988,1630070400,2021-08-27T13:20:00
2.33501,2.33501,2.33501,2.33501,1630070160,2021-08-27T13:16:00
2.3438,2.3438,2.3438,2.3438,1630069980,2021-08-27T13:13:00
2.36259,2.36259,2.36259,2.36259,1630069080,2021-08-27T12:58:00
2.37554,2.37554,2.37554,2.37554,1630068480,2021-08-27T12:48:00
2.38705,2.38705,2.38705,2.38705,1630064820,2021-08-27T11:47:00
2.38124,2.38124,2.38124,2.38124,1630062540,2021-08-27T11:09:00
2.40405,2.40405,2.40405,2.40405,1630061880,2021-08-27T10:58:00
2.40958,2.40958,2.40958,2.40958,1630060920,2021-08-27T10:42:00
2.42235,2.42235,2.42235,2.42235,1630059060,2021-08-27T10:11:00
2.4342,2.4342,2.4342,2.4342,1630058640,2021-08-27T10:04:00
2.41294,2.41294,2.41294,2.41294,1630057980,2021-08-27T09:53:00
2.43284,2.43284,2.43284,2.43284,1630054980,2021-08-27T09:03:00
2.42874,2.42874,2.42874,2.42874,1630054320,2021-08-27T08:52:00
2.42335,2.42335,2.42335,2.42335,1630053540,2021-08-27T08:39:00
2.41943,2.41943,2.41943,2.41943,1630051500,2021-08-27T08:05:00
2.40958,2.40958,2.40958,2.40958,1630051200,2021-08-27T08:00:00
2.44886,2.44886,2.44886,2.44886,1630050960,2021-08-27T07:56:00
2.37632,2.37632,2.37632,2.37632,1630050240,2021-08-27T07:44:00
2.37049,2.37049,2.37049,2.37049,1630049400,2021-08-27T07:30:00
2.39374,2.39374,2.39374,2.39374,1630046100,2021-08-27T06:35:00
2.37522,2.37522,2.37522,2.37522,1630041600,2021-08-27T05:20:00
2.37689,2.37689,2.37689,2.37689,1630039980,2021-08-27T04:53:00
2.35507,2.35507,2.35507,2.35507,1630038540,2021-08-27T04:29:00
2.37215,2.37215,2.37215,2.37215,1630035960,2021-08-27T03:46:00
2.37774,2.37774,2.37774,2.37774,1630035540,2021-08-27T03:39:00
2.37447,2.37447,2.37447,2.37447,1630029960,2021-08-27T02:06:00
2.36908,2.36908,2.36908,2.36908,1630028760,2021-08-27T01:46:00
2.36508,2.36508,2.36508,2.36508,1630028100,2021-08-27T01:35:00
2.35153,2.35153,2.35153,2.35153,1630026960,2021-08-27T01:16:00
2.35928,2.35928,2.35928,2.35928,1630026240,2021-08-27T01:04:00
2.29644,2.30455,2.29644,2.30455,1630025700,2021-08-27T00:55:00
2.33186,2.33186,2.33186,2.33186,1630025640,2021-08-27T00:54:00
2.38639,2.38639,2.38639,2.38639,1630025040,2021-08-27T00:44:00
2.46813,2.46813,2.46813,2.46813,1630023600,2021-08-27T00:20:00
2.53768,2.53768,2.53768,2.53768,1630021440,2021-08-26T23:44:00
2.60754,2.60754,2.60754,2.60754,1630016760,2021-08-26T22:26:00
2.66739,2.66739,2.66739,2.66739,1630016400,2021-08-26T22:20:00
2.6328,2.6328,2.6328,2.6328,1630008840,2021-08-26T20:14:00
2.71747,2.71747,2.71747,2.71747,1630004340,2021-08-26T18:59:00
2.81105,2.81105,2.81105,2.81105,1630002660,2021-08-26T18:31:00
2.91797,2.91797,2.91797,2.91797,1630001160,2021-08-26T18:06:00
3.01138,3.01138,3.01138,3.01138,1630000740,2021-08-26T17:59:00
3.03898,3.03898,3.03898,3.03898,1630000680,2021-08-26T17:58:00
3.03646,3.03646,3.01982,3.01982,1630000500,2021-08-26T17:55:00
3.06799,3.06799,3.06799,3.06799,1629999600,2021-08-26T17:40:00
3.05958,3.05958,3.05958,3.05958,1629999240,2021-08-26T17:34:00
3.04802,3.04802,3.04802,3.04802,1629998820,2021-08-26T17:27:00
3.07153,3.07153,3.07153,3.07153,1629998400,2021-08-26T17:20:00
3.12215,3.12215,3.12215,3.12215,1629998040,2021-08-26T17:14:00
3.17883,3.17883,3.17269,3.17269,1629997860,2021-08-26T17:11:00
3.15204,3.15204,3.15204,3.15204,1629997620,2021-08-26T17:07:00
3.16504,3.16504,3.16504,3.16504,1629997080,2021-08-26T16:58:00
3.0661,3.0661,3.0661,3.0661,1629996360,2021-08-26T16:46:00
3.05275,3.05275,3.05275,3.05275,1629996180,2021-08-26T16:43:00
3.03372,3.03372,3.03372,3.03372,1629995520,2021-08-26T16:32:00
3.02332,3.02332,3.02332,3.02332,1629995460,2021-08-26T16:31:00
2.99619,3.01147,2.99619,3.01147,1629995160,2021-08-26T16:26:00
3.00081,3.00081,3.00081,3.00081,1629994860,2021-08-26T16:21:00
3.04033,3.04033,3.04033,3.04033,1629994740,2021-08-26T16:19:00
3.06045,3.06045,3.06045,3.06045,1629994620,2021-08-26T16:17:00
3.00118,3.00118,3.00118,3.00118,1629994200,2021-08-26T16:10:00
2.93153,2.93153,2.93153,2.93153,1629993540,2021-08-26T15:59:00
2.89995,2.89995,2.89995,2.89995,1629993420,2021-08-26T15:57:00
2.92868,2.92868,2.92868,2.92868,1629989820,2021-08-26T14:57:00
2.95476,2.95476,2.95476,2.95476,1629989220,2021-08-26T14:47:00
2.97201,2.97201,2.97201,2.97201,1629988800,2021-08-26T14:40:00
2.98351,2.98351,2.98351,2.98351,1629988620,2021-08-26T14:37:00
2.97131,2.97131,2.97131,2.97131,1629986640,2021-08-26T14:04:00
2.94316,2.94316,2.94316,2.94316,1629986220,2021-08-26T13:57:00
2.96655,2.96655,2.96655,2.96655,1629985740,2021-08-26T13:49:00
2.9698,2.9698,2.9698,2.9698,1629985560,2021-08-26T13:46:00
2.93939,2.93939,2.93939,2.93939,1629985200,2021-08-26T13:40:00
2.66773,2.66773,2.66773,2.66773,1629984840,2021-08-26T13:34:00
2.58805,2.58805,2.58805,2.58805,1629983940,2021-08-26T13:19:00
2.48561,2.48561,2.48561,2.48561,1629979860,2021-08-26T12:11:00
2.51541,2.51541,2.51541,2.51541,1629979260,2021-08-26T12:01:00
2.52837,2.52837,2.52837,2.52837,1629979200,2021-08-26T12:00:00
2.51445,2.51445,2.51445,2.51445,1629978840,2021-08-26T11:54:00
2.38898,2.38898,2.38898,2.38898,1629977520,2021-08-26T11:32:00
2.40693,2.40693,2.40693,2.40693,1629977340,2021-08-26T11:29:00
2.38797,2.38797,2.38797,2.38797,1629977160,2021-08-26T11:26:00
2.38205,2.38205,2.38205,2.38205,1629976260,2021-08-26T11:11:00
2.43265,2.43265,2.43265,2.43265,1629975480,2021-08-26T10:58:00
2.25307,2.25307,2.25307,2.25307,1629973500,2021-08-26T10:25:00
2.24301,2.24301,2.24301,2.24301,1629972180,2021-08-26T10:03:00
2.25787,2.25787,2.25787,2.25787,1629972000,2021-08-26T10:00:00
2.25899,2.25899,2.25899,2.25899,1629971700,2021-08-26T09:55:00
2.25048,2.25048,2.25048,2.25048,1629970920,2021-08-26T09:42:00
2.2665,2.2665,2.2665,2.2665,1629970680,2021-08-26T09:38:00
2.25605,2.25605,2.25605,2.25605,1629969960,2021-08-26T09:26:00
2.265,2.265,2.265,2.265,1629968520,2021-08-26T09:02:00
2.26567,2.26567,2.26567,2.26567,1629967320,2021-08-26T08:42:00
2.27331,2.27331,2.27331,2.27331,1629967200,2021-08-26T08:40:00
2.28797,2.28797,2.28797,2.28797,1629966360,2021-08-26T08:26:00
2.29751,2.29751,2.29751,2.29751,1629965340,2021-08-26T08:09:00
2.31272,2.32474,2.31272,2.32474,1629965100,2021-08-26T08:05:00
2.35891,2.35891,2.35891,2.35891,1629964380,2021-08-26T07:53:00
2.39164,2.39164,2.39164,2.39164,1629964080,2021-08-26T07:48:00
2.3427,2.3427,2.3427,2.3427,1629962640,2021-08-26T07:24:00
2.3084,2.3084,2.3084,2.3084,1629962400,2021-08-26T07:20:00
2.2952,2.2952,2.2952,2.2952,1629960180,2021-08-26T06:43:00
2.32149,2.32149,2.32149,2.32149,1629960000,2021-08-26T06:40:00
2.34662,2.34662,2.34662,2.34662,1629959400,2021-08-26T06:30:00
2.35782,2.35782,2.35782,2.35782,1629958020,2021-08-26T06:07:00
2.39538,2.39538,2.39538,2.39538,1629956940,2021-08-26T05:49:00
2.44392,2.44392,2.44392,2.44392,1629956880,2021-08-26T05:48:00
2.45161,2.45161,2.45161,2.45161,1629956760,2021-08-26T05:46:00
2.47697,2.47697,2.47697,2.47697,1629956220,2021-08-26T05:37:00
2.51386,2.51386,2.51386,2.51386,1629956100,2021-08-26T05:35:00
2.54904,2.54904,2.54904,2.54904,1629955920,2021-08-26T05:32:00
2.59078,2.59078,2.59078,2.59078,1629955860,2021-08-26T05:31:00
2.61305,2.61305,2.61305,2.61305,1629954960,2021-08-26T05:16:00
2.61695,2.61695,2.61695,2.61695,1629954840,2021-08-26T05:14:00
2.60111,2.60111,2.60111,2.60111,1629954780,2021-08-26T05:13:00
2.59138,2.59138,2.59138,2.59138,1629954540,2021-08-26T05:09:00
2.56165,2.56165,2.56165,2.56165,1629954000,2021-08-26T05:00:00
2.57128,2.57128,2.57128,2.57128,1629953940,2021-08-26T04:59:00
2.60083,2.60083,2.60083,2.60083,1629953340,2021-08-26T04:49:00
2.66222,2.66222,2.66222,2.66222,1629951720,2021-08-26T04:22:00
2.72087,2.72087,2.72087,2.72087,1629951240,2021-08-26T04:14:00
2.73248,2.73248,2.73248,2.73248,1629951120,2021-08-26T04:12:00
2.74928,2.74928,2.74928,2.74928,1629950460,2021-08-26T04:01:00
2.77196,2.77196,2.77196,2.77196,1629950280,2021-08-26T03:58:00
2.78415,2.78415,2.78415,2.78415,1629948300,2021-08-26T03:25:00
2.7884,2.7884,2.7884,2.7884,1629947100,2021-08-26T03:05:00
2.80079,2.80079,2.80079,2.80079,1629946920,2021-08-26T03:02:00
2.77049,2.77049,2.77049,2.77049,1629946680,2021-08-26T02:58:00
2.75112,2.75112,2.75112,2.75112,1629945600,2021-08-26T02:40:00
2.74718,2.74718,2.74718,2.74718,1629945480,2021-08-26T02:38:00
2.76501,2.76501,2.76501,2.76501,1629944700,2021-08-26T02:25:00
2.73449,2.73449,2.73449,2.73449,1629944580,2021-08-26T02:23:00
2.59199,2.59199,2.59199,2.59199,1629944220,2021-08-26T02:17:00
2.58775,2.58775,2.58147,2.58147,1629944160,2021-08-26T02:16:00
2.56185,2.56185,2.56185,2.56185,1629942600,2021-08-26T01:50:00
2.56724,2.56724,2.56724,2.56724,1629942300,2021-08-26T01:45:00
2.58891,2.58891,2.58891,2.58891,1629942060,2021-08-26T01:41:00
2.62467,2.62467,2.62467,2.62467,1629941700,2021-08-26T01:35:00
2.65932,2.65932,2.65932,2.65932,1629940440,2021-08-26T01:14:00
2.66921,2.66921,2.66921,2.66921,1629938640,2021-08-26T00:44:00
2.6749,2.6749,2.6749,2.6749,1629936120,2021-08-26T00:02:00
2.68589,2.68589,2.68589,2.68589,1629936060,2021-08-26T00:01:00
2.70023,2.70023,2.70023,2.70023,1629934440,2021-08-25T23:34:00
2.71514,2.71514,2.71514,2.71514,1629934260,2021-08-25T23:31:00
2.69623,2.69623,2.69623,2.69623,1629932940,2021-08-25T23:09:00
2.71377,2.71377,2.71377,2.71377,1629932160,2021-08-25T22:56:00
2.72789,2.72789,2.72789,2.72789,1629932040,2021-08-25T22:54:00
2.73427,2.73427,2.73427,2.73427,1629931920,2021-08-25T22:52:00
2.8098,2.8098,2.8098,2.8098,1629930960,2021-08-25T22:36:00
2.85951,2.85951,2.85951,2.85951,1629925080,2021-08-25T20:58:00
2.83107,2.83107,2.83107,2.83107,1629924360,2021-08-25T20:46:00
2.82102,2.82102,2.82102,2.82102,1629923520,2021-08-25T20:32:00
2.79797,2.79797,2.79797,2.79797,1629920940,2021-08-25T19:49:00
2.80374,2.80374,2.80374,2.80374,1629919620,2021-08-25T19:27:00
2.78178,2.78178,2.78178,2.78178,1629917520,2021-08-25T18:52:00
2.81731,2.82474,2.81731,2.82474,1629916980,2021-08-25T18:43:00
2.81088,2.81088,2.81088,2.81088,1629916860,2021-08-25T18:41:00
2.79135,2.79135,2.79135,2.79135,1629916440,2021-08-25T18:34:00
2.81668,2.81668,2.81668,2.81668,1629916320,2021-08-25T18:32:00
2.84408,2.84408,2.84408,2.84408,1629916260,2021-08-25T18:31:00
2.82871,2.83516,2.82871,2.83516,1629915360,2021-08-25T18:16:00
2.80876,2.80876,2.80876,2.80876,1629915240,2021-08-25T18:14:00
2.79605,2.79605,2.79605,2.79605,1629915060,2021-08-25T18:11:00
2.80301,2.80301,2.80301,2.80301,1629914520,2021-08-25T18:02:00
2.75773,2.75773,2.75773,2.75773,1629914400,2021-08-25T18:00:00
2.74686,2.74686,2.74686,2.74686,1629914280,2021-08-25T17:58:00
2.62017,2.62017,2.62017,2.62017,1629914220,2021-08-25T17:57:00
2.63921,2.63921,2.63921,2.63921,1629913980,2021-08-25T17:53:00
2.65599,2.66642,2.65599,2.66642,1629913680,2021-08-25T17:48:00
2.61292,2.61292,2.61292,2.61292,1629913620,2021-08-25T17:47:00
2.59828,2.59828,2.59828,2.59828,1629913500,2021-08-25T17:45:00
2.58792,2.58792,2.58792,2.58792,1629913200,2021-08-25T17:40:00
2.59681,2.59681,2.59681,2.59681,1629913140,2021-08-25T17:39:00
2.65328,2.65328,2.65328,2.65328,1629912840,2021-08-25T17:34:00
2.82338,2.82338,2.82338,2.82338,1629912780,2021-08-25T17:33:00
2.84711,2.84711,2.84711,2.84711,1629911940,2021-08-25T17:19:00
2.84158,2.84158,2.84158,2.84158,1629911580,2021-08-25T17:13:00
2.83235,2.83235,2.82452,2.82452,1629910680,2021-08-25T16:58:00
2.80641,2.80641,2.80641,2.80641,1629910500,2021-08-25T16:55:00
2.8083,2.8083,2.8083,2.8083,1629910320,2021-08-25T16:52:00
2.83075,2.83075,2.83075,2.83075,1629910260,2021-08-25T16:51:00
2.66622,2.66622,2.66622,2.66622,1629909540,2021-08-25T16:39:00
2.65297,2.65297,2.65297,2.65297,1629909180,2021-08-25T16:33:00
2.62941,2.62941,2.62941,2.62941,1629908640,2021-08-25T16:24:00
2.69999,2.69999,2.69999,2.69999,1629907200,2021-08-25T16:00:00
2.42692,2.42692,2.42692,2.42692,1629907020,2021-08-25T15:57:00
2.26457,2.26457,2.26457,2.26457,1629905820,2021-08-25T15:37:00
2.36293,2.36293,2.36293,2.36293,1629905700,2021-08-25T15:35:00
2.43064,2.43064,2.43064,2.43064,1629904140,2021-08-25T15:09:00
2.44771,2.44771,2.44771,2.44771,1629903060,2021-08-25T14:51:00
2.52373,2.52373,2.52373,2.52373,1629902820,2021-08-25T14:47:00
2.5658,2.5658,2.5658,2.5658,1629902700,2021-08-25T14:45:00
2.54298,2.54298,2.54298,2.54298,1629902580,2021-08-25T14:43:00
2.5223,2.5223,2.5223,2.5223,1629901680,2021-08-25T14:28:00
2.52611,2.52611,2.52611,2.52611,1629901080,2021-08-25T14:18:00
2.547,2.547,2.547,2.547,1629900960,2021-08-25T14:16:00
2.55584,2.55584,2.55584,2.55584,1629899400,2021-08-25T13:50:00
2.57587,2.57587,2.57587,2.57587,1629899340,2021-08-25T13:49:00
2.6104,2.6104,2.6104,2.6104,1629899160,2021-08-25T13:46:00
2.64304,2.64304,2.64304,2.64304,1629897780,2021-08-25T13:23:00
2.63056,2.63056,2.63056,2.63056,1629897600,2021-08-25T13:20:00
2.59509,2.5982,2.59509,2.5982,1629897480,2021-08-25T13:18:00
2.59273,2.59273,2.59273,2.59273,1629897240,2021-08-25T13:14:00
2.57012,2.58554,2.57012,2.58554,1629897180,2021-08-25T13:13:00
2.55522,2.55522,2.55522,2.55522,1629896760,2021-08-25T13:06:00
2.42591,2.42591,2.42591,2.42591,1629896580,2021-08-25T13:03:00
2.37921,2.37921,2.37921,2.37921,1629896280,2021-08-25T12:58:00
2.20507,2.20507,2.20507,2.20507,1629895500,2021-08-25T12:45:00
2.17743,2.17743,2.17743,2.17743,1629894720,2021-08-25T12:32:00
2.16649,2.16649,2.16649,2.16649,1629894600,2021-08-25T12:30:00
2.16059,2.16059,2.16059,2.16059,1629894360,2021-08-25T12:26:00
2.17959,2.17959,2.17959,2.17959,1629894120,2021-08-25T12:22:00
2.16649,2.16649,2.16649,2.16649,1629894060,2021-08-25T12:21:00
2.15795,2.15795,2.15795,2.15795,1629892800,2021-08-25T12:00:00
2.13722,2.13722,2.13722,2.13722,1629891300,2021-08-25T11:35:00
2.11407,2.11407,2.11407,2.11407,1629890760,2021-08-25T11:26:00
2.11409,2.11409,2.11409,2.11409,1629890520,2021-08-25T11:22:00
2.13865,2.13865,2.13865,2.13865,1629890340,2021-08-25T11:19:00
2.1134,2.1134,2.1134,2.1134,1629889680,2021-08-25T11:08:00
2.08121,2.08121,2.08121,2.08121,1629889620,2021-08-25T11:07:00
2.09589,2.09589,2.09589,2.09589,1629889260,2021-08-25T11:01:00
2.08027,2.08837,2.08027,2.08837,1629888840,2021-08-25T10:54:00
2.07435,2.07435,2.07435,2.07435,1629888240,2021-08-25T10:44:00
2.07105,2.07105,2.07105,2.07105,1629887820,2021-08-25T10:37:00
2.06669,2.06669,2.06669,2.06669,1629887640,2021-08-25T10:34:00
2.0415,2.05932,2.0415,2.05932,1629886800,2021-08-25T10:20:00
2.07842,2.07842,2.07842,2.07842,1629886620,2021-08-25T10:17:00
2.12298,2.12298,2.09619,2.09619,1629886260,2021-08-25T10:11:00
2.18337,2.18337,2.18337,2.18337,1629885900,2021-08-25T10:05:00
2.17808,2.17808,2.17808,2.17808,1629885780,2021-08-25T10:03:00
2.1705,2.1705,2.1705,2.1705,1629885060,2021-08-25T09:51:00
2.20238,2.20238,2.20238,2.20238,1629884520,2021-08-25T09:42:00
2.24741,2.24741,2.24741,2.24741,1629884100,2021-08-25T09:35:00
2.23208,2.23208,2.23208,2.23208,1629883740,2021-08-25T09:29:00
2.22203,2.22203,2.22203,2.22203,1629882120,2021-08-25T09:02:00
2.17065,2.17065,2.17065,2.17065,1629881760,2021-08-25T08:56:00
2.37836,2.37836,2.37836,2.37836,1629881580,2021-08-25T08:53:00
2.41475,2.41475,2.41475,2.41475,1629881400,2021-08-25T08:50:00
2.47016,2.47016,2.47016,2.47016,1629880980,2021-08-25T08:43:00
2.51381,2.51381,2.50908,2.50908,1629880440,2021-08-25T08:34:00
2.59062,2.59062,2.59062,2.59062,1629880260,2021-08-25T08:31:00
2.6456,2.6456,2.6456,2.6456,1629880020,2021-08-25T08:27:00
2.65743,2.65743,2.65743,2.65743,1629879780,2021-08-25T08:23:00
2.64245,2.64245,2.64245,2.64245,1629879360,2021-08-25T08:16:00
2.65169,2.65169,2.65169,2.65169,1629879180,2021-08-25T08:13:00
2.63901,2.63901,2.63901,2.63901,1629879060,2021-08-25T08:11:00
2.62314,2.62314,2.62314,2.62314,1629878940,2021-08-25T08:09:00
2.63113,2.63113,2.63113,2.63113,1629878820,2021-08-25T08:07:00
2.64509,2.64509,2.64509,2.64509,1629878700,2021-08-25T08:05:00
2.63575,2.63575,2.63575,2.63575,1629878640,2021-08-25T08:04:00
2.6216,2.6216,2.6216,2.6216,1629878520,2021-08-25T08:02:00
2.51802,2.64273,2.51802,2.64273,1629878460,2021-08-25T08:01:00
2.50266,2.50266,2.50266,2.50266,1629878160,2021-08-25T07:56:00
2.45486,2.45486,2.45486,2.45486,1629877980,2021-08-25T07:53:00
2.46223,2.46223,2.46223,2.46223,1629877860,2021-08-25T07:51:00
2.46689,2.46689,2.46689,2.46689,1629877740,2021-08-25T07:49:00
2.47995,2.47995,2.47995,2.47995,1629877320,2021-08-25T07:42:00
2.50061,2.50061,2.50061,2.50061,1629877200,2021-08-25T07:40:00
2.50901,2.50901,2.50901,2.50901,1629877080,2021-08-25T07:38:00
2.53607,2.53607,2.53607,2.53607,1629876900,2021-08-25T07:35:00
2.53473,2.53473,2.53473,2.53473,1629876240,2021-08-25T07:24:00
2.52277,2.52277,2.52277,2.52277,1629875520,2021-08-25T07:12:00
2.51522,2.51522,2.51522,2.51522,1629875460,2021-08-25T07:11:00
2.5095,2.5095,2.5095,2.5095,1629874800,2021-08-25T07:00:00
2.50009,2.50009,2.50009,2.50009,1629874680,2021-08-25T06:58:00
2.48919,2.48919,2.48919,2.48919,1629874500,2021-08-25T06:55:00
2.48547,2.48547,2.48547,2.48547,1629874440,2021-08-25T06:54:00
2.49272,2.49272,2.4748,2.4748,1629874140,2021-08-25T06:49:00
2.48243,2.48243,2.48243,2.48243,1629874020,2021-08-25T06:47:00
2.46769,2.46769,2.46769,2.46769,1629873840,2021-08-25T06:44:00
2.44791,2.44791,2.44791,2.44791,1629873720,2021-08-25T06:42:00
2.36113,2.36113,2.36113,2.36113,1629873540,2021-08-25T06:39:00
2.34941,2.34941,2.34941,2.34941,1629873420,2021-08-25T06:37:00
2.43809,2.43809,2.43809,2.43809,1629873060,2021-08-25T06:31:00
2.29806,2.29806,2.29806,2.29806,1629872820,2021-08-25T06:27:00
2.27522,2.27522,2.27522,2.27522,1629872340,2021-08-25T06:19:00
2.25779,2.25779,2.25779,2.25779,1629872220,2021-08-25T06:17:00
2.21271,2.22962,2.21271,2.22962,1629871440,2021-08-25T06:04:00
2.20916,2.20916,2.20916,2.20916,1629870900,2021-08-25T05:55:00
2.19969,2.19969,2.19969,2.19969,1629870840,2021-08-25T05:54:00
2.18797,2.18797,2.18797,2.18797,1629870720,2021-08-25T05:52:00
2.14247,2.20378,2.14247,2.20378,1629870540,2021-08-25T05:49:00
2.12924,2.13546,2.12924,2.13546,1629870420,2021-08-25T05:47:00
2.11538,2.11538,2.11538,2.11538,1629870300,2021-08-25T05:45:00
2.09077,2.09077,2.09077,2.09077,1629870060,2021-08-25T05:41:00
2.06923,2.06923,2.06923,2.06923,1629869520,2021-08-25T05:32:00
2.05081,2.05081,2.05081,2.05081,1629868560,2021-08-25T05:16:00
2.04983,2.04983,2.04983,2.04983,1629867780,2021-08-25T05:03:00
2.02423,2.02423,2.02423,2.02423,1629867420,2021-08-25T04:57:00
2.01148,2.01148,2.01148,2.01148,1629867240,2021-08-25T04:54:00
2.01385,2.01385,2.01385,2.01385,1629867120,2021-08-25T04:52:00
2.0017,2.0017,2.0017,2.0017,1629866580,2021-08-25T04:43:00
1.9965,1.9965,1.9965,1.9965,1629866280,2021-08-25T04:38:00
2.00087,2.00087,2.00087,2.00087,1629865500,2021-08-25T04:25:00
2.0261,2.0261,2.0261,2.0261,1629864900,2021-08-25T04:15:00
2.0764,2.0764,2.0764,2.0764,1629864840,2021-08-25T04:14:00
2.11899,2.11899,2.11899,2.11899,1629864780,2021-08-25T04:13:00
2.23675,2.23675,2.23675,2.23675,1629864600,2021-08-25T04:10:00
2.32209,2.32209,2.32209,2.32209,1629863880,2021-08-25T03:58:00
2.34897,2.34897,2.34897,2.34897,1629863160,2021-08-25T03:46:00
2.30236,2.30236,2.30236,2.30236,1629862860,2021-08-25T03:41:00
2.33363,2.33363,2.33363,2.33363,1629862140,2021-08-25T03:29:00
2.31758,2.31758,2.31758,2.31758,1629861780,2021-08-25T03:23:00
2.3168,2.3168,2.3168,2.3168,1629861360,2021-08-25T03:16:00
2.29011,2.29011,2.29011,2.29011,1629860460,2021-08-25T03:01:00
2.29429,2.29429,2.29429,2.29429,1629860100,2021-08-25T02:55:00
2.30269,2.30269,2.30269,2.30269,1629859380,2021-08-25T02:43:00
2.2959,2.2959,2.2959,2.2959,1629859140,2021-08-25T02:39:00
2.28135,2.28135,2.28135,2.28135,1629858840,2021-08-25T02:34:00
2.2612,2.2612,2.2612,2.2612,1629858780,2021-08-25T02:33:00
2.2865,2.2865,2.2865,2.2865,1629858720,2021-08-25T02:32:00
2.39165,2.39165,2.39165,2.39165,1629857400,2021-08-25T02:10:00
2.44245,2.44245,2.44245,2.44245,1629857280,2021-08-25T02:08:00
2.46524,2.46524,2.46048,2.46048,1629856980,2021-08-25T02:03:00
2.51545,2.51545,2.51545,2.51545,1629856800,2021-08-25T02:00:00
2.59009,2.59009,2.59009,2.59009,1629856020,2021-08-25T01:47:00
2.62873,2.62873,2.62873,2.62873,1629855840,2021-08-25T01:44:00
2.64086,2.64086,2.64086,2.64086,1629855420,2021-08-25T01:37:00
2.67485,2.67485,2.67485,2.67485,1629855300,2021-08-25T01:35:00
2.71778,2.71778,2.71778,2.71778,1629854460,2021-08-25T01:21:00
2.769,2.769,2.769,2.769,1629854340,2021-08-25T01:19:00
2.84033,2.84033,2.84033,2.84033,1629854280,2021-08-25T01:18:00
2.95416,2.95416,2.95416,2.95416,1629853980,2021-08-25T01:13:00
2.85848,2.85848,2.85848,2.85848,1629853860,2021-08-25T01:11:00
2.91972,2.91972,2.91972,2.91972,1629853800,2021-08-25T01:10:00
2.95756,2.95756,2.95756,2.95756,1629853740,2021-08-25T01:09:00
2.97315,2.97315,2.97315,2.97315,1629853620,2021-08-25T01:07:00
3.04811,3.04811,3.04811,3.04811,1629853440,2021-08-25T01:04:00
3.09526,3.09526,3.09526,3.09526,1629853320,2021-08-25T01:02:00
3.11373,3.11373,3.11373,3.11373,1629853260,2021-08-25T01:01:00
3.08295,3.08295,3.08295,3.08295,1629853200,2021-08-25T01:00:00
3.09496,3.09496,3.09496,3.09496,1629853080,2021-08-25T00:58:00
2.92425,2.92425,2.92425,2.92425,1629852900,2021-08-25T00:55:00
2.90257,2.90257,2.90257,2.90257,1629852300,2021-08-25T00:45:00
2.93979,2.93979,2.93979,2.93979,1629852180,2021-08-25T00:43:00
2.86179,2.86179,2.86179,2.86179,1629852000,2021-08-25T00:40:00
2.83727,2.84828,2.83727,2.84828,1629851880,2021-08-25T00:38:00
2.83354,2.83354,2.83354,2.83354,1629851820,2021-08-25T00:37:00
2.82667,2.82667,2.82667,2.82667,1629851640,2021-08-25T00:34:00
2.81208,2.81208,2.81208,2.81208,1629851340,2021-08-25T00:29:00
2.82776,2.82776,2.82776,2.82776,1629851100,2021-08-25T00:25:00
2.79967,2.79967,2.79967,2.79967,1629850920,2021-08-25T00:22:00
2.81374,2.81374,2.81374,2.81374,1629850740,2021-08-25T00:19:00
2.81277,2.81277,2.81277,2.81277,1629850680,2021-08-25T00:18:00
2.83485,2.83485,2.83485,2.83485,1629850560,2021-08-25T00:16:00
2.82827,2.82827,2.82827,2.82827,1629850440,2021-08-25T00:14:00
2.82497,2.82497,2.82497,2.82497,1629850200,2021-08-25T00:10:00
2.80285,2.80285,2.80285,2.80285,1629849480,2021-08-24T23:58:00
2.8246,2.8246,2.8246,2.8246,1629849300,2021-08-24T23:55:00
2.79595,2.80475,2.79595,2.80475,1629849060,2021-08-24T23:51:00
2.79148,2.79148,2.79148,2.79148,1629848760,2021-08-24T23:46:00
2.76445,2.76445,2.76445,2.76445,1629848700,2021-08-24T23:45:00
2.74219,2.74219,2.74219,2.74219,1629848460,2021-08-24T23:41:00
2.76866,2.76866,2.76866,2.76866,1629847980,2021-08-24T23:33:00
2.8108,2.8108,2.8108,2.8108,1629847800,2021-08-24T23:30:00
2.74029,2.74029,2.74029,2.74029,1629847620,2021-08-24T23:27:00
2.74316,2.76296,2.74316,2.76296,1629847560,2021-08-24T23:26:00
2.78856,2.78856,2.78856,2.78856,1629847500,2021-08-24T23:25:00
2.84853,2.84853,2.84853,2.84853,1629847380,2021-08-24T23:23:00
2.89482,2.89482,2.89482,2.89482,1629847260,2021-08-24T23:21:00
2.967,2.967,2.967,2.967,1629847200,2021-08-24T23:20:00
2.97615,2.97615,2.97615,2.97615,1629847140,2021-08-24T23:19:00
3.03183,3.03183,2.99868,2.99868,1629846960,2021-08-24T23:16:00
3.04535,3.04535,3.04535,3.04535,1629846900,2021-08-24T23:15:00
3.01729,3.01729,3.01729,3.01729,1629846840,2021-08-24T23:14:00
3.00097,3.00097,3.00097,3.00097,1629846780,2021-08-24T23:13:00
2.9958,2.9958,2.9958,2.9958,1629846720,2021-08-24T23:12:00
3.01403,3.01403,3.01403,3.01403,1629846660,2021-08-24T23:11:00
3.01947,3.01947,3.01947,3.01947,1629846540,2021-08-24T23:09:00
3.01435,3.01435,3.01435,3.01435,1629846480,2021-08-24T23:08:00
2.99271,3.00733,2.99175,3.00733,1629846420,2021-08-24T23:07:00
3.03468,3.03468,3.03468,3.03468,1629846300,2021-08-24T23:05:00
3.0708,3.0708,3.0174,3.0174,1629846240,2021-08-24T23:04:00
2.96121,2.96719,2.96121,2.96719,1629846120,2021-08-24T23:02:00
2.94378,2.94378,2.94378,2.94378,1629846000,2021-08-24T23:00:00
2.95615,2.95615,2.95615,2.95615,1629845940,2021-08-24T22:59:00
2.95336,2.95336,2.95336,2.95336,1629845880,2021-08-24T22:58:00
2.95568,2.95568,2.95568,2.95568,1629845820,2021-08-24T22:57:00
3.00179,3.00179,3.00179,3.00179,1629845760,2021-08-24T22:56:00
3.12799,3.12799,3.0372,3.0372,1629845640,2021-08-24T22:54:00
3.16924,3.2057,3.16924,3.2057,1629845580,2021-08-24T22:53:00
3.03655,3.17273,3.03655,3.17273,1629845520,2021-08-24T22:52:00
3.0864,3.0864,3.0864,3.0864,1629845400,2021-08-24T22:50:00
3.00906,3.05747,3.00906,3.05747,1629845340,2021-08-24T22:49:00
3.00946,3.00946,3.00946,3.00946,1629845280,2021-08-24T22:48:00
3.04774,3.04774,3.04774,3.04774,1629845160,2021-08-24T22:46:00
2.92729,2.92729,2.92729,2.92729,1629845040,2021-08-24T22:44:00
2.86651,2.86651,2.82868,2.82868,1629844920,2021-08-24T22:42:00
2.85065,2.85065,2.84359,2.84359,1629844860,2021-08-24T22:41:00
2.81004,2.81004,2.81004,2.81004,1629844800,2021-08-24T22:40:00
2.78297,2.78297,2.78297,2.78297,1629844740,2021-08-24T22:39:00
2.55343,2.55343,2.54516,2.54516,1629844680,2021-08-24T22:38:00
2.54629,2.54629,2.54629,2.54629,1629844620,2021-08-24T22:37:00
2.59636,2.59636,2.55318,2.55318,1629844500,2021-08-24T22:35:00
2.65282,2.65282,2.65282,2.65282,1629844440,2021-08-24T22:34:00
2.71566,2.71566,2.71566,2.71566,1629844380,2021-08-24T22:33:00
2.73794,2.73794,2.73794,2.73794,1629844260,2021-08-24T22:31:00
2.75022,2.75022,2.75022,2.75022,1629844140,2021-08-24T22:29:00
2.74763,2.74763,2.74763,2.74763,1629844080,2021-08-24T22:28:00
2.73568,2.75426,2.73568,2.75426,1629844020,2021-08-24T22:27:00
2.70669,2.73788,2.70669,2.73788,1629843840,2021-08-24T22:24:00
2.62457,2.76758,2.62457,2.70494,1629843780,2021-08-24T22:23:00
2.61191,2.61191,2.57718,2.57718,1629843720,2021-08-24T22:22:00
2.49775,2.49775,2.46182,2.46182,1629843660,2021-08-24T22:21:00
2.34776,2.34776,2.34776,2.34776,1629843600,2021-08-24T22:20:00
2.37189,2.37189,2.37189,2.37189,1629843540,2021-08-24T22:19:00
2.36355,2.36355,2.36355,2.36355,1629843480,2021-08-24T22:18:00
2.27808,2.2976,2.27808,2.2976,1629843420,2021-08-24T22:17:00
2.24669,2.24669,2.24669,2.24669,1629843360,2021-08-24T22:16:00
2.19525,2.20172,2.19525,2.20172,1629843300,2021-08-24T22:15:00
2.15279,2.17067,2.15279,2.17067,1629843240,2021-08-24T22:14:00
2.1261,2.1261,2.1261,2.1261,1629843180,2021-08-24T22:13:00
2.11103,2.11103,2.10344,2.10344,1629843120,2021-08-24T22:12:00
2.08433,2.08433,2.08433,2.08433,1629843060,2021-08-24T22:11:00
2.04985,2.04985,2.04985,2.04985,1629843000,2021-08-24T22:10:00
2.03258,2.03258,2.03258,2.03258,1629842940,2021-08-24T22:09:00
2.01584,2.01584,2.01584,2.01584,1629842880,2021-08-24T22:08:00
1.99847,1.99847,1.99847,1.99847,1629842700,2021-08-24T22:05:00
1.98063,1.98063,1.98063,1.98063,1629842520,2021-08-24T22:02:00
1.9725,1.9725,1.9725,1.9725,1629842280,2021-08-24T21:58:00
1.9309,1.9309,1.9309,1.9309,1629842220,2021-08-24T21:57:00
1.9415,1.9415,1.9415,1.9415,1629842040,2021-08-24T21:54:00
1.86832,1.86832,1.86832,1.86832,1629841920,2021-08-24T21:52:00
1.83548,1.83548,1.83548,1.83548,1629841740,2021-08-24T21:49:00
1.82082,1.82082,1.82082,1.82082,1629841680,2021-08-24T21:48:00
1.81053,1.81053,1.81053,1.81053,1629841560,2021-08-24T21:46:00
1.79363,1.79363,1.79363,1.79363,1629841320,2021-08-24T21:42:00
1.77745,1.77745,1.77745,1.77745,1629841260,2021-08-24T21:41:00
1.77658,1.77658,1.77658,1.77658,1629840240,2021-08-24T21:24:00
1.79447,1.79447,1.79447,1.79447,1629839940,2021-08-24T21:19:00
1.82593,1.82593,1.82593,1.82593,1629838500,2021-08-24T20:55:00
1.80709,1.80709,1.80709,1.80709,1629838140,2021-08-24T20:49:00
1.79206,1.79206,1.79206,1.79206,1629837840,2021-08-24T20:44:00
1.76702,1.76702,1.76702,1.76702,1629836820,2021-08-24T20:27:00
1.73648,1.73648,1.73648,1.73648,1629836400,2021-08-24T20:20:00
1.71509,1.71509,1.71509,1.71509,1629835980,2021-08-24T20:13:00
1.70871,1.70871,1.70871,1.70871,1629835800,2021-08-24T20:10:00
1.72394,1.72517,1.72394,1.72517,1629834060,2021-08-24T19:41:00
1.74475,1.74475,1.74475,1.74475,1629832800,2021-08-24T19:20:00
1.75234,1.75234,1.75234,1.75234,1629831720,2021-08-24T19:02:00
1.77928,1.77928,1.77928,1.77928,1629831480,2021-08-24T18:58:00
1.76962,1.76962,1.76962,1.76962,1629830940,2021-08-24T18:49:00
1.79151,1.79151,1.79151,1.79151,1629830820,2021-08-24T18:47:00
1.85595,1.85595,1.85595,1.85595,1629830580,2021-08-24T18:43:00
1.88731,1.88731,1.88731,1.88731,1629830400,2021-08-24T18:40:00
1.83382,1.83382,1.83382,1.83382,1629830160,2021-08-24T18:36:00
1.82909,1.82909,1.82909,1.82909,1629830040,2021-08-24T18:34:00
1.82337,1.82337,1.82337,1.82337,1629829980,2021-08-24T18:33:00
1.81271,1.81688,1.81271,1.81688,1629829920,2021-08-24T18:32:00
1.75945,1.75945,1.75945,1.75945,1629829860,2021-08-24T18:31:00
1.84798,1.84798,1.78632,1.78632,1629829800,2021-08-24T18:30:00
1.79676,1.79799,1.79676,1.79799,1629829680,2021-08-24T18:28:00
1.69136,1.69136,1.69136,1.69136,1629829620,2021-08-24T18:27:00
1.64531,1.65029,1.64531,1.65029,1629829560,2021-08-24T18:26:00
1.64241,1.64241,1.64241,1.64241,1629829500,2021-08-24T18:25:00
1.624,1.624,1.624,1.624,1629829440,2021-08-24T18:24:00
1.61023,1.61023,1.61023,1.61023,1629829380,2021-08-24T18:23:00
1.59575,1.59575,1.59575,1.59575,1629829320,2021-08-24T18:22:00
1.55486,1.58104,1.55486,1.58104,1629829260,2021-08-24T18:21:00
1.53668,1.53668,1.53668,1.53668,1629829200,2021-08-24T18:20:00
1.51888,1.51888,1.51888,1.51888,1629826140,2021-08-24T17:29:00
1.49503,1.49503,1.49503,1.49503,1629824700,2021-08-24T17:05:00
1.51449,1.51449,1.51449,1.51449,1629823560,2021-08-24T16:46:00
1.54435,1.54435,1.54435,1.54435,1629823320,2021-08-24T16:42:00
1.60336,1.60336,1.60336,1.60336,1629820380,2021-08-24T15:53:00
1.64987,1.64987,1.64987,1.64987,1629820260,2021-08-24T15:51:00
1.69878,1.69878,1.69878,1.69878,1629818880,2021-08-24T15:28:00
1.7179,1.7179,1.7179,1.7179,1629818580,2021-08-24T15:23:00
1.69776,1.69776,1.69776,1.69776,1629818400,2021-08-24T15:20:00
1.64916,1.64916,1.64916,1.64916,1629818340,2021-08-24T15:19:00
1.63395,1.63395,1.63395,1.63395,1629818220,2021-08-24T15:17:00
1.62594,1.62594,1.62594,1.62594,1629815940,2021-08-24T14:39:00
1.67414,1.67414,1.67414,1.67414,1629815340,2021-08-24T14:29:00
1.68044,1.68044,1.68044,1.68044,1629815160,2021-08-24T14:26:00
1.63607,1.63607,1.63607,1.63607,1629815040,2021-08-24T14:24:00
1.61077,1.61077,1.61077,1.61077,1629814980,2021-08-24T14:23:00
1.56545,1.56545,1.56545,1.56545,1629813840,2021-08-24T14:04:00
1.59127,1.59127,1.59127,1.59127,1629813540,2021-08-24T13:59:00
1.6073,1.6073,1.6073,1.6073,1629813420,2021-08-24T13:57:00
1.58813,1.58813,1.58813,1.58813,1629813240,2021-08-24T13:54:00
1.53355,1.56865,1.53355,1.56865,1629813180,2021-08-24T13:53:00
1.57227,1.57227,1.51725,1.51725,1629813120,2021-08-24T13:52:00
1.68905,1.68905,1.68905,1.68905,1629812940,2021-08-24T13:49:00
1.74565,1.74565,1.74565,1.74565,1629812520,2021-08-24T13:42:00
1.80459,1.80459,1.80459,1.80459,1629812460,2021-08-24T13:41:00
1.84962,1.84962,1.84962,1.84962,1629812340,2021-08-24T13:39:00
1.80552,1.80552,1.80552,1.80552,1629811680,2021-08-24T13:28:00
1.72047,1.72047,1.72047,1.72047,1629811380,2021-08-24T13:23:00
1.7164,1.7164,1.7164,1.7164,1629811020,2021-08-24T13:17:00
1.69719,1.69719,1.69719,1.69719,1629810300,2021-08-24T13:05:00
1.6813,1.6813,1.6813,1.6813,1629809520,2021-08-24T12:52:00
1.66337,1.66337,1.66337,1.66337,1629808620,2021-08-24T12:37:00
1.6526,1.6526,1.6526,1.6526,1629808260,2021-08-24T12:31:00
1.6492,1.6492,1.6492,1.6492,1629807900,2021-08-24T12:25:00
1.65238,1.65238,1.65238,1.65238,1629807300,2021-08-24T12:15:00
1.62121,1.62121,1.62121,1.62121,1629801660,2021-08-24T10:41:00
1.54688,1.54688,1.54688,1.54688,1629801300,2021-08-24T10:35:00
1.53575,1.53575,1.53575,1.53575,1629794640,2021-08-24T08:44:00
1.5253,1.5253,1.5253,1.5253,1629793860,2021-08-24T08:31:00
1.53557,1.53557,1.53557,1.53557,1629793680,2021-08-24T08:28:00
1.53174,1.53174,1.53174,1.53174,1629790800,2021-08-24T07:40:00
1.53812,1.53812,1.53812,1.53812,1629789780,2021-08-24T07:23:00
1.53874,1.53874,1.53874,1.53874,1629787800,2021-08-24T06:50:00
1.54877,1.54877,1.54877,1.54877,1629786480,2021-08-24T06:28:00
1.57128,1.57128,1.57128,1.57128,1629786060,2021-08-24T06:21:00
1.58571,1.58571,1.58571,1.58571,1629785100,2021-08-24T06:05:00
1.57055,1.57055,1.57055,1.57055,1629784980,2021-08-24T06:03:00
1.54705,1.54705,1.54705,1.54705,1629782160,2021-08-24T05:16:00
1.5466,1.5466,1.5466,1.5466,1629776820,2021-08-24T03:47:00
1.645,1.645,1.645,1.645,1629776160,2021-08-24T03:36:00
1.64146,1.64146,1.64146,1.64146,1629774660,2021-08-24T03:11:00
1.61998,1.61998,1.61998,1.61998,1629774420,2021-08-24T03:07:00
1.61665,1.61665,1.61665,1.61665,1629771660,2021-08-24T02:21:00
1.59713,1.59713,1.59713,1.59713,1629769860,2021-08-24T01:51:00
1.60464,1.60464,1.60464,1.60464,1629769680,2021-08-24T01:48:00
1.60542,1.60542,1.60542,1.60542,1629768000,2021-08-24T01:20:00
1.62594,1.62594,1.62594,1.62594,1629764700,2021-08-24T00:25:00
1.60641,1.60641,1.60641,1.60641,1629763500,2021-08-24T00:05:00
1.60334,1.60334,1.60334,1.60334,1629762960,2021-08-23T23:56:00
1.61961,1.61961,1.61961,1.61961,1629762360,2021-08-23T23:46:00
1.63035,1.63035,1.63035,1.63035,1629760320,2021-08-23T23:12:00
1.61499,1.61499,1.61499,1.61499,1629759780,2021-08-23T23:03:00
1.63665,1.63665,1.63665,1.63665,1629759600,2021-08-23T23:00:00
1.55106,1.55106,1.55106,1.55106,1629759540,2021-08-23T22:59:00
1.53045,1.53045,1.53045,1.53045,1629758280,2021-08-23T22:38:00
1.54227,1.54227,1.54227,1.54227,1629757920,2021-08-23T22:32:00
1.54442,1.54442,1.54442,1.54442,1629757560,2021-08-23T22:26:00
1.52696,1.52696,1.52696,1.52696,1629757320,2021-08-23T22:22:00
1.56416,1.56416,1.56416,1.56416,1629756720,2021-08-23T22:12:00
1.49444,1.49444,1.49444,1.49444,1629756660,2021-08-23T22:11:00
1.48189,1.48189,1.48189,1.48189,1629756540,2021-08-23T22:09:00
1.46231,1.46231,1.46231,1.46231,1629756480,2021-08-23T22:08:00
1.44022,1.44022,1.44022,1.44022,1629756300,2021-08-23T22:05:00
1.42683,1.42683,1.42683,1.42683,1629756120,2021-08-23T22:02:00
1.41329,1.41329,1.41329,1.41329,1629756060,2021-08-23T22:01:00
1.39774,1.39774,1.39774,1.39774,1629755940,2021-08-23T21:59:00
1.38721,1.38721,1.38721,1.38721,1629755880,2021-08-23T21:58:00
1.34476,1.34476,1.34476,1.34476,1629753900,2021-08-23T21:25:00
1.33514,1.33514,1.33514,1.33514,1629753180,2021-08-23T21:13:00
1.3144,1.3144,1.3144,1.3144,1629745860,2021-08-23T19:11:00
1.303,1.303,1.303,1.303,1629744120,2021-08-23T18:42:00
1.3304,1.3304,1.3304,1.3304,1629743640,2021-08-23T18:34:00
1.3661,1.3661,1.3661,1.3661,1629741720,2021-08-23T18:02:00
1.39731,1.39731,1.39731,1.39731,1629741300,2021-08-23T17:55:00
1.40669,1.40669,1.40669,1.40669,1629735840,2021-08-23T16:24:00
1.4177,1.4177,1.4177,1.4177,1629735420,2021-08-23T16:17:00
1.44494,1.44494,1.44494,1.44494,1629733680,2021-08-23T15:48:00
1.4523,1.4523,1.4523,1.4523,1629730680,2021-08-23T14:58:00
1.43208,1.43208,1.43208,1.43208,1629723060,2021-08-23T12:51:00
1.44896,1.44896,1.44896,1.44896,1629718500,2021-08-23T11:35:00
1.46285,1.46285,1.46285,1.46285,1629717180,2021-08-23T11:13:00
1.4704,1.4704,1.4704,1.4704,1629716940,2021-08-23T11:09:00
1.48362,1.48362,1.48362,1.48362,1629713940,2021-08-23T10:19:00
1.43758,1.43758,1.43758,1.43758,1629711300,2021-08-23T09:35:00
1.45554,1.45554,1.45554,1.45554,1629709500,2021-08-23T09:05:00
1.47735,1.47735,1.47735,1.47735,1629709140,2021-08-23T08:59:00
1.46703,1.46703,1.46703,1.46703,1629708840,2021-08-23T08:54:00
1.44761,1.44761,1.44761,1.44761,1629708480,2021-08-23T08:48:00
1.43419,1.43419,1.43419,1.43419,1629707340,2021-08-23T08:29:00
1.42807,1.42807,1.42807,1.42807,1629703680,2021-08-23T07:28:00
1.42629,1.42629,1.42629,1.42629,1629699480,2021-08-23T06:18:00
1.44731,1.44731,1.44731,1.44731,1629694440,2021-08-23T04:54:00
1.47562,1.47562,1.47562,1.47562,1629694380,2021-08-23T04:53:00
1.56392,1.56392,1.56392,1.56392,1629694260,2021-08-23T04:51:00
1.40095,1.47383,1.40095,1.47383,1629693960,2021-08-23T04:46:00
1.33761,1.33761,1.33761,1.33761,1629693600,2021-08-23T04:40:00
1.30784,1.30784,1.30784,1.30784,1629678480,2021-08-23T00:28:00
1.31327,1.31327,1.31327,1.31327,1629676440,2021-08-22T23:54:00
1.2996,1.2996,1.2996,1.2996,1629672660,2021-08-22T22:51:00
1.32096,1.32096,1.32096,1.32096,1629672600,2021-08-22T22:50:00
1.33107,1.33107,1.33107,1.33107,1629672120,2021-08-22T22:42:00
1.2807,1.2807,1.2807,1.2807,1629671760,2021-08-22T22:36:00
1.21499,1.25456,1.21499,1.25456,1629669480,2021-08-22T21:58:00
1.1822,1.1822,1.1822,1.1822,1629668280,2021-08-22T21:38:00
1.17821,1.17821,1.17821,1.17821,1629661020,2021-08-22T19:37:00
1.18418,1.18418,1.18418,1.18418,1629655080,2021-08-22T17:58:00
1.19791,1.19791,1.19791,1.19791,1629643140,2021-08-22T14:39:00
1.22655,1.22655,1.22655,1.22655,1629637860,2021-08-22T13:11:00
1.26154,1.26154,1.26154,1.26154,1629637740,2021-08-22T13:09:00
1.28031,1.28031,1.28031,1.28031,1629637080,2021-08-22T12:58:00
1.28689,1.28689,1.28689,1.28689,1629636360,2021-08-22T12:46:00
1.29025,1.29025,1.29025,1.29025,1629636120,2021-08-22T12:42:00
1.29819,1.29819,1.29819,1.29819,1629634980,2021-08-22T12:23:00
1.28563,1.28563,1.28563,1.28563,1629631320,2021-08-22T11:22:00
1.47281,1.47281,1.47281,1.47281,1629631260,2021-08-22T11:21:00
1.2439,1.2439,1.2439,1.2439,1629630660,2021-08-22T11:11:00
1.24009,1.24009,1.24009,1.24009,1629629880,2021-08-22T10:58:00
1.23417,1.23417,1.23417,1.23417,1629628620,2021-08-22T10:37:00
1.24267,1.24267,1.24267,1.24267,1629627300,2021-08-22T10:15:00
1.21074,1.21074,1.21074,1.21074,1629625680,2021-08-22T09:48:00
1.18177,1.18177,1.18177,1.18177,1629624540,2021-08-22T09:29:00
1.14904,1.14904,1.14904,1.14904,1629624240,2021-08-22T09:24:00
1.17178,1.17178,1.17178,1.17178,1629624120,2021-08-22T09:22:00
1.18092,1.18092,1.18092,1.18092,1629612480,2021-08-22T06:08:00
1.16474,1.16474,1.16474,1.16474,1629611280,2021-08-22T05:48:00
1.16919,1.16919,1.16919,1.16919,1629607200,2021-08-22T04:40:00
1.17832,1.17832,1.17832,1.17832,1629606900,2021-08-22T04:35:00
1.12758,1.12758,1.12758,1.12758,1629600600,2021-08-22T02:50:00
1.13461,1.13461,1.13461,1.13461,1629594300,2021-08-22T01:05:00
1.16237,1.16237,1.1477,1.1477,1629588000,2021-08-21T23:20:00
1.17014,1.17014,1.17014,1.17014,1629585600,2021-08-21T22:40:00
1.17512,1.17512,1.17512,1.17512,1629583920,2021-08-21T22:12:00
1.17969,1.17969,1.17969,1.17969,1629583680,2021-08-21T22:08:00
1.1777,1.1777,1.1777,1.1777,1629583500,2021-08-21T22:05:00
1.1564,1.1564,1.1564,1.1564,1629580260,2021-08-21T21:11:00
1.20098,1.20098,1.20098,1.20098,1629578340,2021-08-21T20:39:00
1.1369,1.1369,1.1369,1.1369,1629577560,2021-08-21T20:26:00
1.14194,1.14194,1.14194,1.14194,1629577080,2021-08-21T20:18:00
1.14874,1.14874,1.14874,1.14874,1629569340,2021-08-21T18:09:00
1.16354,1.16354,1.16354,1.16354,1629565560,2021-08-21T17:06:00
1.17045,1.17045,1.17045,1.17045,1629563700,2021-08-21T16:35:00
1.17227,1.17227,1.17227,1.17227,1629562140,2021-08-21T16:09:00
1.17663,1.17663,1.17663,1.17663,1629538080,2021-08-21T09:28:00
1.16642,1.16642,1.16642,1.16642,1629533460,2021-08-21T08:11:00
1.16593,1.16593,1.16593,1.16593,1629525000,2021-08-21T05:50:00
1.15429,1.15429,1.15429,1.15429,1629523260,2021-08-21T05:21:00
1.15487,1.15487,1.15487,1.15487,1629522540,2021-08-21T05:09:00
1.14886,1.14886,1.14886,1.14886,1629519660,2021-08-21T04:21:00
1.18116,1.18116,1.18116,1.18116,1629519420,2021-08-21T04:17:00
1.19182,1.19182,1.19182,1.19182,1629518400,2021-08-21T04:00:00
1.1852,1.1852,1.1852,1.1852,1629518280,2021-08-21T03:58:00
1.17443,1.17443,1.17443,1.17443,1629516960,2021-08-21T03:36:00
1.18511,1.18511,1.18511,1.18511,1629512940,2021-08-21T02:29:00
1.16961,1.16961,1.16961,1.16961,1629506280,2021-08-21T00:38:00
1.17499,1.17499,1.17499,1.17499,1629506040,2021-08-21T00:34:00
1.18787,1.18787,1.18787,1.18787,1629504720,2021-08-21T00:12:00
1.19677,1.19677,1.19677,1.19677,1629498000,2021-08-20T22:20:00
1.19498,1.19498,1.19498,1.19498,1629494040,2021-08-20T21:14:00
1.20043,1.20043,1.20043,1.20043,1629487380,2021-08-20T19:23:00
1.207,1.207,1.207,1.207,1629485040,2021-08-20T18:44:00
1.22637,1.22637,1.22637,1.22637,1629484800,2021-08-20T18:40:00
1.263,1.263,1.263,1.263,1629484560,2021-08-20T18:36:00
1.2896,1.2896,1.2896,1.2896,1629484140,2021-08-20T18:29:00
1.29582,1.29582,1.29582,1.29582,1629481860,2021-08-20T17:51:00
1.3037,1.3037,1.3037,1.3037,1629480000,2021-08-20T17:20:00
1.30525,1.30525,1.30525,1.30525,1629478800,2021-08-20T17:00:00
1.31568,1.31568,1.31568,1.31568,1629477300,2021-08-20T16:35:00
1.32402,1.32402,1.32402,1.32402,1629476160,2021-08-20T16:16:00
1.3112,1.3112,1.3112,1.3112,1629469680,2021-08-20T14:28:00
1.31742,1.31742,1.31742,1.31742,1629469200,2021-08-20T14:20:00
1.29658,1.29658,1.29658,1.29658,1629466320,2021-08-20T13:32:00
1.28449,1.28449,1.28449,1.28449,1629461220,2021-08-20T12:07:00
1.35886,1.35886,1.31847,1.31847,1629459900,2021-08-20T11:45:00
1.39134,1.39134,1.39134,1.39134,1629456840,2021-08-20T10:54:00
1.40206,1.40206,1.39419,1.39419,1629456540,2021-08-20T10:49:00
1.39186,1.39186,1.39186,1.39186,1629456480,2021-08-20T10:48:00
1.39474,1.39474,1.39474,1.39474,1629454980,2021-08-20T10:23:00
1.3996,1.3996,1.3996,1.3996,1629454260,2021-08-20T10:11:00
1.39653,1.39653,1.39653,1.39653,1629453780,2021-08-20T10:03:00
1.41026,1.41026,1.41026,1.41026,1629453720,2021-08-20T10:02:00
1.34843,1.34843,1.34843,1.34843,1629453420,2021-08-20T09:57:00
1.36153,1.36153,1.36153,1.36153,1629452580,2021-08-20T09:43:00
1.2798,1.2798,1.2798,1.2798,1629452340,2021-08-20T09:39:00
1.2527,1.2527,1.2527,1.2527,1629451380,2021-08-20T09:23:00
1.26511,1.26511,1.26511,1.26511,1629451320,2021-08-20T09:22:00
1.29089,1.29089,1.29089,1.29089,1629451200,2021-08-20T09:20:00
1.26362,1.26362,1.26362,1.26362,1629451140,2021-08-20T09:19:00
1.24619,1.24619,1.24619,1.24619,1629451080,2021-08-20T09:18:00
1.23289,1.23289,1.23289,1.23289,1629451020,2021-08-20T09:17:00
1.17442,1.17442,1.17442,1.17442,1629450000,2021-08-20T09:00:00
1.16855,1.16855,1.16855,1.16855,1629449160,2021-08-20T08:46:00
1.16362,1.16362,1.16362,1.16362,1629446760,2021-08-20T08:06:00
1.16676,1.16676,1.16676,1.16676,1629445260,2021-08-20T07:41:00
1.17067,1.17067,1.17067,1.17067,1629440940,2021-08-20T06:29:00
1.17235,1.17235,1.17235,1.17235,1629440760,2021-08-20T06:26:00
1.18712,1.18712,1.18712,1.18712,1629438960,2021-08-20T05:56:00
1.2019,1.2019,1.2019,1.2019,1629438660,2021-08-20T05:51:00
1.21963,1.21963,1.21963,1.21963,1629436800,2021-08-20T05:20:00
1.27242,1.27242,1.27242,1.27242,1629436620,2021-08-20T05:17:00
1.31352,1.31352,1.31352,1.31352,1629432900,2021-08-20T04:15:00
1.3463,1.3463,1.3463,1.3463,1629432780,2021-08-20T04:13:00
1.36239,1.36239,1.36239,1.36239,1629432720,2021-08-20T04:12:00
1.36413,1.36413,1.36413,1.36413,1629432660,2021-08-20T04:11:00
1.36812,1.36812,1.36812,1.36812,1629432540,2021-08-20T04:09:00
1.37689,1.37689,1.37689,1.37689,1629431580,2021-08-20T03:53:00
1.38663,1.38663,1.38663,1.38663,1629431280,2021-08-20T03:48:00
1.39807,1.39807,1.39807,1.39807,1629430920,2021-08-20T03:42:00
1.37051,1.37051,1.37051,1.37051,1629430560,2021-08-20T03:36:00
1.33775,1.33775,1.33775,1.33775,1629429960,2021-08-20T03:26:00
1.34666,1.34666,1.34666,1.34666,1629429660,2021-08-20T03:21:00
1.34116,1.34116,1.34116,1.34116,1629429360,2021-08-20T03:16:00
1.34649,1.34649,1.34649,1.34649,1629428340,2021-08-20T02:59:00
1.35487,1.35487,1.35487,1.35487,1629427800,2021-08-20T02:50:00
1.29165,1.29165,1.29165,1.29165,1629423720,2021-08-20T01:42:00
1.30089,1.30089,1.29713,1.29713,1629422220,2021-08-20T01:17:00
1.31305,1.31305,1.31305,1.31305,1629421980,2021-08-20T01:13:00
1.32568,1.32568,1.32568,1.32568,1629421740,2021-08-20T01:09:00
1.21584,1.21584,1.21584,1.21584,1629421680,2021-08-20T01:08:00
1.20244,1.20244,1.20244,1.20244,1629413160,2021-08-19T22:46:00
1.2408,1.2408,1.2408,1.2408,1629412980,2021-08-19T22:43:00
1.19449,1.19449,1.19449,1.19449,1629409140,2021-08-19T21:39:00
1.19178,1.19178,1.19178,1.19178,1629407940,2021-08-19T21:19:00
1.16458,1.16458,1.16458,1.16458,1629405960,2021-08-19T20:46:00
1.14246,1.14246,1.14246,1.14246,1629404160,2021-08-19T20:16:00
1.14457,1.14457,1.14457,1.14457,1629404100,2021-08-19T20:15:00
1.15393,1.15393,1.15393,1.15393,1629403440,2021-08-19T20:04:00
1.16707,1.16707,1.16707,1.16707,1629403200,2021-08-19T20:00:00
1.17501,1.17501,1.17501,1.17501,1629403140,2021-08-19T19:59:00
1.18608,1.18608,1.18608,1.18608,1629403020,2021-08-19T19:57:00
1.19852,1.19852,1.19852,1.19852,1629402900,2021-08-19T19:55:00
1.22752,1.22752,1.21243,1.21243,1629402600,2021-08-19T19:50:00
1.23601,1.23601,1.23601,1.23601,1629402300,2021-08-19T19:45:00
1.21403,1.21403,1.21403,1.21403,1629401520,2021-08-19T19:32:00
1.13834,1.13834,1.13834,1.13834,1629400920,2021-08-19T19:22:00
1.09269,1.09269,1.09269,1.09269,1629400860,2021-08-19T19:21:00
1.01242,1.01242,1.01242,1.01242,1629400680,2021-08-19T19:18:00
1.01881,1.01881,1.01881,1.01881,1629400560,2021-08-19T19:16:00
0.912813,0.912813,0.912813,0.912813,1629394260,2021-08-19T17:31:00
0.856365,0.856365,0.856365,0.856365,1629393900,2021-08-19T17:25:00
0.858408,0.858408,0.858408,0.858408,1629391800,2021-08-19T16:50:00
0.821638,0.821638,0.821638,0.821638,1629377160,2021-08-19T12:46:00
0.825473,0.825473,0.825473,0.825473,1629373080,2021-08-19T11:38:00
0.840826,0.840826,0.840826,0.840826,1629372780,2021-08-19T11:33:00
0.85676,0.85676,0.85676,0.85676,1629354540,2021-08-19T06:29:00
0.856542,0.856542,0.856542,0.856542,1629349320,2021-08-19T05:02:00
0.859569,0.859569,0.859569,0.859569,1629348660,2021-08-19T04:51:00
0.86338,0.86338,0.86338,0.86338,1629336420,2021-08-19T01:27:00
0.868549,0.868549,0.868549,0.868549,1629331200,2021-08-19T00:00:00
0.864012,0.864012,0.864012,0.864012,1629325500,2021-08-18T22:25:00
0.864835,0.864835,0.864835,0.864835,1629320640,2021-08-18T21:04:00
0.873973,0.873973,0.873973,0.873973,1629320220,2021-08-18T20:57:00
0.865847,0.865847,0.865847,0.865847,1629319920,2021-08-18T20:52:00
0.858328,0.858328,0.858328,0.858328,1629319260,2021-08-18T20:41:00
0.856396,0.856396,0.856396,0.856396,1629318060,2021-08-18T20:21:00
0.845153,0.845153,0.845153,0.845153,1629317760,2021-08-18T20:16:00
0.82888,0.82888,0.82888,0.82888,1629316800,2021-08-18T20:00:00
0.845522,0.845522,0.845522,0.845522,1629314400,2021-08-18T19:20:00
0.840347,0.840347,0.840347,0.840347,1629312480,2021-08-18T18:48:00
0.81754,0.81754,0.81754,0.81754,1629311580,2021-08-18T18:33:00
0.803729,0.803729,0.803729,0.803729,1629308340,2021-08-18T17:39:00
0.794848,0.794848,0.794848,0.794848,1629307500,2021-08-18T17:25:00
0.789689,0.789689,0.789689,0.789689,1629305160,2021-08-18T16:46:00
0.777187,0.777187,0.777187,0.777187,1629296940,2021-08-18T14:29:00
0.783309,0.783309,0.783309,0.783309,1629296460,2021-08-18T14:21:00
0.777843,0.777843,0.777843,0.777843,1629290280,2021-08-18T12:38:00
0.788776,0.788776,0.788776,0.788776,1629272820,2021-08-18T07:47:00
0.797557,0.797557,0.797557,0.797557,1629267120,2021-08-18T06:12:00
0.786583,0.786583,0.786583,0.786583,1629265260,2021-08-18T05:41:00
0.788546,0.788546,0.788546,0.788546,1629265020,2021-08-18T05:37:00
0.787664,0.787664,0.787664,0.787664,1629260160,2021-08-18T04:16:00
0.781887,0.781887,0.781887,0.781887,1629251280,2021-08-18T01:48:00
0.821531,0.821531,0.821531,0.821531,1629226020,2021-08-17T18:47:00
0.820088,0.820088,0.820088,0.820088,1629220440,2021-08-17T17:14:00
0.806709,0.806709,0.806709,0.806709,1629220140,2021-08-17T17:09:00
0.80222,0.80222,0.80222,0.80222,1629217080,2021-08-17T16:18:00
0.809793,0.809793,0.809793,0.809793,1629214500,2021-08-17T15:35:00
0.826594,0.826594,0.826594,0.826594,1629209580,2021-08-17T14:13:00
0.835026,0.835026,0.835026,0.835026,1629198240,2021-08-17T11:04:00
0.839085,0.839085,0.839085,0.839085,1629197580,2021-08-17T10:53:00
0.827735,0.827735,0.827735,0.827735,1629189900,2021-08-17T08:45:00
0.822968,0.822968,0.822968,0.822968,1629189360,2021-08-17T08:36:00
0.781093,0.781093,0.781093,0.781093,1629184620,2021-08-17T07:17:00
0.786033,0.786033,0.786033,0.786033,1629179940,2021-08-17T05:59:00
0.780975,0.780975,0.780975,0.780975,1629179160,2021-08-17T05:46:00
0.753206,0.753206,0.753206,0.753206,1629173580,2021-08-17T04:13:00
0.765015,0.765015,0.765015,0.765015,1629156900,2021-08-16T23:35:00
0.787306,0.787306,0.787306,0.787306,1629150300,2021-08-16T21:45:00
0.807187,0.807187,0.807187,0.807187,1629121440,2021-08-16T13:44:00
0.822539,0.822539,0.822539,0.822539,1629117240,2021-08-16T12:34:00
0.831311,0.831311,0.831311,0.831311,1629106200,2021-08-16T09:30:00
0.859576,0.859576,0.859576,0.859576,1629093720,2021-08-16T06:02:00
0.857621,0.857621,0.857621,0.857621,1629084060,2021-08-16T03:21:00
0.852582,0.852582,0.852582,0.852582,1629083640,2021-08-16T03:14:00
0.855854,0.855854,0.855854,0.855854,1629079080,2021-08-16T01:58:00
0.85852,0.85852,0.85852,0.85852,1629074940,2021-08-16T00:49:00
0.84334,0.84334,0.84334,0.84334,1629067740,2021-08-15T22:49:00
0.816766,0.816766,0.816766,0.816766,1629040260,2021-08-15T15:11:00
0.830346,0.830346,0.830346,0.830346,1629032280,2021-08-15T12:58:00
0.851071,0.851071,0.851071,0.851071,1629021540,2021-08-15T09:59:00
0.84762,0.84762,0.84762,0.84762,1629021420,2021-08-15T09:57:00
0.858597,0.858597,0.858597,0.858597,1629008460,2021-08-15T06:21:00
0.857671,0.857671,0.857671,0.857671,1629007980,2021-08-15T06:13:00
0.872377,0.872377,0.872377,0.872377,1629007620,2021-08-15T06:07:00
0.893325,0.893325,0.893325,0.893325,1629004320,2021-08-15T05:12:00
0.910366,0.910366,0.910366,0.910366,1628997000,2021-08-15T03:10:00
0.90913,0.90913,0.90913,0.90913,1628986020,2021-08-15T00:07:00
0.907326,0.907326,0.907326,0.907326,1628980500,2021-08-14T22:35:00
0.909568,0.909568,0.909568,0.909568,1628964540,2021-08-14T18:09:00
0.935339,0.935339,0.935339,0.935339,1628951580,2021-08-14T14:33:00
0.961772,0.961772,0.961772,0.961772,1628948700,2021-08-14T13:45:00
0.962089,0.962089,0.962089,0.962089,1628946240,2021-08-14T13:04:00
0.957891,0.957891,0.957891,0.957891,1628944560,2021-08-14T12:36:00
0.94321,0.94321,0.94321,0.94321,1628944140,2021-08-14T12:29:00
0.956625,0.956625,0.956625,0.956625,1628944080,2021-08-14T12:28:00
0.968781,0.968781,0.968781,0.968781,1628943960,2021-08-14T12:26:00
0.958416,0.958416,0.958416,0.958416,1628942280,2021-08-14T11:58:00
0.956755,0.956755,0.956755,0.956755,1628941620,2021-08-14T11:47:00
0.962799,0.962799,0.962799,0.962799,1628939940,2021-08-14T11:19:00
0.957203,0.957203,0.957203,0.957203,1628939340,2021-08-14T11:09:00
0.95515,0.95515,0.95515,0.95515,1628938140,2021-08-14T10:49:00
0.988309,0.988309,0.988309,0.988309,1628937660,2021-08-14T10:41:00
1.02816,1.02816,1.02816,1.02816,1628937360,2021-08-14T10:36:00
1.05343,1.05343,1.05343,1.05343,1628934780,2021-08-14T09:53:00
1.05985,1.05985,1.05985,1.05985,1628934300,2021-08-14T09:45:00
1.05889,1.05889,1.05889,1.05889,1628931240,2021-08-14T08:54:00
1.06634,1.06634,1.06634,1.06634,1628927700,2021-08-14T07:55:00
1.04734,1.05737,1.04734,1.05737,1628927460,2021-08-14T07:51:00
1.06729,1.06729,1.06729,1.06729,1628926560,2021-08-14T07:36:00
1.078,1.078,1.078,1.078,1628920980,2021-08-14T06:03:00
1.09765,1.09765,1.09765,1.09765,1628920500,2021-08-14T05:55:00
1.10671,1.10671,1.10671,1.10671,1628916840,2021-08-14T04:54:00
1.11347,1.11347,1.11347,1.11347,1628912520,2021-08-14T03:42:00
1.11526,1.11526,1.11526,1.11526,1628911560,2021-08-14T03:26:00
1.12123,1.12123,1.12123,1.12123,1628906820,2021-08-14T02:07:00
1.12783,1.12783,1.12783,1.12783,1628905740,2021-08-14T01:49:00
1.11896,1.11896,1.11896,1.11896,1628905080,2021-08-14T01:38:00
1.11687,1.11687,1.11013,1.11013,1628904060,2021-08-14T01:21:00
1.10292,1.10292,1.10292,1.10292,1628901060,2021-08-14T00:31:00
1.09855,1.09855,1.09855,1.09855,1628900280,2021-08-14T00:18:00
1.12361,1.12361,1.12361,1.12361,1628900220,2021-08-14T00:17:00
0.937752,0.937752,0.937752,0.937752,1628891820,2021-08-13T21:57:00
0.97667,0.97667,0.97667,0.97667,1628888280,2021-08-13T20:58:00
0.995953,0.995953,0.995953,0.995953,1628886240,2021-08-13T20:24:00
0.993164,0.993164,0.993164,0.993164,1628882580,2021-08-13T19:23:00
0.990197,0.990197,0.990197,0.990197,1628882460,2021-08-13T19:21:00
0.985383,0.985383,0.985383,0.985383,1628880060,2021-08-13T18:41:00
0.977964,0.977964,0.977964,0.977964,1628878260,2021-08-13T18:11:00
0.986485,0.986485,0.986485,0.986485,1628876580,2021-08-13T17:43:00
0.992362,0.992362,0.983829,0.983829,1628876280,2021-08-13T17:38:00
0.999166,0.999166,0.999166,0.999166,1628874540,2021-08-13T17:09:00
1.01895,1.01895,1.01895,1.01895,1628872740,2021-08-13T16:39:00
1.0075,1.02191,1.0075,1.02191,1628869800,2021-08-13T15:50:00
1.03752,1.03752,1.03752,1.03752,1628869740,2021-08-13T15:49:00
1.09001,1.09001,1.09001,1.09001,1628869560,2021-08-13T15:46:00
1.08271,1.08271,1.08271,1.08271,1628866440,2021-08-13T14:54:00
1.07234,1.07234,1.07234,1.07234,1628866380,2021-08-13T14:53:00
1.08557,1.08557,1.08557,1.08557,1628865660,2021-08-13T14:41:00
1.10684,1.10684,1.10684,1.10684,1628864940,2021-08-13T14:29:00
1.08174,1.08174,1.08174,1.08174,1628864640,2021-08-13T14:24:00
1.07653,1.07653,1.07653,1.07653,1628863680,2021-08-13T14:08:00
1.06591,1.06591,1.06591,1.06591,1628863500,2021-08-13T14:05:00
1.06945,1.06945,1.06945,1.06945,1628862540,2021-08-13T13:49:00
1.06188,1.06188,1.06188,1.06188,1628862060,2021-08-13T13:41:00
1.0616,1.0616,1.0616,1.0616,1628861220,2021-08-13T13:27:00
1.04172,1.04172,1.04172,1.04172,1628860920,2021-08-13T13:22:00
1.02299,1.02299,1.02299,1.02299,1628860620,2021-08-13T13:17:00
1.02782,1.02782,1.02782,1.02782,1628860200,2021-08-13T13:10:00
1.01395,1.01395,1.01395,1.01395,1628859900,2021-08-13T13:05:00
0.994857,0.994857,0.994857,0.994857,1628858940,2021-08-13T12:49:00
0.980614,0.980614,0.980614,0.980614,1628857560,2021-08-13T12:26:00
0.963834,0.963834,0.963834,0.963834,1628856720,2021-08-13T12:12:00
0.942679,0.942679,0.942679,0.942679,1628855820,2021-08-13T11:57:00
0.929849,0.929849,0.929849,0.929849,1628854080,2021-08-13T11:28:00
0.931232,0.931232,0.931232,0.931232,1628853780,2021-08-13T11:23:00
0.928559,0.928559,0.928559,0.928559,1628853120,2021-08-13T11:12:00
0.914285,0.914285,0.914285,0.914285,1628852760,2021-08-13T11:06:00
0.91655,0.91655,0.91655,0.91655,1628852220,2021-08-13T10:57:00
0.920638,0.920638,0.920638,0.920638,1628849760,2021-08-13T10:16:00
0.929503,0.929503,0.929503,0.929503,1628849220,2021-08-13T10:07:00
0.93486,0.93486,0.93486,0.93486,1628844420,2021-08-13T08:47:00
0.935568,0.935568,0.935568,0.935568,1628842800,2021-08-13T08:20:00
0.941278,0.941278,0.941278,0.941278,1628842740,2021-08-13T08:19:00
0.941574,0.941574,0.941574,0.941574,1628839980,2021-08-13T07:33:00
0.935684,0.935684,0.935684,0.935684,1628839080,2021-08-13T07:18:00
0.923504,0.923504,0.923504,0.923504,1628838240,2021-08-13T07:04:00
0.912277,0.912277,0.912277,0.912277,1628836200,2021-08-13T06:30:00
0.91072,0.91072,0.91072,0.91072,1628834460,2021-08-13T06:01:00
0.915575,0.915575,0.915575,0.915575,1628834400,2021-08-13T06:00:00
0.921465,0.921465,0.921465,0.921465,1628833860,2021-08-13T05:51:00
0.913691,0.913691,0.913691,0.913691,1628831520,2021-08-13T05:12:00
0.916964,0.916964,0.916964,0.916964,1628831460,2021-08-13T05:11:00
0.921371,0.921371,0.921371,0.921371,1628831100,2021-08-13T05:05:00
0.886941,0.886941,0.886941,0.886941,1628828400,2021-08-13T04:20:00
0.890622,0.890622,0.890622,0.890622,1628825400,2021-08-13T03:30:00
0.89401,0.89401,0.89401,0.89401,1628825340,2021-08-13T03:29:00
0.881643,0.881643,0.881643,0.881643,1628824860,2021-08-13T03:21:00
0.865088,0.865088,0.865088,0.865088,1628822640,2021-08-13T02:44:00
0.853006,0.853006,0.853006,0.853006,1628821980,2021-08-13T02:33:00
0.839722,0.839722,0.839722,0.839722,1628818260,2021-08-13T01:31:00
0.836652,0.836652,0.836652,0.836652,1628815860,2021-08-13T00:51:00
0.837092,0.837092,0.837092,0.837092,1628815080,2021-08-13T00:38:00
0.838275,0.838275,0.838275,0.838275,1628814120,2021-08-13T00:22:00
0.829406,0.829406,0.829406,0.829406,1628813700,2021-08-13T00:15:00
0.807108,0.807108,0.807108,0.807108,1628808900,2021-08-12T22:55:00
0.821887,0.821887,0.821887,0.821887,1628804520,2021-08-12T21:42:00
0.825903,0.825903,0.825903,0.825903,1628803800,2021-08-12T21:30:00
0.82298,0.82298,0.82298,0.82298,1628801820,2021-08-12T20:57:00
0.795956,0.795956,0.795956,0.795956,1628800380,2021-08-12T20:33:00
0.791186,0.791186,0.791186,0.791186,1628800080,2021-08-12T20:28:00
0.788161,0.788161,0.788161,0.788161,1628800020,2021-08-12T20:27:00
0.761485,0.761485,0.761485,0.761485,1628799660,2021-08-12T20:21:00
0.70618,0.70618,0.70618,0.70618,1628786940,2021-08-12T16:49:00
0.722746,0.722746,0.722746,0.722746,1628778660,2021-08-12T14:31:00
0.739877,0.739877,0.739877,0.739877,1628769600,2021-08-12T12:00:00
0.739932,0.739932,0.739932,0.739932,1628767560,2021-08-12T11:26:00
0.719472,0.719472,0.719472,0.719472,1628766600,2021-08-12T11:10:00
0.710847,0.710847,0.710847,0.710847,1628766540,2021-08-12T11:09:00
0.703309,0.703309,0.703309,0.703309,1628766420,2021-08-12T11:07:00
0.698106,0.698106,0.698106,0.698106,1628766360,2021-08-12T11:06:00
0.690908,0.690908,0.690908,0.690908,1628765880,2021-08-12T10:58:00
0.675371,0.675371,0.675371,0.675371,1628763960,2021-08-12T10:26:00
0.678563,0.678563,0.678563,0.678563,1628762880,2021-08-12T10:08:00
0.684481,0.684481,0.684481,0.684481,1628762820,2021-08-12T10:07:00
0.683041,0.683041,0.683041,0.683041,1628706180,2021-08-11T18:23:00
0.655369,0.655369,0.655369,0.655369,1628706120,2021-08-11T18:22:00
0.668047,0.668047,0.668047,0.668047,1628696880,2021-08-11T15:48:00
0.667948,0.667948,0.667948,0.667948,1628684580,2021-08-11T12:23:00
0.656951,0.656951,0.656951,0.656951,1628656140,2021-08-11T04:29:00
0.653656,0.653656,0.653656,0.653656,1628650140,2021-08-11T02:49:00
0.660462,0.660462,0.660462,0.660462,1628638020,2021-08-10T23:27:00
0.670124,0.670124,0.670124,0.670124,1628635620,2021-08-10T22:47:00
0.686442,0.686442,0.686442,0.686442,1628635260,2021-08-10T22:41:00
0.677145,0.677145,0.677145,0.677145,1628629380,2021-08-10T21:03:00
0.660823,0.660823,0.660823,0.660823,1628615580,2021-08-10T17:13:00
0.671653,0.671653,0.671653,0.671653,1628614560,2021-08-10T16:56:00
0.69067,0.69067,0.69067,0.69067,1628607000,2021-08-10T14:50:00
0.686783,0.686783,0.686783,0.686783,1628605740,2021-08-10T14:29:00
0.69125,0.69125,0.69125,0.69125,1628605440,2021-08-10T14:24:00
0.694287,0.694287,0.694287,0.694287,1628604420,2021-08-10T14:07:00
0.698071,0.698071,0.698071,0.698071,1628604360,2021-08-10T14:06:00
0.718364,0.718364,0.718364,0.718364,1628602860,2021-08-10T13:41:00
0.720983,0.720983,0.720983,0.720983,1628599800,2021-08-10T12:50:00
0.719275,0.719275,0.719275,0.719275,1628596740,2021-08-10T11:59:00
0.727177,0.727177,0.727177,0.727177,1628595540,2021-08-10T11:39:00
0.716369,0.716369,0.716369,0.716369,1628593320,2021-08-10T11:02:00
0.710792,0.710792,0.710792,0.710792,1628585160,2021-08-10T08:46:00
0.708608,0.708608,0.708608,0.708608,1628579160,2021-08-10T07:06:00
0.712063,0.712063,0.712063,0.712063,1628571480,2021-08-10T04:58:00
0.715771,0.715771,0.715771,0.715771,1628570880,2021-08-10T04:48:00
0.719644,0.719644,0.719644,0.719644,1628566560,2021-08-10T03:36:00
0.737827,0.737827,0.737827,0.737827,1628563500,2021-08-10T02:45:00
0.754344,0.754344,0.754344,0.754344,1628562720,2021-08-10T02:32:00
0.763556,0.763556,0.763556,0.763556,1628562480,2021-08-10T02:28:00
0.643206,0.643206,0.643206,0.643206,1628544840,2021-08-09T21:34:00
0.666596,0.666596,0.666596,0.666596,1628538540,2021-08-09T19:49:00
0.666276,0.666276,0.666276,0.666276,1628533980,2021-08-09T18:33:00
0.659521,0.659521,0.659521,0.659521,1628530020,2021-08-09T17:27:00
0.666259,0.666259,0.666259,0.666259,1628528400,2021-08-09T17:00:00
0.684623,0.684623,0.684623,0.684623,1628528280,2021-08-09T16:58:00
0.714248,0.714248,0.714248,0.714248,1628528040,2021-08-09T16:54:00
0.715996,0.715996,0.715996,0.715996,1628527560,2021-08-09T16:46:00
0.720065,0.720065,0.720065,0.720065,1628527380,2021-08-09T16:43:00
0.725668,0.725668,0.725668,0.725668,1628526900,2021-08-09T16:35:00
0.735228,0.735228,0.735228,0.735228,1628526540,2021-08-09T16:29:00
0.728776,0.728776,0.728776,0.728776,1628526000,2021-08-09T16:20:00
0.705507,0.705507,0.705507,0.705507,1628525880,2021-08-09T16:18:00
0.689523,0.689523,0.689523,0.689523,1628525820,2021-08-09T16:17:00
0.679388,0.679388,0.679388,0.679388,1628525640,2021-08-09T16:14:00
0.556972,0.556972,0.556972,0.556972,1628525280,2021-08-09T16:08:00
0.538383,0.538383,0.538383,0.538383,1628517180,2021-08-09T13:53:00
0.541836,0.541836,0.541836,0.541836,1628513760,2021-08-09T12:56:00
0.55832,0.55832,0.55832,0.55832,1628511660,2021-08-09T12:21:00
0.550554,0.550554,0.550554,0.550554,1628499240,2021-08-09T08:54:00
0.536389,0.536389,0.536389,0.536389,1628495040,2021-08-09T07:44:00
0.515304,0.515304,0.515304,0.515304,1628491020,2021-08-09T06:37:00
0.512887,0.512887,0.512887,0.512887,1628490480,2021-08-09T06:28:00
0.507706,0.507706,0.507706,0.507706,1628476620,2021-08-09T02:37:00
0.509255,0.509255,0.509255,0.509255,1628469120,2021-08-09T00:32:00
0.502764,0.502764,0.502764,0.502764,1628455200,2021-08-08T20:40:00
0.509535,0.509535,0.509535,0.509535,1628419260,2021-08-08T10:41:00
0.518538,0.518538,0.518538,0.518538,1628416500,2021-08-08T09:55:00
0.513237,0.513237,0.513237,0.513237,1628380260,2021-08-07T23:51:00
0.505269,0.505269,0.505269,0.505269,1628365140,2021-08-07T19:39:00
0.507281,0.507281,0.507281,0.507281,1628360880,2021-08-07T18:28:00
0.51102,0.51102,0.51102,0.51102,1628356860,2021-08-07T17:21:00
0.516999,0.516999,0.516999,0.516999,1628347500,2021-08-07T14:45:00
0.517803,0.517803,0.517803,0.517803,1628346360,2021-08-07T14:26:00
0.492933,0.492933,0.492933,0.492933,1628303820,2021-08-07T02:37:00
0.495176,0.495176,0.495176,0.495176,1628282820,2021-08-06T20:47:00
0.500014,0.500014,0.500014,0.500014,1628278800,2021-08-06T19:40:00
0.494673,0.494673,0.494673,0.494673,1628271240,2021-08-06T17:34:00
0.478995,0.478995,0.478995,0.478995,1628245380,2021-08-06T10:23:00
0.487032,0.487032,0.487032,0.487032,1628233440,2021-08-06T07:04:00
0.67433,0.67433,0.67433,0.67433,1628219460,2021-08-06T03:11:00
0.503192,0.503192,0.503192,0.503192,1628217840,2021-08-06T02:44:00
0.802735,0.802735,0.802735,0.802735,1628217240,2021-08-06T02:34:00
0.481899,0.481899,0.481899,0.481899,1628214120,2021-08-06T01:42:00
0.47725,0.47725,0.47725,0.47725,1628181480,2021-08-05T16:38:00
0.448392,0.448392,0.448392,0.448392,1628166720,2021-08-05T12:32:00
0.450711,0.450711,0.450711,0.450711,1628164500,2021-08-05T11:55:00
0.466658,0.466658,0.466658,0.466658,1628136060,2021-08-05T04:01:00
0.47173,0.47173,0.47173,0.47173,1628134440,2021-08-05T03:34:00
0.482941,0.482941,0.482941,0.482941,1628133300,2021-08-05T03:15:00
0.48696,0.48696,0.48696,0.48696,1628132640,2021-08-05T03:04:00
0.492586,0.492586,0.492586,0.492586,1628119260,2021-08-04T23:21:00
0.500732,0.500732,0.500732,0.500732,1628109960,2021-08-04T20:46:00
0.483858,0.483858,0.483858,0.483858,1628098500,2021-08-04T17:35:00
0.477526,0.477526,0.477526,0.477526,1628096520,2021-08-04T17:02:00
0.46415,0.46415,0.46415,0.46415,1628084220,2021-08-04T13:37:00
0.446187,0.446187,0.446187,0.446187,1628077680,2021-08-04T11:48:00
0.444397,0.444397,0.444397,0.444397,1628070960,2021-08-04T09:56:00
0.446529,0.446529,0.446529,0.446529,1628066460,2021-08-04T08:41:00
0.456593,0.456593,0.456593,0.456593,1628057100,2021-08-04T06:05:00
0.45961,0.45961,0.45961,0.45961,1628056920,2021-08-04T06:02:00
0.438641,0.438641,0.438641,0.438641,1628044440,2021-08-04T02:34:00
0.443452,0.443452,0.443452,0.443452,1628036880,2021-08-04T00:28:00
0.444437,0.444437,0.444437,0.444437,1628027040,2021-08-03T21:44:00
0.450077,0.450077,0.450077,0.450077,1628013180,2021-08-03T17:53:00
0.45691,0.45691,0.45691,0.45691,1627987860,2021-08-03T10:51:00
0.456226,0.456226,0.456226,0.456226,1627985400,2021-08-03T10:10:00
0.467349,0.467349,0.467349,0.467349,1627960440,2021-08-03T03:14:00
0.482608,0.482608,0.482608,0.482608,1627951800,2021-08-03T00:50:00
0.463789,0.463789,0.463789,0.463789,1627946460,2021-08-02T23:21:00
0.469359,0.469359,0.469359,0.469359,1627932480,2021-08-02T19:28:00
0.46787,0.46787,0.46787,0.46787,1627928160,2021-08-02T18:16:00
0.469655,0.469655,0.469655,0.469655,1627927860,2021-08-02T18:11:00
0.472345,0.472345,0.472345,0.472345,1627919760,2021-08-02T15:56:00
0.466898,0.466898,0.466898,0.466898,1627903140,2021-08-02T11:19:00
0.46444,0.46444,0.46444,0.46444,1627897200,2021-08-02T09:40:00
0.468369,0.468369,0.468369,0.468369,1627894980,2021-08-02T09:03:00
0.478598,0.478598,0.478598,0.478598,1627891860,2021-08-02T08:11:00
0.472685,0.472685,0.472685,0.472685,1627880700,2021-08-02T05:05:00
0.474586,0.474586,0.474586,0.474586,1627872660,2021-08-02T02:51:00
0.473905,0.473905,0.473905,0.473905,1627866720,2021-08-02T01:12:00
0.48332,0.48332,0.48332,0.48332,1627861680,2021-08-01T23:48:00
0.52389,0.52389,0.52389,0.52389,1627853520,2021-08-01T21:32:00
0.51935,0.51935,0.51935,0.51935,1627845600,2021-08-01T19:20:00
0.522901,0.522901,0.522901,0.522901,1627821480,2021-08-01T12:38:00
0.52103,0.52103,0.52103,0.52103,1627817340,2021-08-01T11:29:00
0.529317,0.529317,0.529317,0.529317,1627807020,2021-08-01T08:37:00
0.518173,0.518173,0.518173,0.518173,1627792980,2021-08-01T04:43:00
0.51227,0.51227,0.51227,0.51227,1627789320,2021-08-01T03:42:00
0.508561,0.508561,0.508561,0.508561,1627781520,2021-08-01T01:32:00
0.49707,0.49707,0.49707,0.49707,1627778580,2021-08-01T00:43:00
0.478412,0.478412,0.478412,0.478412,1627773840,2021-07-31T23:24:00
0.465743,0.465743,0.465743,0.465743,1627763580,2021-07-31T20:33:00
0.464447,0.464447,0.464447,0.464447,1627752120,2021-07-31T17:22:00
0.46618,0.46618,0.46618,0.46618,1627747140,2021-07-31T15:59:00
0.466826,0.466826,0.466826,0.466826,1627746840,2021-07-31T15:54:00
0.467621,0.467621,0.467621,0.467621,1627742400,2021-07-31T14:40:00
0.468574,0.468574,0.468574,0.468574,1627737960,2021-07-31T13:26:00
0.468663,0.468663,0.468663,0.468663,1627721640,2021-07-31T08:54:00
0.466458,0.466458,0.466458,0.466458,1627713720,2021-07-31T06:42:00
0.468699,0.468699,0.468699,0.468699,1627712640,2021-07-31T06:24:00
0.472456,0.472456,0.472456,0.472456,1627708560,2021-07-31T05:16:00
0.473179,0.473179,0.473179,0.473179,1627682880,2021-07-30T22:08:00
0.456209,0.456209,0.456209,0.456209,1627657920,2021-07-30T15:12:00
0.45708,0.45708,0.45708,0.45708,1627653840,2021-07-30T14:04:00
0.450817,0.450817,0.450817,0.450817,1627650360,2021-07-30T13:06:00
0.453859,0.453859,0.453859,0.453859,1627641960,2021-07-30T10:46:00
0.454736,0.454736,0.454736,0.454736,1627636440,2021-07-30T09:14:00
0.455082,0.455082,0.455082,0.455082,1627636200,2021-07-30T09:10:00
0.459105,0.459105,0.459105,0.459105,1627635840,2021-07-30T09:04:00
0.474393,0.474393,0.474393,0.474393,1627622640,2021-07-30T05:24:00
0.47085,0.47085,0.47085,0.47085,1627607520,2021-07-30T01:12:00
0.463235,0.463235,0.463235,0.463235,1627593480,2021-07-29T21:18:00
0.464669,0.464669,0.464669,0.464669,1627572720,2021-07-29T15:32:00
0.465447,0.465447,0.465447,0.465447,1627570920,2021-07-29T15:02:00
0.466802,0.466802,0.466802,0.466802,1627569900,2021-07-29T14:45:00
0.469097,0.469097,0.469097,0.469097,1627569660,2021-07-29T14:41:00
0.465817,0.465817,0.465817,0.465817,1627569360,2021-07-29T14:36:00
0.466063,0.466063,0.466063,0.466063,1627568460,2021-07-29T14:21:00
0.466715,0.466715,0.466715,0.466715,1627563180,2021-07-29T12:53:00
0.470591,0.470591,0.470591,0.470591,1627560600,2021-07-29T12:10:00
0.468316,0.468316,0.468316,0.468316,1627560540,2021-07-29T12:09:00
0.472046,0.472046,0.472046,0.472046,1627559880,2021-07-29T11:58:00
0.477644,0.477644,0.477644,0.477644,1627552140,2021-07-29T09:49:00
0.479007,0.479007,0.479007,0.479007,1627552020,2021-07-29T09:47:00
0.479236,0.479236,0.479236,0.479236,1627551000,2021-07-29T09:30:00
0.47649,0.47649,0.47649,0.47649,1627537920,2021-07-29T05:52:00
0.474759,0.474759,0.474759,0.474759,1627535040,2021-07-29T05:04:00
0.474149,0.474149,0.474149,0.474149,1627534440,2021-07-29T04:54:00
0.470124,0.470124,0.470124,0.470124,1627534140,2021-07-29T04:49:00
0.466802,0.466802,0.466802,0.466802,1627512480,2021-07-28T22:48:00
0.465884,0.465884,0.465884,0.465884,1627493400,2021-07-28T17:30:00
0.465979,0.465979,0.465979,0.465979,1627493100,2021-07-28T17:25:00
0.45021,0.45021,0.45021,0.45021,1627486560,2021-07-28T15:36:00
0.451022,0.451022,0.451022,0.451022,1627480200,2021-07-28T13:50:00
0.446605,0.446605,0.446605,0.446605,1627477440,2021-07-28T13:04:00
0.440583,0.440583,0.440583,0.440583,1627474260,2021-07-28T12:11:00
0.435856,0.435856,0.435856,0.435856,1627474140,2021-07-28T12:09:00
0.438304,0.438304,0.438304,0.438304,1627472100,2021-07-28T11:35:00
0.444528,0.444528,0.444528,0.444528,1627460460,2021-07-28T08:21:00
0.421324,0.421324,0.421324,0.421324,1627448040,2021-07-28T04:54:00
0.423328,0.423328,0.423328,0.423328,1627446900,2021-07-28T04:35:00
0.432811,0.432811,0.432811,0.432811,1627445520,2021-07-28T04:12:00
0.446366,0.446366,0.446366,0.446366,1627440600,2021-07-28T02:50:00
0.444502,0.444502,0.444502,0.444502,1627438620,2021-07-28T02:17:00
0.435359,0.435359,0.435359,0.435359,1627436160,2021-07-28T01:36:00
0.434106,0.434106,0.434106,0.434106,1627425900,2021-07-27T22:45:00
0.42769,0.42769,0.42769,0.42769,1627419300,2021-07-27T20:55:00
0.428751,0.428751,0.428751,0.428751,1627414320,2021-07-27T19:32:00
0.441591,0.441591,0.441591,0.441591,1627402860,2021-07-27T16:21:00
0.454857,0.454857,0.454857,0.454857,1627402320,2021-07-27T16:12:00
0.461395,0.461395,0.461395,0.461395,1627393380,2021-07-27T13:43:00
0.440901,0.440901,0.440901,0.440901,1627376040,2021-07-27T08:54:00
0.440133,0.440133,0.440133,0.440133,1627371960,2021-07-27T07:46:00
0.436996,0.436996,0.436996,0.436996,1627367880,2021-07-27T06:38:00
0.437534,0.437534,0.437534,0.437534,1627367400,2021-07-27T06:30:00
0.436172,0.436172,0.436172,0.436172,1627361340,2021-07-27T04:49:00
0.445982,0.445982,0.445982,0.445982,1627359060,2021-07-27T04:11:00
0.472249,0.472249,0.472249,0.472249,1627337520,2021-07-26T22:12:00
0.478535,0.478535,0.478535,0.478535,1627333320,2021-07-26T21:02:00
0.499026,0.499026,0.499026,0.499026,1627323600,2021-07-26T18:20:00
0.500247,0.500247,0.500247,0.500247,1627319400,2021-07-26T17:10:00
0.506681,0.506681,0.506681,0.506681,1627318920,2021-07-26T17:02:00
0.525849,0.525849,0.525849,0.525849,1627318560,2021-07-26T16:56:00
0.527613,0.527613,0.527613,0.527613,1627313700,2021-07-26T15:35:00
0.529567,0.529567,0.529567,0.529567,1627310940,2021-07-26T14:49:00
0.533907,0.533907,0.533907,0.533907,1627309620,2021-07-26T14:27:00
0.532348,0.532348,0.532348,0.532348,1627306680,2021-07-26T13:38:00
0.534484,0.534484,0.534484,0.534484,1627305600,2021-07-26T13:20:00
0.538593,0.538593,0.538593,0.538593,1627305000,2021-07-26T13:10:00
0.548923,0.548923,0.548923,0.548923,1627304220,2021-07-26T12:57:00
0.548401,0.548401,0.548401,0.548401,1627303740,2021-07-26T12:49:00
0.54639,0.54639,0.54639,0.54639,1627303560,2021-07-26T12:46:00
0.543021,0.543021,0.543021,0.543021,1627296540,2021-07-26T10:49:00
0.543845,0.543845,0.543845,0.543845,1627294620,2021-07-26T10:17:00
0.544878,0.544878,0.544878,0.544878,1627294500,2021-07-26T10:15:00
0.545598,0.545598,0.545598,0.545598,1627291800,2021-07-26T09:30:00
0.544641,0.544641,0.544641,0.544641,1627289340,2021-07-26T08:49:00
0.555358,0.555358,0.555358,0.555358,1627284540,2021-07-26T07:29:00
0.557557,0.557557,0.557557,0.557557,1627284360,2021-07-26T07:26:00
0.560784,0.560784,0.560784,0.560784,1627279980,2021-07-26T06:13:00
0.560174,0.560174,0.560174,0.560174,1627279020,2021-07-26T05:57:00
0.560677,0.560677,0.560677,0.560677,1627278780,2021-07-26T05:53:00
0.55769,0.55769,0.55769,0.55769,1627276740,2021-07-26T05:19:00
0.547831,0.547831,0.547831,0.547831,1627273080,2021-07-26T04:18:00
0.538293,0.538293,0.538293,0.538293,1627262940,2021-07-26T01:29:00
0.539399,0.539399,0.539399,0.539399,1627262100,2021-07-26T01:15:00
0.507811,0.507811,0.507811,0.507811,1627254540,2021-07-25T23:09:00
0.508696,0.508696,0.508696,0.508696,1627251960,2021-07-25T22:26:00
0.51426,0.51426,0.51426,0.51426,1627247460,2021-07-25T21:11:00
0.521445,0.521445,0.521445,0.521445,1627246380,2021-07-25T20:53:00
0.528207,0.528207,0.528207,0.528207,1627241640,2021-07-25T19:34:00
0.526534,0.526534,0.526534,0.526534,1627233420,2021-07-25T17:17:00
0.530424,0.530424,0.530424,0.530424,1627233240,2021-07-25T17:14:00
0.538693,0.538693,0.538693,0.538693,1627233180,2021-07-25T17:13:00
0.553334,0.553334,0.553334,0.553334,1627231200,2021-07-25T16:40:00
0.553744,0.553744,0.553744,0.553744,1627228080,2021-07-25T15:48:00
0.549188,0.549188,0.549188,0.549188,1627225200,2021-07-25T15:00:00
0.547516,0.547516,0.547516,0.547516,1627223760,2021-07-25T14:36:00
0.553348,0.553348,0.553348,0.553348,1627223040,2021-07-25T14:24:00
0.556598,0.556598,0.556598,0.556598,1627222980,2021-07-25T14:23:00
0.561908,0.561908,0.561908,0.561908,1627220820,2021-07-25T13:47:00
0.566229,0.566229,0.566229,0.566229,1627219740,2021-07-25T13:29:00
0.567452,0.567452,0.567452,0.567452,1627219020,2021-07-25T13:17:00
0.572556,0.572556,0.572556,0.572556,1627217160,2021-07-25T12:46:00
0.574459,0.574459,0.574459,0.574459,1627217040,2021-07-25T12:44:00
0.58524,0.58524,0.58524,0.58524,1627216380,2021-07-25T12:33:00
0.584478,0.584478,0.584478,0.584478,1627216320,2021-07-25T12:32:00
0.582137,0.582137,0.582137,0.582137,1627215660,2021-07-25T12:21:00
0.58012,0.58012,0.58012,0.58012,1627215300,2021-07-25T12:15:00
0.580237,0.580237,0.580237,0.580237,1627214820,2021-07-25T12:07:00
0.578217,0.578217,0.578217,0.578217,1627213380,2021-07-25T11:43:00
0.5827,0.5827,0.5827,0.5827,1627212720,2021-07-25T11:32:00
0.580553,0.580553,0.580553,0.580553,1627210920,2021-07-25T11:02:00
0.585753,0.585753,0.585753,0.585753,1627201560,2021-07-25T08:26:00
0.600778,0.600778,0.600778,0.600778,1627200360,2021-07-25T08:06:00
0.590833,0.590833,0.590833,0.590833,1627199820,2021-07-25T07:57:00
0.563313,0.563313,0.563313,0.563313,1627196160,2021-07-25T06:56:00
0.563647,0.563647,0.563647,0.563647,1627195860,2021-07-25T06:51:00
0.558639,0.558639,0.558639,0.558639,1627191420,2021-07-25T05:37:00
0.551759,0.551759,0.551759,0.551759,1627191060,2021-07-25T05:31:00
0.544454,0.544454,0.544454,0.544454,1627181340,2021-07-25T02:49:00
0.549756,0.549756,0.549756,0.549756,1627171800,2021-07-25T00:10:00
0.54281,0.54281,0.54281,0.54281,1627168920,2021-07-24T23:22:00
0.544106,0.544106,0.544106,0.544106,1627165980,2021-07-24T22:33:00
0.559574,0.559574,0.559574,0.559574,1627164060,2021-07-24T22:01:00
0.567943,0.567943,0.567943,0.567943,1627162740,2021-07-24T21:39:00
0.570534,0.570534,0.570534,0.570534,1627162620,2021-07-24T21:37:00
0.54616,0.54616,0.54616,0.54616,1627162260,2021-07-24T21:31:00
0.54326,0.54326,0.54326,0.54326,1627161840,2021-07-24T21:24:00
0.530586,0.530586,0.530586,0.530586,1627161780,2021-07-24T21:23:00
0.513859,0.513859,0.513859,0.513859,1627159980,2021-07-24T20:53:00
0.516357,0.516357,0.516357,0.516357,1627159800,2021-07-24T20:50:00
0.512262,0.512262,0.512262,0.512262,1627158780,2021-07-24T20:33:00
0.511105,0.511105,0.511105,0.511105,1627158480,2021-07-24T20:28:00
0.505609,0.552012,0.505609,0.552012,1627157580,2021-07-24T20:13:00
0.514715,0.514715,0.514715,0.514715,1627154160,2021-07-24T19:16:00
0.537901,0.537901,0.537901,0.537901,1627154100,2021-07-24T19:15:00
0.55225,0.55225,0.55225,0.55225,1627153500,2021-07-24T19:05:00
0.545132,0.545132,0.545132,0.545132,1627152840,2021-07-24T18:54:00
0.541845,0.541845,0.541845,0.541845,1627150860,2021-07-24T18:21:00
0.537853,0.537853,0.537853,0.537853,1627150500,2021-07-24T18:15:00
0.51731,0.51731,0.51731,0.51731,1627149960,2021-07-24T18:06:00
0.506259,0.506259,0.506259,0.506259,1627149780,2021-07-24T18:03:00
0.494865,0.494865,0.494865,0.494865,1627148580,2021-07-24T17:43:00
0.48369,0.48369,0.48369,0.48369,1627148040,2021-07-24T17:34:00
0.458029,0.458029,0.458029,0.458029,1627140000,2021-07-24T15:20:00
0.452058,0.452058,0.452058,0.452058,1627139520,2021-07-24T15:12:00
0.426832,0.426832,0.426832,0.426832,1627136820,2021-07-24T14:27:00
0.449922,0.449922,0.449922,0.449922,1627136520,2021-07-24T14:22:00
0.452931,0.452931,0.452931,0.452931,1627133940,2021-07-24T13:39:00
0.445602,0.445602,0.445602,0.445602,1627129740,2021-07-24T12:29:00
0.449319,0.449319,0.449319,0.449319,1627126260,2021-07-24T11:31:00
0.448716,0.448716,0.448716,0.448716,1627123140,2021-07-24T10:39:00
0.448663,0.448663,0.448663,0.448663,1627122600,2021-07-24T10:30:00
0.439166,0.439166,0.439166,0.439166,1627117320,2021-07-24T09:02:00
0.442625,0.442625,0.442625,0.442625,1627114380,2021-07-24T08:13:00
0.442084,0.442084,0.442084,0.442084,1627108860,2021-07-24T06:41:00
0.438006,0.438006,0.438006,0.438006,1627108680,2021-07-24T06:38:00
0.436745,0.436745,0.436745,0.436745,1627107180,2021-07-24T06:13:00
0.454121,0.454121,0.446417,0.446417,1627107000,2021-07-24T06:10:00
0.416425,0.416425,0.416425,0.416425,1627106880,2021-07-24T06:08:00
0.414511,0.414511,0.414511,0.414511,1627106700,2021-07-24T06:05:00
0.405605,0.405605,0.405605,0.405605,1627103400,2021-07-24T05:10:00
0.397773,0.397773,0.397773,0.397773,1627095900,2021-07-24T03:05:00
0.399144,0.399144,0.399144,0.399144,1627092780,2021-07-24T02:13:00
0.389937,0.389937,0.389937,0.389937,1627078860,2021-07-23T22:21:00
0.384239,0.384239,0.384239,0.384239,1627063020,2021-07-23T17:57:00
0.38795,0.38795,0.38795,0.38795,1627057200,2021-07-23T16:20:00
0.394655,0.394655,0.394655,0.394655,1627032180,2021-07-23T09:23:00
0.398685,0.398685,0.398685,0.398685,1627014960,2021-07-23T04:36:00
0.398518,0.398518,0.398518,0.398518,1627009140,2021-07-23T02:59:00
0.393473,0.393473,0.393473,0.393473,1626999240,2021-07-23T00:14:00
0.397215,0.397215,0.397215,0.397215,1626997800,2021-07-22T23:50:00
0.392184,0.392184,0.392184,0.392184,1626993720,2021-07-22T22:42:00
0.39182,0.39182,0.39182,0.39182,1626993300,2021-07-22T22:35:00
0.393566,0.393566,0.393566,0.393566,1626982800,2021-07-22T19:40:00
0.393895,0.393895,0.393895,0.393895,1626974400,2021-07-22T17:20:00
0.385762,0.385762,0.385762,0.385762,1626956640,2021-07-22T12:24:00
0.384169,0.384169,0.384169,0.384169,1626955740,2021-07-22T12:09:00
0.384783,0.384783,0.384783,0.384783,1626944220,2021-07-22T08:57:00
0.387452,0.387452,0.387452,0.387452,1626943380,2021-07-22T08:43:00
0.38707,0.38707,0.38707,0.38707,1626941460,2021-07-22T08:11:00
0.38549,0.38549,0.38549,0.38549,1626937500,2021-07-22T07:05:00
0.385512,0.385512,0.385512,0.385512,1626937080,2021-07-22T06:58:00
0.385101,0.385101,0.385101,0.385101,1626934860,2021-07-22T06:21:00
0.386464,0.386464,0.386464,0.386464,1626934260,2021-07-22T06:11:00
0.383016,0.383016,0.383016,0.383016,1626924660,2021-07-22T03:31:00
0.386994,0.386994,0.386994,0.386994,1626924120,2021-07-22T03:22:00
0.374078,0.374078,0.374078,0.374078,1626919080,2021-07-22T01:58:00
0.374047,0.374047,0.374047,0.374047,1626911100,2021-07-21T23:45:00
0.374996,0.374996,0.374996,0.374996,1626908760,2021-07-21T23:06:00
0.367923,0.367923,0.367923,0.367923,1626895800,2021-07-21T19:30:00
0.378589,0.378589,0.378589,0.378589,1626892800,2021-07-21T18:40:00
0.371184,0.371184,0.371184,0.371184,1626880440,2021-07-21T15:14:00
0.365766,0.365766,0.365766,0.365766,1626866280,2021-07-21T11:18:00
0.362226,0.362226,0.362226,0.362226,1626859200,2021-07-21T09:20:00
0.3639,0.3639,0.3639,0.3639,1626857460,2021-07-21T08:51:00
0.363938,0.363938,0.363938,0.363938,1626850320,2021-07-21T06:52:00
0.361958,0.361958,0.361958,0.361958,1626850020,2021-07-21T06:47:00
0.359333,0.359333,0.359333,0.359333,1626842100,2021-07-21T04:35:00
0.34754,0.34754,0.34754,0.34754,1626840420,2021-07-21T04:07:00
0.33784,0.33784,0.33784,0.33784,1626789780,2021-07-20T14:03:00
0.338769,0.338769,0.338769,0.338769,1626789240,2021-07-20T13:54:00
0.342619,0.342619,0.342619,0.342619,1626764460,2021-07-20T07:01:00
0.340977,0.340977,0.340977,0.340977,1626760200,2021-07-20T05:50:00
0.333408,0.333408,0.333408,0.333408,1626759900,2021-07-20T05:45:00
0.314202,0.314202,0.314202,0.314202,1626759480,2021-07-20T05:38:00
0.300302,0.300302,0.300302,0.300302,1626751140,2021-07-20T03:19:00
0.308314,0.308314,0.308314,0.308314,1626733980,2021-07-19T22:33:00
0.303088,0.303088,0.303088,0.303088,1626733920,2021-07-19T22:32:00
0.301727,0.301727,0.297179,0.297179,1626733860,2021-07-19T22:31:00
0.313615,0.313615,0.313615,0.313615,1626721140,2021-07-19T18:59:00
0.311085,0.311085,0.311085,0.311085,1626720360,2021-07-19T18:46:00
0.313275,0.313275,0.313275,0.313275,1626707820,2021-07-19T15:17:00
0.313338,0.313338,0.313338,0.313338,1626702300,2021-07-19T13:45:00
0.309959,0.309959,0.309959,0.309959,1626698400,2021-07-19T12:40:00
0.310403,0.310403,0.310403,0.310403,1626698340,2021-07-19T12:39:00
0.325971,0.325971,0.325971,0.325971,1626691740,2021-07-19T10:49:00
0.330752,0.330752,0.330752,0.330752,1626685320,2021-07-19T09:02:00
0.337101,0.337101,0.337101,0.337101,1626681060,2021-07-19T07:51:00
0.340911,0.340911,0.340911,0.340911,1626670620,2021-07-19T04:57:00
0.340669,0.340669,0.340669,0.340669,1626664080,2021-07-19T03:08:00
0.338676,0.338676,0.338676,0.338676,1626657600,2021-07-19T01:20:00
0.340273,0.340273,0.340273,0.340273,1626655140,2021-07-19T00:39:00
0.3438,0.3438,0.3438,0.3438,1626647520,2021-07-18T22:32:00
0.343514,0.343514,0.343514,0.343514,1626647280,2021-07-18T22:28:00
0.346249,0.346249,0.346249,0.346249,1626639240,2021-07-18T20:14:00
0.349383,0.349383,0.349383,0.349383,1626633240,2021-07-18T18:34:00
0.351097,0.351097,0.351097,0.351097,1626625440,2021-07-18T16:24:00
0.368644,0.368644,0.368644,0.368644,1626612900,2021-07-18T12:55:00
0.372715,0.372715,0.372715,0.372715,1626612480,2021-07-18T12:48:00
0.371086,0.371086,0.371086,0.371086,1626612060,2021-07-18T12:41:00
0.36841,0.36841,0.36841,0.36841,1626602220,2021-07-18T09:57:00
0.363494,0.363494,0.363494,0.363494,1626598980,2021-07-18T09:03:00
0.364046,0.364046,0.364046,0.364046,1626595740,2021-07-18T08:09:00
0.369104,0.369104,0.369104,0.369104,1626579720,2021-07-18T03:42:00
0.355118,0.355118,0.355118,0.355118,1626548640,2021-07-17T19:04:00
0.349316,0.349316,0.349316,0.349316,1626534840,2021-07-17T15:14:00
0.347958,0.347958,0.347958,0.347958,1626534540,2021-07-17T15:09:00
0.34366,0.34366,0.34366,0.34366,1626523860,2021-07-17T12:11:00
0.340962,0.340962,0.340962,0.340962,1626523320,2021-07-17T12:02:00
0.348335,0.348335,0.348335,0.348335,1626514080,2021-07-17T09:28:00
0.344983,0.344983,0.344983,0.344983,1626498840,2021-07-17T05:14:00
0.345617,0.345617,0.345617,0.345617,1626494760,2021-07-17T04:06:00
0.349581,0.349581,0.349581,0.349581,1626483180,2021-07-17T00:53:00
0.349744,0.349744,0.349744,0.349744,1626481140,2021-07-17T00:19:00
0.355941,0.355941,0.355941,0.355941,1626468540,2021-07-16T20:49:00
0.352288,0.352288,0.352288,0.352288,1626465480,2021-07-16T19:58:00
0.359018,0.359018,0.359018,0.359018,1626456540,2021-07-16T17:29:00
0.364567,0.364567,0.364567,0.364567,1626453120,2021-07-16T16:32:00
0.36088,0.36088,0.36088,0.36088,1626452520,2021-07-16T16:22:00
0.355865,0.355865,0.355865,0.355865,1626452040,2021-07-16T16:14:00
0.34521,0.34521,0.34521,0.34521,1626449820,2021-07-16T15:37:00
0.332979,0.332979,0.332979,0.332979,1626444360,2021-07-16T14:06:00
0.329728,0.329728,0.329728,0.329728,1626443940,2021-07-16T13:59:00
0.329221,0.329221,0.329221,0.329221,1626441120,2021-07-16T13:12:00
0.330737,0.330737,0.330737,0.330737,1626440880,2021-07-16T13:08:00
0.323922,0.323922,0.323922,0.323922,1626436980,2021-07-16T12:03:00
0.324843,0.324843,0.324843,0.324843,1626429420,2021-07-16T09:57:00
0.329933,0.329933,0.329933,0.329933,1626416880,2021-07-16T06:28:00
0.32878,0.32878,0.32878,0.32878,1626416580,2021-07-16T06:23:00
0.329134,0.329134,0.329134,0.329134,1626415980,2021-07-16T06:13:00
0.344428,0.344428,0.344428,0.344428,1626414060,2021-07-16T05:41:00
0.324627,0.324627,0.324627,0.324627,1626401100,2021-07-16T02:05:00
0.322546,0.322546,0.322546,0.322546,1626399300,2021-07-16T01:35:00
0.326978,0.326978,0.326978,0.326978,1626390960,2021-07-15T23:16:00
0.33141,0.33141,0.33141,0.33141,1626385980,2021-07-15T21:53:00
0.348095,0.348095,0.348095,0.348095,1626379920,2021-07-15T20:12:00
0.364163,0.364163,0.364163,0.364163,1626378900,2021-07-15T19:55:00
0.364938,0.364938,0.364938,0.364938,1626376680,2021-07-15T19:18:00
0.363576,0.363576,0.363576,0.363576,1626368640,2021-07-15T17:04:00
0.363819,0.363819,0.363819,0.363819,1626368520,2021-07-15T17:02:00
0.374538,0.374538,0.374538,0.374538,1626347580,2021-07-15T11:13:00
0.373504,0.373504,0.373504,0.373504,1626347460,2021-07-15T11:11:00
0.372302,0.372302,0.372302,0.372302,1626345720,2021-07-15T10:42:00
0.386115,0.386115,0.386115,0.386115,1626344100,2021-07-15T10:15:00
0.392982,0.392982,0.392982,0.392982,1626325440,2021-07-15T05:04:00
0.38723,0.38723,0.38723,0.38723,1626323700,2021-07-15T04:35:00
0.399341,0.399341,0.399341,0.399341,1626315060,2021-07-15T02:11:00
0.399456,0.399456,0.399456,0.399456,1626308220,2021-07-15T00:17:00
0.397869,0.397869,0.397869,0.397869,1626298380,2021-07-14T21:33:00
0.39331,0.39331,0.39331,0.39331,1626295620,2021-07-14T20:47:00
0.394276,0.394276,0.394276,0.394276,1626295440,2021-07-14T20:44:00
0.394475,0.394475,0.394475,0.394475,1626292740,2021-07-14T19:59:00
0.398207,0.398207,0.398207,0.398207,1626280440,2021-07-14T16:34:00
0.397675,0.397675,0.397675,0.397675,1626279120,2021-07-14T16:12:00
0.394651,0.394651,0.394651,0.394651,1626277320,2021-07-14T15:42:00
0.392884,0.392884,0.392884,0.392884,1626277200,2021-07-14T15:40:00
0.401415,0.401415,0.401415,0.401415,1626276300,2021-07-14T15:25:00
0.427099,0.427099,0.427099,0.427099,1626276240,2021-07-14T15:24:00
0.443586,0.443586,0.443586,0.443586,1626275880,2021-07-14T15:18:00
0.445227,0.445227,0.445227,0.445227,1626274620,2021-07-14T14:57:00
0.443965,0.443965,0.443965,0.443965,1626274320,2021-07-14T14:52:00
0.435885,0.435885,0.435885,0.435885,1626272760,2021-07-14T14:26:00
0.422198,0.422198,0.422198,0.422198,1626272100,2021-07-14T14:15:00
0.397558,0.397558,0.397558,0.397558,1626271860,2021-07-14T14:11:00
0.37843,0.37843,0.37843,0.37843,1626271680,2021-07-14T14:08:00
0.365064,0.365064,0.365064,0.365064,1626269100,2021-07-14T13:25:00
0.361309,0.361309,0.361309,0.361309,1626268980,2021-07-14T13:23:00
0.356127,0.356127,0.356127,0.356127,1626268860,2021-07-14T13:21:00
0.345595,0.350733,0.345595,0.350733,1626268680,2021-07-14T13:18:00
0.335447,0.335447,0.335447,0.335447,1626267420,2021-07-14T12:57:00
0.327754,0.327754,0.327754,0.327754,1626244620,2021-07-14T06:37:00
0.328046,0.328046,0.328046,0.328046,1626233160,2021-07-14T03:26:00
0.352041,0.352041,0.352041,0.352041,1626183660,2021-07-13T13:41:00
0.355491,0.355491,0.355491,0.355491,1626180240,2021-07-13T12:44:00
0.358824,0.358824,0.358824,0.358824,1626179160,2021-07-13T12:26:00
0.353505,0.353505,0.353505,0.353505,1626179100,2021-07-13T12:25:00
0.348526,0.348526,0.348526,0.348526,1626178860,2021-07-13T12:21:00
0.345159,0.345159,0.345159,0.345159,1626178800,2021-07-13T12:20:00
0.342336,0.342336,0.342336,0.342336,1626178680,2021-07-13T12:18:00
0.3404,0.3404,0.3404,0.3404,1626178560,2021-07-13T12:16:00
0.342812,0.342812,0.342812,0.342812,1626160560,2021-07-13T07:16:00
0.342138,0.342138,0.342138,0.342138,1626158400,2021-07-13T06:40:00
0.342194,0.342194,0.342194,0.342194,1626158160,2021-07-13T06:36:00
0.345394,0.345394,0.345394,0.345394,1626158040,2021-07-13T06:34:00
0.348078,0.348078,0.348078,0.348078,1626157080,2021-07-13T06:18:00
0.348793,0.348793,0.348793,0.348793,1626156780,2021-07-13T06:13:00
0.348547,0.348547,0.348547,0.348547,1626155280,2021-07-13T05:48:00
0.354694,0.354694,0.354694,0.354694,1626150480,2021-07-13T04:28:00
0.351288,0.351288,0.351288,0.351288,1626146880,2021-07-13T03:28:00
0.356801,0.356801,0.356801,0.356801,1626110400,2021-07-12T17:20:00
0.364446,0.364446,0.364446,0.364446,1626101220,2021-07-12T14:47:00
0.367533,0.367533,0.367533,0.367533,1626101160,2021-07-12T14:46:00
0.328499,0.328499,0.328499,0.328499,1626101100,2021-07-12T14:45:00
0.330334,0.330334,0.330334,0.330334,1626099360,2021-07-12T14:16:00
0.298402,0.298402,0.298402,0.298402,1626096060,2021-07-12T13:21:00
0.299896,0.299896,0.299896,0.299896,1626084960,2021-07-12T10:16:00
0.305082,0.305082,0.305082,0.305082,1626077700,2021-07-12T08:15:00
0.304387,0.304387,0.304387,0.304387,1626063480,2021-07-12T04:18:00
0.301443,0.301443,0.301443,0.301443,1626059580,2021-07-12T03:13:00
0.305291,0.305291,0.305291,0.305291,1626040440,2021-07-11T21:54:00
0.301595,0.301595,0.301595,0.301595,1626023640,2021-07-11T17:14:00
0.294234,0.294234,0.294234,0.294234,1626001200,2021-07-11T11:00:00
0.295536,0.295536,0.295536,0.295536,1625997960,2021-07-11T10:06:00
0.294157,0.294157,0.294157,0.294157,1625990040,2021-07-11T07:54:00
0.293251,0.293251,0.293251,0.293251,1625961240,2021-07-10T23:54:00
0.290235,0.290235,0.290235,0.290235,1625957520,2021-07-10T22:52:00
0.294236,0.294236,0.294236,0.294236,1625934060,2021-07-10T16:21:00
0.297337,0.297337,0.297337,0.297337,1625910660,2021-07-10T09:51:00
0.299527,0.299527,0.299527,0.299527,1625910600,2021-07-10T09:50:00
0.301611,0.301611,0.301611,0.301611,1625899200,2021-07-10T06:40:00
0.300706,0.300706,0.300706,0.300706,1625892300,2021-07-10T04:45:00
0.302589,0.302589,0.302589,0.302589,1625889180,2021-07-10T03:53:00
0.299143,0.299143,0.299143,0.299143,1625825520,2021-07-09T10:12:00
0.300426,0.300426,0.300426,0.300426,1625817960,2021-07-09T08:06:00
0.295615,0.295615,0.295615,0.295615,1625793540,2021-07-09T01:19:00
0.306285,0.306285,0.306285,0.306285,1625786220,2021-07-08T23:17:00
0.309842,0.309842,0.309842,0.309842,1625773200,2021-07-08T19:40:00
0.311541,0.311541,0.311541,0.311541,1625737680,2021-07-08T09:48:00
0.307281,0.307281,0.307281,0.307281,1625735700,2021-07-08T09:15:00
0.302845,0.302845,0.302845,0.302845,1625735580,2021-07-08T09:13:00
0.298967,0.298967,0.298967,0.298967,1625735400,2021-07-08T09:10:00
0.295821,0.295821,0.295821,0.295821,1625735280,2021-07-08T09:08:00
0.293583,0.293583,0.293583,0.293583,1625735220,2021-07-08T09:07:00
0.306361,0.306361,0.306361,0.306361,1625704860,2021-07-08T00:41:00
0.316831,0.316831,0.316831,0.316831,1625663520,2021-07-07T13:12:00
0.318804,0.318804,0.318804,0.318804,1625660640,2021-07-07T12:24:00
0.315975,0.315975,0.315975,0.315975,1625656560,2021-07-07T11:16:00
0.315359,0.315359,0.315359,0.315359,1625655660,2021-07-07T11:01:00
0.307003,0.307003,0.307003,0.307003,1625629560,2021-07-07T03:46:00
0.310343,0.310343,0.310343,0.310343,1625626320,2021-07-07T02:52:00
0.31246,0.31246,0.31246,0.31246,1625588520,2021-07-06T16:22:00
0.315865,0.315865,0.315865,0.315865,1625553540,2021-07-06T06:39:00
0.315209,0.315209,0.315209,0.315209,1625547060,2021-07-06T04:51:00
0.305227,0.305227,0.305227,0.305227,1625540760,2021-07-06T03:06:00
0.303455,0.303455,0.303455,0.303455,1625535960,2021-07-06T01:46:00
0.304909,0.304909,0.304909,0.304909,1625512200,2021-07-05T19:10:00
0.313699,0.313699,0.313699,0.313699,1625477100,2021-07-05T09:25:00
0.312727,0.312727,0.312727,0.312727,1625464740,2021-07-05T05:59:00
0.312496,0.312496,0.312496,0.312496,1625462580,2021-07-05T05:23:00
0.314835,0.314835,0.314835,0.314835,1625462340,2021-07-05T05:19:00
0.319264,0.319264,0.319264,0.319264,1625462280,2021-07-05T05:18:00
0.329484,0.329484,0.329484,0.329484,1625447580,2021-07-05T01:13:00
0.343708,0.343708,0.343708,0.343708,1625430960,2021-07-04T20:36:00
0.344466,0.344466,0.344466,0.344466,1625429280,2021-07-04T20:08:00
0.337503,0.337503,0.337503,0.337503,1625428260,2021-07-04T19:51:00
0.33186,0.33186,0.33186,0.33186,1625399880,2021-07-04T11:58:00
0.327217,0.327217,0.327217,0.327217,1625382480,2021-07-04T07:08:00
0.312392,0.312392,0.312392,0.312392,1625365200,2021-07-04T02:20:00
0.314115,0.314115,0.314115,0.314115,1625336880,2021-07-03T18:28:00
0.313634,0.313634,0.313634,0.313634,1625312820,2021-07-03T11:47:00
0.306069,0.306069,0.306069,0.306069,1625290320,2021-07-03T05:32:00
0.305052,0.305052,0.305052,0.305052,1625285640,2021-07-03T04:14:00
0.308235,0.308235,0.308235,0.308235,1625280780,2021-07-03T02:53:00
0.303774,0.303774,0.303774,0.303774,1625262360,2021-07-02T21:46:00
0.304131,0.304131,0.304131,0.304131,1625238720,2021-07-02T15:12:00
0.307088,0.307088,0.307088,0.307088,1625234700,2021-07-02T14:05:00
0.315129,0.315129,0.315129,0.315129,1625216580,2021-07-02T09:03:00
0.317347,0.317347,0.317347,0.317347,1625196840,2021-07-02T03:34:00
0.330226,0.330226,0.330226,0.330226,1625184180,2021-07-02T00:03:00
0.32515,0.32515,0.32515,0.32515,1625170680,2021-07-01T20:18:00
0.319973,0.319973,0.319973,0.319973,1625159280,2021-07-01T17:08:00
0.313799,0.313799,0.313799,0.313799,1625158560,2021-07-01T16:56:00
0.309125,0.309125,0.309125,0.309125,1625151240,2021-07-01T14:54:00
0.315966,0.315966,0.315966,0.315966,1625144820,2021-07-01T13:07:00
0.315342,0.315342,0.315342,0.315342,1625137380,2021-07-01T11:03:00
0.338763,0.338763,0.338763,0.338763,1625104800,2021-07-01T02:00:00
0.344542,0.344542,0.344542,0.344542,1625104500,2021-07-01T01:55:00
0.331299,0.331299,0.331299,0.331299,1625075760,2021-06-30T17:56:00
0.327726,0.327726,0.327726,0.327726,1625065260,2021-06-30T15:01:00
0.329318,0.329318,0.329318,0.329318,1625061180,2021-06-30T13:53:00
0.331621,0.331621,0.331621,0.331621,1625023680,2021-06-30T03:28:00
0.33974,0.33974,0.33974,0.33974,1625000400,2021-06-29T21:00:00
0.345543,0.345543,0.345543,0.345543,1624989780,2021-06-29T18:03:00
0.338028,0.338028,0.338028,0.338028,1624968900,2021-06-29T12:15:00
0.340532,0.340532,0.340532,0.340532,1624966440,2021-06-29T11:34:00
0.336828,0.336828,0.336828,0.336828,1624959420,2021-06-29T09:37:00
0.332242,0.332242,0.332242,0.332242,1624936680,2021-06-29T03:18:00
0.329644,0.329644,0.329644,0.329644,1624918620,2021-06-28T22:17:00
0.329932,0.329932,0.329932,0.329932,1624904280,2021-06-28T18:18:00
0.320938,0.320938,0.320938,0.320938,1624876200,2021-06-28T10:30:00
0.329439,0.329439,0.329439,0.329439,1624869960,2021-06-28T08:46:00
0.317675,0.317675,0.317675,0.317675,1624862760,2021-06-28T06:46:00
0.318823,0.318823,0.318823,0.318823,1624861560,2021-06-28T06:26:00
0.314214,0.314214,0.314214,0.314214,1624856220,2021-06-28T04:57:00
0.281534,0.281534,0.281534,0.281534,1624813020,2021-06-27T16:57:00
0.283681,0.283681,0.283681,0.283681,1624810140,2021-06-27T16:09:00
0.286632,0.286632,0.286632,0.286632,1624758900,2021-06-27T01:55:00
0.285698,0.285698,0.285698,0.285698,1624756800,2021-06-27T01:20:00
0.28401,0.28401,0.28401,0.28401,1624754880,2021-06-27T00:48:00
0.275802,0.275802,0.275802,0.275802,1624749720,2021-06-26T23:22:00
0.273911,0.273911,0.273911,0.273911,1624744560,2021-06-26T21:56:00
0.273483,0.273483,0.273483,0.273483,1624741380,2021-06-26T21:03:00
0.271723,0.271723,0.271723,0.271723,1624715700,2021-06-26T13:55:00
0.274647,0.274647,0.274647,0.274647,1624715460,2021-06-26T13:51:00
0.278334,0.278334,0.278334,0.278334,1624715340,2021-06-26T13:49:00
0.281764,0.281764,0.281764,0.281764,1624703160,2021-06-26T10:26:00
0.280311,0.280311,0.280311,0.280311,1624701780,2021-06-26T10:03:00
0.278159,0.278159,0.278159,0.278159,1624701300,2021-06-26T09:55:00
0.293252,0.293252,0.293252,0.293252,1624629360,2021-06-25T13:56:00
0.304383,0.304383,0.304383,0.304383,1624610460,2021-06-25T08:41:00
0.309122,0.309122,0.309122,0.309122,1624605660,2021-06-25T07:21:00
0.309269,0.309269,0.309269,0.309269,1624602720,2021-06-25T06:32:00
0.316603,0.316603,0.316603,0.316603,1624590540,2021-06-25T03:09:00
0.316124,0.316124,0.316124,0.316124,1624581360,2021-06-25T00:36:00
0.315571,0.315571,0.315571,0.315571,1624551720,2021-06-24T16:22:00
0.312234,0.312234,0.312234,0.312234,1624539120,2021-06-24T12:52:00
0.306399,0.306399,0.306399,0.306399,1624521180,2021-06-24T07:53:00
0.305061,0.305061,0.305061,0.305061,1624512840,2021-06-24T05:34:00
0.316326,0.316326,0.316326,0.316326,1624493640,2021-06-24T00:14:00
0.312234,0.312234,0.312234,0.312234,1624487880,2021-06-23T22:38:00
0.308753,0.308753,0.308753,0.308753,1624483980,2021-06-23T21:33:00
0.308032,0.308032,0.308032,0.308032,1624480200,2021-06-23T20:30:00
0.308324,0.308324,0.308324,0.308324,1624479960,2021-06-23T20:26:00
0.309267,0.309267,0.309267,0.309267,1624479900,2021-06-23T20:25:00
0.320703,0.320703,0.320703,0.320703,1624463340,2021-06-23T15:49:00
0.326074,0.326074,0.326074,0.326074,1624463040,2021-06-23T15:44:00
0.332761,0.332761,0.332761,0.332761,1624434600,2021-06-23T07:50:00
0.333085,0.333085,0.333085,0.333085,1624432860,2021-06-23T07:21:00
0.333421,0.333421,0.333421,0.333421,1624417680,2021-06-23T03:08:00
0.335527,0.335527,0.335527,0.335527,1624417320,2021-06-23T03:02:00
0.320817,0.320817,0.320817,0.320817,1624390800,2021-06-22T19:40:00
0.327829,0.327829,0.327829,0.327829,1624388460,2021-06-22T19:01:00
0.320414,0.320414,0.320414,0.320414,1624384080,2021-06-22T17:48:00
0.320832,0.320832,0.320832,0.320832,1624383600,2021-06-22T17:40:00
0.30474,0.30474,0.30474,0.30474,1624368300,2021-06-22T13:25:00
0.325251,0.325251,0.325251,0.325251,1624361160,2021-06-22T11:26:00
0.325082,0.325082,0.325082,0.325082,1624355880,2021-06-22T09:58:00
0.32524,0.32524,0.32524,0.32524,1624351620,2021-06-22T08:47:00
0.342829,0.342829,0.342829,0.342829,1624333800,2021-06-22T03:50:00
0.326265,0.326265,0.326265,0.326265,1624322460,2021-06-22T00:41:00
0.337815,0.337815,0.337815,0.337815,1624308840,2021-06-21T20:54:00
0.335546,0.335546,0.335546,0.335546,1624308180,2021-06-21T20:43:00
0.336818,0.336818,0.336818,0.336818,1624306560,2021-06-21T20:16:00
0.337131,0.337131,0.337131,0.337131,1624302540,2021-06-21T19:09:00
0.340562,0.340562,0.340562,0.340562,1624282800,2021-06-21T13:40:00
0.365452,0.365452,0.365452,0.365452,1624249320,2021-06-21T04:22:00
0.389221,0.389221,0.389221,0.389221,1624237260,2021-06-21T01:01:00
0.392472,0.392472,0.392472,0.392472,1624225200,2021-06-20T21:40:00
0.382225,0.382225,0.382225,0.382225,1624219560,2021-06-20T20:06:00
0.38278,0.38278,0.38278,0.38278,1624219200,2021-06-20T20:00:00
0.376201,0.376201,0.376201,0.376201,1624217460,2021-06-20T19:31:00
0.375481,0.375481,0.375481,0.375481,1624217340,2021-06-20T19:29:00
0.370231,0.370231,0.370231,0.370231,1624215480,2021-06-20T18:58:00
0.369126,0.369126,0.369126,0.369126,1624215000,2021-06-20T18:50:00
0.369696,0.369696,0.369696,0.369696,1624214760,2021-06-20T18:46:00
0.368321,0.368321,0.368321,0.368321,1624214160,2021-06-20T18:36:00
0.367467,0.367467,0.367467,0.367467,1624214100,2021-06-20T18:35:00
0.363577,0.363577,0.363577,0.363577,1624201200,2021-06-20T15:00:00
0.361773,0.361773,0.361773,0.361773,1624190220,2021-06-20T11:57:00
0.370983,0.370983,0.370983,0.370983,1624184580,2021-06-20T10:23:00
0.383524,0.383524,0.383524,0.383524,1624181580,2021-06-20T09:33:00
0.388239,0.388239,0.388239,0.388239,1624175880,2021-06-20T07:58:00
0.389716,0.389716,0.389716,0.389716,1624174800,2021-06-20T07:40:00
0.391928,0.391928,0.391928,0.391928,1624171980,2021-06-20T06:53:00
0.392199,0.392199,0.392199,0.392199,1624163820,2021-06-20T04:37:00
0.39043,0.39043,0.39043,0.39043,1624155180,2021-06-20T02:13:00
0.39247,0.39247,0.39247,0.39247,1624149000,2021-06-20T00:30:00
0.403449,0.403449,0.403449,0.403449,1624128660,2021-06-19T18:51:00
0.411571,0.411571,0.411571,0.411571,1624083360,2021-06-19T06:16:00
0.41069,0.41069,0.41069,0.41069,1624069320,2021-06-19T02:22:00
0.404164,0.404164,0.404164,0.404164,1624050420,2021-06-18T21:07:00
0.411051,0.411051,0.411051,0.411051,1624028400,2021-06-18T15:00:00
0.424962,0.424962,0.424962,0.424962,1624017480,2021-06-18T11:58:00
0.424009,0.424009,0.424009,0.424009,1624003380,2021-06-18T08:03:00
0.423056,0.423056,0.423056,0.423056,1624000320,2021-06-18T07:12:00
0.422374,0.422374,0.422374,0.422374,1623957960,2021-06-17T19:26:00
0.421476,0.421476,0.421476,0.421476,1623951180,2021-06-17T17:33:00
0.432373,0.432373,0.432373,0.432373,1623879900,2021-06-16T21:45:00
0.434142,0.434142,0.434142,0.434142,1623879120,2021-06-16T21:32:00
0.436696,0.436696,0.436696,0.436696,1623877020,2021-06-16T20:57:00
0.436612,0.436612,0.436612,0.436612,1623875940,2021-06-16T20:39:00
0.432858,0.432858,0.432858,0.432858,1623875820,2021-06-16T20:37:00
0.430037,0.430037,0.430037,0.430037,1623867960,2021-06-16T18:26:00
0.435817,0.435817,0.435817,0.435817,1623867300,2021-06-16T18:15:00
0.454677,0.454677,0.454677,0.454677,1623837180,2021-06-16T09:53:00
0.457154,0.457154,0.456569,0.456569,1623833760,2021-06-16T08:56:00
0.460395,0.460395,0.460395,0.460395,1623828420,2021-06-16T07:27:00
0.459458,0.459458,0.459458,0.459458,1623816720,2021-06-16T04:12:00
0.460132,0.460132,0.460132,0.460132,1623815340,2021-06-16T03:49:00
0.464652,0.464652,0.464652,0.464652,1623811260,2021-06-16T02:41:00
0.463007,0.463007,0.463007,0.463007,1623801720,2021-06-16T00:02:00
0.47189,0.47189,0.47189,0.47189,1623781380,2021-06-15T18:23:00
0.457357,0.457357,0.457357,0.457357,1623777600,2021-06-15T17:20:00
0.456894,0.456894,0.456894,0.456894,1623774780,2021-06-15T16:33:00
0.456556,0.456556,0.456556,0.456556,1623767640,2021-06-15T14:34:00
0.463477,0.463477,0.463477,0.463477,1623762000,2021-06-15T13:00:00
0.463562,0.463562,0.463562,0.463562,1623756240,2021-06-15T11:24:00
0.473116,0.473116,0.473116,0.473116,1623738360,2021-06-15T06:26:00
0.468734,0.468734,0.468734,0.468734,1623728280,2021-06-15T03:38:00
0.467885,0.467885,0.467885,0.467885,1623708300,2021-06-14T22:05:00
0.476592,0.476592,0.476592,0.476592,1623692820,2021-06-14T17:47:00
0.479586,0.479586,0.479586,0.479586,1623681840,2021-06-14T14:44:00
0.478943,0.478943,0.478943,0.478943,1623678480,2021-06-14T13:48:00
0.46783,0.46783,0.46783,0.46783,1623668460,2021-06-14T11:01:00
0.472045,0.472045,0.472045,0.472045,1623651420,2021-06-14T06:17:00
0.475236,0.475236,0.475236,0.475236,1623623640,2021-06-13T22:34:00
0.458769,0.458769,0.458769,0.458769,1623608520,2021-06-13T18:22:00
0.454387,0.454387,0.454387,0.454387,1623606900,2021-06-13T17:55:00
0.439505,0.439505,0.439505,0.439505,1623598740,2021-06-13T15:39:00
0.440979,0.440979,0.440979,0.440979,1623594420,2021-06-13T14:27:00
0.444975,0.444975,0.444975,0.444975,1623592680,2021-06-13T13:58:00
0.44741,0.44741,0.44741,0.44741,1623592080,2021-06-13T13:48:00
0.448571,0.448571,0.448571,0.448571,1623587220,2021-06-13T12:27:00
0.445894,0.445894,0.445894,0.445894,1623578340,2021-06-13T09:59:00
0.44459,0.44459,0.44459,0.44459,1623578280,2021-06-13T09:58:00
0.442395,0.442395,0.442395,0.442395,1623577680,2021-06-13T09:48:00
0.439714,0.439714,0.439714,0.439714,1623575640,2021-06-13T09:14:00
0.45066,0.45066,0.45066,0.45066,1623527340,2021-06-12T19:49:00
0.451523,0.451523,0.451523,0.451523,1623523080,2021-06-12T18:38:00
0.43395,0.43395,0.43395,0.43395,1623487920,2021-06-12T08:52:00
0.434815,0.434815,0.434815,0.434815,1623486720,2021-06-12T08:32:00
0.435246,0.435246,0.435246,0.435246,1623482580,2021-06-12T07:23:00
0.434561,0.434561,0.434561,0.434561,1623481500,2021-06-12T07:05:00
0.433547,0.433547,0.433547,0.433547,1623472260,2021-06-12T04:31:00
0.432623,0.432623,0.432623,0.432623,1623469800,2021-06-12T03:50:00
0.431912,0.431912,0.431912,0.431912,1623465300,2021-06-12T02:35:00
0.458169,0.458169,0.458169,0.458169,1623442320,2021-06-11T20:12:00
0.463619,0.463619,0.463619,0.463619,1623426600,2021-06-11T15:50:00
0.469462,0.469462,0.469462,0.469462,1623424440,2021-06-11T15:14:00
0.476082,0.476082,0.476082,0.476082,1623418560,2021-06-11T13:36:00
0.469334,0.469334,0.469334,0.469334,1623396120,2021-06-11T07:22:00
0.470361,0.470361,0.470361,0.470361,1623395820,2021-06-11T07:17:00
0.468694,0.468694,0.468694,0.468694,1623395400,2021-06-11T07:10:00
0.46415,0.46415,0.46415,0.46415,1623375060,2021-06-11T01:31:00
0.467162,0.467162,0.467162,0.467162,1623350880,2021-06-10T18:48:00
0.470632,0.470632,0.470632,0.470632,1623350460,2021-06-10T18:41:00
0.476243,0.476243,0.476243,0.476243,1623345840,2021-06-10T17:24:00
0.488176,0.488176,0.488176,0.488176,1623344100,2021-06-10T16:55:00
0.497323,0.497323,0.497323,0.497323,1623335160,2021-06-10T14:26:00
0.501015,0.501015,0.501015,0.501015,1623331980,2021-06-10T13:33:00
0.510496,0.510496,0.510496,0.510496,1623323880,2021-06-10T11:18:00
0.513614,0.513614,0.513614,0.513614,1623320220,2021-06-10T10:17:00
0.511958,0.511958,0.511958,0.511958,1623319620,2021-06-10T10:07:00
0.511857,0.511857,0.511857,0.511857,1623319140,2021-06-10T09:59:00
0.508398,0.508398,0.508398,0.508398,1623317040,2021-06-10T09:24:00
0.502081,0.502081,0.502081,0.502081,1623316140,2021-06-10T09:09:00
0.505409,0.505409,0.505409,0.505409,1623315840,2021-06-10T09:04:00
0.508441,0.508441,0.508441,0.508441,1623314940,2021-06-10T08:49:00
0.513829,0.513829,0.513829,0.513829,1623312720,2021-06-10T08:12:00
0.514451,0.514451,0.514451,0.514451,1623305640,2021-06-10T06:14:00
0.523621,0.523621,0.523621,0.523621,1623294300,2021-06-10T03:05:00
0.522405,0.522405,0.522405,0.522405,1623293880,2021-06-10T02:58:00
0.529406,0.529406,0.529406,0.529406,1623288840,2021-06-10T01:34:00
0.536358,0.536358,0.536358,0.536358,1623280860,2021-06-09T23:21:00
0.537814,0.537814,0.537814,0.537814,1623276900,2021-06-09T22:15:00
0.536881,0.536881,0.536881,0.536881,1623276420,2021-06-09T22:07:00
0.535397,0.535397,0.535397,0.535397,1623266460,2021-06-09T19:21:00
0.528228,0.528228,0.528228,0.528228,1623246720,2021-06-09T13:52:00
0.534918,0.534918,0.534918,0.534918,1623244140,2021-06-09T13:09:00
0.535228,0.535228,0.535228,0.535228,1623242820,2021-06-09T12:47:00
0.531837,0.531837,0.531837,0.531837,1623238740,2021-06-09T11:39:00
0.545208,0.545208,0.545208,0.545208,1623221340,2021-06-09T06:49:00
0.545803,0.545803,0.545803,0.545803,1623220860,2021-06-09T06:41:00
0.533832,0.533832,0.533832,0.533832,1623214860,2021-06-09T05:01:00
0.531356,0.531356,0.531356,0.531356,1623213780,2021-06-09T04:43:00
0.540599,0.540599,0.540599,0.540599,1623207000,2021-06-09T02:50:00
0.54941,0.54941,0.54941,0.54941,1623202980,2021-06-09T01:43:00
0.561522,0.561522,0.561522,0.561522,1623185580,2021-06-08T20:53:00
0.552374,0.552374,0.552374,0.552374,1623181920,2021-06-08T19:52:00
0.525191,0.525191,0.525191,0.525191,1623168180,2021-06-08T16:03:00
0.509903,0.509903,0.509903,0.509903,1623167700,2021-06-08T15:55:00
0.515909,0.515909,0.515909,0.515909,1623163200,2021-06-08T14:40:00
0.542559,0.542559,0.542559,0.542559,1623153060,2021-06-08T11:51:00
0.538846,0.538846,0.538846,0.538846,1623151440,2021-06-08T11:24:00
0.538656,0.538656,0.538656,0.538656,1623135540,2021-06-08T06:59:00
0.54601,0.54601,0.54601,0.54601,1623133860,2021-06-08T06:31:00
0.548358,0.548358,0.548358,0.548358,1623132960,2021-06-08T06:16:00
0.560894,0.560894,0.560894,0.560894,1623122040,2021-06-08T03:14:00
0.600155,0.600155,0.600155,0.600155,1623118260,2021-06-08T02:11:00
0.609321,0.609321,0.609321,0.609321,1623117360,2021-06-08T01:56:00
0.616795,0.616795,0.616795,0.616795,1623115020,2021-06-08T01:17:00
0.627275,0.627275,0.627275,0.627275,1623105060,2021-06-07T22:31:00
0.642838,0.642838,0.642838,0.642838,1623099120,2021-06-07T20:52:00
0.654015,0.654015,0.654015,0.654015,1623098280,2021-06-07T20:38:00
0.660402,0.660402,0.660402,0.660402,1623097320,2021-06-07T20:22:00
0.680041,0.680041,0.680041,0.680041,1623076140,2021-06-07T14:29:00
0.688957,0.688957,0.688957,0.688957,1623069600,2021-06-07T12:40:00
0.686973,0.686973,0.686973,0.686973,1623068880,2021-06-07T12:28:00
0.688739,0.688739,0.688739,0.688739,1623065640,2021-06-07T11:34:00
0.68445,0.68445,0.68445,0.68445,1623060540,2021-06-07T10:09:00
0.680911,0.680911,0.680911,0.680911,1623055740,2021-06-07T08:49:00
0.684445,0.684445,0.684445,0.684445,1623055620,2021-06-07T08:47:00
0.69065,0.69065,0.69065,0.69065,1623049080,2021-06-07T06:58:00
0.690051,0.690051,0.690051,0.690051,1623036600,2021-06-07T03:30:00
0.691807,0.691807,0.691807,0.691807,1623031140,2021-06-07T01:59:00
0.671507,0.671507,0.671507,0.671507,1623024000,2021-06-07T00:00:00
0.670831,0.670831,0.670831,0.670831,1623018120,2021-06-06T22:22:00
0.665005,0.665005,0.665005,0.665005,1623008880,2021-06-06T19:48:00
0.672012,0.672012,0.672012,0.672012,1623002700,2021-06-06T18:05:00
0.67853,0.67853,0.67853,0.67853,1622994060,2021-06-06T15:41:00
0.680091,0.680091,0.680091,0.680091,1622993940,2021-06-06T15:39:00
0.681506,0.681506,0.681506,0.681506,1622984940,2021-06-06T13:09:00
0.677096,0.677096,0.677096,0.677096,1622984700,2021-06-06T13:05:00
0.678973,0.678973,0.678973,0.678973,1622969220,2021-06-06T08:47:00
0.665069,0.665069,0.665069,0.665069,1622961480,2021-06-06T06:38:00
0.654391,0.654391,0.654391,0.654391,1622919060,2021-06-05T18:51:00
0.659022,0.659022,0.659022,0.659022,1622916960,2021-06-05T18:16:00
0.66256,0.66256,0.66256,0.66256,1622913000,2021-06-05T17:10:00
0.66706,0.66706,0.66706,0.66706,1622908860,2021-06-05T16:01:00
0.656861,0.656861,0.656861,0.656861,1622905920,2021-06-05T15:12:00
0.667308,0.667308,0.667308,0.667308,1622903820,2021-06-05T14:37:00
0.667627,0.667627,0.667627,0.667627,1622898060,2021-06-05T13:01:00
0.688162,0.688162,0.688162,0.688162,1622888640,2021-06-05T10:24:00
0.692148,0.692148,0.692148,0.692148,1622887380,2021-06-05T10:03:00
0.703678,0.703678,0.703678,0.703678,1622880720,2021-06-05T08:12:00
0.702318,0.702318,0.702318,0.702318,1622874600,2021-06-05T06:30:00
0.704931,0.704931,0.704931,0.704931,1622874180,2021-06-05T06:23:00
0.709564,0.709564,0.709564,0.709564,1622873520,2021-06-05T06:12:00
0.711834,0.711834,0.711834,0.711834,1622869500,2021-06-05T05:05:00
0.703405,0.703405,0.703405,0.703405,1622843940,2021-06-04T21:59:00
0.69128,0.69128,0.69128,0.69128,1622839980,2021-06-04T20:53:00
0.687251,0.687251,0.687251,0.687251,1622823480,2021-06-04T16:18:00
0.683585,0.683585,0.683585,0.683585,1622821380,2021-06-04T15:43:00
0.684344,0.684344,0.684344,0.684344,1622818620,2021-06-04T14:57:00
0.684746,0.684746,0.684746,0.684746,1622818440,2021-06-04T14:54:00
0.688963,0.688963,0.688963,0.688963,1622802720,2021-06-04T10:32:00
0.680298,0.680298,0.680298,0.680298,1622794500,2021-06-04T08:15:00
0.697765,0.697765,0.697765,0.697765,1622786700,2021-06-04T06:05:00
0.701241,0.701241,0.701241,0.701241,1622785980,2021-06-04T05:53:00
0.700735,0.700735,0.700735,0.700735,1622785920,2021-06-04T05:52:00
0.724224,0.724224,0.724224,0.724224,1622785440,2021-06-04T05:44:00
0.757812,0.757812,0.757812,0.757812,1622777940,2021-06-04T03:39:00
0.765667,0.765667,0.762434,0.762434,1622774880,2021-06-04T02:48:00
0.788334,0.788334,0.788334,0.788334,1622766600,2021-06-04T00:30:00
0.80357,0.80357,0.80357,0.80357,1622763420,2021-06-03T23:37:00
0.80496,0.80496,0.80496,0.80496,1622762820,2021-06-03T23:27:00
0.797293,0.797293,0.797293,0.797293,1622758080,2021-06-03T22:08:00
0.796491,0.796491,0.796491,0.796491,1622753460,2021-06-03T20:51:00
0.799188,0.799188,0.799188,0.799188,1622752380,2021-06-03T20:33:00
0.800017,0.800017,0.800017,0.800017,1622748720,2021-06-03T19:32:00
0.805574,0.805574,0.805574,0.805574,1622736300,2021-06-03T16:05:00
0.814833,0.814833,0.814833,0.814833,1622736240,2021-06-03T16:04:00
0.819265,0.819265,0.819265,0.819265,1622732520,2021-06-03T15:02:00
0.82061,0.82061,0.82061,0.82061,1622723220,2021-06-03T12:27:00
0.833618,0.833618,0.833618,0.833618,1622719560,2021-06-03T11:26:00
0.83749,0.83749,0.83749,0.83749,1622719200,2021-06-03T11:20:00
0.852247,0.852247,0.852247,0.852247,1622715720,2021-06-03T10:22:00
0.85133,0.85133,0.85133,0.85133,1622711760,2021-06-03T09:16:00
0.853983,0.853983,0.853983,0.853983,1622709060,2021-06-03T08:31:00
0.84674,0.84674,0.84674,0.84674,1622706780,2021-06-03T07:53:00
0.842277,0.842277,0.842277,0.842277,1622706360,2021-06-03T07:46:00
0.824598,0.824598,0.824598,0.824598,1622698980,2021-06-03T05:43:00
0.796988,0.796988,0.796988,0.796988,1622687940,2021-06-03T02:39:00
0.812299,0.812299,0.812299,0.812299,1622675760,2021-06-02T23:16:00
0.828412,0.828412,0.828412,0.828412,1622673060,2021-06-02T22:31:00
0.826266,0.826266,0.826266,0.826266,1622671620,2021-06-02T22:07:00
0.814372,0.814372,0.814372,0.814372,1622668320,2021-06-02T21:12:00
0.82137,0.82137,0.82137,0.82137,1622667000,2021-06-02T20:50:00
0.82067,0.82067,0.82067,0.82067,1622665800,2021-06-02T20:30:00
0.826284,0.826284,0.826284,0.826284,1622664300,2021-06-02T20:05:00
0.838018,0.838018,0.838018,0.838018,1622663340,2021-06-02T19:49:00
0.83399,0.83399,0.83399,0.83399,1622658840,2021-06-02T18:34:00
0.826818,0.826818,0.826818,0.826818,1622652660,2021-06-02T16:51:00
0.836016,0.836016,0.836016,0.836016,1622649780,2021-06-02T16:03:00
0.824987,0.824987,0.824987,0.824987,1622647080,2021-06-02T15:18:00
0.817399,0.817399,0.817399,0.817399,1622642160,2021-06-02T13:56:00
0.815883,0.815883,0.815883,0.815883,1622641560,2021-06-02T13:46:00
0.797597,0.797597,0.797597,0.797597,1622633220,2021-06-02T11:27:00
0.797121,0.797121,0.797121,0.797121,1622631420,2021-06-02T10:57:00
0.788778,0.788778,0.788778,0.788778,1622629440,2021-06-02T10:24:00
0.794127,0.794127,0.794127,0.794127,1622627880,2021-06-02T09:58:00
0.790751,0.790751,0.790751,0.790751,1622621460,2021-06-02T08:11:00
0.769956,0.769956,0.769956,0.769956,1622617680,2021-06-02T07:08:00
0.75586,0.75586,0.75586,0.75586,1622615520,2021-06-02T06:32:00
0.702833,0.702833,0.702833,0.702833,1622615400,2021-06-02T06:30:00
0.705735,0.705735,0.705735,0.705735,1622614740,2021-06-02T06:19:00
0.714621,0.714621,0.714621,0.714621,1622604720,2021-06-02T03:32:00
0.700191,0.700191,0.700191,0.700191,1622599920,2021-06-02T02:12:00
0.713938,0.713938,0.713938,0.713938,1622593500,2021-06-02T00:25:00
0.72423,0.72423,0.72423,0.72423,1622592300,2021-06-02T00:05:00
0.709163,0.709163,0.709163,0.709163,1622582760,2021-06-01T21:26:00
0.712472,0.712472,0.712472,0.712472,1622582580,2021-06-01T21:23:00
0.707518,0.707518,0.707518,0.707518,1622582220,2021-06-01T21:17:00
0.712511,0.712511,0.712511,0.712511,1622581680,2021-06-01T21:08:00
0.709884,0.709884,0.709884,0.709884,1622573940,2021-06-01T18:59:00
0.708425,0.708425,0.708425,0.708425,1622570100,2021-06-01T17:55:00
0.700936,0.700936,0.700936,0.700936,1622568900,2021-06-01T17:35:00
0.700652,0.700652,0.700652,0.700652,1622566920,2021-06-01T17:02:00
0.698025,0.698025,0.698025,0.698025,1622565060,2021-06-01T16:31:00
0.698492,0.698492,0.698492,0.698492,1622563860,2021-06-01T16:11:00
0.705281,0.705281,0.705281,0.705281,1622560920,2021-06-01T15:22:00
0.707732,0.707732,0.707732,0.707732,1622560680,2021-06-01T15:18:00
0.73261,0.73261,0.73261,0.73261,1622557200,2021-06-01T14:20:00
0.735913,0.735913,0.735913,0.735913,1622557140,2021-06-01T14:19:00
0.720259,0.720259,0.720259,0.720259,1622554680,2021-06-01T13:38:00
0.692451,0.692451,0.692451,0.692451,1622554560,2021-06-01T13:36:00
0.702596,0.702596,0.702596,0.702596,1622548980,2021-06-01T12:03:00
0.697289,0.697289,0.697289,0.697289,1622535660,2021-06-01T08:21:00
0.704284,0.704284,0.704284,0.704284,1622530860,2021-06-01T07:01:00
0.704058,0.704058,0.704058,0.704058,1622530020,2021-06-01T06:47:00
0.708581,0.708581,0.708581,0.708581,1622528760,2021-06-01T06:26:00
0.721576,0.721576,0.721576,0.721576,1622527740,2021-06-01T06:09:00
0.723188,0.723188,0.723188,0.723188,1622524680,2021-06-01T05:18:00
0.732736,0.732736,0.732736,0.732736,1622524620,2021-06-01T05:17:00
0.731735,0.731735,0.731735,0.731735,1622521620,2021-06-01T04:27:00
0.743685,0.743685,0.743685,0.743685,1622517300,2021-06-01T03:15:00
0.769215,0.769215,0.769215,0.769215,1622514720,2021-06-01T02:32:00
0.749067,0.749067,0.749067,0.749067,1622508900,2021-06-01T00:55:00
0.744005,0.744005,0.744005,0.744005,1622506380,2021-06-01T00:13:00
0.728892,0.728892,0.728892,0.728892,1622505720,2021-06-01T00:02:00
0.723664,0.723664,0.723664,0.723664,1622504160,2021-05-31T23:36:00
0.709563,0.709563,0.709563,0.709563,1622494320,2021-05-31T20:52:00
0.705242,0.705242,0.705242,0.705242,1622493720,2021-05-31T20:42:00
0.707528,0.707528,0.707528,0.707528,1622488740,2021-05-31T19:19:00
0.702924,0.702924,0.702924,0.702924,1622483460,2021-05-31T17:51:00
0.715792,0.715792,0.715792,0.715792,1622478900,2021-05-31T16:35:00
0.710964,0.712866,0.710964,0.712866,1622476320,2021-05-31T15:52:00
0.676009,0.676009,0.676009,0.676009,1622474940,2021-05-31T15:29:00
0.662618,0.662618,0.662618,0.662618,1622471820,2021-05-31T14:37:00
0.662182,0.662182,0.662182,0.662182,1622471640,2021-05-31T14:34:00
0.666605,0.666605,0.666605,0.666605,1622469780,2021-05-31T14:03:00
0.673641,0.673641,0.673641,0.673641,1622463960,2021-05-31T12:26:00
0.675697,0.675697,0.675697,0.675697,1622462700,2021-05-31T12:05:00
0.671169,0.671169,0.671169,0.671169,1622460180,2021-05-31T11:23:00
0.663523,0.663523,0.663523,0.663523,1622457300,2021-05-31T10:35:00
0.657778,0.657778,0.657778,0.657778,1622453100,2021-05-31T09:25:00
0.626836,0.626836,0.626836,0.626836,1622441700,2021-05-31T06:15:00
0.633448,0.633448,0.633448,0.633448,1622436180,2021-05-31T04:43:00
0.624622,0.624622,0.624622,0.624622,1622431620,2021-05-31T03:27:00
0.623625,0.623625,0.623625,0.623625,1622429280,2021-05-31T02:48:00
0.624351,0.624351,0.624351,0.624351,1622427180,2021-05-31T02:13:00
0.644932,0.644932,0.644932,0.644932,1622425080,2021-05-31T01:38:00
0.658947,0.658947,0.658947,0.658947,1622422980,2021-05-31T01:03:00
0.665317,0.665317,0.665317,0.665317,1622419800,2021-05-31T00:10:00
0.685072,0.685072,0.685072,0.685072,1622414520,2021-05-30T22:42:00
0.700959,0.700959,0.700959,0.700959,1622398200,2021-05-30T18:10:00
0.701057,0.701057,0.701057,0.701057,1622394600,2021-05-30T17:10:00
0.693537,0.693537,0.693537,0.693537,1622392080,2021-05-30T16:28:00
0.680921,0.680921,0.680921,0.680921,1622390400,2021-05-30T16:00:00
0.677263,0.677263,0.677263,0.677263,1622389500,2021-05-30T15:45:00
0.687858,0.687858,0.687858,0.687858,1622378160,2021-05-30T12:36:00
0.685074,0.685074,0.685074,0.685074,1622370480,2021-05-30T10:28:00
0.701421,0.701421,0.701421,0.701421,1622368380,2021-05-30T09:53:00
0.711611,0.712062,0.711611,0.712062,1622357400,2021-05-30T06:50:00
0.717353,0.717353,0.717353,0.717353,1622355120,2021-05-30T06:12:00
0.699432,0.699432,0.699432,0.699432,1622332500,2021-05-29T23:55:00
0.69735,0.69735,0.69735,0.69735,1622324760,2021-05-29T21:46:00
0.712795,0.712795,0.712795,0.712795,1622310720,2021-05-29T17:52:00
0.69858,0.69858,0.69858,0.69858,1622310120,2021-05-29T17:42:00
0.68843,0.68843,0.68843,0.68843,1622305080,2021-05-29T16:18:00
0.695977,0.695977,0.695977,0.695977,1622303280,2021-05-29T15:48:00
0.711313,0.711313,0.711313,0.711313,1622299200,2021-05-29T14:40:00
0.720018,0.720018,0.720018,0.720018,1622298480,2021-05-29T14:28:00
0.723398,0.723398,0.723398,0.723398,1622298360,2021-05-29T14:26:00
0.72713,0.72713,0.72713,0.72713,1622298060,2021-05-29T14:21:00
0.71886,0.71886,0.71886,0.71886,1622296080,2021-05-29T13:48:00
0.731656,0.731656,0.731656,0.731656,1622292840,2021-05-29T12:54:00
0.737328,0.737328,0.737328,0.737328,1622292000,2021-05-29T12:40:00
0.746056,0.746056,0.746056,0.746056,1622287140,2021-05-29T11:19:00
0.754953,0.754953,0.754953,0.754953,1622282280,2021-05-29T09:58:00
0.763702,0.763702,0.763702,0.763702,1622279100,2021-05-29T09:05:00
0.779527,0.779527,0.779527,0.779527,1622257140,2021-05-29T02:59:00
0.788763,0.788763,0.788763,0.788763,1622251980,2021-05-29T01:33:00
0.771711,0.771711,0.771711,0.771711,1622249400,2021-05-29T00:50:00
0.776742,0.776742,0.776742,0.776742,1622234280,2021-05-28T20:38:00
0.775503,0.775503,0.775503,0.775503,1622229240,2021-05-28T19:14:00
0.77818,0.77818,0.77818,0.77818,1622227680,2021-05-28T18:48:00
0.783219,0.783219,0.783219,0.783219,1622226720,2021-05-28T18:32:00
0.772439,0.795951,0.772439,0.795951,1622220960,2021-05-28T16:56:00
0.792586,0.792586,0.792586,0.792586,1622217240,2021-05-28T15:54:00
0.789312,0.789312,0.789312,0.789312,1622216760,2021-05-28T15:46:00
0.797142,0.797142,0.797142,0.797142,1622211360,2021-05-28T14:16:00
0.811213,0.811213,0.811213,0.811213,1622208840,2021-05-28T13:34:00
0.806783,0.806783,0.806783,0.806783,1622208360,2021-05-28T13:26:00
0.795819,0.795819,0.795819,0.795819,1622206440,2021-05-28T12:54:00
0.793989,0.793989,0.793989,0.793989,1622206020,2021-05-28T12:47:00
0.786911,0.786911,0.786911,0.786911,1622205060,2021-05-28T12:31:00
0.777873,0.777873,0.777873,0.777873,1622198820,2021-05-28T10:47:00
0.800681,0.800681,0.800681,0.800681,1622191440,2021-05-28T08:44:00
0.788436,0.788436,0.788436,0.788436,1622184000,2021-05-28T06:40:00
0.793131,0.793131,0.793131,0.793131,1622183280,2021-05-28T06:28:00
0.87894,0.87894,0.87894,0.87894,1622175300,2021-05-28T04:15:00
0.896558,0.896558,0.896558,0.896558,1622168400,2021-05-28T02:20:00
0.915092,0.915092,0.915092,0.915092,1622157240,2021-05-27T23:14:00
0.912891,0.912891,0.907953,0.907953,1622154840,2021-05-27T22:34:00
0.924663,0.924663,0.924663,0.924663,1622151780,2021-05-27T21:43:00
0.938639,0.938639,0.937282,0.937282,1622150640,2021-05-27T21:24:00
0.942755,0.942755,0.942755,0.942755,1622149140,2021-05-27T20:59:00
0.952296,0.952296,0.952296,0.952296,1622149020,2021-05-27T20:57:00
0.956893,0.956893,0.956893,0.956893,1622147040,2021-05-27T20:24:00
0.965551,0.965551,0.965551,0.965551,1622146920,2021-05-27T20:22:00
0.9558,0.9558,0.9558,0.9558,1622145240,2021-05-27T19:54:00
0.963681,0.963681,0.963681,0.963681,1622139180,2021-05-27T18:13:00
0.945599,0.945599,0.945599,0.945599,1622137740,2021-05-27T17:49:00
0.956529,0.956529,0.956529,0.956529,1622137260,2021-05-27T17:41:00
0.965675,0.965675,0.965675,0.965675,1622133240,2021-05-27T16:34:00
0.991017,0.991017,0.991017,0.991017,1622127900,2021-05-27T15:05:00
0.995831,0.995831,0.995831,0.995831,1622126580,2021-05-27T14:43:00
0.998663,0.998663,0.998663,0.998663,1622125620,2021-05-27T14:27:00
0.988585,0.988585,0.988585,0.988585,1622123400,2021-05-27T13:50:00
0.993076,0.993076,0.993076,0.993076,1622122860,2021-05-27T13:41:00
1.0099,1.0099,1.0099,1.0099,1622121300,2021-05-27T13:15:00
1.04087,1.04087,1.04087,1.04087,1622117760,2021-05-27T12:16:00
1.04663,1.04663,1.04663,1.04663,1622117640,2021-05-27T12:14:00
1.05726,1.05726,1.05726,1.05726,1622116740,2021-05-27T11:59:00
1.05016,1.05016,1.05016,1.05016,1622116620,2021-05-27T11:57:00
1.04517,1.04517,1.04517,1.04517,1622114520,2021-05-27T11:22:00
1.04366,1.04366,1.04366,1.04366,1622113980,2021-05-27T11:13:00
1.05251,1.05251,1.05251,1.05251,1622111580,2021-05-27T10:33:00
1.061,1.061,1.061,1.061,1622109960,2021-05-27T10:06:00
1.04773,1.04773,1.04773,1.04773,1622103180,2021-05-27T08:13:00
1.05757,1.05757,1.05757,1.05757,1622099460,2021-05-27T07:11:00
1.04645,1.04645,1.04645,1.04645,1622096460,2021-05-27T06:21:00
1.04623,1.04623,1.04623,1.04623,1622096220,2021-05-27T06:17:00
1.0578,1.0578,1.0578,1.0578,1622094960,2021-05-27T05:56:00
1.05907,1.05907,1.05907,1.05907,1622091660,2021-05-27T05:01:00
1.05993,1.05993,1.05993,1.05993,1622088780,2021-05-27T04:13:00
1.05415,1.05415,1.05415,1.05415,1622086740,2021-05-27T03:39:00
1.0583,1.0583,1.0583,1.0583,1622086320,2021-05-27T03:32:00
1.05111,1.05111,1.05111,1.05111,1622085600,2021-05-27T03:20:00
1.07094,1.07094,1.07094,1.07094,1622084400,2021-05-27T03:00:00
1.06736,1.06736,1.06736,1.06736,1622084160,2021-05-27T02:56:00
1.06779,1.06779,1.06779,1.06779,1622082480,2021-05-27T02:28:00
1.0858,1.0858,1.0858,1.0858,1622079840,2021-05-27T01:44:00
1.09704,1.09704,1.09704,1.09704,1622079540,2021-05-27T01:39:00
1.11521,1.11521,1.11521,1.11521,1622077080,2021-05-27T00:58:00
1.11815,1.11815,1.11815,1.11815,1622075220,2021-05-27T00:27:00
1.11698,1.11698,1.11698,1.11698,1622074500,2021-05-27T00:15:00
1.11935,1.11935,1.11935,1.11935,1622072160,2021-05-26T23:36:00
1.09576,1.09576,1.09576,1.09576,1622070420,2021-05-26T23:07:00
1.09899,1.09899,1.09899,1.09899,1622069520,2021-05-26T22:52:00
1.1027,1.1027,1.1027,1.1027,1622067600,2021-05-26T22:20:00
1.09645,1.09645,1.09645,1.09645,1622067420,2021-05-26T22:17:00
1.10055,1.10055,1.10055,1.10055,1622066820,2021-05-26T22:07:00
1.10195,1.10195,1.10195,1.10195,1622066580,2021-05-26T22:03:00
1.10771,1.10771,1.10434,1.10434,1622065140,2021-05-26T21:39:00
1.11057,1.11057,1.11057,1.11057,1622064960,2021-05-26T21:36:00
1.12082,1.12082,1.12082,1.12082,1622063280,2021-05-26T21:08:00
1.13508,1.13508,1.13508,1.13508,1622061360,2021-05-26T20:36:00
1.12212,1.12212,1.12212,1.12212,1622059440,2021-05-26T20:04:00
1.11575,1.11575,1.11575,1.11575,1622059200,2021-05-26T20:00:00
1.11645,1.11645,1.11645,1.11645,1622058360,2021-05-26T19:46:00
1.10023,1.10023,1.10023,1.10023,1622056440,2021-05-26T19:14:00
1.08685,1.08685,1.08685,1.08685,1622055660,2021-05-26T19:01:00
1.08858,1.08858,1.08858,1.08858,1622055240,2021-05-26T18:54:00
1.08107,1.08107,1.08107,1.08107,1622054160,2021-05-26T18:36:00
1.0884,1.0884,1.0884,1.0884,1622053980,2021-05-26T18:33:00
1.03516,1.03516,1.03516,1.03516,1622053500,2021-05-26T18:25:00
1.02417,1.02417,1.02417,1.02417,1622052300,2021-05-26T18:05:00
1.0196,1.0196,1.0196,1.0196,1622051880,2021-05-26T17:58:00
1.02442,1.02442,1.02442,1.02442,1622050800,2021-05-26T17:40:00
1.00621,1.00621,1.00621,1.00621,1622048940,2021-05-26T17:09:00
1.01541,1.01541,1.01541,1.01541,1622048400,2021-05-26T17:00:00
1.01442,1.01442,1.01442,1.01442,1622048100,2021-05-26T16:55:00
1.02942,1.02942,1.02942,1.02942,1622047140,2021-05-26T16:39:00
1.00681,1.00681,1.00681,1.00681,1622046960,2021-05-26T16:36:00
0.978177,0.978177,0.978177,0.978177,1622046840,2021-05-26T16:34:00
0.971701,0.971701,0.971701,0.971701,1622046360,2021-05-26T16:26:00
1.00929,1.00929,1.00929,1.00929,1622045880,2021-05-26T16:18:00
0.910865,0.910865,0.910865,0.910865,1622045640,2021-05-26T16:14:00
0.904029,0.904029,0.904029,0.904029,1622045520,2021-05-26T16:12:00
0.892541,0.892541,0.892541,0.892541,1622045100,2021-05-26T16:05:00
0.895409,0.895409,0.895409,0.895409,1622044800,2021-05-26T16:00:00
0.910155,0.910155,0.910155,0.910155,1622038500,2021-05-26T14:15:00
0.900639,0.900639,0.900639,0.900639,1622038140,2021-05-26T14:09:00
0.902605,0.902605,0.902605,0.902605,1622037660,2021-05-26T14:01:00
0.917553,0.917553,0.917553,0.917553,1622037180,2021-05-26T13:53:00
0.971187,0.971187,0.971187,0.971187,1622031900,2021-05-26T12:25:00
0.975619,0.975619,0.975619,0.975619,1622031360,2021-05-26T12:16:00
0.967087,0.967087,0.967087,0.967087,1622030880,2021-05-26T12:08:00
0.977447,0.977447,0.977447,0.977447,1622030340,2021-05-26T11:59:00
0.98142,0.98142,0.98142,0.98142,1622030100,2021-05-26T11:55:00
0.99152,0.99152,0.99152,0.99152,1622027880,2021-05-26T11:18:00
1.00454,1.00454,1.00454,1.00454,1622027700,2021-05-26T11:15:00
1.01436,1.01436,1.01436,1.01436,1622027220,2021-05-26T11:07:00
1.03713,1.03713,1.03713,1.03713,1622023740,2021-05-26T10:09:00
1.0551,1.0551,1.0551,1.0551,1622023080,2021-05-26T09:58:00
1.05543,1.05543,1.05543,1.05543,1622021340,2021-05-26T09:29:00
1.06359,1.06359,1.06359,1.06359,1622020620,2021-05-26T09:17:00
1.04696,1.04696,1.04696,1.04696,1622020380,2021-05-26T09:13:00
1.01226,1.01226,1.01226,1.01226,1622016960,2021-05-26T08:16:00
1.02015,1.02015,1.02015,1.02015,1622016600,2021-05-26T08:10:00
1.03358,1.03358,1.03358,1.03358,1622015940,2021-05-26T07:59:00
1.04902,1.04902,1.04902,1.04902,1622015760,2021-05-26T07:56:00
1.06821,1.06821,1.06821,1.06821,1622013660,2021-05-26T07:21:00
1.09427,1.09427,1.09427,1.09427,1622012280,2021-05-26T06:58:00
1.11343,1.11343,1.11343,1.11343,1622011440,2021-05-26T06:44:00
1.10042,1.10042,1.10042,1.10042,1622010300,2021-05-26T06:25:00
1.10405,1.10405,1.10405,1.10405,1622010240,2021-05-26T06:24:00
1.0796,1.0796,1.0796,1.0796,1622009280,2021-05-26T06:08:00
1.07299,1.07299,1.07299,1.07299,1622007240,2021-05-26T05:34:00
1.07655,1.07655,1.07655,1.07655,1622006700,2021-05-26T05:25:00
1.05553,1.05553,1.05553,1.05553,1622004420,2021-05-26T04:47:00
1.0445,1.0445,1.0445,1.0445,1622002800,2021-05-26T04:20:00
1.06521,1.06521,1.06521,1.06521,1622000820,2021-05-26T03:47:00
1.07049,1.07049,1.07049,1.07049,1621997160,2021-05-26T02:46:00
1.07666,1.07666,1.07666,1.07666,1621995720,2021-05-26T02:22:00
1.06356,1.06356,1.06356,1.06356,1621994100,2021-05-26T01:55:00
1.07198,1.07198,1.07198,1.07198,1621993860,2021-05-26T01:51:00
1.04815,1.04815,1.04815,1.04815,1621992540,2021-05-26T01:29:00
1.02726,1.02726,1.02726,1.02726,1621992300,2021-05-26T01:25:00
1.02675,1.02675,1.02675,1.02675,1621991100,2021-05-26T01:05:00
1.02258,1.02258,1.02258,1.02258,1621989900,2021-05-26T00:45:00
1.03552,1.03552,1.03552,1.03552,1621985760,2021-05-25T23:36:00
1.04167,1.04167,1.04167,1.04167,1621983480,2021-05-25T22:58:00
1.02472,1.02472,1.02472,1.02472,1621981140,2021-05-25T22:19:00
1.02816,1.02816,1.02816,1.02816,1621980300,2021-05-25T22:05:00
1.02642,1.02642,1.02642,1.02642,1621980180,2021-05-25T22:03:00
1.01978,1.01978,1.01978,1.01978,1621979280,2021-05-25T21:48:00
1.02149,1.02149,1.02149,1.02149,1621979040,2021-05-25T21:44:00
1.02534,1.02534,1.02534,1.02534,1621978800,2021-05-25T21:40:00
1.03146,1.03146,1.03146,1.03146,1621978680,2021-05-25T21:38:00
1.08156,1.08156,1.08156,1.08156,1621978080,2021-05-25T21:28:00
1.15309,1.15309,1.15309,1.15309,1621977240,2021-05-25T21:14:00
1.13001,1.13001,1.13001,1.13001,1621977180,2021-05-25T21:13:00
1.07362,1.07362,1.07362,1.07362,1621976820,2021-05-25T21:07:00
1.09634,1.09634,1.08233,1.08233,1621974960,2021-05-25T20:36:00
1.09058,1.09058,1.09058,1.09058,1621974720,2021-05-25T20:32:00
1.08935,1.08935,1.08935,1.08935,1621974360,2021-05-25T20:26:00
1.0621,1.0621,1.0621,1.0621,1621974180,2021-05-25T20:23:00
1.01449,1.01449,1.01449,1.01449,1621974120,2021-05-25T20:22:00
1.00138,1.00138,1.00138,1.00138,1621970880,2021-05-25T19:28:00
0.992534,0.992534,0.992534,0.992534,1621970400,2021-05-25T19:20:00
1.00217,1.00217,1.00217,1.00217,1621968180,2021-05-25T18:43:00
1.01056,1.01056,1.01056,1.01056,1621967340,2021-05-25T18:29:00
1.02052,1.02052,1.02052,1.02052,1621967160,2021-05-25T18:26:00
1.01106,1.01106,1.01106,1.01106,1621966800,2021-05-25T18:20:00
0.963775,0.963775,0.963775,0.963775,1621966620,2021-05-25T18:17:00
0.934159,0.934159,0.934159,0.934159,1621966140,2021-05-25T18:09:00
0.938079,0.938079,0.938079,0.938079,1621965600,2021-05-25T18:00:00
0.940531,0.940531,0.940531,0.940531,1621964880,2021-05-25T17:48:00
0.932102,0.932102,0.932102,0.932102,1621963800,2021-05-25T17:30:00
0.932165,0.932165,0.932165,0.932165,1621962420,2021-05-25T17:07:00
0.924574,0.924574,0.924574,0.924574,1621959720,2021-05-25T16:22:00
0.920773,0.920773,0.920773,0.920773,1621959060,2021-05-25T16:11:00
0.915511,0.915511,0.915511,0.915511,1621958580,2021-05-25T16:03:00
0.919742,0.919742,0.919742,0.919742,1621957200,2021-05-25T15:40:00
0.920304,0.920304,0.920304,0.920304,1621956780,2021-05-25T15:33:00
0.922119,0.922119,0.922119,0.922119,1621956600,2021-05-25T15:30:00
0.973201,0.973201,0.973201,0.973201,1621956180,2021-05-25T15:23:00
0.916073,0.916073,0.916073,0.916073,1621954440,2021-05-25T14:54:00
0.919618,0.919618,0.919618,0.919618,1621952760,2021-05-25T14:26:00
0.915407,0.915407,0.915407,0.915407,1621952220,2021-05-25T14:17:00
0.907987,0.907987,0.907987,0.907987,1621951020,2021-05-25T13:57:00
0.88849,0.88849,0.88849,0.88849,1621950300,2021-05-25T13:45:00
0.877638,0.877638,0.877638,0.877638,1621949400,2021-05-25T13:30:00
0.879222,0.879222,0.879222,0.879222,1621949100,2021-05-25T13:25:00
0.869838,0.869838,0.869838,0.869838,1621948860,2021-05-25T13:21:00
0.853437,0.853437,0.853437,0.853437,1621945920,2021-05-25T12:32:00
0.875736,0.875736,0.875736,0.875736,1621944960,2021-05-25T12:16:00
0.911206,0.911206,0.911206,0.911206,1621942920,2021-05-25T11:42:00
0.878821,0.878821,0.878821,0.878821,1621942500,2021-05-25T11:35:00
0.846468,0.846468,0.846468,0.846468,1621941300,2021-05-25T11:15:00
0.851499,0.851499,0.851499,0.851499,1621940820,2021-05-25T11:07:00
0.852949,0.852949,0.852949,0.852949,1621940280,2021-05-25T10:58:00
0.900851,0.900851,0.900851,0.900851,1621936320,2021-05-25T09:52:00
0.911125,0.911125,0.911125,0.911125,1621932360,2021-05-25T08:46:00
0.93933,0.93933,0.93933,0.93933,1621931760,2021-05-25T08:36:00
0.881137,0.881137,0.881137,0.881137,1621930920,2021-05-25T08:22:00
0.87839,0.87839,0.87839,0.87839,1621930260,2021-05-25T08:11:00
0.874541,0.874541,0.874541,0.874541,1621929900,2021-05-25T08:05:00
0.852236,0.852236,0.852236,0.852236,1621928640,2021-05-25T07:44:00
0.838107,0.838107,0.838107,0.838107,1621926960,2021-05-25T07:16:00
0.835957,0.835957,0.835957,0.835957,1621925940,2021-05-25T06:59:00
0.822071,0.822071,0.822071,0.822071,1621924140,2021-05-25T06:29:00
0.809347,0.809347,0.809347,0.809347,1621921200,2021-05-25T05:40:00
0.805329,0.805329,0.805329,0.805329,1621921140,2021-05-25T05:39:00
0.81433,0.81433,0.81433,0.81433,1621920660,2021-05-25T05:31:00
0.809819,0.809819,0.809819,0.809819,1621918980,2021-05-25T05:03:00
0.800596,0.800596,0.800596,0.800596,1621918920,2021-05-25T05:02:00
0.794502,0.794502,0.794502,0.794502,1621917060,2021-05-25T04:31:00
0.810082,0.810082,0.810082,0.810082,1621912680,2021-05-25T03:18:00
0.834306,0.834306,0.834306,0.834306,1621912560,2021-05-25T03:16:00
0.841608,0.841608,0.841608,0.841608,1621912140,2021-05-25T03:09:00
0.848758,0.848758,0.848758,0.848758,1621911300,2021-05-25T02:55:00
0.853574,0.853574,0.853574,0.853574,1621909440,2021-05-25T02:24:00
0.863493,0.863493,0.863493,0.863493,1621908360,2021-05-25T02:06:00
0.862927,0.862927,0.862927,0.862927,1621907880,2021-05-25T01:58:00
0.862598,0.862598,0.862598,0.862598,1621907340,2021-05-25T01:49:00
0.859306,0.859306,0.859306,0.859306,1621907160,2021-05-25T01:46:00
0.865261,0.865261,0.865261,0.865261,1621905120,2021-05-25T01:12:00
0.860114,0.860114,0.860114,0.860114,1621904940,2021-05-25T01:09:00
0.850571,0.850571,0.850571,0.850571,1621904880,2021-05-25T01:08:00
0.848837,0.848837,0.848837,0.848837,1621904760,2021-05-25T01:06:00
0.85143,0.85143,0.85143,0.85143,1621903920,2021-05-25T00:52:00
0.874002,0.874002,0.874002,0.874002,1621903740,2021-05-25T00:49:00
0.883355,0.883355,0.883355,0.883355,1621903440,2021-05-25T00:44:00
0.895675,0.895675,0.895675,0.895675,1621903140,2021-05-25T00:39:00
0.93378,0.93378,0.93378,0.93378,1621898580,2021-05-24T23:23:00
0.986256,0.986256,0.986256,0.986256,1621898220,2021-05-24T23:17:00
0.983854,0.983854,0.983854,0.983854,1621897920,2021-05-24T23:12:00
0.984311,0.984311,0.984311,0.984311,1621896780,2021-05-24T22:53:00
1.01642,1.01642,1.01642,1.01642,1621894440,2021-05-24T22:14:00
1.0793,1.0793,1.0793,1.0793,1621894140,2021-05-24T22:09:00
1.03897,1.03897,1.03897,1.03897,1621894080,2021-05-24T22:08:00
1.06276,1.06276,1.06276,1.06276,1621893960,2021-05-24T22:06:00
1.06163,1.06163,1.06163,1.06163,1621893840,2021-05-24T22:04:00
1.06796,1.06796,1.06796,1.06796,1621893420,2021-05-24T21:57:00
1.07207,1.07207,1.07207,1.07207,1621893360,2021-05-24T21:56:00
1.08303,1.08303,1.08303,1.08303,1621892400,2021-05-24T21:40:00
1.09596,1.09596,1.09596,1.09596,1621891380,2021-05-24T21:23:00
1.09561,1.09561,1.09561,1.09561,1621890720,2021-05-24T21:12:00
1.0726,1.0726,1.0726,1.0726,1621889580,2021-05-24T20:53:00
1.06316,1.06316,1.06316,1.06316,1621889160,2021-05-24T20:46:00
1.06827,1.06827,1.06827,1.06827,1621887300,2021-05-24T20:15:00
1.01414,1.01414,1.01414,1.01414,1621884060,2021-05-24T19:21:00
1.01644,1.01644,1.01644,1.01644,1621883580,2021-05-24T19:13:00
1.01224,1.01224,1.01224,1.01224,1621882380,2021-05-24T18:53:00
0.970174,0.970174,0.970174,0.970174,1621878960,2021-05-24T17:56:00
0.937765,0.937765,0.937765,0.937765,1621878660,2021-05-24T17:51:00
0.905928,0.905928,0.905928,0.905928,1621878060,2021-05-24T17:41:00
0.876561,0.876561,0.876561,0.876561,1621876380,2021-05-24T17:13:00
0.907588,0.907588,0.907588,0.907588,1621876140,2021-05-24T17:09:00
0.957243,0.957243,0.957243,0.957243,1621875180,2021-05-24T16:53:00
0.949494,0.949494,0.949494,0.949494,1621874340,2021-05-24T16:39:00
0.95173,0.95173,0.95173,0.95173,1621873740,2021-05-24T16:29:00
0.964945,0.964945,0.964945,0.964945,1621873440,2021-05-24T16:24:00
0.966066,0.966066,0.966066,0.966066,1621873140,2021-05-24T16:19:00
0.969003,0.969003,0.969003,0.969003,1621873020,2021-05-24T16:17:00
0.953928,0.953928,0.953928,0.953928,1621871460,2021-05-24T15:51:00
0.94942,0.94942,0.94942,0.94942,1621871040,2021-05-24T15:44:00
0.96309,0.96309,0.96309,0.96309,1621870680,2021-05-24T15:38:00
1.05629,1.05629,1.05629,1.05629,1621870380,2021-05-24T15:33:00
1.13193,1.13193,1.13193,1.13193,1621870320,2021-05-24T15:32:00
1.10745,1.10745,1.10745,1.10745,1621869600,2021-05-24T15:20:00
1.11051,1.11051,1.11051,1.11051,1621868040,2021-05-24T14:54:00
1.10333,1.10333,1.10333,1.10333,1621867380,2021-05-24T14:43:00
1.11517,1.11517,1.11517,1.11517,1621866960,2021-05-24T14:36:00
1.11469,1.11469,1.11469,1.11469,1621866900,2021-05-24T14:35:00
1.1582,1.1582,1.15525,1.15525,1621866840,2021-05-24T14:34:00
1.12087,1.12087,1.12087,1.12087,1621866180,2021-05-24T14:23:00
1.11764,1.11764,1.11764,1.11764,1621865940,2021-05-24T14:19:00
1.10401,1.10401,1.10401,1.10401,1621865040,2021-05-24T14:04:00
1.10076,1.10076,1.10076,1.10076,1621864980,2021-05-24T14:03:00
1.09521,1.09521,1.09521,1.09521,1621864740,2021-05-24T13:59:00
1.09177,1.09177,1.09177,1.09177,1621864500,2021-05-24T13:55:00
1.08669,1.08669,1.08669,1.08669,1621864380,2021-05-24T13:53:00
1.08171,1.08171,1.08171,1.08171,1621864320,2021-05-24T13:52:00
1.09181,1.09181,1.09181,1.09181,1621864140,2021-05-24T13:49:00
1.0877,1.0877,1.0877,1.0877,1621864080,2021-05-24T13:48:00
1.10906,1.10906,1.10906,1.10906,1621863480,2021-05-24T13:38:00
1.04427,1.08925,1.04427,1.08925,1621861440,2021-05-24T13:04:00
1.04388,1.04388,1.04388,1.04388,1621861200,2021-05-24T13:00:00
1.0194,1.0194,1.0194,1.0194,1621861080,2021-05-24T12:58:00
1.05848,1.05848,1.04668,1.04668,1621860960,2021-05-24T12:56:00
1.00038,1.00038,1.00038,1.00038,1621860840,2021-05-24T12:54:00
0.952146,0.952146,0.952146,0.952146,1621860480,2021-05-24T12:48:00
0.910548,0.910548,0.910548,0.910548,1621858920,2021-05-24T12:22:00
0.900651,0.900651,0.900651,0.900651,1621855980,2021-05-24T11:33:00
0.903894,0.903894,0.903894,0.903894,1621854540,2021-05-24T11:09:00
0.88577,0.88577,0.88577,0.88577,1621853760,2021-05-24T10:56:00
0.878018,0.878018,0.878018,0.878018,1621850340,2021-05-24T09:59:00
0.92977,0.92977,0.92977,0.92977,1621848960,2021-05-24T09:36:00
0.858006,0.858006,0.858006,0.858006,1621847880,2021-05-24T09:18:00
0.850823,0.850823,0.850823,0.850823,1621847340,2021-05-24T09:09:00
0.820137,0.820137,0.820137,0.820137,1621845960,2021-05-24T08:46:00
0.859991,0.859991,0.859991,0.859991,1621845780,2021-05-24T08:43:00
0.934489,0.934489,0.934489,0.934489,1621844820,2021-05-24T08:27:00
0.911618,0.911618,0.911618,0.911618,1621844760,2021-05-24T08:26:00
0.877467,0.877467,0.877467,0.877467,1621843740,2021-05-24T08:09:00
0.842783,0.842783,0.842783,0.842783,1621841880,2021-05-24T07:38:00
0.813263,0.813263,0.813263,0.813263,1621841580,2021-05-24T07:33:00
0.849044,0.849044,0.849044,0.849044,1621841400,2021-05-24T07:30:00
0.867893,0.867893,0.867893,0.867893,1621841340,2021-05-24T07:29:00
0.870344,0.870344,0.870344,0.870344,1621841100,2021-05-24T07:25:00
0.840427,0.840427,0.840427,0.840427,1621839000,2021-05-24T06:50:00
0.829847,0.829847,0.829847,0.829847,1621838700,2021-05-24T06:45:00
0.818142,0.818142,0.818142,0.818142,1621836660,2021-05-24T06:11:00
0.825062,0.825062,0.825062,0.825062,1621828020,2021-05-24T03:47:00
0.81322,0.81322,0.81322,0.81322,1621822080,2021-05-24T02:08:00
0.807957,0.807957,0.807957,0.807957,1621818840,2021-05-24T01:14:00
0.832218,0.832218,0.832218,0.832218,1621815660,2021-05-24T00:21:00
0.82332,0.82332,0.82332,0.82332,1621814340,2021-05-23T23:59:00
0.806638,0.806638,0.806638,0.806638,1621813200,2021-05-23T23:40:00
0.792261,0.792261,0.792261,0.792261,1621812360,2021-05-23T23:26:00
0.786007,0.786007,0.786007,0.786007,1621811880,2021-05-23T23:18:00
0.793676,0.793676,0.793676,0.793676,1621811820,2021-05-23T23:17:00
0.782743,0.782743,0.782743,0.782743,1621811280,2021-05-23T23:08:00
0.73667,0.73667,0.73667,0.73667,1621810500,2021-05-23T22:55:00
0.731791,0.731791,0.731791,0.731791,1621809840,2021-05-23T22:44:00
0.728475,0.728475,0.728475,0.728475,1621808700,2021-05-23T22:25:00
0.693458,0.693458,0.693458,0.693458,1621806600,2021-05-23T21:50:00
0.711718,0.711718,0.711718,0.711718,1621805160,2021-05-23T21:26:00
0.6865,0.6865,0.6865,0.6865,1621801260,2021-05-23T20:21:00
0.662187,0.662187,0.662187,0.662187,1621799100,2021-05-23T19:45:00
0.654325,0.654325,0.654325,0.654325,1621798560,2021-05-23T19:36:00
0.670451,0.670451,0.670451,0.670451,1621798200,2021-05-23T19:30:00
0.672444,0.672444,0.672444,0.672444,1621797120,2021-05-23T19:12:00
0.671266,0.671266,0.671266,0.671266,1621796100,2021-05-23T18:55:00
0.698574,0.698574,0.698574,0.698574,1621791300,2021-05-23T17:35:00
0.614435,0.614435,0.614435,0.614435,1621789080,2021-05-23T16:58:00
0.605098,0.605098,0.605098,0.605098,1621787280,2021-05-23T16:28:00
0.651909,0.651909,0.651909,0.651909,1621783380,2021-05-23T15:23:00
0.6869,0.6869,0.6869,0.6869,1621782120,2021-05-23T15:02:00
0.712368,0.712368,0.712368,0.712368,1621781940,2021-05-23T14:59:00
0.715271,0.715271,0.715271,0.715271,1621781880,2021-05-23T14:58:00
0.782401,0.782401,0.782401,0.782401,1621781820,2021-05-23T14:57:00
0.827994,0.827994,0.827994,0.827994,1621779420,2021-05-23T14:17:00
0.841983,0.841983,0.841983,0.841983,1621778760,2021-05-23T14:06:00
0.861593,0.861593,0.861593,0.861593,1621778520,2021-05-23T14:02:00
0.876757,0.876757,0.876757,0.876757,1621775880,2021-05-23T13:18:00
0.874638,0.874638,0.874638,0.874638,1621775580,2021-05-23T13:13:00
0.903759,0.903759,0.903759,0.903759,1621774080,2021-05-23T12:48:00
0.949075,0.949075,0.949075,0.949075,1621772700,2021-05-23T12:25:00
0.995127,0.995127,0.995127,0.995127,1621772340,2021-05-23T12:19:00
1.04493,1.04493,1.04493,1.04493,1621772040,2021-05-23T12:14:00
1.14953,1.14953,1.14953,1.14953,1621771500,2021-05-23T12:05:00
1.0184,1.0184,1.0184,1.0184,1621771200,2021-05-23T12:00:00
1.00885,1.00885,1.00885,1.00885,1621771020,2021-05-23T11:57:00
1.01457,1.01457,1.01457,1.01457,1621770480,2021-05-23T11:48:00
1.01716,1.01716,1.01716,1.01716,1621770180,2021-05-23T11:43:00
1.03284,1.03284,1.03284,1.03284,1621770060,2021-05-23T11:41:00
1.04454,1.04454,1.04454,1.04454,1621769700,2021-05-23T11:35:00
1.06697,1.06697,1.06697,1.06697,1621769520,2021-05-23T11:32:00
1.09209,1.09209,1.09209,1.09209,1621767060,2021-05-23T10:51:00
1.05046,1.05046,1.05046,1.05046,1621765560,2021-05-23T10:26:00
1.04698,1.04698,1.04698,1.04698,1621765500,2021-05-23T10:25:00
1.06106,1.06106,1.06106,1.06106,1621765320,2021-05-23T10:22:00
1.08454,1.08454,1.08454,1.08454,1621765200,2021-05-23T10:20:00
1.11646,1.11646,1.11646,1.11646,1621765080,2021-05-23T10:18:00
1.11873,1.11873,1.11873,1.11873,1621761540,2021-05-23T09:19:00
1.14271,1.14271,1.14271,1.14271,1621760460,2021-05-23T09:01:00
1.16487,1.16487,1.16487,1.16487,1621759080,2021-05-23T08:38:00
1.18563,1.18563,1.18563,1.18563,1621757340,2021-05-23T08:09:00
1.20199,1.20199,1.20199,1.20199,1621756440,2021-05-23T07:54:00
1.21831,1.21831,1.21831,1.21831,1621755720,2021-05-23T07:42:00
1.23036,1.23036,1.23036,1.23036,1621755660,2021-05-23T07:41:00
1.25124,1.25124,1.25124,1.25124,1621755240,2021-05-23T07:34:00
1.28662,1.28662,1.28662,1.28662,1621753980,2021-05-23T07:13:00
1.36251,1.36251,1.36251,1.36251,1621753860,2021-05-23T07:11:00
1.19103,1.19103,1.19103,1.19103,1621753680,2021-05-23T07:08:00
1.19997,1.19997,1.19997,1.19997,1621752960,2021-05-23T06:56:00
1.20401,1.20401,1.20401,1.20401,1621751640,2021-05-23T06:34:00
1.19981,1.19981,1.19981,1.19981,1621751340,2021-05-23T06:29:00
1.25361,1.25361,1.25361,1.25361,1621749780,2021-05-23T06:03:00
1.322,1.322,1.322,1.322,1621748220,2021-05-23T05:37:00
1.34594,1.34594,1.34594,1.34594,1621747800,2021-05-23T05:30:00
1.3861,1.3861,1.3861,1.3861,1621747500,2021-05-23T05:25:00
1.43273,1.43273,1.43273,1.43273,1621746840,2021-05-23T05:14:00
1.49387,1.49387,1.49387,1.49387,1621746240,2021-05-23T05:04:00
1.49943,1.49943,1.49943,1.49943,1621745700,2021-05-23T04:55:00
1.49794,1.49794,1.49794,1.49794,1621743600,2021-05-23T04:20:00
1.52097,1.52097,1.52097,1.52097,1621742460,2021-05-23T04:01:00
1.54394,1.54394,1.54394,1.54394,1621736820,2021-05-23T02:27:00
1.53875,1.53875,1.53875,1.53875,1621736640,2021-05-23T02:24:00
1.55755,1.55755,1.55755,1.55755,1621736400,2021-05-23T02:20:00
1.57277,1.57277,1.57277,1.57277,1621735380,2021-05-23T02:03:00
1.57177,1.57177,1.57177,1.57177,1621734780,2021-05-23T01:53:00
1.58886,1.58886,1.58886,1.58886,1621733940,2021-05-23T01:39:00
1.58025,1.58025,1.58025,1.58025,1621733100,2021-05-23T01:25:00
1.58068,1.58068,1.58068,1.58068,1621732860,2021-05-23T01:21:00
1.52179,1.52179,1.52179,1.52179,1621728780,2021-05-23T00:13:00
1.53629,1.53629,1.53629,1.53629,1621728600,2021-05-23T00:10:00
1.57139,1.57139,1.57139,1.57139,1621726620,2021-05-22T23:37:00
1.55921,1.55921,1.55921,1.55921,1621726200,2021-05-22T23:30:00
1.54453,1.54453,1.54453,1.54453,1621725060,2021-05-22T23:11:00
1.51149,1.51149,1.51149,1.51149,1621724280,2021-05-22T22:58:00
1.51814,1.51814,1.51814,1.51814,1621722060,2021-05-22T22:21:00
1.53693,1.53693,1.53693,1.53693,1621721760,2021-05-22T22:16:00
1.54977,1.54977,1.54977,1.54977,1621721280,2021-05-22T22:08:00
1.54546,1.54546,1.54546,1.54546,1621721220,2021-05-22T22:07:00
1.5543,1.5543,1.5543,1.5543,1621720380,2021-05-22T21:53:00
1.56278,1.56278,1.56278,1.56278,1621718940,2021-05-22T21:29:00
1.56449,1.56449,1.56449,1.56449,1621716300,2021-05-22T20:45:00
1.5217,1.5217,1.5217,1.5217,1621713780,2021-05-22T20:03:00
1.53102,1.53102,1.53102,1.53102,1621713000,2021-05-22T19:50:00
1.55392,1.55392,1.55392,1.55392,1621712760,2021-05-22T19:46:00
1.56875,1.56875,1.56875,1.56875,1621712400,2021-05-22T19:40:00
1.58065,1.58065,1.58065,1.58065,1621712280,2021-05-22T19:38:00
1.58367,1.58367,1.58367,1.58367,1621711680,2021-05-22T19:28:00
1.62856,1.62856,1.62856,1.62856,1621710840,2021-05-22T19:14:00
1.60972,1.60972,1.60972,1.60972,1621709820,2021-05-22T18:57:00
1.5428,1.5428,1.5428,1.5428,1621708860,2021-05-22T18:41:00
1.49287,1.49287,1.49287,1.49287,1621708620,2021-05-22T18:37:00
1.49927,1.49927,1.49927,1.49927,1621708320,2021-05-22T18:32:00
1.50887,1.50887,1.50887,1.50887,1621708140,2021-05-22T18:29:00
1.51646,1.51646,1.51646,1.51646,1621708020,2021-05-22T18:27:00
1.5115,1.5115,1.5115,1.5115,1621707360,2021-05-22T18:16:00
1.5092,1.5092,1.5092,1.5092,1621705320,2021-05-22T17:42:00
1.52646,1.52646,1.52646,1.52646,1621704960,2021-05-22T17:36:00
1.54032,1.54032,1.54032,1.54032,1621704900,2021-05-22T17:35:00
1.55673,1.55673,1.55673,1.55673,1621704660,2021-05-22T17:31:00
1.58377,1.58377,1.58377,1.58377,1621704420,2021-05-22T17:27:00
1.56909,1.56909,1.56909,1.56909,1621704360,2021-05-22T17:26:00
1.57618,1.57618,1.57618,1.57618,1621704300,2021-05-22T17:25:00
1.62755,1.62755,1.62755,1.62755,1621703400,2021-05-22T17:10:00
1.60731,1.60731,1.60731,1.60731,1621702980,2021-05-22T17:03:00
1.65966,1.65966,1.65966,1.65966,1621701300,2021-05-22T16:35:00
1.68247,1.68247,1.68247,1.68247,1621700220,2021-05-22T16:17:00
1.66142,1.66142,1.66142,1.66142,1621698420,2021-05-22T15:47:00
1.6407,1.6407,1.6407,1.6407,1621697400,2021-05-22T15:30:00
1.64711,1.64711,1.64711,1.64711,1621697340,2021-05-22T15:29:00
1.72819,1.72819,1.72819,1.72819,1621693440,2021-05-22T14:24:00
1.73396,1.73396,1.73396,1.73396,1621691040,2021-05-22T13:44:00
1.71535,1.71535,1.71535,1.71535,1621690680,2021-05-22T13:38:00
1.70789,1.70789,1.70789,1.70789,1621690020,2021-05-22T13:27:00
1.69407,1.69407,1.69407,1.69407,1621689780,2021-05-22T13:23:00
1.68967,1.68967,1.68967,1.68967,1621689060,2021-05-22T13:11:00
1.69218,1.69218,1.69218,1.69218,1621687080,2021-05-22T12:38:00
1.65836,1.65836,1.65836,1.65836,1621685820,2021-05-22T12:17:00
1.6809,1.6809,1.6809,1.6809,1621684260,2021-05-22T11:51:00
1.67363,1.67363,1.67363,1.67363,1621683540,2021-05-22T11:39:00
1.67842,1.67842,1.67842,1.67842,1621683180,2021-05-22T11:33:00
1.65733,1.65733,1.65733,1.65733,1621682820,2021-05-22T11:27:00
1.67235,1.67235,1.66646,1.66646,1621682700,2021-05-22T11:25:00
1.68283,1.68283,1.68283,1.68283,1621682160,2021-05-22T11:16:00
1.69723,1.69723,1.69723,1.69723,1621681620,2021-05-22T11:07:00
1.702,1.702,1.702,1.702,1621680840,2021-05-22T10:54:00
1.6411,1.6411,1.6411,1.6411,1621679640,2021-05-22T10:34:00
1.65239,1.65239,1.65239,1.65239,1621679340,2021-05-22T10:29:00
1.66261,1.66261,1.66261,1.66261,1621679160,2021-05-22T10:26:00
1.68056,1.68056,1.68056,1.68056,1621678980,2021-05-22T10:23:00
1.6981,1.6981,1.6981,1.6981,1621678860,2021-05-22T10:21:00
1.72648,1.72648,1.72648,1.72648,1621678800,2021-05-22T10:20:00
1.75852,1.75852,1.75852,1.75852,1621678740,2021-05-22T10:19:00
1.7736,1.7736,1.7736,1.7736,1621678200,2021-05-22T10:10:00
1.79661,1.83028,1.79661,1.83028,1621678080,2021-05-22T10:08:00
1.8169,1.8169,1.8169,1.8169,1621677300,2021-05-22T09:55:00
1.83263,1.83263,1.83263,1.83263,1621676820,2021-05-22T09:47:00
1.85975,1.85975,1.85975,1.85975,1621676640,2021-05-22T09:44:00
1.86757,1.86757,1.86757,1.86757,1621676460,2021-05-22T09:41:00
1.9095,1.9095,1.9095,1.9095,1621676400,2021-05-22T09:40:00
1.87813,1.87813,1.87813,1.87813,1621676280,2021-05-22T09:38:00
1.86088,1.86088,1.86088,1.86088,1621675560,2021-05-22T09:26:00
1.89084,1.89084,1.89084,1.89084,1621674660,2021-05-22T09:11:00
1.88144,1.88144,1.88144,1.88144,1621673940,2021-05-22T08:59:00
1.85715,1.85715,1.85715,1.85715,1621673880,2021-05-22T08:58:00
1.8301,1.8301,1.8301,1.8301,1621672200,2021-05-22T08:30:00
1.84044,1.84044,1.84044,1.84044,1621672140,2021-05-22T08:29:00
1.83426,1.83426,1.83426,1.83426,1621671840,2021-05-22T08:24:00
1.84193,1.84193,1.84193,1.84193,1621671600,2021-05-22T08:20:00
1.79427,1.79427,1.79427,1.79427,1621670040,2021-05-22T07:54:00
1.78769,1.78769,1.78769,1.78769,1621668960,2021-05-22T07:36:00
1.80217,1.80217,1.80217,1.80217,1621668420,2021-05-22T07:27:00
1.79039,1.79039,1.79039,1.79039,1621667820,2021-05-22T07:17:00
1.80849,1.80849,1.80849,1.80849,1621666920,2021-05-22T07:02:00
1.81797,1.81797,1.81797,1.81797,1621666740,2021-05-22T06:59:00
1.82327,1.82327,1.82327,1.82327,1621666620,2021-05-22T06:57:00
1.83166,1.83166,1.83166,1.83166,1621666260,2021-05-22T06:51:00
1.83534,1.83534,1.83534,1.83534,1621666020,2021-05-22T06:47:00
1.88609,1.88609,1.84016,1.84016,1621665360,2021-05-22T06:36:00
1.93721,1.93721,1.93721,1.93721,1621665120,2021-05-22T06:32:00
1.94402,1.94402,1.94402,1.94402,1621664880,2021-05-22T06:28:00
1.97816,1.97816,1.97816,1.97816,1621664580,2021-05-22T06:23:00
1.93267,1.93267,1.93267,1.93267,1621664340,2021-05-22T06:19:00
1.8998,1.8998,1.8998,1.8998,1621664280,2021-05-22T06:18:00
1.91003,1.91003,1.91003,1.91003,1621664220,2021-05-22T06:17:00
1.93777,1.93777,1.93777,1.93777,1621664040,2021-05-22T06:14:00
2.02274,2.02274,2.02274,2.02274,1621662660,2021-05-22T05:51:00
2.0553,2.0553,2.0553,2.0553,1621661940,2021-05-22T05:39:00
2.07977,2.07977,2.07977,2.07977,1621661280,2021-05-22T05:28:00
2.11129,2.11129,2.11129,2.11129,1621660920,2021-05-22T05:22:00
2.14473,2.14473,2.14473,2.14473,1621660800,2021-05-22T05:20:00
2.17238,2.17238,2.17238,2.17238,1621660320,2021-05-22T05:12:00
2.21356,2.21356,2.21356,2.21356,1621660140,2021-05-22T05:09:00
2.24543,2.24543,2.24543,2.24543,1621659780,2021-05-22T05:03:00
2.25079,2.25079,2.25079,2.25079,1621659480,2021-05-22T04:58:00
2.25171,2.25171,2.25171,2.25171,1621659180,2021-05-22T04:53:00
2.27879,2.27879,2.27879,2.27879,1621659000,2021-05-22T04:50:00
2.27249,2.27249,2.27249,2.27249,1621658700,2021-05-22T04:45:00
2.29349,2.29349,2.29349,2.29349,1621658280,2021-05-22T04:38:00
2.3186,2.3186,2.3186,2.3186,1621658160,2021-05-22T04:36:00
2.3576,2.3576,2.3576,2.3576,1621658100,2021-05-22T04:35:00
2.36765,2.36765,2.36765,2.36765,1621657920,2021-05-22T04:32:00
2.36815,2.36815,2.36815,2.36815,1621657680,2021-05-22T04:28:00
2.39693,2.39693,2.39693,2.39693,1621656960,2021-05-22T04:16:00
2.41056,2.41056,2.41056,2.41056,1621656660,2021-05-22T04:11:00
2.43807,2.43807,2.43807,2.43807,1621656600,2021-05-22T04:10:00
2.46995,2.46995,2.46995,2.46995,1621656420,2021-05-22T04:07:00
2.4723,2.4723,2.4723,2.4723,1621656240,2021-05-22T04:04:00
2.5048,2.5048,2.5048,2.5048,1621655940,2021-05-22T03:59:00
2.5357,2.5357,2.5357,2.5357,1621655880,2021-05-22T03:58:00
2.56878,2.56878,2.56878,2.56878,1621655820,2021-05-22T03:57:00
2.55199,2.55199,2.55199,2.55199,1621655520,2021-05-22T03:52:00
2.49589,2.49589,2.49589,2.49589,1621655280,2021-05-22T03:48:00
2.4446,2.4446,2.4446,2.4446,1621655220,2021-05-22T03:47:00
2.41952,2.48311,2.41952,2.48311,1621655160,2021-05-22T03:46:00
2.37354,2.37354,2.37354,2.37354,1621654380,2021-05-22T03:33:00
2.26302,2.30265,2.26302,2.30265,1621654200,2021-05-22T03:30:00
2.27255,2.27255,2.27255,2.27255,1621654140,2021-05-22T03:29:00
2.30146,2.30146,2.30146,2.30146,1621653840,2021-05-22T03:24:00
2.28816,2.28816,2.28816,2.28816,1621653600,2021-05-22T03:20:00
2.3376,2.3376,2.3376,2.3376,1621653360,2021-05-22T03:16:00
2.28004,2.28004,2.28004,2.28004,1621653120,2021-05-22T03:12:00
2.29782,2.29782,2.29782,2.29782,1621652820,2021-05-22T03:07:00
2.32502,2.32502,2.32502,2.32502,1621652460,2021-05-22T03:01:00
2.3794,2.3794,2.36167,2.36167,1621652400,2021-05-22T03:00:00
2.4397,2.4397,2.4397,2.4397,1621651440,2021-05-22T02:44:00
2.49334,2.49334,2.49334,2.49334,1621651140,2021-05-22T02:39:00
2.52828,2.52828,2.5143,2.5143,1621650840,2021-05-22T02:34:00
2.54922,2.54922,2.54922,2.54922,1621650780,2021-05-22T02:33:00
2.60893,2.60893,2.5863,2.5863,1621650720,2021-05-22T02:32:00
2.68615,2.68615,2.68615,2.68615,1621650600,2021-05-22T02:30:00
2.17316,2.17316,2.17316,2.17316,1621650240,2021-05-22T02:24:00
2.1976,2.1976,2.1976,2.1976,1621650180,2021-05-22T02:23:00
2.2099,2.2099,2.2099,2.2099,1621650120,2021-05-22T02:22:00
2.22035,2.22035,2.22035,2.22035,1621650060,2021-05-22T02:21:00
2.22914,2.22914,2.22914,2.22914,1621649880,2021-05-22T02:18:00
2.23171,2.23171,2.23171,2.23171,1621649640,2021-05-22T02:14:00
2.29165,2.29165,2.29165,2.29165,1621649460,2021-05-22T02:11:00
2.3405,2.3405,2.3405,2.3405,1621649400,2021-05-22T02:10:00
2.35616,2.35616,2.35616,2.35616,1621649280,2021-05-22T02:08:00
2.40256,2.40256,2.37597,2.37597,1621649220,2021-05-22T02:07:00
2.46818,2.46818,2.43296,2.43296,1621649160,2021-05-22T02:06:00
2.48845,2.48845,2.46797,2.46797,1621649040,2021-05-22T02:04:00
2.45871,2.45871,2.45871,2.45871,1621648980,2021-05-22T02:03:00
2.43934,2.43934,2.43934,2.43934,1621648920,2021-05-22T02:02:00
2.1935,2.45842,2.16166,2.45842,1621648860,2021-05-22T02:01:00
2.1047,2.1047,2.1047,2.1047,1621648680,2021-05-22T01:58:00
2.09081,2.09081,2.09081,2.09081,1621648560,2021-05-22T01:56:00
2.13091,2.13091,2.11669,2.11669,1621648320,2021-05-22T01:52:00
2.14241,2.14241,2.14241,2.14241,1621648140,2021-05-22T01:49:00
2.11992,2.11992,2.11992,2.11992,1621647900,2021-05-22T01:45:00
2.10949,2.10949,2.10949,2.10949,1621647180,2021-05-22T01:33:00
2.08329,2.08329,2.08329,2.08329,1621646700,2021-05-22T01:25:00
2.08467,2.08467,2.08467,2.08467,1621646580,2021-05-22T01:23:00
2.12597,2.12597,2.12597,2.12597,1621646460,2021-05-22T01:21:00
1.96852,1.99014,1.96852,1.99014,1621646400,2021-05-22T01:20:00
1.93111,1.93111,1.93111,1.93111,1621646220,2021-05-22T01:17:00
1.89177,1.89177,1.89177,1.89177,1621645800,2021-05-22T01:10:00
1.88733,1.88733,1.88733,1.88733,1621645500,2021-05-22T01:05:00
1.89958,1.89958,1.89958,1.89958,1621645140,2021-05-22T00:59:00
1.86741,1.86741,1.86741,1.86741,1621644660,2021-05-22T00:51:00
1.83092,1.83092,1.83092,1.83092,1621644420,2021-05-22T00:47:00
1.78751,1.78751,1.78751,1.78751,1621644060,2021-05-22T00:41:00
1.78235,1.78235,1.78235,1.78235,1621644000,2021-05-22T00:40:00
1.77718,1.77718,1.77718,1.77718,1621643880,2021-05-22T00:38:00
1.77412,1.77412,1.77412,1.77412,1621643820,2021-05-22T00:37:00
1.77437,1.77437,1.77437,1.77437,1621643760,2021-05-22T00:36:00
1.78023,1.78023,1.76661,1.76661,1621643640,2021-05-22T00:34:00
1.77689,1.77689,1.77689,1.77689,1621643220,2021-05-22T00:27:00
1.77221,1.77221,1.77221,1.77221,1621643040,2021-05-22T00:24:00
1.80879,1.80879,1.80879,1.80879,1621642800,2021-05-22T00:20:00
1.71819,1.71819,1.71819,1.71819,1621642500,2021-05-22T00:15:00
1.75738,1.75738,1.73202,1.73202,1621642080,2021-05-22T00:08:00
1.79603,1.79603,1.79603,1.79603,1621641780,2021-05-22T00:03:00
1.78819,1.78819,1.78819,1.78819,1621641660,2021-05-22T00:01:00
1.78823,1.78823,1.78823,1.78823,1621641420,2021-05-21T23:57:00
1.7744,1.7744,1.7744,1.7744,1621641060,2021-05-21T23:51:00
1.79477,1.79663,1.79477,1.79663,1621640940,2021-05-21T23:49:00
1.79646,1.79646,1.79646,1.79646,1621640640,2021-05-21T23:44:00
1.85409,1.85409,1.85409,1.85409,1621640580,2021-05-21T23:43:00
1.75956,1.75956,1.75956,1.75956,1621640280,2021-05-21T23:38:00
1.8276,1.8276,1.79489,1.79489,1621640160,2021-05-21T23:36:00
1.89918,1.89918,1.89503,1.89503,1621639980,2021-05-21T23:33:00
1.93185,1.93185,1.93185,1.93185,1621639380,2021-05-21T23:23:00
1.89782,1.89782,1.89782,1.89782,1621638840,2021-05-21T23:14:00
1.84401,1.84401,1.84401,1.84401,1621638780,2021-05-21T23:13:00
1.83298,1.83298,1.83298,1.83298,1621638420,2021-05-21T23:07:00
1.81409,1.81409,1.81409,1.81409,1621638060,2021-05-21T23:01:00
1.80212,1.80212,1.80212,1.80212,1621638000,2021-05-21T23:00:00
1.80743,1.80743,1.80743,1.80743,1621637100,2021-05-21T22:45:00
1.8047,1.8047,1.8047,1.8047,1621636920,2021-05-21T22:42:00
1.86087,1.86087,1.86087,1.86087,1621636800,2021-05-21T22:40:00
1.89043,1.89043,1.89043,1.89043,1621636740,2021-05-21T22:39:00
1.9601,1.9601,1.94635,1.94635,1621636560,2021-05-21T22:36:00
1.84622,1.84622,1.84622,1.84622,1621636440,2021-05-21T22:34:00
1.74689,1.74689,1.74689,1.74689,1621636200,2021-05-21T22:30:00
1.69229,1.69229,1.69229,1.69229,1621636140,2021-05-21T22:29:00
1.6703,1.6703,1.6703,1.6703,1621636020,2021-05-21T22:27:00
1.68723,1.68723,1.68723,1.68723,1621635900,2021-05-21T22:25:00
1.66644,1.66644,1.66644,1.66644,1621635840,2021-05-21T22:24:00
1.66274,1.66274,1.66274,1.66274,1621635600,2021-05-21T22:20:00
1.649,1.649,1.649,1.649,1621635180,2021-05-21T22:13:00
1.52221,1.60507,1.52221,1.60507,1621635060,2021-05-21T22:11:00
1.56035,1.56035,1.56035,1.56035,1621634520,2021-05-21T22:02:00
1.44755,1.44755,1.44755,1.44755,1621634100,2021-05-21T21:55:00
1.42047,1.42047,1.42047,1.42047,1621634040,2021-05-21T21:54:00
1.44774,1.44774,1.44774,1.44774,1621631040,2021-05-21T21:04:00
1.40153,1.40153,1.40153,1.40153,1621629780,2021-05-21T20:43:00
1.40589,1.40589,1.39783,1.39783,1621629600,2021-05-21T20:40:00
1.39726,1.39726,1.39726,1.39726,1621629540,2021-05-21T20:39:00
1.4069,1.4069,1.4069,1.4069,1621629480,2021-05-21T20:38:00
1.36622,1.36622,1.36622,1.36622,1621629420,2021-05-21T20:37:00
1.30262,1.30262,1.30262,1.30262,1621629180,2021-05-21T20:33:00
1.30148,1.30148,1.30148,1.30148,1621628760,2021-05-21T20:26:00
1.33083,1.33083,1.33083,1.33083,1621627920,2021-05-21T20:12:00
1.27999,1.27999,1.24903,1.24903,1621627860,2021-05-21T20:11:00
1.35376,1.35376,1.35376,1.35376,1621627800,2021-05-21T20:10:00
1.42569,1.42569,1.38966,1.38966,1621627140,2021-05-21T19:59:00
1.43268,1.43268,1.43268,1.43268,1621627020,2021-05-21T19:57:00
1.43876,1.43876,1.43876,1.43876,1621626600,2021-05-21T19:50:00
1.48103,1.48103,1.48103,1.48103,1621626000,2021-05-21T19:40:00
1.50914,1.50914,1.50914,1.50914,1621625640,2021-05-21T19:34:00
1.51795,1.51795,1.51795,1.51795,1621625280,2021-05-21T19:28:00
1.53063,1.53063,1.53063,1.53063,1621625040,2021-05-21T19:24:00
1.54438,1.54438,1.54438,1.54438,1621624980,2021-05-21T19:23:00
1.56701,1.56701,1.56701,1.56701,1621624680,2021-05-21T19:18:00
1.56416,1.56416,1.56416,1.56416,1621624440,2021-05-21T19:14:00
1.55607,1.55607,1.55607,1.55607,1621624380,2021-05-21T19:13:00
1.54422,1.54422,1.54422,1.54422,1621624020,2021-05-21T19:07:00
1.53872,1.53872,1.53872,1.53872,1621623540,2021-05-21T18:59:00
1.54615,1.54615,1.54615,1.54615,1621623300,2021-05-21T18:55:00
1.55105,1.55105,1.54356,1.54356,1621623240,2021-05-21T18:54:00
1.59193,1.59193,1.59193,1.59193,1621623180,2021-05-21T18:53:00
1.6183,1.6183,1.6183,1.6183,1621622940,2021-05-21T18:49:00
1.59756,1.59756,1.59756,1.59756,1621622880,2021-05-21T18:48:00
1.59226,1.59226,1.59226,1.59226,1621622820,2021-05-21T18:47:00
1.60672,1.60672,1.60672,1.60672,1621622700,2021-05-21T18:45:00
1.65757,1.65757,1.65757,1.65757,1621622640,2021-05-21T18:44:00
1.72151,1.72151,1.72151,1.72151,1621622520,2021-05-21T18:42:00
1.7525,1.7525,1.7525,1.7525,1621622460,2021-05-21T18:41:00
1.76792,1.76792,1.76792,1.76792,1621622340,2021-05-21T18:39:00
1.79189,1.79189,1.79189,1.79189,1621622160,2021-05-21T18:36:00
1.78446,1.78446,1.78446,1.78446,1621621380,2021-05-21T18:23:00
1.77534,1.77534,1.77534,1.77534,1621621200,2021-05-21T18:20:00
1.7419,1.7419,1.7419,1.7419,1621621080,2021-05-21T18:18:00
1.73395,1.73395,1.73395,1.73395,1621620960,2021-05-21T18:16:00
1.75818,1.75818,1.75818,1.75818,1621620900,2021-05-21T18:15:00
1.71016,1.71016,1.71016,1.71016,1621620780,2021-05-21T18:13:00
1.70319,1.70319,1.69362,1.69816,1621620240,2021-05-21T18:04:00
1.68761,1.68761,1.68761,1.68761,1621620120,2021-05-21T18:02:00
1.6788,1.68134,1.6788,1.68134,1621619940,2021-05-21T17:59:00
1.65897,1.65897,1.65897,1.65897,1621619880,2021-05-21T17:58:00
1.64758,1.64758,1.64758,1.64758,1621619760,2021-05-21T17:56:00
1.36587,1.36587,1.36587,1.36587,1621619640,2021-05-21T17:54:00
1.80467,1.80467,1.80467,1.80467,1621619460,2021-05-21T17:51:00
1.81506,1.81506,1.81506,1.81506,1621619340,2021-05-21T17:49:00
1.78758,1.78758,1.78758,1.78758,1621619220,2021-05-21T17:47:00
1.7434,1.7434,1.7434,1.7434,1621619040,2021-05-21T17:44:00
1.69649,1.69649,1.69649,1.69649,1621618980,2021-05-21T17:43:00
1.68482,1.68482,1.68482,1.68482,1621618920,2021-05-21T17:42:00
1.81989,1.81989,1.81989,1.81989,1621618860,2021-05-21T17:41:00
1.95439,1.95439,1.95439,1.95439,1621618500,2021-05-21T17:35:00
1.92751,1.93789,1.92751,1.93789,1621618260,2021-05-21T17:31:00
1.91079,1.91079,1.91079,1.91079,1621618140,2021-05-21T17:29:00
1.83974,1.90691,1.83974,1.90691,1621618020,2021-05-21T17:27:00
2.06766,2.06766,2.06766,2.06766,1621617900,2021-05-21T17:25:00
1.97086,1.97086,1.95552,1.96862,1621617840,2021-05-21T17:24:00
1.94149,1.94149,1.94149,1.94149,1621617720,2021-05-21T17:22:00
1.95033,2.04176,1.95033,2.04176,1621617540,2021-05-21T17:19:00
1.96286,1.96286,1.96286,1.96286,1621617420,2021-05-21T17:17:00
1.90886,1.92183,1.90886,1.92183,1621617300,2021-05-21T17:15:00
1.90013,1.90013,1.90013,1.90013,1621617240,2021-05-21T17:14:00
1.84723,1.84723,1.84723,1.84723,1621616640,2021-05-21T17:04:00
1.83968,1.84622,1.83968,1.84622,1621616580,2021-05-21T17:03:00
1.83529,1.83529,1.83529,1.83529,1621616400,2021-05-21T17:00:00
1.831,1.831,1.831,1.831,1621616340,2021-05-21T16:59:00
1.79573,1.84894,1.79573,1.84894,1621616220,2021-05-21T16:57:00
1.7353,1.7353,1.7353,1.7353,1621615980,2021-05-21T16:53:00
1.5341,1.65844,1.5341,1.65844,1621615860,2021-05-21T16:51:00
1.79399,1.79399,1.79399,1.79399,1621615620,2021-05-21T16:47:00
1.7226,1.76811,1.7226,1.76811,1621615440,2021-05-21T16:44:00
1.75486,1.75486,1.75486,1.75486,1621615320,2021-05-21T16:42:00
1.84998,1.84998,1.84998,1.84998,1621615260,2021-05-21T16:41:00
1.91498,1.91498,1.91498,1.91498,1621615080,2021-05-21T16:38:00
1.86852,1.86852,1.86852,1.86852,1621614960,2021-05-21T16:36:00
1.76626,1.79957,1.76626,1.79957,1621614840,2021-05-21T16:34:00
1.62963,1.71164,1.62963,1.71164,1621614720,2021-05-21T16:32:00
1.66785,1.66785,1.66785,1.66785,1621614660,2021-05-21T16:31:00
1.93315,1.93315,1.6481,1.6481,1621614600,2021-05-21T16:30:00
1.94676,1.94676,1.94676,1.94676,1621614540,2021-05-21T16:29:00
2.02236,2.02236,1.97601,1.97601,1621614300,2021-05-21T16:25:00
1.98339,2.0005,1.98339,2.0005,1621614240,2021-05-21T16:24:00
1.9892,1.99223,1.9892,1.99223,1621613940,2021-05-21T16:19:00
1.95834,1.95834,1.95834,1.95834,1621613580,2021-05-21T16:13:00
1.90887,1.90887,1.90887,1.90887,1621613340,2021-05-21T16:09:00
1.9063,1.9063,1.9063,1.9063,1621613280,2021-05-21T16:08:00
1.92104,1.92104,1.92104,1.92104,1621613160,2021-05-21T16:06:00
1.92938,1.92938,1.92938,1.92938,1621612740,2021-05-21T15:59:00
1.91762,1.91762,1.91762,1.91762,1621612620,2021-05-21T15:57:00
2.02031,2.02031,2.02031,2.02031,1621612560,2021-05-21T15:56:00
1.97497,1.97497,1.94537,1.94537,1621612500,2021-05-21T15:55:00
1.97155,1.97155,1.83492,1.88176,1621612440,2021-05-21T15:54:00
1.96091,1.96091,1.96091,1.96091,1621612260,2021-05-21T15:51:00
2.35132,2.35132,2.35132,2.35132,1621612200,2021-05-21T15:50:00
1.90074,1.90074,1.90074,1.90074,1621612140,2021-05-21T15:49:00
2.01779,2.01779,2.01779,2.01779,1621612080,2021-05-21T15:48:00
2.0245,2.0245,2.0245,2.0245,1621612020,2021-05-21T15:47:00
2.0829,2.0829,1.99122,2.0058,1621611960,2021-05-21T15:46:00
2.02038,2.04009,2.02038,2.04009,1621611900,2021-05-21T15:45:00
2.01799,2.01799,2.01799,2.01799,1621611840,2021-05-21T15:44:00
2.07552,2.07552,1.99326,2.02042,1621611720,2021-05-21T15:42:00
2.1863,2.1863,2.1863,2.1863,1621611660,2021-05-21T15:41:00
2.20737,2.26321,2.20737,2.26321,1621611600,2021-05-21T15:40:00
2.23529,2.23529,2.23529,2.23529,1621611540,2021-05-21T15:39:00
2.19221,2.19221,2.19221,2.19221,1621611480,2021-05-21T15:38:00
2.16222,2.23768,2.16152,2.23768,1621611420,2021-05-21T15:37:00
2.03188,2.03188,2.03188,2.03188,1621611360,2021-05-21T15:36:00
1.93587,1.97186,1.93587,1.97186,1621611180,2021-05-21T15:33:00
1.88931,1.88931,1.88931,1.88931,1621611120,2021-05-21T15:32:00
1.72613,1.80876,1.72613,1.80876,1621611060,2021-05-21T15:31:00
1.73147,1.73147,1.73147,1.73147,1621611000,2021-05-21T15:30:00
1.721,1.78273,1.721,1.77814,1621610940,2021-05-21T15:29:00
1.76789,1.79203,1.76789,1.79203,1621610880,2021-05-21T15:28:00
1.58737,1.72202,1.58737,1.72202,1621610760,2021-05-21T15:26:00
1.5825,1.63292,1.5825,1.63292,1621610700,2021-05-21T15:25:00
1.52707,1.56326,1.52707,1.56326,1621610640,2021-05-21T15:24:00
1.40887,1.49953,1.40887,1.49953,1621610580,2021-05-21T15:23:00
1.05085,1.37939,1.05085,1.37939,1621610520,2021-05-21T15:22:00
1.74958,1.74958,1.63029,1.63029,1621610460,2021-05-21T15:21:00
1.94478,1.94478,1.78002,1.78002,1621610340,2021-05-21T15:19:00
1.70929,1.82257,1.69167,1.69167,1621610220,2021-05-21T15:17:00
1.67824,1.78373,1.67824,1.78373,1621610100,2021-05-21T15:15:00
1.91389,1.93043,1.78668,1.78668,1621610040,2021-05-21T15:14:00
1.95998,1.95998,1.95998,1.95998,1621609980,2021-05-21T15:13:00
2.12806,2.12806,2.04247,2.04247,1621609920,2021-05-21T15:12:00
1.88963,1.88963,1.88963,1.88963,1621609860,2021-05-21T15:11:00
1.99351,1.99351,1.83153,1.83153,1621609800,2021-05-21T15:10:00
2.14969,2.14969,2.14969,2.14969,1621609740,2021-05-21T15:09:00
2.19298,2.19298,2.16943,2.16943,1621609680,2021-05-21T15:08:00
2.13013,2.17402,2.13013,2.17402,1621609620,2021-05-21T15:07:00
1.99932,2.05816,1.99932,2.05816,1621609560,2021-05-21T15:06:00
2.2583,2.2583,1.95112,2.20452,1621609500,2021-05-21T15:05:00
2.15006,2.15006,2.15006,2.15006,1621609440,2021-05-21T15:04:00
2.47949,2.47949,2.47949,2.47949,1621609380,2021-05-21T15:03:00
2.22165,2.62046,2.20784,2.32555,1621609320,2021-05-21T15:02:00
2.46009,2.46009,2.28129,2.28129,1621609260,2021-05-21T15:01:00
2.77887,2.77887,2.71225,2.71225,1621609200,2021-05-21T15:00:00
2.83243,2.83243,2.80063,2.80063,1621609140,2021-05-21T14:59:00
2.96807,2.96807,2.88883,2.88883,1621609080,2021-05-21T14:58:00
3.0458,3.0458,3.02167,3.02167,1621609020,2021-05-21T14:57:00
3.09752,3.09752,3.08062,3.08062,1621608960,2021-05-21T14:56:00
3.16882,3.35893,3.01999,3.35893,1621608900,2021-05-21T14:55:00
3.18553,3.24761,3.18553,3.24761,1621608840,2021-05-21T14:54:00
3.22914,3.3537,2.90198,3.3537,1621608780,2021-05-21T14:53:00
2.87689,2.89952,2.86403,2.89952,1621608720,2021-05-21T14:52:00
2.90287,2.90287,2.90287,2.90287,1621608660,2021-05-21T14:51:00
2.77371,2.83702,2.77371,2.83702,1621608600,2021-05-21T14:50:00
2.64857,2.69755,2.64857,2.69755,1621608540,2021-05-21T14:49:00
2.52618,2.59363,2.52618,2.56092,1621608480,2021-05-21T14:48:00
2.45179,2.45179,2.45179,2.45179,1621608300,2021-05-21T14:45:00
2.38559,2.41983,2.38559,2.41983,1621608180,2021-05-21T14:43:00
2.35275,2.44729,2.32782,2.44158,1621608120,2021-05-21T14:42:00
2.53604,2.53803,2.50301,2.50301,1621608060,2021-05-21T14:41:00
2.44383,2.44383,2.44383,2.44383,1621607940,2021-05-21T14:39:00
2.55043,2.55043,2.4089,2.4089,1621607880,2021-05-21T14:38:00
2.3615,2.47922,2.33366,2.47922,1621607820,2021-05-21T14:37:00
2.39081,2.41412,2.3507,2.3507,1621607760,2021-05-21T14:36:00
2.45543,2.45543,2.32612,2.32612,1621607700,2021-05-21T14:35:00
2.42275,2.45091,2.39311,2.43955,1621607640,2021-05-21T14:34:00
2.38905,2.57722,2.38615,2.4529,1621607580,2021-05-21T14:33:00
2.84768,2.8593,2.38608,2.38608,1621607520,2021-05-21T14:32:00
3.08502,3.22057,2.8843,2.8843,1621607460,2021-05-21T14:31:00
3.39812,4.15703,3.32988,3.32988,1621607400,2021-05-21T14:30:00
3.82998,3.82998,3.58013,3.58013,1621607340,2021-05-21T14:29:00
4.22456,4.22456,3.86076,3.86076,1621607220,2021-05-21T14:27:00
4.27697,4.39496,4.27697,4.39496,1621607160,2021-05-21T14:26:00
3.77995,3.77995,3.72351,3.72351,1621607100,2021-05-21T14:25:00
3.90511,3.90511,3.80537,3.80537,1621607040,2021-05-21T14:24:00
4.00005,4.00005,4.00005,4.00005,1621606980,2021-05-21T14:23:00
4.44899,4.44899,4.30679,4.30679,1621606920,2021-05-21T14:22:00
4.45618,4.47536,4.45618,4.47536,1621606860,2021-05-21T14:21:00
4.57114,4.57114,4.57114,4.57114,1621606800,2021-05-21T14:20:00
4.56628,4.5747,4.43214,4.5747,1621606740,2021-05-21T14:19:00
4.50893,4.50893,4.50893,4.50893,1621606680,2021-05-21T14:18:00
4.93315,4.93315,4.63816,4.63816,1621606620,2021-05-21T14:17:00
5.13985,5.41145,5.13985,5.41145,1621606560,2021-05-21T14:16:00
5.8257,5.8257,5.08394,5.08394,1621606500,2021-05-21T14:15:00
5.17904,5.3311,5.17904,5.3311,1621606440,2021-05-21T14:14:00
5.13072,5.13072,5.13072,5.13072,1621606380,2021-05-21T14:13:00
4.81298,5.16656,4.81298,5.1103,1621606320,2021-05-21T14:12:00
4.24878,4.51202,4.24878,4.51202,1621606260,2021-05-21T14:11:00
3.86116,4.34081,3.86116,4.34081,1621606200,2021-05-21T14:10:00
3.49785,4.00842,3.49785,4.00842,1621606140,2021-05-21T14:09:00
3.44795,3.54486,3.40243,3.54486,1621606080,2021-05-21T14:08:00
3.46527,3.70377,3.46527,3.70377,1621606020,2021-05-21T14:07:00
4.35767,4.35767,3.87206,3.89284,1621605900,2021-05-21T14:05:00
4.18985,4.18985,3.91407,3.91407,1621605840,2021-05-21T14:04:00
3.6958,4.43016,3.6958,4.21891,1621605780,2021-05-21T14:03:00
4.09346,4.09346,3.34596,3.54671,1621605720,2021-05-21T14:02:00
4.3873,4.3873,4.34816,4.34816,1621605660,2021-05-21T14:01:00
3.62614,4.2834,3.27913,4.2834,1621605600,2021-05-21T14:00:00
3.74492,3.74492,3.30738,3.38598,1621605540,2021-05-21T13:59:00
4.12135,4.91507,3.11588,3.11588,1621605480,2021-05-21T13:58:00
5.18366,5.18366,3.57337,4.41141,1621605420,2021-05-21T13:57:00
3.96347,3.96347,3.96347,3.96347,1621605360,2021-05-21T13:56:00
