price_open,price_high,price_low,price_close,timestamp,date
0.00185231,0.00185231,0.00185231,0.00185231,1680587640,2023-04-04T05:54:00
0.00183033,0.00183033,0.00183033,0.00183033,1680501660,2023-04-03T06:01:00
0.00184713,0.00184713,0.00184713,0.00184713,1680501480,2023-04-03T05:58:00
0.00190105,0.00190105,0.00190105,0.00190105,1680417000,2023-04-02T06:30:00
0.00189195,0.00189195,0.00189195,0.00189195,1680416940,2023-04-02T06:29:00
0.00187623,0.00187623,0.00187623,0.00187623,1680404280,2023-04-02T02:58:00
0.00188419,0.00188419,0.00188419,0.00188419,1680391560,2023-04-01T23:26:00
0.00188756,0.00188756,0.00188756,0.00188756,1680389400,2023-04-01T22:50:00
0.00189671,0.00189671,0.00189671,0.00189671,1680335940,2023-04-01T07:59:00
0.00187999,0.00187999,0.00187999,0.00187999,1680335820,2023-04-01T07:57:00
0.00186492,0.00186492,0.00186492,0.00186492,1680303120,2023-03-31T22:52:00
0.00187127,0.00187127,0.00187127,0.00187127,1680279720,2023-03-31T16:22:00
0.00185293,0.00185293,0.00185293,0.00185293,1680177000,2023-03-30T11:50:00
0.00185106,0.00185106,0.00185106,0.00185106,1680108060,2023-03-29T16:41:00
0.00182306,0.00182306,0.00182306,0.00182306,1680034800,2023-03-28T20:20:00
0.00183683,0.00183683,0.00183683,0.00183683,1680033960,2023-03-28T20:06:00
0.00180765,0.00180765,0.00180765,0.00180765,1680016440,2023-03-28T15:14:00
0.00182146,0.00182146,0.00182146,0.00182146,1680008880,2023-03-28T13:08:00
0.00181715,0.00181715,0.00181715,0.00181715,1679993340,2023-03-28T08:49:00
0.0018357,0.0018357,0.0018357,0.0018357,1679989680,2023-03-28T07:48:00
0.00183087,0.00183087,0.00183087,0.00183087,1679985060,2023-03-28T06:31:00
0.00182552,0.00182552,0.00182552,0.00182552,1679977620,2023-03-28T04:27:00
0.00180985,0.00180985,0.00180985,0.00180985,1679975040,2023-03-28T03:44:00
0.00182451,0.00182451,0.00182451,0.00182451,1679974920,2023-03-28T03:42:00
0.00185535,0.00185535,0.00185535,0.00185535,1679964180,2023-03-28T00:43:00
0.00186021,0.00186021,0.00186021,0.00186021,1679961420,2023-03-27T23:57:00
0.00184025,0.00184025,0.00184025,0.00184025,1679961300,2023-03-27T23:55:00
0.00182139,0.00183362,0.00182139,0.00183362,1679961240,2023-03-27T23:54:00
0.00179314,0.00180473,0.00179314,0.00180473,1679961180,2023-03-27T23:53:00
0.00178114,0.00178114,0.00178114,0.00178114,1679961120,2023-03-27T23:52:00
0.00176457,0.00177223,0.00176457,0.00177223,1679961060,2023-03-27T23:51:00
0.00175869,0.00175869,0.00175869,0.00175869,1679960880,2023-03-27T23:48:00
0.00174964,0.00174964,0.00174964,0.00174964,1679960820,2023-03-27T23:47:00
0.00171977,0.00173627,0.00171977,0.00173627,1679959920,2023-03-27T23:32:00
0.00171301,0.00171301,0.00171301,0.00171301,1679959860,2023-03-27T23:31:00
0.00170338,0.00170338,0.00170338,0.00170338,1679959740,2023-03-27T23:29:00
0.00169451,0.00169451,0.00169451,0.00169451,1679959680,2023-03-27T23:28:00
0.00167218,0.00167218,0.00167218,0.00167218,1679959620,2023-03-27T23:27:00
0.00166215,0.00166215,0.00166215,0.00166215,1679959560,2023-03-27T23:26:00
0.00165252,0.00165252,0.00165252,0.00165252,1679959380,2023-03-27T23:23:00
0.00164746,0.00164746,0.00164746,0.00164746,1679959320,2023-03-27T23:22:00
0.0016428,0.0016428,0.0016428,0.0016428,1679957700,2023-03-27T22:55:00
0.00160843,0.00162851,0.00160843,0.00162851,1679957400,2023-03-27T22:50:00
0.00160266,0.00160266,0.00160266,0.00160266,1679957340,2023-03-27T22:49:00
0.0015966,0.0015966,0.0015966,0.0015966,1679957280,2023-03-27T22:48:00
0.00162946,0.00162946,0.00162946,0.00162946,1679919240,2023-03-27T12:14:00
0.00160415,0.00160415,0.00160415,0.00160415,1679898000,2023-03-27T06:20:00
0.00163092,0.00163092,0.00163092,0.00163092,1679868660,2023-03-26T22:11:00
0.00162415,0.00162415,0.00162415,0.00162415,1679804940,2023-03-26T04:29:00
0.00161374,0.00161374,0.00161374,0.00161374,1679804880,2023-03-26T04:28:00
0.00160676,0.00160676,0.00160676,0.00160676,1679804580,2023-03-26T04:23:00
0.00159115,0.00159115,0.00159115,0.00159115,1679769240,2023-03-25T18:34:00
0.00167013,0.00167013,0.00167013,0.00167013,1679644260,2023-03-24T07:51:00
0.00168048,0.00168048,0.00168048,0.00168048,1679603820,2023-03-23T20:37:00
0.00167845,0.00167845,0.00167845,0.00167845,1679601600,2023-03-23T20:00:00
0.00167633,0.00169326,0.00167633,0.00169326,1679601420,2023-03-23T19:57:00
0.00160583,0.00160583,0.00160583,0.00160583,1679580840,2023-03-23T14:14:00
0.001603,0.001603,0.001603,0.001603,1679555460,2023-03-23T07:11:00
0.00160055,0.00160055,0.00160055,0.00160055,1679548560,2023-03-23T05:16:00
0.00160736,0.00160736,0.00160736,0.00160736,1679521620,2023-03-22T21:47:00
0.001616,0.0016265,0.001616,0.0016265,1679516580,2023-03-22T20:23:00
0.00159755,0.00159755,0.00159755,0.00159755,1679516520,2023-03-22T20:22:00
0.00158796,0.00158796,0.00158796,0.00158796,1679516460,2023-03-22T20:21:00
0.00158234,0.00158234,0.00158234,0.00158234,1679516280,2023-03-22T20:18:00
0.00154687,0.00154687,0.00154687,0.00154687,1679515620,2023-03-22T20:07:00
0.00153975,0.00153975,0.00153975,0.00153975,1679515560,2023-03-22T20:06:00
0.00158877,0.00158877,0.00158877,0.00158877,1679465820,2023-03-22T06:17:00
0.00159624,0.00159624,0.00159624,0.00159624,1679463600,2023-03-22T05:40:00
0.00159624,0.00159624,0.00159624,0.00159624,1679413680,2023-03-21T15:48:00
0.00155611,0.00155611,0.00155611,0.00155611,1679397480,2023-03-21T11:18:00
0.00156153,0.00156153,0.00156153,0.00156153,1679397360,2023-03-21T11:16:00
0.0015604,0.0015604,0.0015604,0.0015604,1679365920,2023-03-21T02:32:00
0.00156925,0.00156925,0.00156925,0.00156925,1679351820,2023-03-20T22:37:00
0.00162969,0.00162969,0.00162969,0.00162969,1679261640,2023-03-19T21:34:00
0.00165051,0.00165051,0.00165051,0.00165051,1679245440,2023-03-19T17:04:00
0.00167241,0.00167241,0.00167241,0.00167241,1679245080,2023-03-19T16:58:00
0.0016942,0.0016942,0.0016942,0.0016942,1679244840,2023-03-19T16:54:00
0.00169713,0.00170855,0.00169713,0.00170855,1679244780,2023-03-19T16:53:00
0.00166897,0.00166897,0.00166897,0.00166897,1679244720,2023-03-19T16:52:00
0.00164018,0.00164018,0.00164018,0.00164018,1679242320,2023-03-19T16:12:00
0.00165428,0.00165428,0.00165428,0.00165428,1679241780,2023-03-19T16:03:00
0.00164508,0.00166686,0.00164508,0.00166686,1679241720,2023-03-19T16:02:00
0.00164111,0.00164111,0.00164111,0.00164111,1679241240,2023-03-19T15:54:00
0.0016553,0.0016553,0.0016553,0.0016553,1679241120,2023-03-19T15:52:00
0.00166687,0.00166687,0.00166687,0.00166687,1679241000,2023-03-19T15:50:00
0.00167788,0.00167788,0.00167788,0.00167788,1679240880,2023-03-19T15:48:00
0.00167313,0.00167313,0.00167313,0.00167313,1679240820,2023-03-19T15:47:00
0.00163945,0.00163945,0.00163945,0.00163945,1679240280,2023-03-19T15:38:00
0.0016238,0.00164761,0.0016238,0.00164761,1679239980,2023-03-19T15:33:00
0.00161572,0.00161572,0.00161572,0.00161572,1679239140,2023-03-19T15:19:00
0.00161043,0.00161043,0.00161043,0.00161043,1679239080,2023-03-19T15:18:00
0.00159873,0.00159873,0.00159873,0.00159873,1679237580,2023-03-19T14:53:00
0.00169881,0.00169881,0.00169881,0.00169881,1679172300,2023-03-18T20:45:00
0.00172075,0.00172075,0.00172075,0.00172075,1679172120,2023-03-18T20:42:00
0.0017326,0.0017326,0.0017326,0.0017326,1679172000,2023-03-18T20:40:00
0.00180929,0.00180929,0.00180929,0.00180929,1679171880,2023-03-18T20:38:00
0.00175518,0.00177133,0.00175518,0.00177133,1679171820,2023-03-18T20:37:00
0.00161904,0.00161904,0.00161904,0.00161904,1679159340,2023-03-18T17:09:00
0.00154792,0.00154792,0.00154792,0.00154792,1679071920,2023-03-17T16:52:00
0.00156248,0.00156248,0.00156248,0.00156248,1679052960,2023-03-17T11:36:00
0.00155192,0.00155192,0.00155192,0.00155192,1679039760,2023-03-17T07:56:00
0.00154918,0.00154918,0.00154918,0.00154918,1679039520,2023-03-17T07:52:00
0.00153879,0.00153879,0.00153879,0.00153879,1679028180,2023-03-17T04:43:00
0.00155138,0.00155138,0.00155138,0.00155138,1679027940,2023-03-17T04:39:00
0.00156541,0.00156541,0.00156541,0.00156541,1679027880,2023-03-17T04:38:00
0.00155653,0.00159946,0.00155653,0.00159946,1679027640,2023-03-17T04:34:00
0.00149438,0.00149438,0.00149438,0.00149438,1679027580,2023-03-17T04:33:00
0.00177304,0.00177304,0.00177304,0.00177304,1679017560,2023-03-17T01:46:00
0.00176435,0.00176435,0.00176435,0.00176435,1679013000,2023-03-17T00:30:00
0.00178929,0.00178929,0.00177905,0.00177905,1679010360,2023-03-16T23:46:00
0.00176746,0.00180148,0.00176746,0.00180148,1679010060,2023-03-16T23:41:00
0.00174622,0.00175585,0.00174622,0.00175585,1679010000,2023-03-16T23:40:00
0.00174132,0.00174132,0.00174132,0.00174132,1679009880,2023-03-16T23:38:00
0.00173916,0.00173916,0.00173916,0.00173916,1678996320,2023-03-16T19:52:00
0.00173249,0.00173249,0.00173249,0.00173249,1678993560,2023-03-16T19:06:00
0.00174129,0.00174129,0.00174129,0.00174129,1678993140,2023-03-16T18:59:00
0.0017946,0.0017946,0.00175454,0.00175454,1678993020,2023-03-16T18:57:00
0.00183665,0.00183665,0.00183665,0.00183665,1678992900,2023-03-16T18:55:00
0.00148589,0.00148589,0.00148589,0.00148589,1678961220,2023-03-16T10:07:00
0.0014906,0.0014906,0.0014906,0.0014906,1678960860,2023-03-16T10:01:00
0.00149268,0.00149268,0.00149268,0.00149268,1678893660,2023-03-15T15:21:00
0.00151679,0.00151679,0.00151679,0.00151679,1678890780,2023-03-15T14:33:00
0.00152934,0.00152934,0.00152934,0.00152934,1678890600,2023-03-15T14:30:00
0.00151413,0.00151413,0.00151413,0.00151413,1678890540,2023-03-15T14:29:00
0.00151773,0.00151773,0.00151773,0.00151773,1678886100,2023-03-15T13:15:00
0.00153751,0.00153751,0.00153751,0.00153751,1678831380,2023-03-14T22:03:00
0.00155631,0.00155631,0.00155631,0.00155631,1678823400,2023-03-14T19:50:00
0.00158237,0.00158237,0.00158237,0.00158237,1678820400,2023-03-14T19:00:00
0.00156896,0.00156896,0.00156896,0.00156896,1678820340,2023-03-14T18:59:00
0.00158141,0.00158141,0.00158141,0.00158141,1678815180,2023-03-14T17:33:00
0.00162843,0.00162843,0.00162843,0.00162843,1678814100,2023-03-14T17:15:00
0.00159795,0.00159795,0.00159795,0.00159795,1678780440,2023-03-14T07:54:00
0.0015945,0.0015945,0.0015945,0.0015945,1678725660,2023-03-13T16:41:00
0.00162053,0.00162053,0.00162053,0.00162053,1678725600,2023-03-13T16:40:00
0.001631,0.001631,0.001631,0.001631,1678718160,2023-03-13T14:36:00
0.00159843,0.00159843,0.00159843,0.00159843,1678707480,2023-03-13T11:38:00
0.00161623,0.00161623,0.00161623,0.00161623,1678696380,2023-03-13T08:33:00
0.00157977,0.00157977,0.00157977,0.00157977,1678656600,2023-03-12T21:30:00
0.00153307,0.00153307,0.00153307,0.00153307,1678642080,2023-03-12T17:28:00
0.0014989,0.0014989,0.0014989,0.0014989,1678613880,2023-03-12T09:38:00
0.00149859,0.00149859,0.00149859,0.00149859,1678597200,2023-03-12T05:00:00
0.00144939,0.00146265,0.00144939,0.00146265,1678596120,2023-03-12T04:42:00
0.00146378,0.00146378,0.00146378,0.00146378,1678573440,2023-03-11T22:24:00
0.00145361,0.00145361,0.00145361,0.00145361,1678557240,2023-03-11T17:54:00
0.00145915,0.00145915,0.00145915,0.00145915,1678555740,2023-03-11T17:29:00
0.00140551,0.00140551,0.00140551,0.00140551,1678466100,2023-03-10T16:35:00
0.00139206,0.00139206,0.00139206,0.00139206,1678425600,2023-03-10T05:20:00
0.00148781,0.00148781,0.00148781,0.00148781,1678380780,2023-03-09T16:53:00
0.00149955,0.00149955,0.00149955,0.00149955,1678380720,2023-03-09T16:52:00
0.00151812,0.00151812,0.00151812,0.00151812,1678324140,2023-03-09T01:09:00
0.00154802,0.00154802,0.00154802,0.00154802,1678300440,2023-03-08T18:34:00
0.00155831,0.00155831,0.00155831,0.00155831,1678300380,2023-03-08T18:33:00
0.00156492,0.00156492,0.00156492,0.00156492,1678266000,2023-03-08T09:00:00
0.00157136,0.00157136,0.00157136,0.00157136,1678263840,2023-03-08T08:24:00
0.0015867,0.0015867,0.0015867,0.0015867,1678210440,2023-03-07T17:34:00
0.00161224,0.00161224,0.00161224,0.00161224,1678144260,2023-03-06T23:11:00
0.00162022,0.00162022,0.00162022,0.00162022,1678132500,2023-03-06T19:55:00
0.00164032,0.00164032,0.00164032,0.00164032,1678120200,2023-03-06T16:30:00
0.0016425,0.0016425,0.0016425,0.0016425,1678094340,2023-03-06T09:19:00
0.00164773,0.00164773,0.00164773,0.00164773,1678044540,2023-03-05T19:29:00
0.0016425,0.0016425,0.0016425,0.0016425,1678044480,2023-03-05T19:28:00
0.0016296,0.0016296,0.0016296,0.0016296,1677984420,2023-03-05T02:47:00
0.00161726,0.00161726,0.00161726,0.00161726,1677984360,2023-03-05T02:46:00
0.00161057,0.00161057,0.00161057,0.00161057,1677935340,2023-03-04T13:09:00
0.00161252,0.00161252,0.00161252,0.00161252,1677853560,2023-03-03T14:26:00
0.00159847,0.00159847,0.00159847,0.00159847,1677833700,2023-03-03T08:55:00
0.00168176,0.00168176,0.00168176,0.00168176,1677791940,2023-03-02T21:19:00
0.00166859,0.00166859,0.00166859,0.00166859,1677783600,2023-03-02T19:00:00
0.00169927,0.00169927,0.00169927,0.00169927,1677705780,2023-03-01T21:23:00
0.00170163,0.00170163,0.00170163,0.00170163,1677698280,2023-03-01T19:18:00
0.00169458,0.00169458,0.00169458,0.00169458,1677674160,2023-03-01T12:36:00
0.00169863,0.00169863,0.00169863,0.00169863,1677670740,2023-03-01T11:39:00
0.00170347,0.00170347,0.00170347,0.00170347,1677646560,2023-03-01T04:56:00
0.0016918,0.0016918,0.0016918,0.0016918,1677642300,2023-03-01T03:45:00
0.00169185,0.00169185,0.00169185,0.00169185,1677588480,2023-02-28T12:48:00
0.00168703,0.00168703,0.00168703,0.00168703,1677581880,2023-02-28T10:58:00
0.00169135,0.00169135,0.00169135,0.00169135,1677579840,2023-02-28T10:24:00
0.00169664,0.00169664,0.00169664,0.00169664,1677564600,2023-02-28T06:10:00
0.00167483,0.00167483,0.00167483,0.00167483,1677528120,2023-02-27T20:02:00
0.00171213,0.00171213,0.00171213,0.00171213,1677501480,2023-02-27T12:38:00
0.001726,0.001726,0.001726,0.001726,1677447180,2023-02-26T21:33:00
0.00168674,0.00168674,0.00168674,0.00168674,1677405420,2023-02-26T09:57:00
0.00164495,0.00165233,0.00164495,0.00165233,1677375000,2023-02-26T01:30:00
0.00162171,0.00162171,0.00162171,0.00162171,1677361800,2023-02-25T21:50:00
0.00161709,0.00161709,0.00161709,0.00161709,1677361140,2023-02-25T21:39:00
0.00163812,0.00163812,0.00163812,0.00163812,1677345720,2023-02-25T17:22:00
0.00166022,0.00166022,0.00166022,0.00166022,1677319800,2023-02-25T10:10:00
0.00168176,0.00168176,0.00165931,0.00165931,1677294420,2023-02-25T03:07:00
0.00169661,0.00169661,0.00169661,0.00169661,1677294000,2023-02-25T03:00:00
0.00170392,0.00170392,0.00170392,0.00170392,1677292980,2023-02-25T02:43:00
0.00175977,0.00175977,0.00175977,0.00175977,1677264540,2023-02-24T18:49:00
0.00179755,0.00179755,0.00179755,0.00179755,1677262020,2023-02-24T18:07:00
0.0017959,0.0017959,0.0017959,0.0017959,1677261720,2023-02-24T18:02:00
0.00178418,0.00178418,0.00178418,0.00178418,1677261660,2023-02-24T18:01:00
0.00174764,0.00174764,0.00174764,0.00174764,1677261540,2023-02-24T17:59:00
0.00174926,0.00174926,0.00174926,0.00174926,1677261480,2023-02-24T17:58:00
0.00172762,0.00172762,0.00172762,0.00172762,1677261360,2023-02-24T17:56:00
0.00172466,0.00172466,0.00172466,0.00172466,1677261300,2023-02-24T17:55:00
0.00171814,0.00171814,0.00171814,0.00171814,1677261120,2023-02-24T17:52:00
0.00170881,0.00170881,0.00170881,0.00170881,1677245280,2023-02-24T13:28:00
0.00172066,0.00172066,0.00172066,0.00172066,1677232980,2023-02-24T10:03:00
0.00172099,0.00172099,0.00172099,0.00172099,1677227220,2023-02-24T08:27:00
0.00171671,0.00171671,0.00171671,0.00171671,1677207540,2023-02-24T02:59:00
0.00169101,0.00169101,0.00169101,0.00169101,1677176640,2023-02-23T18:24:00
0.00167165,0.00167165,0.00167165,0.00167165,1677153900,2023-02-23T12:05:00
0.00163966,0.00163966,0.00163966,0.00163966,1677098220,2023-02-22T20:37:00
0.00163315,0.00163315,0.00163315,0.00163315,1677095640,2023-02-22T19:54:00
0.00163182,0.00163182,0.00163182,0.00163182,1677093600,2023-02-22T19:20:00
0.00164947,0.00164947,0.00164947,0.00164947,1677071580,2023-02-22T13:13:00
0.00170704,0.00170704,0.00170704,0.00170704,1676923560,2023-02-20T20:06:00
0.00172109,0.00172109,0.00172109,0.00172109,1676889480,2023-02-20T10:38:00
0.0017011,0.0017011,0.0017011,0.0017011,1676854560,2023-02-20T00:56:00
0.00169876,0.00169876,0.00169876,0.00169876,1676847180,2023-02-19T22:53:00
0.00169136,0.00169136,0.00169136,0.00169136,1676841540,2023-02-19T21:19:00
0.00167931,0.00167931,0.00167931,0.00167931,1676841360,2023-02-19T21:16:00
0.00166896,0.00166896,0.00166896,0.00166896,1676837520,2023-02-19T20:12:00
0.00168343,0.00168343,0.00168343,0.00168343,1676826780,2023-02-19T17:13:00
0.00169841,0.00169841,0.00169841,0.00169841,1676823300,2023-02-19T16:15:00
0.00168354,0.00168354,0.00168354,0.00168354,1676777280,2023-02-19T03:28:00
0.0016683,0.0016683,0.0016683,0.0016683,1676763960,2023-02-18T23:46:00
0.00166875,0.00166875,0.00166875,0.00166875,1676731200,2023-02-18T14:40:00
0.00168386,0.00168386,0.00168386,0.00168386,1676720340,2023-02-18T11:39:00
0.0016885,0.0016885,0.0016885,0.0016885,1676714400,2023-02-18T10:00:00
0.00170912,0.00170912,0.00170912,0.00170912,1676697120,2023-02-18T05:12:00
0.00169989,0.00169989,0.00169989,0.00169989,1676683680,2023-02-18T01:28:00
0.00173053,0.00173053,0.00173053,0.00173053,1676666460,2023-02-17T20:41:00
0.00174713,0.00174713,0.00174713,0.00174713,1676666220,2023-02-17T20:37:00
0.00173096,0.00173096,0.00173096,0.00173096,1676622360,2023-02-17T08:26:00
0.00182726,0.00182726,0.00182726,0.00182726,1676574060,2023-02-16T19:01:00
0.00186642,0.00186642,0.00183381,0.00183381,1676569200,2023-02-16T17:40:00
0.00184783,0.00184783,0.00184783,0.00184783,1676555280,2023-02-16T13:48:00
0.00187284,0.00187284,0.00187284,0.00187284,1676516700,2023-02-16T03:05:00
0.00174979,0.00174979,0.00174979,0.00174979,1676481180,2023-02-15T17:13:00
0.00169801,0.00169801,0.00169801,0.00169801,1676480880,2023-02-15T17:08:00
0.00165248,0.00165248,0.00165248,0.00165248,1676452560,2023-02-15T09:16:00
0.0016454,0.0016454,0.0016454,0.0016454,1676451960,2023-02-15T09:06:00
0.001608,0.00163699,0.001608,0.00163699,1676451720,2023-02-15T09:02:00
0.00167302,0.00167302,0.00167302,0.00167302,1676451480,2023-02-15T08:58:00
0.00170885,0.00170885,0.00170885,0.00170885,1676445480,2023-02-15T07:18:00
0.00167105,0.00167105,0.00167105,0.00167105,1676385060,2023-02-14T14:31:00
0.00168797,0.00168797,0.00168797,0.00168797,1676383800,2023-02-14T14:10:00
0.00168264,0.00168264,0.00168264,0.00168264,1676383680,2023-02-14T14:08:00
0.00166874,0.00166874,0.00166874,0.00166874,1676366700,2023-02-14T09:25:00
0.00166361,0.00166361,0.00166361,0.00166361,1676363760,2023-02-14T08:36:00
0.00165889,0.00165889,0.00165889,0.00165889,1676362380,2023-02-14T08:13:00
0.00166671,0.00166671,0.00166671,0.00166671,1676361780,2023-02-14T08:03:00
0.00165589,0.00165589,0.00165589,0.00165589,1676361540,2023-02-14T07:59:00
0.00164651,0.00164651,0.00164651,0.00164651,1676361240,2023-02-14T07:54:00
0.00163976,0.00163976,0.00163976,0.00163976,1676360940,2023-02-14T07:49:00
0.00162677,0.00162677,0.00162677,0.00162677,1676342280,2023-02-14T02:38:00
0.00165082,0.00165082,0.00165082,0.00165082,1676258640,2023-02-13T03:24:00
0.00163609,0.00163609,0.00163609,0.00163609,1676255520,2023-02-13T02:32:00
0.00166554,0.00166554,0.00166554,0.00166554,1676229000,2023-02-12T19:10:00
0.00165385,0.00165385,0.00165385,0.00165385,1676189100,2023-02-12T08:05:00
0.00166451,0.00166451,0.00166451,0.00166451,1676189040,2023-02-12T08:04:00
0.0016127,0.0016127,0.0016127,0.0016127,1676179200,2023-02-12T05:20:00
0.00160794,0.00160794,0.00160794,0.00160794,1676178900,2023-02-12T05:15:00
0.00159835,0.00159835,0.00159835,0.00159835,1676177640,2023-02-12T04:54:00
0.00159513,0.00160312,0.00159513,0.00160312,1676035080,2023-02-10T13:18:00
0.00160439,0.00160439,0.00160439,0.00160439,1676021760,2023-02-10T09:36:00
0.00159302,0.00159302,0.00159302,0.00159302,1675996080,2023-02-10T02:28:00
0.00161223,0.00161223,0.00161223,0.00161223,1675973580,2023-02-09T20:13:00
0.00163284,0.00163284,0.00163284,0.00163284,1675972680,2023-02-09T19:58:00
0.00169582,0.00169582,0.00169582,0.00169582,1675969860,2023-02-09T19:11:00
0.00168931,0.00168931,0.00168931,0.00168931,1675969620,2023-02-09T19:07:00
0.00167923,0.00167923,0.00167923,0.00167923,1675969080,2023-02-09T18:58:00
0.00168214,0.00168214,0.00168214,0.00168214,1675969020,2023-02-09T18:57:00
0.00169643,0.00169643,0.00168058,0.00168918,1675968900,2023-02-09T18:55:00
0.00172692,0.00172692,0.00172692,0.00172692,1675968360,2023-02-09T18:46:00
0.00174779,0.00174779,0.00174779,0.00174779,1675949760,2023-02-09T13:36:00
0.00174334,0.00174334,0.00174334,0.00174334,1675920540,2023-02-09T05:29:00
0.00179299,0.00179299,0.00179299,0.00179299,1675903140,2023-02-09T00:39:00
0.00176259,0.00177228,0.00176259,0.00177228,1675890480,2023-02-08T21:08:00
0.00174817,0.00174817,0.00174817,0.00174817,1675890420,2023-02-08T21:07:00
0.00181749,0.00181749,0.00181749,0.00181749,1675873620,2023-02-08T16:27:00
0.00174765,0.00178969,0.00174765,0.00178969,1675873560,2023-02-08T16:26:00
0.00202626,0.00202626,0.00202626,0.00202626,1675852080,2023-02-08T10:28:00
0.00199065,0.00199065,0.00199065,0.00199065,1675796400,2023-02-07T19:00:00
0.00203719,0.00203719,0.00203719,0.00203719,1675794120,2023-02-07T18:22:00
0.00196577,0.00196577,0.00196577,0.00196577,1675732620,2023-02-07T01:17:00
0.00198531,0.00198531,0.00198531,0.00198531,1675680660,2023-02-06T10:51:00
0.00199162,0.00199162,0.00199162,0.00199162,1675629120,2023-02-05T20:32:00
0.00200915,0.00200915,0.00200915,0.00200915,1675621860,2023-02-05T18:31:00
0.00205777,0.00205777,0.00205777,0.00205777,1675614780,2023-02-05T16:33:00
0.00207511,0.00207511,0.00207511,0.00207511,1675613220,2023-02-05T16:07:00
0.00211859,0.00211859,0.00211859,0.00211859,1675580580,2023-02-05T07:03:00
0.00210706,0.00210706,0.00210706,0.00210706,1675567500,2023-02-05T03:25:00
0.00210355,0.00210355,0.00210355,0.00210355,1675567320,2023-02-05T03:22:00
0.00210311,0.00210311,0.00210311,0.00210311,1675560540,2023-02-05T01:29:00
0.00211,0.00211,0.00211,0.00211,1675549140,2023-02-04T22:19:00
0.00209967,0.00209967,0.00209967,0.00209967,1675523820,2023-02-04T15:17:00
0.0020761,0.0020761,0.0020761,0.0020761,1675515120,2023-02-04T12:52:00
0.00206937,0.00206937,0.00206937,0.00206937,1675514640,2023-02-04T12:44:00
0.0020681,0.0020681,0.00205489,0.00205489,1675514220,2023-02-04T12:37:00
0.0020648,0.0020648,0.0020648,0.0020648,1675510680,2023-02-04T11:38:00
0.00205427,0.00205427,0.00205427,0.00205427,1675510080,2023-02-04T11:28:00
0.00204926,0.00204926,0.00204926,0.00204926,1675507860,2023-02-04T10:51:00
0.00204357,0.00204357,0.00204357,0.00204357,1675507320,2023-02-04T10:42:00
0.002032,0.002032,0.002032,0.002032,1675506480,2023-02-04T10:28:00
0.00203422,0.00203422,0.00203422,0.00203422,1675495980,2023-02-04T07:33:00
0.00202834,0.00202834,0.00202834,0.00202834,1675495620,2023-02-04T07:27:00
0.00201696,0.00201696,0.00201696,0.00201696,1675495440,2023-02-04T07:24:00
0.00200549,0.00200549,0.00200549,0.00200549,1675494060,2023-02-04T07:01:00
0.00199064,0.00199064,0.00199064,0.00199064,1675377540,2023-02-02T22:39:00
0.00200768,0.00200768,0.00200768,0.00200768,1675372260,2023-02-02T21:11:00
0.00200118,0.00200118,0.00200118,0.00200118,1675340520,2023-02-02T12:22:00
0.0019994,0.0019994,0.0019994,0.0019994,1675298520,2023-02-02T00:42:00
0.00197393,0.00197393,0.00197393,0.00197393,1675287180,2023-02-01T21:33:00
0.00191775,0.00191775,0.00191775,0.00191775,1675219320,2023-02-01T02:42:00
0.00194416,0.00194416,0.00194416,0.00194416,1675218540,2023-02-01T02:29:00
0.00194493,0.00194493,0.00194493,0.00194493,1675075800,2023-01-30T10:50:00
0.00192443,0.00193421,0.00192443,0.00193421,1675074780,2023-01-30T10:33:00
0.00197323,0.00197323,0.00197323,0.00197323,1675042380,2023-01-30T01:33:00
0.001997,0.001997,0.001997,0.001997,1675041900,2023-01-30T01:25:00
0.00203138,0.00203138,0.00203138,0.00203138,1675040580,2023-01-30T01:03:00
0.00202769,0.00202769,0.00202769,0.00202769,1675020060,2023-01-29T19:21:00
0.00203001,0.00203001,0.00203001,0.00203001,1675018020,2023-01-29T18:47:00
0.00203204,0.00203204,0.00203204,0.00203204,1675002960,2023-01-29T14:36:00
0.00201334,0.00201334,0.00201334,0.00201334,1674976200,2023-01-29T07:10:00
0.00200748,0.00200748,0.00200748,0.00200748,1674969900,2023-01-29T05:25:00
0.00197954,0.00197954,0.00197954,0.00197954,1674946620,2023-01-28T22:57:00
0.00198058,0.00198058,0.00198058,0.00198058,1674918300,2023-01-28T15:05:00
0.00200761,0.00200761,0.00200761,0.00200761,1674891000,2023-01-28T07:30:00
0.00195434,0.00195434,0.00195434,0.00195434,1674803160,2023-01-27T07:06:00
0.00200891,0.00200891,0.00200891,0.00200891,1674718800,2023-01-26T07:40:00
0.00199787,0.00200228,0.00199787,0.00200228,1674718620,2023-01-26T07:37:00
0.0020047,0.0020047,0.0020047,0.0020047,1674578460,2023-01-24T16:41:00
0.00202549,0.00202549,0.00202549,0.00202549,1674568680,2023-01-24T13:58:00
0.00202422,0.00202422,0.00202422,0.00202422,1674566760,2023-01-24T13:26:00
0.00202611,0.00202611,0.00202611,0.00202611,1674552960,2023-01-24T09:36:00
0.00203434,0.00203434,0.00203434,0.00203434,1674511920,2023-01-23T22:12:00
0.00200714,0.00200714,0.00200714,0.00200714,1674504420,2023-01-23T20:07:00
0.00200955,0.00200955,0.00200955,0.00200955,1674435960,2023-01-23T01:06:00
0.0019995,0.0019995,0.0019995,0.0019995,1674420240,2023-01-22T20:44:00
0.00201105,0.00201105,0.00201105,0.00201105,1674418320,2023-01-22T20:12:00
0.00202674,0.00202674,0.00202674,0.00202674,1674417960,2023-01-22T20:06:00
0.00203602,0.00203602,0.00203602,0.00203602,1674416160,2023-01-22T19:36:00
0.00203822,0.00203822,0.00203822,0.00203822,1674410340,2023-01-22T17:59:00
0.00200607,0.00200607,0.00200607,0.00200607,1674404040,2023-01-22T16:14:00
0.0020074,0.0020074,0.0020074,0.0020074,1674403020,2023-01-22T15:57:00
0.00199992,0.00200386,0.00199992,0.00200386,1674399720,2023-01-22T15:02:00
0.00197614,0.00197614,0.00197614,0.00197614,1674392940,2023-01-22T13:09:00
0.0019807,0.0019807,0.0019807,0.0019807,1674368760,2023-01-22T06:26:00
0.00196933,0.00196933,0.00196933,0.00196933,1674364560,2023-01-22T05:16:00
0.00195881,0.00197948,0.00195881,0.00197948,1674364320,2023-01-22T05:12:00
0.00193337,0.00193464,0.00193337,0.00193464,1674364260,2023-01-22T05:11:00
0.00193811,0.00193811,0.00193811,0.00193811,1674292980,2023-01-21T09:23:00
0.00195117,0.00195117,0.00195117,0.00195117,1674289260,2023-01-21T08:21:00
0.00194183,0.00194183,0.00194183,0.00194183,1674289200,2023-01-21T08:20:00
0.00193404,0.00193978,0.00193404,0.00193978,1674289080,2023-01-21T08:18:00
0.00192337,0.00192337,0.00192337,0.00192337,1674284340,2023-01-21T06:59:00
0.00192946,0.00192946,0.00192946,0.00192946,1674276060,2023-01-21T04:41:00
0.00191691,0.00192292,0.00191691,0.00192292,1674275820,2023-01-21T04:37:00
0.00192111,0.00192111,0.00192111,0.00192111,1674261600,2023-01-21T00:40:00
0.00192853,0.00192853,0.00192853,0.00192853,1674253260,2023-01-20T22:21:00
0.00183957,0.00183957,0.00183957,0.00183957,1674218940,2023-01-20T12:49:00
0.00184152,0.00184152,0.00184152,0.00184152,1674157080,2023-01-19T19:38:00
0.00183255,0.00183255,0.00183255,0.00183255,1674077460,2023-01-18T21:31:00
0.00182587,0.00182587,0.00182587,0.00182587,1674058620,2023-01-18T16:17:00
0.00190501,0.00190501,0.00190501,0.00190501,1674051900,2023-01-18T14:25:00
0.00189191,0.00189191,0.00189191,0.00189191,1674018000,2023-01-18T05:00:00
0.0019147,0.0019147,0.0019147,0.0019147,1673999340,2023-01-17T23:49:00
0.00191188,0.00191188,0.00191188,0.00191188,1673997240,2023-01-17T23:14:00
0.0019303,0.0019303,0.0019303,0.0019303,1673969220,2023-01-17T15:27:00
0.00190992,0.00190992,0.00190992,0.00190992,1673961360,2023-01-17T13:16:00
0.00191224,0.00191224,0.00191224,0.00191224,1673952120,2023-01-17T10:42:00
0.00192806,0.00192806,0.00192806,0.00192806,1673933580,2023-01-17T05:33:00
0.00192594,0.00192594,0.00192594,0.00192594,1673895780,2023-01-16T19:03:00
0.00190166,0.00190166,0.00190166,0.00190166,1673876280,2023-01-16T13:38:00
0.00192005,0.00192005,0.00192005,0.00192005,1673865360,2023-01-16T10:36:00
0.00191097,0.00191097,0.00191097,0.00191097,1673796900,2023-01-15T15:35:00
0.00189075,0.00189075,0.00189075,0.00189075,1673718600,2023-01-14T17:50:00
0.00189005,0.00189005,0.00189005,0.00189005,1673714940,2023-01-14T16:49:00
0.00191149,0.00191149,0.00191149,0.00191149,1673687280,2023-01-14T09:08:00
0.00192089,0.00192089,0.00192089,0.00192089,1673680080,2023-01-14T07:08:00
0.00193408,0.00193408,0.00193408,0.00193408,1673661720,2023-01-14T02:02:00
0.00196368,0.00196368,0.00196368,0.00196368,1673659500,2023-01-14T01:25:00
0.00199089,0.00199089,0.00199089,0.00199089,1673658780,2023-01-14T01:13:00
0.0020015,0.0020015,0.0020015,0.0020015,1673658660,2023-01-14T01:11:00
0.00172736,0.00172736,0.00172736,0.00172736,1673658120,2023-01-14T01:02:00
0.00174588,0.00174588,0.00174588,0.00174588,1673658060,2023-01-14T01:01:00
0.00162768,0.00162768,0.00162768,0.00162768,1673626320,2023-01-13T16:12:00
0.00160865,0.00160865,0.00160865,0.00160865,1673613960,2023-01-13T12:46:00
0.00159991,0.00159991,0.00159991,0.00159991,1673613780,2023-01-13T12:43:00
0.00168205,0.0017394,0.00168205,0.0017394,1673611140,2023-01-13T11:59:00
0.00176915,0.00176915,0.00176915,0.00176915,1673597760,2023-01-13T08:16:00
0.00160907,0.00160907,0.00160907,0.00160907,1673556840,2023-01-12T20:54:00
0.00162814,0.00162814,0.00162814,0.00162814,1673510580,2023-01-12T08:03:00
0.00160642,0.00160642,0.00160642,0.00160642,1673484540,2023-01-12T00:49:00
0.00161667,0.00161667,0.00161667,0.00161667,1673481540,2023-01-11T23:59:00
0.00156087,0.00156087,0.00154441,0.00154441,1673481420,2023-01-11T23:57:00
0.00160177,0.00160177,0.00157889,0.00157889,1673481360,2023-01-11T23:56:00
0.00152149,0.00152149,0.00152149,0.00152149,1673479320,2023-01-11T23:22:00
0.0015122,0.0015122,0.0015122,0.0015122,1673478960,2023-01-11T23:16:00
0.00154048,0.00154048,0.00150245,0.00150245,1673478720,2023-01-11T23:12:00
0.00158279,0.00158279,0.00158279,0.00158279,1673466540,2023-01-11T19:49:00
0.0015612,0.0015612,0.0015612,0.0015612,1673368920,2023-01-10T16:42:00
0.00157832,0.00157832,0.00157832,0.00157832,1673368560,2023-01-10T16:36:00
0.00152682,0.00155027,0.00152682,0.00155027,1673368500,2023-01-10T16:35:00
0.00160714,0.00160714,0.00160714,0.00160714,1673366820,2023-01-10T16:07:00
0.00160593,0.00160593,0.00160593,0.00160593,1673285160,2023-01-09T17:26:00
0.00157543,0.00157543,0.00157543,0.00157543,1673244300,2023-01-09T06:05:00
0.00157198,0.00157198,0.00157198,0.00157198,1673230500,2023-01-09T02:15:00
0.00153708,0.00153708,0.00153708,0.00153708,1673217300,2023-01-08T22:35:00
0.00154762,0.00154762,0.00154762,0.00154762,1673212080,2023-01-08T21:08:00
0.00153217,0.00153217,0.00153217,0.00153217,1673207280,2023-01-08T19:48:00
0.00152096,0.00152096,0.00152096,0.00152096,1673204940,2023-01-08T19:09:00
0.00150867,0.00150867,0.00150867,0.00150867,1673156880,2023-01-08T05:48:00
0.00149413,0.00149413,0.00149413,0.00149413,1672869540,2023-01-04T21:59:00
0.00150681,0.00150681,0.00150681,0.00150681,1672847700,2023-01-04T15:55:00
0.00150879,0.00150879,0.00150879,0.00150879,1672817820,2023-01-04T07:37:00
0.00151889,0.00151889,0.00151889,0.00151889,1672807620,2023-01-04T04:47:00
0.00152159,0.00152159,0.00152159,0.00152159,1672803240,2023-01-04T03:34:00
0.00148811,0.00148811,0.00148811,0.00148811,1672776540,2023-01-03T20:09:00
0.00149781,0.00149781,0.00149781,0.00149781,1672775760,2023-01-03T19:56:00
0.00149026,0.00149026,0.00149026,0.00149026,1672775700,2023-01-03T19:55:00
0.00148316,0.00148316,0.00148316,0.00148316,1672775640,2023-01-03T19:54:00
0.00147983,0.00147983,0.00147983,0.00147983,1672774080,2023-01-03T19:28:00
0.0014683,0.0014683,0.0014683,0.0014683,1672773240,2023-01-03T19:14:00
0.00147739,0.00147739,0.00147739,0.00147739,1672773120,2023-01-03T19:12:00
0.00147553,0.00147553,0.00147553,0.00147553,1672772340,2023-01-03T18:59:00
0.00147088,0.00147088,0.00147088,0.00147088,1672771740,2023-01-03T18:49:00
0.00146634,0.00146634,0.00146634,0.00146634,1672771200,2023-01-03T18:40:00
0.0014638,0.0014638,0.0014638,0.0014638,1672770900,2023-01-03T18:35:00
0.00146075,0.00146075,0.00146075,0.00146075,1672770060,2023-01-03T18:21:00
0.00145609,0.00145609,0.00145609,0.00145609,1672769760,2023-01-03T18:16:00
0.00144945,0.00144945,0.00144945,0.00144945,1672769460,2023-01-03T18:11:00
0.00144135,0.00144135,0.00144135,0.00144135,1672769280,2023-01-03T18:08:00
0.00144315,0.00144315,0.00144315,0.00144315,1672769220,2023-01-03T18:07:00
0.00143654,0.00143654,0.00143654,0.00143654,1672769160,2023-01-03T18:06:00
0.0014318,0.0014318,0.0014318,0.0014318,1672768740,2023-01-03T17:59:00
0.00142667,0.00142667,0.00142667,0.00142667,1672768560,2023-01-03T17:56:00
0.00142168,0.00142168,0.00142168,0.00142168,1672768200,2023-01-03T17:50:00
0.00141754,0.00141754,0.00141754,0.00141754,1672767540,2023-01-03T17:39:00
0.00141255,0.00141255,0.00141255,0.00141255,1672767180,2023-01-03T17:33:00
0.00140937,0.00140937,0.00140937,0.00140937,1672764420,2023-01-03T16:47:00
0.00140091,0.00141295,0.00140091,0.00141295,1672740540,2023-01-03T10:09:00
0.00143428,0.00143428,0.00143428,0.00143428,1672727340,2023-01-03T06:29:00
0.00140023,0.00140023,0.00140023,0.00140023,1672577820,2023-01-01T12:57:00
0.00141748,0.00141748,0.00141748,0.00141748,1672511640,2022-12-31T18:34:00
0.00141329,0.00141329,0.00141329,0.00141329,1672473240,2022-12-31T07:54:00
0.00141984,0.00141984,0.00141984,0.00141984,1672440900,2022-12-30T22:55:00
0.00140776,0.00140776,0.00140776,0.00140776,1672440840,2022-12-30T22:54:00
0.0014091,0.0014091,0.0014091,0.0014091,1672364040,2022-12-30T01:34:00
0.00136872,0.00136872,0.00136872,0.00136872,1672333440,2022-12-29T17:04:00
0.00134115,0.00134115,0.00134115,0.00134115,1672318740,2022-12-29T12:59:00
0.0013514,0.0013514,0.0013514,0.0013514,1672317060,2022-12-29T12:31:00
0.00134332,0.00134332,0.00134332,0.00134332,1672292100,2022-12-29T05:35:00
0.00134936,0.00134936,0.00134936,0.00134936,1672290480,2022-12-29T05:08:00
0.00135535,0.00135535,0.00135535,0.00135535,1672290180,2022-12-29T05:03:00
0.00136032,0.00136032,0.00136032,0.00136032,1672278960,2022-12-29T01:56:00
0.00136934,0.00136934,0.00136934,0.00136934,1672278900,2022-12-29T01:55:00
0.0013757,0.0013757,0.0013757,0.0013757,1672278840,2022-12-29T01:54:00
0.00138133,0.00138133,0.00138133,0.00138133,1672278780,2022-12-29T01:53:00
0.00139277,0.00139277,0.00139277,0.00139277,1672278480,2022-12-29T01:48:00
0.00139926,0.00139926,0.00139926,0.00139926,1672278420,2022-12-29T01:47:00
0.00140716,0.00140716,0.00140716,0.00140716,1672278300,2022-12-29T01:45:00
0.00141763,0.00141763,0.00141763,0.00141763,1672278180,2022-12-29T01:43:00
0.00143348,0.00143348,0.00142588,0.00142588,1672278060,2022-12-29T01:41:00
0.00145575,0.00145575,0.00145575,0.00145575,1672277880,2022-12-29T01:38:00
0.00146089,0.00147359,0.00146089,0.00147359,1672277820,2022-12-29T01:37:00
0.00140704,0.00146329,0.00140704,0.00146329,1672277760,2022-12-29T01:36:00
0.00136371,0.00140393,0.00135898,0.00139871,1672277700,2022-12-29T01:35:00
0.00133723,0.00134239,0.00133723,0.00134239,1672277640,2022-12-29T01:34:00
0.00133727,0.00133727,0.00133727,0.00133727,1672197660,2022-12-28T03:21:00
0.00135818,0.00135818,0.00135818,0.00135818,1672155960,2022-12-27T15:46:00
0.00136846,0.00136846,0.00136846,0.00136846,1672135380,2022-12-27T10:03:00
0.00139272,0.00139272,0.00139272,0.00139272,1672079760,2022-12-26T18:36:00
0.00138198,0.00138198,0.00138198,0.00138198,1672007520,2022-12-25T22:32:00
0.00138521,0.00138521,0.00138521,0.00138521,1671834540,2022-12-23T22:29:00
0.00139691,0.00139691,0.00139691,0.00139691,1671800520,2022-12-23T13:02:00
0.00139992,0.00139992,0.00139992,0.00139992,1671763860,2022-12-23T02:51:00
0.00140632,0.00140632,0.00140632,0.00140632,1671761040,2022-12-23T02:04:00
0.00138479,0.00138479,0.00138479,0.00138479,1671760800,2022-12-23T02:00:00
0.0013895,0.0013895,0.0013895,0.0013895,1671760680,2022-12-23T01:58:00
0.00136837,0.00136837,0.00136837,0.00136837,1671760500,2022-12-23T01:55:00
0.00135548,0.00135548,0.00135548,0.00135548,1671759960,2022-12-23T01:46:00
0.00135947,0.00135947,0.00135947,0.00135947,1671759840,2022-12-23T01:44:00
0.00133363,0.00133363,0.00133363,0.00133363,1671745320,2022-12-22T21:42:00
0.00134598,0.00134598,0.00134598,0.00134598,1671708840,2022-12-22T11:34:00
0.00133492,0.00133492,0.00133492,0.00133492,1671698100,2022-12-22T08:35:00
0.00134401,0.00134401,0.00134401,0.00134401,1671670380,2022-12-22T00:53:00
0.00134771,0.00134771,0.00134771,0.00134771,1671670260,2022-12-22T00:51:00
0.00134103,0.00134103,0.00134103,0.00134103,1671670140,2022-12-22T00:49:00
0.00131477,0.00131477,0.00131477,0.00131477,1671669900,2022-12-22T00:45:00
0.00129183,0.00129183,0.00129183,0.00129183,1671669780,2022-12-22T00:43:00
0.00129536,0.00129536,0.00129536,0.00129536,1671669720,2022-12-22T00:42:00
0.00128024,0.00128024,0.00128024,0.00128024,1671651840,2022-12-21T19:44:00
0.00127008,0.00127008,0.00127008,0.00127008,1671529440,2022-12-20T09:44:00
0.00127568,0.00127568,0.00127568,0.00127568,1671529380,2022-12-20T09:43:00
0.00128655,0.00128655,0.00128562,0.00128562,1671529320,2022-12-20T09:42:00
0.00131242,0.00131242,0.00131242,0.00131242,1671529260,2022-12-20T09:41:00
0.00129666,0.00129666,0.00129666,0.00129666,1671470220,2022-12-19T17:17:00
0.00130726,0.00130726,0.00130726,0.00130726,1671449040,2022-12-19T11:24:00
0.00132657,0.00132657,0.00132657,0.00132657,1671448920,2022-12-19T11:22:00
0.00128019,0.00128019,0.00128019,0.00128019,1671397200,2022-12-18T21:00:00
0.00129534,0.00129534,0.00129534,0.00129534,1671341280,2022-12-18T05:28:00
0.00128192,0.00128192,0.00128192,0.00128192,1671303840,2022-12-17T19:04:00
0.00129158,0.00129158,0.00129158,0.00129158,1671286140,2022-12-17T14:09:00
0.00130164,0.00130164,0.00130164,0.00130164,1671271980,2022-12-17T10:13:00
0.00131263,0.00131263,0.00131263,0.00131263,1671252960,2022-12-17T04:56:00
0.0013108,0.0013108,0.0013108,0.0013108,1671243600,2022-12-17T02:20:00
0.00131842,0.00131842,0.00131842,0.00131842,1671243420,2022-12-17T02:17:00
0.0013226,0.0013226,0.0013226,0.0013226,1671243240,2022-12-17T02:14:00
0.0013349,0.0013349,0.0013349,0.0013349,1671242460,2022-12-17T02:01:00
0.00134319,0.00134319,0.00134319,0.00134319,1671242040,2022-12-17T01:54:00
0.00135333,0.00135333,0.00135333,0.00135333,1671241800,2022-12-17T01:50:00
0.00136459,0.00136459,0.00136459,0.00136459,1671241620,2022-12-17T01:47:00
0.00137175,0.00137175,0.00137175,0.00137175,1671241500,2022-12-17T01:45:00
0.00138866,0.00138866,0.00138866,0.00138866,1671241440,2022-12-17T01:44:00
0.00140463,0.00140463,0.00140463,0.00140463,1671241380,2022-12-17T01:43:00
0.0014122,0.0014122,0.0014122,0.0014122,1671241320,2022-12-17T01:42:00
0.0014261,0.0014261,0.0014261,0.0014261,1671240960,2022-12-17T01:36:00
0.00141751,0.00141751,0.00141751,0.00141751,1671240720,2022-12-17T01:32:00
0.00141134,0.00141134,0.00141134,0.00141134,1671240480,2022-12-17T01:28:00
0.00139192,0.00139192,0.00139192,0.00139192,1671240420,2022-12-17T01:27:00
0.00138667,0.00138667,0.00138667,0.00138667,1671240240,2022-12-17T01:24:00
0.00137982,0.00137982,0.00137982,0.00137982,1671240180,2022-12-17T01:23:00
0.00139446,0.00139446,0.00139446,0.00139446,1671240060,2022-12-17T01:21:00
0.00140607,0.00140607,0.00139225,0.00139225,1671239820,2022-12-17T01:17:00
0.00137207,0.00139417,0.00137207,0.00139417,1671239760,2022-12-17T01:16:00
0.00138438,0.00138438,0.00138438,0.00138438,1671239700,2022-12-17T01:15:00
0.00140802,0.00140802,0.0013961,0.0013961,1671239580,2022-12-17T01:13:00
0.00141706,0.00141706,0.00141706,0.00141706,1671239520,2022-12-17T01:12:00
0.00139307,0.00141236,0.00139307,0.00141236,1671239400,2022-12-17T01:10:00
0.00134864,0.0013771,0.00134864,0.0013771,1671239340,2022-12-17T01:09:00
0.00130615,0.00130615,0.00130615,0.00130615,1671239280,2022-12-17T01:08:00
0.00128044,0.00129086,0.00128044,0.00129086,1671239220,2022-12-17T01:07:00
0.00126867,0.00126867,0.00126867,0.00126867,1671239160,2022-12-17T01:06:00
0.00141152,0.00141152,0.00141152,0.00141152,1671054060,2022-12-14T21:41:00
0.00140228,0.00140228,0.00140228,0.00140228,1671053940,2022-12-14T21:39:00
0.00139897,0.00139897,0.00139897,0.00139897,1671051600,2022-12-14T21:00:00
0.00138174,0.00138656,0.00138174,0.00138656,1671050880,2022-12-14T20:48:00
0.00139035,0.00139035,0.00139035,0.00139035,1671049920,2022-12-14T20:32:00
0.00145925,0.00145925,0.00145925,0.00145925,1671000480,2022-12-14T06:48:00
0.00145659,0.00145659,0.00145659,0.00145659,1670991660,2022-12-14T04:21:00
0.00147387,0.00147387,0.00147387,0.00147387,1670991420,2022-12-14T04:17:00
0.00148433,0.00148433,0.00148433,0.00148433,1670990880,2022-12-14T04:08:00
0.001437,0.001437,0.001437,0.001437,1670990520,2022-12-14T04:02:00
0.00137116,0.00137116,0.00136268,0.00136268,1670878560,2022-12-12T20:56:00
0.00135134,0.00135134,0.00135134,0.00135134,1670878500,2022-12-12T20:55:00
0.00133934,0.00133934,0.00133934,0.00133934,1670857860,2022-12-12T15:11:00
0.00133686,0.00133686,0.00133686,0.00133686,1670850240,2022-12-12T13:04:00
0.00135821,0.00135821,0.00135821,0.00135821,1670827020,2022-12-12T06:37:00
0.00134016,0.00134016,0.00134016,0.00134016,1670818740,2022-12-12T04:19:00
0.00133605,0.00133605,0.00133605,0.00133605,1670813640,2022-12-12T02:54:00
0.00136348,0.00136348,0.00136348,0.00136348,1670792040,2022-12-11T20:54:00
0.00133709,0.00133709,0.00133709,0.00133709,1670715780,2022-12-10T23:43:00
0.00134825,0.00134825,0.00134825,0.00134825,1670715600,2022-12-10T23:40:00
0.00136102,0.00136102,0.00136102,0.00136102,1670715480,2022-12-10T23:38:00
0.00135422,0.00135422,0.00135422,0.00135422,1670715360,2022-12-10T23:36:00
0.00136297,0.00136297,0.00136297,0.00136297,1670582520,2022-12-09T10:42:00
0.0013261,0.0013261,0.0013261,0.0013261,1670509500,2022-12-08T14:25:00
0.00131041,0.00131041,0.00131041,0.00131041,1670417040,2022-12-07T12:44:00
0.00131663,0.00131663,0.00131663,0.00131663,1670416860,2022-12-07T12:41:00
0.00134189,0.00134189,0.00134189,0.00134189,1670332680,2022-12-06T13:18:00
0.00133894,0.00133894,0.00133894,0.00133894,1670321220,2022-12-06T10:07:00
0.00132938,0.00132938,0.00132938,0.00132938,1670314800,2022-12-06T08:20:00
0.00133689,0.00133689,0.00133689,0.00133689,1670305500,2022-12-06T05:45:00
0.00133289,0.00133289,0.00133289,0.00133289,1670300460,2022-12-06T04:21:00
0.0013262,0.0013262,0.0013262,0.0013262,1670300280,2022-12-06T04:18:00
0.0013134,0.0013134,0.0013134,0.0013134,1670268360,2022-12-05T19:26:00
0.00132273,0.00132273,0.00132273,0.00132273,1670253660,2022-12-05T15:21:00
0.00133377,0.00133377,0.00133377,0.00133377,1670252280,2022-12-05T14:58:00
0.00134418,0.00134418,0.00134418,0.00134418,1670252220,2022-12-05T14:57:00
0.00136941,0.00136941,0.00136941,0.00136941,1670233080,2022-12-05T09:38:00
0.00133377,0.00133377,0.00133377,0.00133377,1670112060,2022-12-04T00:01:00
0.00136308,0.00136308,0.00136308,0.00136308,1670070600,2022-12-03T12:30:00
0.00136407,0.00136407,0.00136407,0.00136407,1670000460,2022-12-02T17:01:00
0.00138124,0.00138124,0.00138124,0.00138124,1669985520,2022-12-02T12:52:00
0.00135464,0.00135464,0.00135464,0.00135464,1669984620,2022-12-02T12:37:00
0.00134317,0.00134787,0.00134317,0.00134787,1669983840,2022-12-02T12:24:00
0.00132007,0.00132007,0.00132007,0.00132007,1669974720,2022-12-02T09:52:00
0.00131846,0.00131846,0.00131846,0.00131846,1669945800,2022-12-02T01:50:00
0.00130474,0.00131524,0.00130474,0.00131524,1669917000,2022-12-01T17:50:00
0.00131399,0.00131399,0.00131399,0.00131399,1669915980,2022-12-01T17:33:00
0.0013167,0.0013167,0.0013167,0.0013167,1669903020,2022-12-01T13:57:00
0.00132431,0.00132431,0.00132431,0.00132431,1669902480,2022-12-01T13:48:00
0.00134612,0.00136917,0.00134612,0.00136917,1669902240,2022-12-01T13:44:00
0.00134754,0.00134754,0.00134754,0.00134754,1669865700,2022-12-01T03:35:00
0.00134384,0.00134384,0.00134384,0.00134384,1669835940,2022-11-30T19:19:00
0.00132865,0.00132865,0.00132865,0.00132865,1669827540,2022-11-30T16:59:00
0.00133414,0.00133414,0.00133414,0.00133414,1669819380,2022-11-30T14:43:00
0.0013337,0.0013337,0.0013337,0.0013337,1669773420,2022-11-30T01:57:00
0.00127969,0.00127969,0.00127969,0.00127969,1669733760,2022-11-29T14:56:00
0.0012711,0.0012711,0.0012711,0.0012711,1669704420,2022-11-29T06:47:00
0.00128445,0.00128445,0.00128445,0.00128445,1669703220,2022-11-29T06:27:00
0.00129931,0.00129931,0.00129124,0.00129124,1669703100,2022-11-29T06:25:00
0.00128164,0.00128164,0.00128164,0.00128164,1669703040,2022-11-29T06:24:00
0.00127609,0.00127609,0.00127609,0.00127609,1669702740,2022-11-29T06:19:00
0.00123018,0.00123018,0.00123018,0.00123018,1669634460,2022-11-28T11:21:00
0.00123831,0.00123831,0.00123831,0.00123831,1669623300,2022-11-28T08:15:00
0.00124807,0.00124807,0.00124807,0.00124807,1669622940,2022-11-28T08:09:00
0.00124568,0.00124568,0.00124568,0.00124568,1669622760,2022-11-28T08:06:00
0.00124215,0.00124215,0.00124215,0.00124215,1669622700,2022-11-28T08:05:00
0.00125548,0.00125548,0.00125548,0.00125548,1669622400,2022-11-28T08:00:00
0.00128604,0.00128604,0.00127167,0.00127167,1669622220,2022-11-28T07:57:00
0.00127117,0.00127117,0.00127117,0.00127117,1669622160,2022-11-28T07:56:00
0.00125135,0.00125135,0.00125135,0.00125135,1669622100,2022-11-28T07:55:00
0.00129231,0.00129231,0.00129231,0.00129231,1669566120,2022-11-27T16:22:00
0.00130102,0.00130102,0.00130102,0.00130102,1669560840,2022-11-27T14:54:00
0.00130379,0.00130379,0.00130379,0.00130379,1669474380,2022-11-26T14:53:00
0.00127654,0.00127654,0.00127654,0.00127654,1669407600,2022-11-25T20:20:00
0.00129631,0.00129631,0.00129631,0.00129631,1669407360,2022-11-25T20:16:00
0.0013112,0.0013112,0.0013112,0.0013112,1669407240,2022-11-25T20:14:00
0.00128732,0.00128732,0.00128732,0.00128732,1669366740,2022-11-25T08:59:00
0.00130152,0.00130152,0.00130152,0.00130152,1669366680,2022-11-25T08:58:00
0.00134623,0.00135177,0.00132776,0.00132776,1669366440,2022-11-25T08:54:00
0.00129068,0.00129068,0.00129068,0.00129068,1669366020,2022-11-25T08:47:00
0.00130493,0.00130493,0.00130493,0.00130493,1669365900,2022-11-25T08:45:00
0.0012796,0.0012796,0.0012796,0.0012796,1669365840,2022-11-25T08:44:00
0.00127058,0.00127058,0.00127058,0.00127058,1669351620,2022-11-25T04:47:00
0.0012736,0.0012736,0.0012736,0.0012736,1669345320,2022-11-25T03:02:00
0.00126992,0.00126992,0.00126992,0.00126992,1669345080,2022-11-25T02:58:00
0.00127987,0.00127987,0.00127987,0.00127987,1669327080,2022-11-24T21:58:00
0.00128035,0.00128035,0.00128035,0.00128035,1669316100,2022-11-24T18:55:00
0.00129542,0.00129542,0.00127966,0.00127966,1669315380,2022-11-24T18:43:00
0.00131732,0.00131732,0.00131732,0.00131732,1669315320,2022-11-24T18:42:00
0.00128649,0.00128649,0.00128649,0.00128649,1669315200,2022-11-24T18:40:00
0.00137872,0.00137872,0.00136088,0.00136088,1669315140,2022-11-24T18:39:00
0.00129258,0.00135783,0.00129258,0.00135783,1669315080,2022-11-24T18:38:00
0.00127769,0.00127769,0.00127769,0.00127769,1669314960,2022-11-24T18:36:00
0.00126979,0.00126979,0.00126979,0.00126979,1669313460,2022-11-24T18:11:00
0.00125721,0.00125721,0.00125721,0.00125721,1669313280,2022-11-24T18:08:00
0.00124944,0.00124944,0.00124944,0.00124944,1669312440,2022-11-24T17:54:00
0.00127948,0.00127948,0.00127948,0.00127948,1669312380,2022-11-24T17:53:00
0.00127089,0.00127089,0.00127089,0.00127089,1669311960,2022-11-24T17:46:00
0.00133173,0.00133173,0.00131172,0.00131172,1669311900,2022-11-24T17:45:00
0.0013574,0.0013574,0.0013574,0.0013574,1669311840,2022-11-24T17:44:00
0.0013692,0.0013692,0.0013692,0.0013692,1669311720,2022-11-24T17:42:00
0.00137042,0.00138224,0.00137042,0.00138224,1669311660,2022-11-24T17:41:00
0.00129897,0.00137321,0.00129897,0.00137321,1669311600,2022-11-24T17:40:00
0.00128462,0.00128462,0.00128462,0.00128462,1669311540,2022-11-24T17:39:00
0.00128125,0.00128125,0.00128125,0.00128125,1669311240,2022-11-24T17:34:00
0.0012625,0.00126468,0.0012625,0.00126468,1669300080,2022-11-24T14:28:00
0.00127892,0.00127892,0.00127892,0.00127892,1669299420,2022-11-24T14:17:00
0.00126319,0.00126319,0.00126319,0.00126319,1669213380,2022-11-23T14:23:00
0.00128191,0.00128191,0.00128191,0.00128191,1669208100,2022-11-23T12:55:00
0.00130062,0.00130062,0.00130062,0.00130062,1669207680,2022-11-23T12:48:00
0.00134454,0.00134454,0.00130985,0.00130985,1669207500,2022-11-23T12:45:00
0.00135559,0.00137317,0.00135559,0.00136038,1669207440,2022-11-23T12:44:00
0.00134065,0.00134065,0.00134065,0.00134065,1669207380,2022-11-23T12:43:00
0.00129355,0.00129355,0.00129355,0.00129355,1669207320,2022-11-23T12:42:00
0.00128588,0.00128588,0.00128588,0.00128588,1669207260,2022-11-23T12:41:00
0.00128094,0.00128094,0.00128094,0.00128094,1669207200,2022-11-23T12:40:00
0.00126353,0.00126353,0.00126353,0.00126353,1669207140,2022-11-23T12:39:00
0.00127754,0.00127754,0.00127754,0.00127754,1669206660,2022-11-23T12:31:00
0.00131015,0.00131015,0.00131015,0.00131015,1669206600,2022-11-23T12:30:00
0.0013192,0.0013192,0.0013192,0.0013192,1669206480,2022-11-23T12:28:00
0.0013507,0.0013507,0.0013507,0.0013507,1669206420,2022-11-23T12:27:00
0.00128238,0.00134865,0.00128238,0.00134865,1669206360,2022-11-23T12:26:00
0.00126257,0.00127136,0.00126257,0.00127136,1669206300,2022-11-23T12:25:00
0.00125841,0.00125841,0.00125841,0.00125841,1669206240,2022-11-23T12:24:00
0.00125662,0.00125662,0.00125662,0.00125662,1669205940,2022-11-23T12:19:00
0.00127641,0.00127641,0.00127641,0.00127641,1669205820,2022-11-23T12:17:00
0.00128906,0.00128906,0.00128906,0.00128906,1669205580,2022-11-23T12:13:00
0.00130218,0.00130218,0.00130218,0.00130218,1669205520,2022-11-23T12:12:00
0.00133124,0.00133124,0.00133124,0.00133124,1669205280,2022-11-23T12:08:00
0.00135161,0.00135161,0.0013435,0.0013435,1669205160,2022-11-23T12:06:00
0.00136239,0.00136239,0.00136239,0.00136239,1669205100,2022-11-23T12:05:00
0.00136675,0.00136675,0.00136675,0.00136675,1669204980,2022-11-23T12:03:00
0.00134639,0.00134639,0.00133193,0.00133193,1669204920,2022-11-23T12:02:00
0.00126534,0.00126534,0.00126534,0.00126534,1669204860,2022-11-23T12:01:00
0.00125818,0.00125818,0.00125818,0.00125818,1669204320,2022-11-23T11:52:00
0.00126511,0.00126713,0.00126511,0.00126713,1669204260,2022-11-23T11:51:00
0.00127652,0.00127652,0.00127652,0.00127652,1669204200,2022-11-23T11:50:00
0.00134136,0.00134136,0.00131404,0.00131404,1669204080,2022-11-23T11:48:00
0.00135544,0.00135544,0.00135544,0.00135544,1669203960,2022-11-23T11:46:00
0.00138198,0.00138251,0.00136919,0.00136919,1669203840,2022-11-23T11:44:00
0.00127496,0.00131157,0.00127496,0.00131157,1669203780,2022-11-23T11:43:00
0.00125047,0.00126159,0.00125047,0.00126159,1669203720,2022-11-23T11:42:00
0.00124131,0.00124131,0.00124131,0.00124131,1669203600,2022-11-23T11:40:00
0.00125106,0.00125106,0.00125106,0.00125106,1669203420,2022-11-23T11:37:00
0.00127241,0.00127463,0.00127241,0.00127463,1669203360,2022-11-23T11:36:00
0.00128401,0.00128401,0.00128401,0.00128401,1669203300,2022-11-23T11:35:00
0.00129003,0.00129003,0.00129003,0.00129003,1669203240,2022-11-23T11:34:00
0.00129642,0.00129819,0.00129642,0.00129819,1669203120,2022-11-23T11:32:00
0.00126628,0.00134243,0.00126628,0.00131729,1669203060,2022-11-23T11:31:00
0.00125562,0.00126082,0.00125562,0.00126082,1669203000,2022-11-23T11:30:00
0.00124974,0.00124974,0.00124974,0.00124974,1669202940,2022-11-23T11:29:00
0.00124781,0.00124781,0.00124781,0.00124781,1669202520,2022-11-23T11:22:00
0.00126941,0.00126941,0.00126941,0.00126941,1669202220,2022-11-23T11:17:00
0.00128245,0.00128245,0.00128245,0.00128245,1669202160,2022-11-23T11:16:00
0.00125485,0.00126926,0.00125485,0.00126926,1669202100,2022-11-23T11:15:00
0.00124618,0.00124618,0.00124618,0.00124618,1669200900,2022-11-23T10:55:00
0.00126141,0.00126141,0.0012561,0.0012561,1669200720,2022-11-23T10:52:00
0.00126635,0.00126703,0.00126635,0.00126703,1669200420,2022-11-23T10:47:00
0.00128258,0.00128258,0.00127721,0.00127721,1669200300,2022-11-23T10:45:00
0.00129279,0.00129279,0.00129279,0.00129279,1669200180,2022-11-23T10:43:00
0.00132928,0.00132928,0.00131318,0.00131318,1669200120,2022-11-23T10:42:00
0.00127552,0.00131368,0.00127552,0.00131368,1669200060,2022-11-23T10:41:00
0.00124427,0.00124928,0.00124427,0.00124928,1669200000,2022-11-23T10:40:00
0.00124202,0.00124202,0.00123772,0.00123772,1669199700,2022-11-23T10:35:00
0.00125821,0.00125821,0.00125821,0.00125821,1669199520,2022-11-23T10:32:00
0.00126819,0.00126819,0.00126819,0.00126819,1669199460,2022-11-23T10:31:00
0.00126047,0.00126047,0.00126047,0.00126047,1669199400,2022-11-23T10:30:00
0.00120288,0.00120288,0.00120288,0.00120288,1669160220,2022-11-22T23:37:00
0.00120398,0.00120398,0.00120398,0.00120398,1669156260,2022-11-22T22:31:00
0.00116175,0.00116434,0.00116175,0.00116434,1669103820,2022-11-22T07:57:00
0.00117251,0.00117251,0.00117251,0.00117251,1669103760,2022-11-22T07:56:00
0.00117892,0.00118065,0.00117892,0.00118065,1669103700,2022-11-22T07:55:00
0.00121081,0.00121081,0.00121081,0.00121081,1669081500,2022-11-22T01:45:00
0.00121195,0.00121195,0.00121195,0.00121195,1669070100,2022-11-21T22:35:00
0.00122625,0.00122625,0.00122625,0.00122625,1669070040,2022-11-21T22:34:00
0.00124136,0.00124136,0.00124136,0.00124136,1669069980,2022-11-21T22:33:00
0.00121974,0.00121974,0.00121974,0.00121974,1669069800,2022-11-21T22:30:00
0.00118795,0.00118795,0.00118795,0.00118795,1669069740,2022-11-21T22:29:00
0.00125294,0.00125294,0.00125294,0.00125294,1668979500,2022-11-20T21:25:00
0.00126301,0.00126301,0.00126301,0.00126301,1668975720,2022-11-20T20:22:00
0.00126121,0.00126121,0.00126121,0.00126121,1668956880,2022-11-20T15:08:00
0.00124712,0.00124712,0.00124712,0.00124712,1668946260,2022-11-20T12:11:00
0.00129261,0.00129261,0.00128778,0.00128778,1668937680,2022-11-20T09:48:00
0.0013044,0.0013044,0.0013044,0.0013044,1668937620,2022-11-20T09:47:00
0.00130611,0.00130611,0.00130611,0.00130611,1668937440,2022-11-20T09:44:00
0.00129247,0.00129247,0.00129247,0.00129247,1668937380,2022-11-20T09:43:00
0.00127589,0.00128549,0.00127589,0.00128549,1668874740,2022-11-19T16:19:00
0.0012685,0.0012685,0.0012685,0.0012685,1668873300,2022-11-19T15:55:00
0.00126529,0.00126529,0.00125633,0.00125633,1668873180,2022-11-19T15:53:00
0.00127054,0.00127054,0.00127054,0.00127054,1668872880,2022-11-19T15:48:00
0.00126006,0.00126006,0.00126006,0.00126006,1668871920,2022-11-19T15:32:00
0.00124422,0.00124422,0.00124422,0.00124422,1668871380,2022-11-19T15:23:00
0.00124123,0.00124123,0.00124123,0.00124123,1668854880,2022-11-19T10:48:00
0.00124238,0.00124238,0.00124238,0.00124238,1668807060,2022-11-18T21:31:00
0.00123945,0.00123945,0.00123945,0.00123945,1668807000,2022-11-18T21:30:00
0.00123815,0.00123815,0.00123815,0.00123815,1668781320,2022-11-18T14:22:00
0.0012278,0.0012278,0.0012278,0.0012278,1668780900,2022-11-18T14:15:00
0.00124733,0.00124733,0.00124733,0.00124733,1668780840,2022-11-18T14:14:00
0.00126334,0.00126334,0.00126334,0.00126334,1668780660,2022-11-18T14:11:00
0.00123557,0.00123557,0.00123557,0.00123557,1668780600,2022-11-18T14:10:00
0.00122449,0.00122449,0.00122449,0.00122449,1668739200,2022-11-18T02:40:00
0.00122077,0.00122077,0.00122077,0.00122077,1668729360,2022-11-17T23:56:00
0.00122363,0.00122363,0.00122363,0.00122363,1668721980,2022-11-17T21:53:00
0.00121832,0.00121832,0.00119982,0.00119982,1668692160,2022-11-17T13:36:00
0.00125651,0.00125651,0.00124581,0.00124581,1668687720,2022-11-17T12:22:00
0.00121335,0.00124296,0.00121335,0.00124296,1668687480,2022-11-17T12:18:00
0.00122578,0.00122578,0.00122578,0.00122578,1668645840,2022-11-17T00:44:00
0.00121826,0.00121826,0.00121826,0.00121826,1668617340,2022-11-16T16:49:00
0.0012272,0.0012272,0.00121458,0.00121458,1668615480,2022-11-16T16:18:00
0.00122087,0.00122087,0.00122087,0.00122087,1668615240,2022-11-16T16:14:00
0.00122391,0.00122391,0.00122391,0.00122391,1668605580,2022-11-16T13:33:00
0.00123736,0.00123736,0.00123736,0.00123736,1668598620,2022-11-16T11:37:00
0.00126206,0.00126206,0.00126206,0.00126206,1668579300,2022-11-16T06:15:00
0.00125811,0.00125811,0.00125811,0.00125811,1668577740,2022-11-16T05:49:00
0.00124772,0.00124772,0.00124772,0.00124772,1668555900,2022-11-15T23:45:00
0.00125363,0.00125363,0.00125363,0.00125363,1668552180,2022-11-15T22:43:00
0.0012745,0.0012745,0.00126662,0.00126662,1668552000,2022-11-15T22:40:00
0.00126246,0.00126246,0.00126246,0.00126246,1668551880,2022-11-15T22:38:00
0.00126448,0.00126448,0.00126448,0.00126448,1668542460,2022-11-15T20:01:00
0.00128981,0.00128981,0.00128981,0.00128981,1668531180,2022-11-15T16:53:00
0.0012603,0.0012603,0.0012603,0.0012603,1668524460,2022-11-15T15:01:00
0.00125307,0.00125307,0.00125307,0.00125307,1668524340,2022-11-15T14:59:00
0.00124914,0.00124914,0.00124914,0.00124914,1668524280,2022-11-15T14:58:00
0.00123376,0.00123376,0.00123376,0.00123376,1668476940,2022-11-15T01:49:00
0.00119498,0.00119498,0.00119498,0.00119498,1668459780,2022-11-14T21:03:00
0.00124603,0.00124603,0.00124603,0.00124603,1668459720,2022-11-14T21:02:00
0.00125851,0.00125851,0.00125851,0.00125851,1668459660,2022-11-14T21:01:00
0.0012658,0.0012658,0.0012658,0.0012658,1668459540,2022-11-14T20:59:00
0.0012095,0.00127183,0.0012095,0.00127183,1668459420,2022-11-14T20:57:00
0.00120795,0.00120795,0.00120795,0.00120795,1668457260,2022-11-14T20:21:00
0.00121882,0.00121882,0.00121882,0.00121882,1668457020,2022-11-14T20:17:00
0.00123019,0.00123019,0.00123019,0.00123019,1668456960,2022-11-14T20:16:00
0.00123463,0.00124217,0.00123463,0.00124217,1668456720,2022-11-14T20:12:00
0.00123407,0.00123407,0.00123407,0.00123407,1668449280,2022-11-14T18:08:00
0.00122803,0.00122803,0.00122803,0.00122803,1668447720,2022-11-14T17:42:00
0.00123319,0.00123319,0.00123319,0.00123319,1668443640,2022-11-14T16:34:00
0.001255,0.001255,0.0012444,0.0012444,1668443580,2022-11-14T16:33:00
0.00126608,0.00126608,0.00125618,0.00126448,1668443340,2022-11-14T16:29:00
0.00123713,0.00123713,0.00123713,0.00123713,1668443280,2022-11-14T16:28:00
0.00124518,0.00124518,0.00124518,0.00124518,1668422880,2022-11-14T10:48:00
0.0012486,0.0012486,0.0012486,0.0012486,1668415920,2022-11-14T08:52:00
0.00119134,0.00119134,0.00119134,0.00119134,1668404100,2022-11-14T05:35:00
0.00118051,0.00118051,0.00118051,0.00118051,1668402000,2022-11-14T05:00:00
0.0011736,0.00118541,0.0011736,0.00118541,1668401940,2022-11-14T04:59:00
0.00124551,0.00124551,0.00124551,0.00124551,1668395220,2022-11-14T03:07:00
0.00124488,0.00124488,0.00124488,0.00124488,1668394740,2022-11-14T02:59:00
0.00127325,0.00127325,0.00127325,0.00127325,1668380040,2022-11-13T22:54:00
0.00127241,0.00127241,0.00127241,0.00127241,1668377580,2022-11-13T22:13:00
0.00126429,0.00126429,0.00126429,0.00126429,1668370740,2022-11-13T20:19:00
0.00128348,0.0012837,0.00128348,0.0012837,1668348060,2022-11-13T14:01:00
0.00130441,0.00130441,0.00130441,0.00130441,1668348000,2022-11-13T14:00:00
0.00131439,0.00131439,0.00131439,0.00131439,1668342480,2022-11-13T12:28:00
0.00131089,0.00131089,0.00131089,0.00131089,1668339060,2022-11-13T11:31:00
0.00130306,0.00130306,0.00130306,0.00130306,1668337620,2022-11-13T11:07:00
0.00129196,0.00129196,0.00129196,0.00129196,1668331980,2022-11-13T09:33:00
0.00135484,0.00135484,0.00135484,0.00135484,1668319080,2022-11-13T05:58:00
0.00134436,0.00134436,0.00134436,0.00134436,1668304440,2022-11-13T01:54:00
0.00134175,0.00134175,0.00134175,0.00134175,1668294720,2022-11-12T23:12:00
0.00135935,0.00135935,0.00135935,0.00135935,1668275340,2022-11-12T17:49:00
0.00136288,0.00136288,0.00135855,0.00135855,1668271140,2022-11-12T16:39:00
0.00137243,0.00137243,0.00137243,0.00137243,1668270660,2022-11-12T16:31:00
0.00136886,0.00136886,0.00136886,0.00136886,1668257640,2022-11-12T12:54:00
0.00137068,0.00137068,0.00137068,0.00137068,1668253440,2022-11-12T11:44:00
0.00136918,0.00136918,0.00136918,0.00136918,1668238740,2022-11-12T07:39:00
0.00139659,0.00139659,0.00139659,0.00139659,1668210840,2022-11-11T23:54:00
0.0013941,0.0013941,0.0013941,0.0013941,1668208380,2022-11-11T23:13:00
0.00135767,0.00135767,0.00135767,0.00135767,1668197160,2022-11-11T20:06:00
0.0013557,0.0013557,0.0013557,0.0013557,1668164580,2022-11-11T11:03:00
0.00135294,0.00135294,0.00135294,0.00135294,1668153240,2022-11-11T07:54:00
0.00136005,0.00136005,0.00136005,0.00136005,1668153180,2022-11-11T07:53:00
0.00135383,0.00135383,0.00135383,0.00135383,1668147660,2022-11-11T06:21:00
0.00135237,0.00135237,0.00135237,0.00135237,1668146280,2022-11-11T05:58:00
0.00131559,0.00131559,0.00131559,0.00131559,1668140580,2022-11-11T04:23:00
0.00130927,0.00130927,0.00130927,0.00130927,1668140160,2022-11-11T04:16:00
0.00129628,0.00129628,0.00129628,0.00129628,1668139140,2022-11-11T03:59:00
0.00130784,0.00130784,0.00130784,0.00130784,1668139080,2022-11-11T03:58:00
0.0013279,0.0013279,0.0013279,0.0013279,1668138900,2022-11-11T03:55:00
0.0013604,0.0013604,0.00134623,0.00134623,1668138840,2022-11-11T03:54:00
0.00138539,0.00138539,0.00138539,0.00138539,1668136080,2022-11-11T03:08:00
0.0014291,0.0014291,0.0014291,0.0014291,1668125460,2022-11-11T00:11:00
0.00143246,0.00143246,0.00143246,0.00143246,1668122340,2022-11-10T23:19:00
0.00143513,0.00143513,0.00143513,0.00143513,1668122160,2022-11-10T23:16:00
0.00143456,0.00143456,0.00143456,0.00143456,1668122040,2022-11-10T23:14:00
0.00139282,0.00139282,0.00139282,0.00139282,1668109260,2022-11-10T19:41:00
0.00140942,0.00140942,0.00140942,0.00140942,1668108840,2022-11-10T19:34:00
0.00137378,0.00137378,0.00137378,0.00137378,1668106860,2022-11-10T19:01:00
0.001365,0.001365,0.001365,0.001365,1668106380,2022-11-10T18:53:00
0.00135933,0.00135933,0.00135933,0.00135933,1668103740,2022-11-10T18:09:00
0.00134271,0.00134271,0.00134271,0.00134271,1668102360,2022-11-10T17:46:00
0.00134121,0.00134121,0.00134121,0.00134121,1668102000,2022-11-10T17:40:00
0.00138154,0.00138154,0.00138154,0.00138154,1668100860,2022-11-10T17:21:00
0.00139661,0.00139661,0.00139661,0.00139661,1668100260,2022-11-10T17:11:00
0.00143379,0.00143379,0.0013866,0.0014026,1668100140,2022-11-10T17:09:00
0.00153217,0.00153217,0.00150019,0.00150524,1668095760,2022-11-10T15:56:00
0.00156951,0.00156951,0.00156951,0.00156951,1668090180,2022-11-10T14:23:00
0.00156771,0.00156771,0.00156771,0.00156771,1668087780,2022-11-10T13:43:00
0.00146623,0.00146623,0.00146623,0.00146623,1668065400,2022-11-10T07:30:00
0.001474,0.001474,0.001474,0.001474,1668056760,2022-11-10T05:06:00
0.00140276,0.00140276,0.00140276,0.00140276,1668034920,2022-11-09T23:02:00
0.0014603,0.00146377,0.0014603,0.00146377,1668016020,2022-11-09T17:47:00
0.00144739,0.00144739,0.00144739,0.00144739,1668011820,2022-11-09T16:37:00
0.00147695,0.00147695,0.00147695,0.00147695,1668008760,2022-11-09T15:46:00
0.00150878,0.00151815,0.00150878,0.00151815,1668008460,2022-11-09T15:41:00
0.00146697,0.00146697,0.00146697,0.00146697,1668008280,2022-11-09T15:38:00
0.0014915,0.0014915,0.0014915,0.0014915,1668001260,2022-11-09T13:41:00
0.00144996,0.00144996,0.00144996,0.00144996,1667992380,2022-11-09T11:13:00
0.00150039,0.00150039,0.00150039,0.00150039,1667986560,2022-11-09T09:36:00
0.00149305,0.00149305,0.00149305,0.00149305,1667986440,2022-11-09T09:34:00
0.00157978,0.00157978,0.00157978,0.00157978,1667982240,2022-11-09T08:24:00
0.00160509,0.00160509,0.00160509,0.00160509,1667958480,2022-11-09T01:48:00
0.00159089,0.00159089,0.00159089,0.00159089,1667951520,2022-11-08T23:52:00
0.00157416,0.00157416,0.00157416,0.00157416,1667944920,2022-11-08T22:02:00
0.00156091,0.00156091,0.00156091,0.00156091,1667937300,2022-11-08T19:55:00
0.00171887,0.00171887,0.00171887,0.00171887,1667930760,2022-11-08T18:06:00
0.00183666,0.00183666,0.00183666,0.00183666,1667926620,2022-11-08T16:57:00
0.00180671,0.00184255,0.00180671,0.00184255,1667926380,2022-11-08T16:53:00
0.0018001,0.0018001,0.0018001,0.0018001,1667925300,2022-11-08T16:35:00
0.00175756,0.00175756,0.00175756,0.00175756,1667923680,2022-11-08T16:08:00
0.00171703,0.00171703,0.00171703,0.00171703,1667916300,2022-11-08T14:05:00
0.00170831,0.00170831,0.00170831,0.00170831,1667883000,2022-11-08T04:50:00
0.00171555,0.00171555,0.00171555,0.00171555,1667881080,2022-11-08T04:18:00
0.00176535,0.00176535,0.00176535,0.00176535,1667879580,2022-11-08T03:53:00
0.00178578,0.00178578,0.00178578,0.00178578,1667876100,2022-11-08T02:55:00
0.00182552,0.00182552,0.00182552,0.00182552,1667799120,2022-11-07T05:32:00
0.00185651,0.00185651,0.00185651,0.00185651,1667748660,2022-11-06T15:31:00
0.00187879,0.00187879,0.00187879,0.00187879,1667671380,2022-11-05T18:03:00
0.00187963,0.00187963,0.00187963,0.00187963,1667641620,2022-11-05T09:47:00
0.00189723,0.00189723,0.00189723,0.00189723,1667634480,2022-11-05T07:48:00
0.00190152,0.00190152,0.00190152,0.00190152,1667634420,2022-11-05T07:47:00
0.00191774,0.00191774,0.00191774,0.00191774,1667632800,2022-11-05T07:20:00
0.00193112,0.00193112,0.00192761,0.00192761,1667632380,2022-11-05T07:13:00
0.00191453,0.00191453,0.00191453,0.00191453,1667612460,2022-11-05T01:41:00
0.00190322,0.0019082,0.00190322,0.0019082,1667593800,2022-11-04T20:30:00
0.00194139,0.00194139,0.00193376,0.00193376,1667593200,2022-11-04T20:20:00
0.00194437,0.00194437,0.00194437,0.00194437,1667579160,2022-11-04T16:26:00
0.00189159,0.00189159,0.00189159,0.00189159,1667554440,2022-11-04T09:34:00
0.00187706,0.0018984,0.00187706,0.0018984,1667554140,2022-11-04T09:29:00
0.00187385,0.00187385,0.00187385,0.00187385,1667551980,2022-11-04T08:53:00
0.00186989,0.00186989,0.00186989,0.00186989,1667548080,2022-11-04T07:48:00
0.00189271,0.00189271,0.00189271,0.00189271,1667547600,2022-11-04T07:40:00
0.0018957,0.0018957,0.0018957,0.0018957,1667544060,2022-11-04T06:41:00
0.0019373,0.0019373,0.0019373,0.0019373,1667543640,2022-11-04T06:34:00
0.00192181,0.00192181,0.00192181,0.00192181,1667534760,2022-11-04T04:06:00
0.00195254,0.00195254,0.00195254,0.00195254,1667534640,2022-11-04T04:04:00
0.00180231,0.00180231,0.00180231,0.00180231,1667534520,2022-11-04T04:02:00
0.00175432,0.00179424,0.00175432,0.00179424,1667534460,2022-11-04T04:01:00
0.00174014,0.00174014,0.00174014,0.00174014,1667487960,2022-11-03T15:06:00
0.00174848,0.00174848,0.00174848,0.00174848,1667468040,2022-11-03T09:34:00
0.00173168,0.00173168,0.00173168,0.00173168,1667466420,2022-11-03T09:07:00
0.00172658,0.00172658,0.00170747,0.00170747,1667425440,2022-11-02T21:44:00
0.00172091,0.00172091,0.00172091,0.00172091,1667425200,2022-11-02T21:40:00
0.00169757,0.00169757,0.00169757,0.00169757,1667425140,2022-11-02T21:39:00
0.00168967,0.00168967,0.00168967,0.00168967,1667421300,2022-11-02T20:35:00
0.00170753,0.00170753,0.00170753,0.00170753,1667420880,2022-11-02T20:28:00
0.00172269,0.00172269,0.00172269,0.00172269,1667420820,2022-11-02T20:27:00
0.0017146,0.00173085,0.0017146,0.00173085,1667420580,2022-11-02T20:23:00
0.0017591,0.0017591,0.0017591,0.0017591,1667412120,2022-11-02T18:02:00
0.00174432,0.00174432,0.00174432,0.00174432,1667386860,2022-11-02T11:01:00
0.00175216,0.00175216,0.00173537,0.00173537,1667386800,2022-11-02T11:00:00
0.00175281,0.00175281,0.00175281,0.00175281,1667386500,2022-11-02T10:55:00
0.00177105,0.00177256,0.00177105,0.00177256,1667370840,2022-11-02T06:34:00
0.00177975,0.00177975,0.00177975,0.00177975,1667320260,2022-11-01T16:31:00
0.00177637,0.00177637,0.00177637,0.00177637,1667318100,2022-11-01T15:55:00
0.00177753,0.00177753,0.00177753,0.00177753,1667317800,2022-11-01T15:50:00
0.00173912,0.00173912,0.00173912,0.00173912,1667253840,2022-10-31T22:04:00
0.00173315,0.00173315,0.00173315,0.00173315,1667224800,2022-10-31T14:00:00
0.00177677,0.00177677,0.00177677,0.00177677,1667210460,2022-10-31T10:01:00
0.00175055,0.00175055,0.00175055,0.00175055,1667209080,2022-10-31T09:38:00
0.00173518,0.00174629,0.00173518,0.00174629,1667182080,2022-10-31T02:08:00
0.00173641,0.00173641,0.00173641,0.00173641,1667180760,2022-10-31T01:46:00
0.00174341,0.00174341,0.00174341,0.00174341,1667180640,2022-10-31T01:44:00
0.00174406,0.00174406,0.00174406,0.00174406,1667149080,2022-10-30T16:58:00
0.00173856,0.00173856,0.00173856,0.00173856,1667148780,2022-10-30T16:53:00
0.00175465,0.00175465,0.00175465,0.00175465,1667136720,2022-10-30T13:32:00
0.00174733,0.00174733,0.00173966,0.00173966,1667123640,2022-10-30T09:54:00
0.00174137,0.00174137,0.00174137,0.00174137,1667123220,2022-10-30T09:47:00
0.00174617,0.00174617,0.00174617,0.00174617,1667101140,2022-10-30T03:39:00
0.00174736,0.00174736,0.00174736,0.00174736,1667083680,2022-10-29T22:48:00
0.00174275,0.00174275,0.00174275,0.00174275,1667082180,2022-10-29T22:23:00
0.00173928,0.00173928,0.00173928,0.00173928,1667056140,2022-10-29T15:09:00
0.00172804,0.00172804,0.00172804,0.00172804,1667055780,2022-10-29T15:03:00
0.0016855,0.0016855,0.0016855,0.0016855,1667029980,2022-10-29T07:53:00
0.00165035,0.00165035,0.00165035,0.00165035,1666984560,2022-10-28T19:16:00
0.00165274,0.00165274,0.00164238,0.00164238,1666981560,2022-10-28T18:26:00
0.00166058,0.00166058,0.00166058,0.00166058,1666975440,2022-10-28T16:44:00
0.00163866,0.00163866,0.00163866,0.00163866,1666963680,2022-10-28T13:28:00
0.00162587,0.00162587,0.00162587,0.00162587,1666926360,2022-10-28T03:06:00
0.00166341,0.00166341,0.00166341,0.00166341,1666882080,2022-10-27T14:48:00
0.00168053,0.00168053,0.00168053,0.00168053,1666808760,2022-10-26T18:26:00
0.0016775,0.0016775,0.0016775,0.0016775,1666793700,2022-10-26T14:15:00
0.0016752,0.0016752,0.0016752,0.0016752,1666773720,2022-10-26T08:42:00
0.00166283,0.00166283,0.00166283,0.00166283,1666771680,2022-10-26T08:08:00
0.00165377,0.00165377,0.00165377,0.00165377,1666766700,2022-10-26T06:45:00
0.00162434,0.00162434,0.00162434,0.00162434,1666742220,2022-10-25T23:57:00
0.0016417,0.0016417,0.0016417,0.0016417,1666722240,2022-10-25T18:24:00
0.00164752,0.00164752,0.00164752,0.00164752,1666717920,2022-10-25T17:12:00
0.00159671,0.00159671,0.00159671,0.00159671,1666716540,2022-10-25T16:49:00
0.00156439,0.00156439,0.00156439,0.00156439,1666711740,2022-10-25T15:29:00
0.00150298,0.00150298,0.00150298,0.00150298,1666696680,2022-10-25T11:18:00
0.00149819,0.00149819,0.00149819,0.00149819,1666678620,2022-10-25T06:17:00
0.00149313,0.00149313,0.00149313,0.00149313,1666678560,2022-10-25T06:16:00
0.00148935,0.00148935,0.00148935,0.00148935,1666621260,2022-10-24T14:21:00
0.00149518,0.00149518,0.00149518,0.00149518,1666612740,2022-10-24T11:59:00
0.00148694,0.00148694,0.00148694,0.00148694,1666609980,2022-10-24T11:13:00
0.00150754,0.00150754,0.00150754,0.00150754,1666606620,2022-10-24T10:17:00
0.00156522,0.00156522,0.0015247,0.0015247,1666606560,2022-10-24T10:16:00
0.00157967,0.00157967,0.00157967,0.00157967,1666606260,2022-10-24T10:11:00
0.00159423,0.00159423,0.00159423,0.00159423,1666592700,2022-10-24T06:25:00
0.0016274,0.0016274,0.0016274,0.0016274,1666587780,2022-10-24T05:03:00
0.00156684,0.00156684,0.00156684,0.00156684,1666564260,2022-10-23T22:31:00
0.0015468,0.0015468,0.0015468,0.0015468,1666559280,2022-10-23T21:08:00
0.00154027,0.00154027,0.00154027,0.00154027,1666550340,2022-10-23T18:39:00
0.00156094,0.00156094,0.00156094,0.00156094,1666550280,2022-10-23T18:38:00
0.00152602,0.00152602,0.00152602,0.00152602,1666504380,2022-10-23T05:53:00
0.00153864,0.00153864,0.00153864,0.00153864,1666499220,2022-10-23T04:27:00
0.00156142,0.00156142,0.00156142,0.00156142,1666489620,2022-10-23T01:47:00
0.00159559,0.00159559,0.00159559,0.00159559,1666455780,2022-10-22T16:23:00
0.00160809,0.00160809,0.00160809,0.00160809,1666453260,2022-10-22T15:41:00
0.00161836,0.00161836,0.00161836,0.00161836,1666453140,2022-10-22T15:39:00
0.00160724,0.00160724,0.00160724,0.00160724,1666384740,2022-10-21T20:39:00
0.00158863,0.00158863,0.00158863,0.00158863,1666384500,2022-10-21T20:35:00
0.0015793,0.0015793,0.0015793,0.0015793,1666384260,2022-10-21T20:31:00
0.00159632,0.00159632,0.00159632,0.00159632,1666384200,2022-10-21T20:30:00
0.00159912,0.00159912,0.00159912,0.00159912,1666383900,2022-10-21T20:25:00
0.00156982,0.00156982,0.00156758,0.00156758,1666376700,2022-10-21T18:25:00
0.00170313,0.00170313,0.00157825,0.00157825,1666376280,2022-10-21T18:18:00
0.00171993,0.00171993,0.00171993,0.00171993,1666376220,2022-10-21T18:17:00
0.00153759,0.00153759,0.00153759,0.00153759,1666374900,2022-10-21T17:55:00
0.00152802,0.00152802,0.00152802,0.00152802,1666372680,2022-10-21T17:18:00
0.00152264,0.00154872,0.00152264,0.00154872,1666372620,2022-10-21T17:17:00
0.00154237,0.00154237,0.00154237,0.00154237,1666372500,2022-10-21T17:15:00
0.0015482,0.0015482,0.0015482,0.0015482,1666372320,2022-10-21T17:12:00
0.00156523,0.00156523,0.00156523,0.00156523,1666372260,2022-10-21T17:11:00
0.00157903,0.00157903,0.00157903,0.00157903,1666372200,2022-10-21T17:10:00
0.00160381,0.00160381,0.00159124,0.00159124,1666372140,2022-10-21T17:09:00
0.00161533,0.00161533,0.00161533,0.00161533,1666371060,2022-10-21T16:51:00
0.00159387,0.00159387,0.00159387,0.00159387,1666371000,2022-10-21T16:50:00
0.001741,0.001741,0.001741,0.001741,1666368480,2022-10-21T16:08:00
0.0017591,0.0017591,0.0017591,0.0017591,1666368060,2022-10-21T16:01:00
0.00175479,0.00175479,0.00175479,0.00175479,1666354320,2022-10-21T12:12:00
0.00178285,0.00178285,0.00178285,0.00178285,1666354140,2022-10-21T12:09:00
0.0017935,0.0017935,0.0017935,0.0017935,1666354080,2022-10-21T12:08:00
0.00177315,0.00178344,0.00177315,0.00178344,1666354020,2022-10-21T12:07:00
0.00174453,0.00174453,0.00174453,0.00174453,1666353900,2022-10-21T12:05:00
0.00174551,0.00174551,0.00174551,0.00174551,1666351380,2022-10-21T11:23:00
0.00177843,0.00177843,0.00176686,0.00176686,1666351320,2022-10-21T11:22:00
0.00182658,0.00182658,0.00182658,0.00182658,1666337280,2022-10-21T07:28:00
0.00178343,0.00183185,0.00178343,0.00183185,1666337220,2022-10-21T07:27:00
0.00181336,0.00183685,0.00181336,0.00183685,1666337100,2022-10-21T07:25:00
0.0018521,0.0018521,0.0018521,0.0018521,1666336500,2022-10-21T07:15:00
0.00184066,0.00184066,0.00184066,0.00184066,1666336380,2022-10-21T07:13:00
0.00185079,0.00185079,0.00185079,0.00185079,1666336320,2022-10-21T07:12:00
0.00184558,0.00184558,0.00184558,0.00184558,1666335840,2022-10-21T07:04:00
0.00178991,0.00183531,0.00178991,0.00183531,1666334760,2022-10-21T06:46:00
0.00183838,0.00183838,0.00183838,0.00183838,1666334700,2022-10-21T06:45:00
0.0018403,0.0018403,0.0018403,0.0018403,1666334640,2022-10-21T06:44:00
0.00187731,0.00187731,0.00187731,0.00187731,1666333740,2022-10-21T06:29:00
0.00189291,0.00189291,0.00189291,0.00189291,1666333680,2022-10-21T06:28:00
0.00188447,0.00188447,0.00188447,0.00188447,1666333620,2022-10-21T06:27:00
0.00191572,0.00191572,0.00191572,0.00191572,1666333380,2022-10-21T06:23:00
0.00190542,0.00190542,0.00190542,0.00190542,1666333320,2022-10-21T06:22:00
0.00189385,0.00189385,0.00189385,0.00189385,1666330080,2022-10-21T05:28:00
0.001903,0.001903,0.001903,0.001903,1666329540,2022-10-21T05:19:00
0.00188517,0.00189487,0.00188517,0.00189487,1666329420,2022-10-21T05:17:00
0.00187027,0.00187616,0.00187027,0.00187616,1666329360,2022-10-21T05:16:00
0.00184464,0.00186112,0.00184464,0.00186112,1666328940,2022-10-21T05:09:00
0.00191502,0.00191502,0.00191502,0.00191502,1666324980,2022-10-21T04:03:00
0.00192844,0.00192844,0.00192844,0.00192844,1666320060,2022-10-21T02:41:00
0.00191249,0.00191249,0.00191249,0.00191249,1666309200,2022-10-20T23:40:00
0.00194648,0.00194648,0.00194648,0.00194648,1666308480,2022-10-20T23:28:00
0.00197205,0.00197205,0.00197205,0.00197205,1666300680,2022-10-20T21:18:00
0.00196184,0.00196184,0.00196184,0.00196184,1666299840,2022-10-20T21:04:00
0.001967,0.001967,0.001967,0.001967,1666296420,2022-10-20T20:07:00
0.00197958,0.00197958,0.00197958,0.00197958,1666296180,2022-10-20T20:03:00
0.00197166,0.00197166,0.00197166,0.00197166,1666292400,2022-10-20T19:00:00
0.00200156,0.00200156,0.00200156,0.00200156,1666292160,2022-10-20T18:56:00
0.00196271,0.00196271,0.00196271,0.00196271,1666292040,2022-10-20T18:54:00
0.00193642,0.00193642,0.00193642,0.00193642,1666286760,2022-10-20T17:26:00
0.00193124,0.00193124,0.00193124,0.00193124,1666285200,2022-10-20T17:00:00
0.00193572,0.00193572,0.00193572,0.00193572,1666284840,2022-10-20T16:54:00
0.00199066,0.00199066,0.00199066,0.00199066,1666280280,2022-10-20T15:38:00
0.00197692,0.00197692,0.00197692,0.00197692,1666273560,2022-10-20T13:46:00
0.00200891,0.00200891,0.00200891,0.00200891,1666271220,2022-10-20T13:07:00
0.00203792,0.00203792,0.00203792,0.00203792,1666270320,2022-10-20T12:52:00
0.00200012,0.00204681,0.00200012,0.00204681,1666269960,2022-10-20T12:46:00
0.00212606,0.00212606,0.00212606,0.00212606,1666269240,2022-10-20T12:34:00
0.00210011,0.00210011,0.00210011,0.00210011,1666269060,2022-10-20T12:31:00
0.00209883,0.00209883,0.00209883,0.00209883,1666268460,2022-10-20T12:21:00
0.00212563,0.00212563,0.00212563,0.00212563,1666268100,2022-10-20T12:15:00
0.00210778,0.00210778,0.00210778,0.00210778,1666268040,2022-10-20T12:14:00
0.00209003,0.00209003,0.00209003,0.00209003,1666267920,2022-10-20T12:12:00
0.00207972,0.00207972,0.00207972,0.00207972,1666267860,2022-10-20T12:11:00
0.00206822,0.00206822,0.00206822,0.00206822,1666266120,2022-10-20T11:42:00
0.00205511,0.00205511,0.00205511,0.00205511,1666265160,2022-10-20T11:26:00
0.00204839,0.00204839,0.00204839,0.00204839,1666264620,2022-10-20T11:17:00
0.00205051,0.00205051,0.00205051,0.00205051,1666260540,2022-10-20T10:09:00
0.00207726,0.00207726,0.00207726,0.00207726,1666260420,2022-10-20T10:07:00
0.00205867,0.00205867,0.00205867,0.00205867,1666260360,2022-10-20T10:06:00
0.00206932,0.00206932,0.00206932,0.00206932,1666260300,2022-10-20T10:05:00
0.0020453,0.00205483,0.0020453,0.00205483,1666260120,2022-10-20T10:02:00
0.0020325,0.0020325,0.0020325,0.0020325,1666247520,2022-10-20T06:32:00
0.0020528,0.0020528,0.0020528,0.0020528,1666242780,2022-10-20T05:13:00
0.00204197,0.00204197,0.00204197,0.00204197,1666242720,2022-10-20T05:12:00
0.00203061,0.00203061,0.00203061,0.00203061,1666242540,2022-10-20T05:09:00
0.00202068,0.00202068,0.00202068,0.00202068,1666222980,2022-10-19T23:43:00
0.00203513,0.00203513,0.00203513,0.00203513,1666220820,2022-10-19T23:07:00
0.00205194,0.00205194,0.00205194,0.00205194,1666220220,2022-10-19T22:57:00
0.0020463,0.002066,0.0020463,0.002066,1666219740,2022-10-19T22:49:00
0.00202695,0.00202695,0.00202695,0.00202695,1666219500,2022-10-19T22:45:00
0.00199584,0.0020116,0.00199584,0.0020116,1666219260,2022-10-19T22:41:00
0.00200997,0.00200997,0.00200997,0.00200997,1666219140,2022-10-19T22:39:00
0.00199692,0.00199692,0.00199692,0.00199692,1666219080,2022-10-19T22:38:00
0.00191313,0.00194568,0.00191313,0.00194568,1666219020,2022-10-19T22:37:00
0.00189055,0.00189055,0.00189055,0.00189055,1666218960,2022-10-19T22:36:00
0.00189073,0.00189073,0.00189073,0.00189073,1666218900,2022-10-19T22:35:00
0.00191616,0.00191616,0.00191616,0.00191616,1666218660,2022-10-19T22:31:00
0.00186427,0.0019017,0.00186427,0.0019017,1666218480,2022-10-19T22:28:00
0.00184983,0.00185618,0.00184983,0.00185618,1666218420,2022-10-19T22:27:00
0.00184698,0.00184698,0.00184698,0.00184698,1666217880,2022-10-19T22:18:00
0.00187745,0.00187745,0.00186858,0.00186858,1666217340,2022-10-19T22:09:00
0.00190292,0.00190292,0.00190292,0.00190292,1666217280,2022-10-19T22:08:00
0.00196173,0.00196173,0.00194036,0.00194036,1666217220,2022-10-19T22:07:00
0.00195285,0.00195285,0.00195285,0.00195285,1666217040,2022-10-19T22:04:00
0.00184853,0.00185896,0.00184853,0.00185896,1666216980,2022-10-19T22:03:00
0.0018679,0.0018679,0.0018679,0.0018679,1666216920,2022-10-19T22:02:00
0.00187546,0.00187546,0.00187546,0.00187546,1666216860,2022-10-19T22:01:00
0.0018182,0.0018182,0.0018182,0.0018182,1666216800,2022-10-19T22:00:00
0.00179745,0.00179745,0.00179745,0.00179745,1666216740,2022-10-19T21:59:00
0.00178606,0.00178606,0.00178606,0.00178606,1666216680,2022-10-19T21:58:00
0.00177706,0.00177706,0.00177706,0.00177706,1666216620,2022-10-19T21:57:00
0.00177009,0.00177009,0.00177009,0.00177009,1666216260,2022-10-19T21:51:00
0.00178569,0.00178569,0.00178569,0.00178569,1666216140,2022-10-19T21:49:00
0.0018016,0.0018016,0.0018016,0.0018016,1666216080,2022-10-19T21:48:00
0.00182436,0.00182436,0.00182436,0.00182436,1666216020,2022-10-19T21:47:00
0.00184009,0.00184009,0.00184009,0.00184009,1666215840,2022-10-19T21:44:00
0.00181275,0.00182164,0.00181275,0.00182164,1666215780,2022-10-19T21:43:00
0.00174712,0.00178684,0.00174712,0.00178684,1666215720,2022-10-19T21:42:00
0.0017219,0.0017219,0.0017219,0.0017219,1666215660,2022-10-19T21:41:00
0.00168596,0.00169679,0.00168427,0.00169679,1666215600,2022-10-19T21:40:00
0.00168997,0.00170479,0.00168997,0.00170479,1666215120,2022-10-19T21:32:00
0.00167495,0.00168256,0.00167495,0.00168256,1666215060,2022-10-19T21:31:00
0.00168439,0.00168439,0.00168439,0.00168439,1666177740,2022-10-19T11:09:00
0.00170063,0.00170063,0.00170063,0.00170063,1666176720,2022-10-19T10:52:00
0.00171108,0.00171108,0.00171108,0.00171108,1666176540,2022-10-19T10:49:00
0.00173088,0.00173088,0.00173088,0.00173088,1666176360,2022-10-19T10:46:00
0.00173711,0.00174711,0.00173711,0.00174711,1666176180,2022-10-19T10:43:00
0.00172571,0.00172571,0.00172571,0.00172571,1666176120,2022-10-19T10:42:00
0.00170853,0.00170853,0.00170853,0.00170853,1666176060,2022-10-19T10:41:00
0.00169538,0.00169538,0.00169538,0.00169538,1666153380,2022-10-19T04:23:00
0.00173316,0.00173316,0.00173316,0.00173316,1666085820,2022-10-18T09:37:00
0.0017086,0.0017086,0.0017086,0.0017086,1666040040,2022-10-17T20:54:00
0.00170183,0.00170183,0.00170183,0.00170183,1666006680,2022-10-17T11:38:00
0.00167809,0.00169448,0.00167809,0.00169448,1666006380,2022-10-17T11:33:00
0.00165955,0.00165955,0.00165955,0.00165955,1665986760,2022-10-17T06:06:00
0.00165528,0.00165528,0.00165528,0.00165528,1665983760,2022-10-17T05:16:00
0.00167538,0.00167538,0.00167538,0.00167538,1665983100,2022-10-17T05:05:00
0.00165841,0.00165841,0.00164107,0.00164107,1665951960,2022-10-16T20:26:00
0.00164439,0.00165178,0.0016432,0.0016432,1665947460,2022-10-16T19:11:00
0.00162783,0.00162783,0.00162783,0.00162783,1665947280,2022-10-16T19:08:00
0.00165451,0.00165451,0.00165451,0.00165451,1665903360,2022-10-16T06:56:00
0.00166805,0.00166805,0.00165279,0.00165279,1665864180,2022-10-15T20:03:00
0.00169971,0.00169971,0.00169971,0.00169971,1665845100,2022-10-15T14:45:00
0.00171641,0.00171641,0.00171641,0.00171641,1665845040,2022-10-15T14:44:00
0.0017308,0.0017308,0.0017308,0.0017308,1665837780,2022-10-15T12:43:00
0.00173966,0.00173966,0.00173966,0.00173966,1665822660,2022-10-15T08:31:00
0.0017369,0.0017369,0.0017369,0.0017369,1665813960,2022-10-15T06:06:00
0.00176033,0.00176033,0.00176033,0.00176033,1665811080,2022-10-15T05:18:00
0.00177471,0.00177471,0.00177471,0.00177471,1665808800,2022-10-15T04:40:00
0.00200005,0.00200005,0.00200005,0.00200005,1665797580,2022-10-15T01:33:00
0.0021214,0.0021214,0.0021214,0.0021214,1665791580,2022-10-14T23:53:00
0.00181897,0.00181897,0.00181897,0.00181897,1665774600,2022-10-14T19:10:00
0.00182281,0.00182281,0.00182281,0.00182281,1665772920,2022-10-14T18:42:00
0.00182023,0.00182023,0.00182023,0.00182023,1665772080,2022-10-14T18:28:00
0.00184057,0.00184057,0.00184057,0.00184057,1665756780,2022-10-14T14:13:00
0.00184223,0.00184223,0.00184223,0.00184223,1665754500,2022-10-14T13:35:00
0.00185725,0.00185725,0.00185725,0.00185725,1665752580,2022-10-14T13:03:00
0.00184382,0.00184382,0.00184382,0.00184382,1665751920,2022-10-14T12:52:00
0.00183513,0.00183513,0.00183513,0.00183513,1665751260,2022-10-14T12:41:00
0.00185248,0.00185248,0.00185248,0.00185248,1665751200,2022-10-14T12:40:00
0.00185089,0.00185089,0.00185089,0.00185089,1665751140,2022-10-14T12:39:00
0.0018884,0.0018884,0.00186677,0.00186677,1665750960,2022-10-14T12:36:00
0.00191945,0.00191945,0.00191945,0.00191945,1665750840,2022-10-14T12:34:00
0.00193408,0.00193408,0.00193408,0.00193408,1665750720,2022-10-14T12:32:00
0.00193461,0.00193461,0.00193461,0.00193461,1665750600,2022-10-14T12:30:00
0.00192617,0.00192617,0.00192617,0.00192617,1665750540,2022-10-14T12:29:00
0.00187578,0.00190817,0.00187578,0.00190817,1665750480,2022-10-14T12:28:00
0.00184382,0.00184382,0.00184382,0.00184382,1665750420,2022-10-14T12:27:00
0.00181642,0.0018241,0.00181642,0.0018241,1665750300,2022-10-14T12:25:00
0.00181611,0.00181611,0.00180824,0.00180824,1665744360,2022-10-14T10:46:00
0.00182847,0.00182847,0.00182847,0.00182847,1665743160,2022-10-14T10:26:00
0.00183564,0.00183564,0.00183564,0.00183564,1665743100,2022-10-14T10:25:00
0.0018429,0.0018429,0.0018429,0.0018429,1665742920,2022-10-14T10:22:00
0.00185026,0.00185026,0.00185026,0.00185026,1665742800,2022-10-14T10:20:00
0.00185958,0.00185958,0.00185958,0.00185958,1665742740,2022-10-14T10:19:00
0.00183584,0.00184989,0.00183584,0.00184989,1665742560,2022-10-14T10:16:00
0.00181946,0.00181946,0.00181946,0.00181946,1665742500,2022-10-14T10:15:00
0.00180073,0.00180073,0.00180073,0.00180073,1665742380,2022-10-14T10:13:00
0.00180811,0.00180811,0.0017849,0.0017849,1665739860,2022-10-14T09:31:00
0.00181449,0.00181449,0.00181449,0.00181449,1665739800,2022-10-14T09:30:00
0.00179327,0.00179327,0.00179327,0.00179327,1665739620,2022-10-14T09:27:00
0.00180601,0.00180601,0.00180601,0.00180601,1665739380,2022-10-14T09:23:00
0.00184208,0.00184208,0.00180763,0.00180763,1665738960,2022-10-14T09:16:00
0.00186268,0.00186268,0.00186268,0.00186268,1665738840,2022-10-14T09:14:00
0.00184298,0.0018709,0.00184298,0.0018709,1665738540,2022-10-14T09:09:00
0.00177692,0.00180673,0.00177692,0.00180673,1665738480,2022-10-14T09:08:00
0.00176311,0.00176311,0.00176311,0.00176311,1665737940,2022-10-14T08:59:00
0.00177794,0.00177794,0.00177794,0.00177794,1665732180,2022-10-14T07:23:00
0.00179111,0.00179111,0.00179111,0.00179111,1665730140,2022-10-14T06:49:00
0.00178221,0.00178221,0.00178221,0.00178221,1665729840,2022-10-14T06:44:00
0.00179984,0.00179984,0.00179984,0.00179984,1665728820,2022-10-14T06:27:00
0.00181201,0.00181201,0.00181201,0.00181201,1665728460,2022-10-14T06:21:00
0.00183302,0.00183302,0.00183302,0.00183302,1665728340,2022-10-14T06:19:00
0.00186178,0.00186178,0.00186178,0.00186178,1665728280,2022-10-14T06:18:00
0.00188841,0.00188841,0.00188841,0.00188841,1665728160,2022-10-14T06:16:00
0.00190544,0.00190544,0.00190544,0.00190544,1665727980,2022-10-14T06:13:00
0.00189679,0.00189679,0.00189679,0.00189679,1665727920,2022-10-14T06:12:00
0.00188712,0.00188712,0.00188712,0.00188712,1665727860,2022-10-14T06:11:00
0.0018621,0.0018621,0.0018621,0.0018621,1665727800,2022-10-14T06:10:00
0.00181226,0.00183349,0.00180462,0.00183349,1665727740,2022-10-14T06:09:00
0.00178563,0.00178563,0.00178563,0.00178563,1665727680,2022-10-14T06:08:00
0.0017641,0.0017641,0.0017641,0.0017641,1665726120,2022-10-14T05:42:00
0.00179558,0.00179558,0.00178073,0.00178073,1665723240,2022-10-14T04:54:00
0.00180918,0.00180918,0.00180918,0.00180918,1665722580,2022-10-14T04:43:00
0.00179611,0.00179611,0.00179611,0.00179611,1665722520,2022-10-14T04:42:00
0.00178165,0.00178165,0.00178165,0.00178165,1665722460,2022-10-14T04:41:00
0.00177225,0.00177225,0.00177225,0.00177225,1665722400,2022-10-14T04:40:00
0.00176447,0.00176447,0.00176447,0.00176447,1665722340,2022-10-14T04:39:00
0.00176052,0.00176052,0.00176052,0.00176052,1665720600,2022-10-14T04:10:00
0.00178355,0.00178355,0.00178355,0.00178355,1665719580,2022-10-14T03:53:00
0.00179559,0.00179559,0.00179559,0.00179559,1665719520,2022-10-14T03:52:00
0.00180999,0.00180999,0.00180999,0.00180999,1665719160,2022-10-14T03:46:00
0.0018228,0.0018228,0.0018228,0.0018228,1665719040,2022-10-14T03:44:00
0.00183238,0.00183238,0.00183238,0.00183238,1665718980,2022-10-14T03:43:00
0.00182315,0.0018445,0.00182315,0.0018445,1665718620,2022-10-14T03:37:00
0.00179615,0.00179615,0.00179615,0.00179615,1665718560,2022-10-14T03:36:00
0.00178596,0.00178596,0.00178596,0.00178596,1665718500,2022-10-14T03:35:00
0.00176925,0.00176925,0.00176925,0.00176925,1665718380,2022-10-14T03:33:00
0.0017576,0.0017576,0.0017576,0.0017576,1665718320,2022-10-14T03:32:00
0.00174114,0.00174114,0.00174114,0.00174114,1665716700,2022-10-14T03:05:00
0.00175096,0.00175096,0.00175096,0.00175096,1665715920,2022-10-14T02:52:00
0.00174425,0.00174425,0.00174425,0.00174425,1665715860,2022-10-14T02:51:00
0.00175154,0.00175154,0.00175154,0.00175154,1665712200,2022-10-14T01:50:00
0.00171479,0.00171479,0.00171479,0.00171479,1665707700,2022-10-14T00:35:00
0.00171726,0.00171726,0.00170655,0.00170655,1665707640,2022-10-14T00:34:00
0.00173713,0.00173713,0.00173076,0.00173076,1665706200,2022-10-14T00:10:00
0.00175592,0.00175592,0.00175592,0.00175592,1665706140,2022-10-14T00:09:00
0.00177687,0.00177687,0.00177687,0.00177687,1665705060,2022-10-13T23:51:00
0.0017513,0.00175942,0.0017513,0.00175942,1665705000,2022-10-13T23:50:00
0.00174264,0.00174264,0.00174264,0.00174264,1665704460,2022-10-13T23:41:00
0.00175951,0.00175951,0.00175951,0.00175951,1665703980,2022-10-13T23:33:00
0.00175483,0.00175483,0.00175483,0.00175483,1665703740,2022-10-13T23:29:00
0.00176598,0.00176598,0.00176598,0.00176598,1665703620,2022-10-13T23:27:00
0.00178065,0.00178065,0.00178065,0.00178065,1665703440,2022-10-13T23:24:00
0.00182376,0.00182376,0.00181787,0.00181787,1665703380,2022-10-13T23:23:00
0.0018433,0.0018433,0.0018433,0.0018433,1665703320,2022-10-13T23:22:00
0.00186405,0.00186405,0.00186405,0.00186405,1665703080,2022-10-13T23:18:00
0.00183138,0.00186202,0.00183138,0.00186202,1665703020,2022-10-13T23:17:00
0.00176144,0.00180608,0.00176144,0.00180608,1665702960,2022-10-13T23:16:00
0.0017472,0.0017472,0.0017472,0.0017472,1665702900,2022-10-13T23:15:00
0.00171988,0.00173325,0.00171988,0.00173325,1665702840,2022-10-13T23:14:00
0.00169525,0.00169525,0.00169525,0.00169525,1665702720,2022-10-13T23:12:00
0.00165522,0.00167658,0.00165522,0.00167658,1665702660,2022-10-13T23:11:00
0.00165083,0.00165083,0.00165083,0.00165083,1665702180,2022-10-13T23:03:00
0.0016641,0.0016641,0.0016641,0.0016641,1665702060,2022-10-13T23:01:00
0.00167401,0.00167401,0.00167401,0.00167401,1665701760,2022-10-13T22:56:00
0.00169429,0.00169429,0.0016857,0.0016857,1665700800,2022-10-13T22:40:00
0.00171095,0.00171095,0.00171095,0.00171095,1665700560,2022-10-13T22:36:00
0.00171297,0.00171297,0.00171297,0.00171297,1665700500,2022-10-13T22:35:00
0.00174671,0.00174671,0.0017335,0.0017335,1665700320,2022-10-13T22:32:00
0.00174245,0.00174245,0.00174245,0.00174245,1665700020,2022-10-13T22:27:00
0.00170147,0.00171441,0.00170147,0.00171441,1665699960,2022-10-13T22:26:00
0.00167925,0.00167925,0.00167925,0.00167925,1665699360,2022-10-13T22:16:00
0.00166648,0.00170914,0.00166648,0.00170914,1665699240,2022-10-13T22:14:00
0.00164917,0.00166755,0.00164917,0.00166755,1665699180,2022-10-13T22:13:00
0.0015945,0.0015945,0.0015945,0.0015945,1665699120,2022-10-13T22:12:00
0.0015747,0.0015747,0.0015747,0.0015747,1665699060,2022-10-13T22:11:00
0.00154273,0.00154273,0.00154273,0.00154273,1665699000,2022-10-13T22:10:00
0.00152277,0.00152277,0.00152277,0.00152277,1665698940,2022-10-13T22:09:00
0.00150641,0.00150641,0.00150641,0.00150641,1665698880,2022-10-13T22:08:00
0.00139043,0.00139043,0.00139043,0.00139043,1665667860,2022-10-13T13:31:00
0.00142638,0.00142638,0.00142638,0.00142638,1665659880,2022-10-13T11:18:00
0.00149905,0.00149905,0.00149905,0.00149905,1665612300,2022-10-12T22:05:00
0.00147742,0.00147857,0.00147742,0.00147857,1665608340,2022-10-12T20:59:00
0.00150811,0.00150811,0.00150811,0.00150811,1665607440,2022-10-12T20:44:00
0.00151841,0.00151841,0.00151652,0.00151652,1665607020,2022-10-12T20:37:00
0.00149488,0.00150276,0.00149488,0.00150276,1665606960,2022-10-12T20:36:00
0.0014851,0.0014851,0.0014851,0.0014851,1665606900,2022-10-12T20:35:00
0.00146111,0.00146111,0.00146111,0.00146111,1665598020,2022-10-12T18:07:00
0.00147693,0.00147693,0.00147693,0.00147693,1665593580,2022-10-12T16:53:00
0.00148298,0.00148298,0.00148298,0.00148298,1665593160,2022-10-12T16:46:00
0.00145714,0.00145714,0.00145714,0.00145714,1665525720,2022-10-11T22:02:00
0.00146247,0.00146247,0.00146247,0.00146247,1665493740,2022-10-11T13:09:00
0.00147893,0.00147893,0.00147893,0.00147893,1665491820,2022-10-11T12:37:00
0.00146558,0.00146558,0.00146558,0.00146558,1665491460,2022-10-11T12:31:00
0.00146838,0.00146838,0.00144404,0.00144404,1665489420,2022-10-11T11:57:00
0.00148242,0.00148242,0.00148242,0.00148242,1665489180,2022-10-11T11:53:00
0.00147728,0.00147728,0.00147728,0.00147728,1665488460,2022-10-11T11:41:00
0.00146536,0.00146536,0.00146536,0.00146536,1665488040,2022-10-11T11:34:00
0.00144042,0.00145235,0.00144042,0.00145235,1665487680,2022-10-11T11:28:00
0.00145819,0.00145819,0.00145819,0.00145819,1665487620,2022-10-11T11:27:00
0.00147468,0.00147468,0.00147468,0.00147468,1665487260,2022-10-11T11:21:00
0.00143097,0.00146265,0.00143097,0.00146265,1665487140,2022-10-11T11:19:00
0.00152582,0.00152582,0.00152582,0.00152582,1665456420,2022-10-11T02:47:00
0.00155301,0.00155301,0.00155301,0.00155301,1665430860,2022-10-10T19:41:00
0.00156101,0.00156101,0.00156101,0.00156101,1665422700,2022-10-10T17:25:00
0.00155748,0.00155748,0.00155748,0.00155748,1665421980,2022-10-10T17:13:00
0.00155962,0.00155962,0.00155962,0.00155962,1665421200,2022-10-10T17:00:00
0.00156791,0.00156791,0.00156791,0.00156791,1665419820,2022-10-10T16:37:00
0.00158079,0.00158079,0.00158079,0.00158079,1665419220,2022-10-10T16:27:00
0.00159785,0.00159785,0.00159785,0.00159785,1665418560,2022-10-10T16:16:00
0.00159128,0.00159128,0.00159128,0.00159128,1665407640,2022-10-10T13:14:00
0.00164664,0.00164664,0.00164664,0.00164664,1665353700,2022-10-09T22:15:00
0.00164938,0.00164938,0.00164938,0.00164938,1665351000,2022-10-09T21:30:00
0.00170381,0.00170381,0.00167995,0.00167995,1665346800,2022-10-09T20:20:00
0.00172321,0.00172321,0.00172321,0.00172321,1665346680,2022-10-09T20:18:00
0.00169144,0.00174091,0.00169144,0.00174091,1665346320,2022-10-09T20:12:00
0.00166893,0.00166893,0.00166893,0.00166893,1665346200,2022-10-09T20:10:00
0.00164139,0.00164139,0.00164139,0.00164139,1665335460,2022-10-09T17:11:00
0.00166023,0.00166023,0.00166023,0.00166023,1665323400,2022-10-09T13:50:00
0.0016622,0.0016622,0.0016622,0.0016622,1665318840,2022-10-09T12:34:00
0.00166416,0.00166416,0.00166416,0.00166416,1665316620,2022-10-09T11:57:00
0.00168859,0.00168859,0.00168859,0.00168859,1665316560,2022-10-09T11:56:00
0.00170255,0.00170255,0.00170255,0.00170255,1665316500,2022-10-09T11:55:00
0.00169101,0.00171554,0.00169101,0.00171554,1665316200,2022-10-09T11:50:00
0.00167287,0.00169822,0.00167287,0.00169822,1665316140,2022-10-09T11:49:00
0.00167233,0.00167233,0.00167233,0.00167233,1665316080,2022-10-09T11:48:00
0.00163364,0.00163364,0.00163364,0.00163364,1665315900,2022-10-09T11:45:00
0.0017645,0.0017645,0.0017645,0.0017645,1665285900,2022-10-09T03:25:00
0.00169152,0.00169152,0.00169152,0.00169152,1665262800,2022-10-08T21:00:00
0.00171901,0.00171901,0.00170792,0.00170792,1665262680,2022-10-08T20:58:00
0.00176486,0.00176486,0.00176486,0.00176486,1665262560,2022-10-08T20:56:00
0.00167488,0.00167488,0.00167488,0.00167488,1665262020,2022-10-08T20:47:00
0.00164966,0.00164966,0.00164966,0.00164966,1665261840,2022-10-08T20:44:00
0.00164033,0.00164033,0.00164033,0.00164033,1665261300,2022-10-08T20:35:00
0.00163183,0.00163183,0.00163183,0.00163183,1665261120,2022-10-08T20:32:00
0.00159705,0.00159705,0.00159705,0.00159705,1665260280,2022-10-08T20:18:00
0.00156407,0.00156407,0.00156407,0.00156407,1665259380,2022-10-08T20:03:00
0.00153427,0.00153427,0.00153427,0.00153427,1665258600,2022-10-08T19:50:00
0.00159626,0.00159626,0.00159626,0.00159626,1665258360,2022-10-08T19:46:00
0.00158331,0.00158331,0.00158331,0.00158331,1665258060,2022-10-08T19:41:00
0.00159,0.00159,0.00159,0.00159,1665258000,2022-10-08T19:40:00
0.00158115,0.00158115,0.00158115,0.00158115,1665257940,2022-10-08T19:39:00
0.00167511,0.00167511,0.00167511,0.00167511,1665257880,2022-10-08T19:38:00
0.00159623,0.00159623,0.00159623,0.00159623,1665257700,2022-10-08T19:35:00
0.00149372,0.00149372,0.00149372,0.00149372,1665230100,2022-10-08T11:55:00
0.00150832,0.00150832,0.00150832,0.00150832,1665227760,2022-10-08T11:16:00
0.00155611,0.00155611,0.00155611,0.00155611,1665212160,2022-10-08T06:56:00
0.0015547,0.0015547,0.0015547,0.0015547,1665191580,2022-10-08T01:13:00
0.00156937,0.00156937,0.00156481,0.00156481,1665191220,2022-10-08T01:07:00
0.00155922,0.00155922,0.00155922,0.00155922,1665191160,2022-10-08T01:06:00
0.00155823,0.00155823,0.00155823,0.00155823,1665178740,2022-10-07T21:39:00
0.00160153,0.00160153,0.00160153,0.00160153,1665171780,2022-10-07T19:43:00
0.00153331,0.00153331,0.00152252,0.00152252,1665171720,2022-10-07T19:42:00
0.00159497,0.00159497,0.00153841,0.00153841,1665171660,2022-10-07T19:41:00
0.00160607,0.00160607,0.00160607,0.00160607,1665171600,2022-10-07T19:40:00
0.0015528,0.0015528,0.0015528,0.0015528,1665170460,2022-10-07T19:21:00
0.00153919,0.00153919,0.00153919,0.00153919,1665170340,2022-10-07T19:19:00
0.00152327,0.00152327,0.00152327,0.00152327,1665168840,2022-10-07T18:54:00
0.00150228,0.00150228,0.00150228,0.00150228,1665168540,2022-10-07T18:49:00
0.00148872,0.00148872,0.00148872,0.00148872,1665163200,2022-10-07T17:20:00
0.00151508,0.00151508,0.00150681,0.00150681,1665150420,2022-10-07T13:47:00
0.00155021,0.00155021,0.00155021,0.00155021,1665150300,2022-10-07T13:45:00
0.00152461,0.00152461,0.00152461,0.00152461,1665150120,2022-10-07T13:42:00
0.00148002,0.00148002,0.00148002,0.00148002,1665148320,2022-10-07T13:12:00
0.00150536,0.00150536,0.00150536,0.00150536,1665145680,2022-10-07T12:28:00
0.00149812,0.00149812,0.00149812,0.00149812,1665145140,2022-10-07T12:19:00
0.00151465,0.00151465,0.00151465,0.00151465,1665145080,2022-10-07T12:18:00
0.00152998,0.00152998,0.00152998,0.00152998,1665144720,2022-10-07T12:12:00
0.00149446,0.0015269,0.00149446,0.0015269,1665144660,2022-10-07T12:11:00
0.00158957,0.00158957,0.00158957,0.00158957,1665142080,2022-10-07T11:28:00
0.00160251,0.00160251,0.00160251,0.00160251,1665142020,2022-10-07T11:27:00
0.00160815,0.00160815,0.00160815,0.00160815,1665141900,2022-10-07T11:25:00
0.00159152,0.00159152,0.00159152,0.00159152,1665138360,2022-10-07T10:26:00
0.00160075,0.00160075,0.00160075,0.00160075,1665133020,2022-10-07T08:57:00
0.00159538,0.00159538,0.00159538,0.00159538,1665132900,2022-10-07T08:55:00
0.00160142,0.00160142,0.00160142,0.00160142,1665129660,2022-10-07T08:01:00
0.00161163,0.00161163,0.00161163,0.00161163,1665116220,2022-10-07T04:17:00
0.00162773,0.00162773,0.00162773,0.00162773,1665087420,2022-10-06T20:17:00
0.00161687,0.00161687,0.00161687,0.00161687,1665087360,2022-10-06T20:16:00
0.00159207,0.00159207,0.00159207,0.00159207,1665076680,2022-10-06T17:18:00
0.00156039,0.00156039,0.00156039,0.00156039,1665067440,2022-10-06T14:44:00
0.00156166,0.00156166,0.00156166,0.00156166,1665066240,2022-10-06T14:24:00
0.00154365,0.00156071,0.00154365,0.00156071,1665063060,2022-10-06T13:31:00
0.00152821,0.00152821,0.00151931,0.00151931,1665059100,2022-10-06T12:25:00
0.00154148,0.00154148,0.00154148,0.00154148,1665059040,2022-10-06T12:24:00
0.00155487,0.00155487,0.00155487,0.00155487,1665058680,2022-10-06T12:18:00
0.00153295,0.00153295,0.00153295,0.00153295,1665058620,2022-10-06T12:17:00
0.00152034,0.00153609,0.00152034,0.00153609,1665058560,2022-10-06T12:16:00
0.0015518,0.0015518,0.0015518,0.0015518,1665052860,2022-10-06T10:41:00
0.00155392,0.00156667,0.00155392,0.00156162,1665052320,2022-10-06T10:32:00
0.00160205,0.00160205,0.00160205,0.00160205,1665049020,2022-10-06T09:37:00
0.00161453,0.00161453,0.00161453,0.00161453,1665048960,2022-10-06T09:36:00
0.00162402,0.00162402,0.00162402,0.00162402,1665047280,2022-10-06T09:08:00
0.00163083,0.00163083,0.00163083,0.00163083,1665047220,2022-10-06T09:07:00
0.00160531,0.00160531,0.00160531,0.00160531,1665046560,2022-10-06T08:56:00
0.00160815,0.00160815,0.0015995,0.0015995,1665045060,2022-10-06T08:31:00
0.00168521,0.00168521,0.00168521,0.00168521,1665005820,2022-10-05T21:37:00
0.00167505,0.00167505,0.00167505,0.00167505,1664986500,2022-10-05T16:15:00
0.00168355,0.00168355,0.00168355,0.00168355,1664986320,2022-10-05T16:12:00
0.00164978,0.00164978,0.00164978,0.00164978,1664980560,2022-10-05T14:36:00
0.00167247,0.00167247,0.00167247,0.00167247,1664963160,2022-10-05T09:46:00
0.00167221,0.00167221,0.00167221,0.00167221,1664962920,2022-10-05T09:42:00
0.00168451,0.00168451,0.00168451,0.00168451,1664921280,2022-10-04T22:08:00
0.00162802,0.00162802,0.00162802,0.00162802,1664917140,2022-10-04T20:59:00
0.00160338,0.00160338,0.00160338,0.00160338,1664916480,2022-10-04T20:48:00
0.00159349,0.00159349,0.00159349,0.00159349,1664903580,2022-10-04T17:13:00
0.00156774,0.00156774,0.00156679,0.00156679,1664901480,2022-10-04T16:38:00
0.00160903,0.00160903,0.00160903,0.00160903,1664901120,2022-10-04T16:32:00
0.00160863,0.00160863,0.00160863,0.00160863,1664898120,2022-10-04T15:42:00
0.00157055,0.00160724,0.00157055,0.00159897,1664898000,2022-10-04T15:40:00
0.00163426,0.00163426,0.00163426,0.00163426,1664897940,2022-10-04T15:39:00
0.001611,0.001611,0.001611,0.001611,1664897880,2022-10-04T15:38:00
0.00164598,0.00164598,0.00164598,0.00164598,1664892180,2022-10-04T14:03:00
0.00166543,0.00166543,0.00166543,0.00166543,1664892120,2022-10-04T14:02:00
0.00167372,0.00167372,0.00167372,0.00167372,1664891760,2022-10-04T13:56:00
0.00165442,0.00165442,0.00165442,0.00165442,1664891700,2022-10-04T13:55:00
0.00164036,0.00164036,0.00164036,0.00164036,1664890500,2022-10-04T13:35:00
0.00162298,0.00162298,0.00161252,0.00161252,1664888580,2022-10-04T13:03:00
0.001697,0.001697,0.00164279,0.00165717,1664888280,2022-10-04T12:58:00
0.00170372,0.00170372,0.00170372,0.00170372,1664888220,2022-10-04T12:57:00
0.00172756,0.00172756,0.00172756,0.00172756,1664873280,2022-10-04T08:48:00
0.00174264,0.00174264,0.00174264,0.00174264,1664872680,2022-10-04T08:38:00
0.00175424,0.00175424,0.00175424,0.00175424,1664872620,2022-10-04T08:37:00
0.00177135,0.00177135,0.00177135,0.00177135,1664872260,2022-10-04T08:31:00
0.00175193,0.00176173,0.00175193,0.00176173,1664872200,2022-10-04T08:30:00
0.00167705,0.00167705,0.00167705,0.00167705,1664872140,2022-10-04T08:29:00
0.00182719,0.00182719,0.00182719,0.00182719,1664871360,2022-10-04T08:16:00
0.00185088,0.00185088,0.00185088,0.00185088,1664869140,2022-10-04T07:39:00
0.00187356,0.00187356,0.00187356,0.00187356,1664867280,2022-10-04T07:08:00
0.00184218,0.00184218,0.00184218,0.00184218,1664864820,2022-10-04T06:27:00
0.00184406,0.00184406,0.00184406,0.00184406,1664808600,2022-10-03T14:50:00
0.00180743,0.00180743,0.00180743,0.00180743,1664807160,2022-10-03T14:26:00
0.00179153,0.00179153,0.00179153,0.00179153,1664790780,2022-10-03T09:53:00
0.00180216,0.00180216,0.00180216,0.00180216,1664790180,2022-10-03T09:43:00
0.00179423,0.00179423,0.00179423,0.00179423,1664786820,2022-10-03T08:47:00
0.00180298,0.00180298,0.00180298,0.00180298,1664779920,2022-10-03T06:52:00
0.0018111,0.0018111,0.0018111,0.0018111,1664779500,2022-10-03T06:45:00
0.00180347,0.00180347,0.00180347,0.00180347,1664775780,2022-10-03T05:43:00
0.00181233,0.00181233,0.00181233,0.00181233,1664774940,2022-10-03T05:29:00
0.0018137,0.0018137,0.0018137,0.0018137,1664758860,2022-10-03T01:01:00
0.00180882,0.0018166,0.00180882,0.0018166,1664726520,2022-10-02T16:02:00
0.00182695,0.00182695,0.00182695,0.00182695,1664726400,2022-10-02T16:00:00
0.00184237,0.00184237,0.00184237,0.00184237,1664726340,2022-10-02T15:59:00
0.00180636,0.00180636,0.00180636,0.00180636,1664712720,2022-10-02T12:12:00
0.00178894,0.00178894,0.00178894,0.00178894,1664708760,2022-10-02T11:06:00
0.00180201,0.00180201,0.00180201,0.00180201,1664707140,2022-10-02T10:39:00
0.00183141,0.00183786,0.00183141,0.00183786,1664707080,2022-10-02T10:38:00
0.00183843,0.00183843,0.00183843,0.00183843,1664707020,2022-10-02T10:37:00
0.00186775,0.00186775,0.00186775,0.00186775,1664706960,2022-10-02T10:36:00
0.00188607,0.00188607,0.00188607,0.00188607,1664706900,2022-10-02T10:35:00
0.00190421,0.00190421,0.00190421,0.00190421,1664706720,2022-10-02T10:32:00
0.00189404,0.00189404,0.00189049,0.00189049,1664706660,2022-10-02T10:31:00
0.00188596,0.00188596,0.00188596,0.00188596,1664706600,2022-10-02T10:30:00
0.00186995,0.0018768,0.00186995,0.0018768,1664706540,2022-10-02T10:29:00
0.00178689,0.00181189,0.00178689,0.00180491,1664706480,2022-10-02T10:28:00
0.00178064,0.00178986,0.00178064,0.00178986,1664706420,2022-10-02T10:27:00
0.00179918,0.00179918,0.00179918,0.00179918,1664581320,2022-09-30T23:42:00
0.00180943,0.00180943,0.00180943,0.00180943,1664572140,2022-09-30T21:09:00
0.00181461,0.00181461,0.00181461,0.00181461,1664571600,2022-09-30T21:00:00
0.00182452,0.00182452,0.00182452,0.00182452,1664571360,2022-09-30T20:56:00
0.00184499,0.00184499,0.00184499,0.00184499,1664571300,2022-09-30T20:55:00
0.00186621,0.00186621,0.00186621,0.00186621,1664571000,2022-09-30T20:50:00
0.00184085,0.0018814,0.00184085,0.0018814,1664570940,2022-09-30T20:49:00
0.00182405,0.00182405,0.00182405,0.00182405,1664570880,2022-09-30T20:48:00
0.00185762,0.00185762,0.00185762,0.00185762,1664550600,2022-09-30T15:10:00
0.00180834,0.00180834,0.00180834,0.00180834,1664540280,2022-09-30T12:18:00
0.00186373,0.00186373,0.00186373,0.00186373,1664534640,2022-09-30T10:44:00
0.00185977,0.00185977,0.00185977,0.00185977,1664494560,2022-09-29T23:36:00
0.0018599,0.0018599,0.0018599,0.0018599,1664469660,2022-09-29T16:41:00
0.00187275,0.00187275,0.00187275,0.00187275,1664451960,2022-09-29T11:46:00
0.00187062,0.00187062,0.00187062,0.00187062,1664417760,2022-09-29T02:16:00
0.00186913,0.00186913,0.00186913,0.00186913,1664411100,2022-09-29T00:25:00
0.00184207,0.00184207,0.00184207,0.00184207,1664376840,2022-09-28T14:54:00
0.00188622,0.00188622,0.00188622,0.00188622,1664376720,2022-09-28T14:52:00
0.00175234,0.00175234,0.00175234,0.00175234,1664373780,2022-09-28T14:03:00
0.00176968,0.00176968,0.00176968,0.00176968,1664329260,2022-09-28T01:41:00
0.00176437,0.00176437,0.00176437,0.00176437,1664310600,2022-09-27T20:30:00
0.00184394,0.00184394,0.00184394,0.00184394,1664294940,2022-09-27T16:09:00
0.0018329,0.0018329,0.0018329,0.0018329,1664239620,2022-09-27T00:47:00
0.00181684,0.00181684,0.00181684,0.00181684,1664209380,2022-09-26T16:23:00
0.00180039,0.00180039,0.00180039,0.00180039,1664136660,2022-09-25T20:11:00
0.00179629,0.00179629,0.00179629,0.00179629,1664132340,2022-09-25T18:59:00
0.00178981,0.00178981,0.00178981,0.00178981,1664132280,2022-09-25T18:58:00
0.00182458,0.00182458,0.00182458,0.00182458,1664124060,2022-09-25T16:41:00
0.00182038,0.00182795,0.00182038,0.00182795,1664121120,2022-09-25T15:52:00
0.00184933,0.00184933,0.00184933,0.00184933,1664121060,2022-09-25T15:51:00
0.0018065,0.0018065,0.0018065,0.0018065,1664121000,2022-09-25T15:50:00
0.00177115,0.00177115,0.00177115,0.00177115,1664120640,2022-09-25T15:44:00
0.00177339,0.00177339,0.00177339,0.00177339,1664113020,2022-09-25T13:37:00
0.00177347,0.00177347,0.00177347,0.00177347,1664067060,2022-09-25T00:51:00
0.00179076,0.00179076,0.00179076,0.00179076,1664024580,2022-09-24T13:03:00
0.00178099,0.00178099,0.00177435,0.00177435,1664015880,2022-09-24T10:38:00
0.00175789,0.00175789,0.00174386,0.00174386,1664015460,2022-09-24T10:31:00
0.00176353,0.00176353,0.00176353,0.00176353,1664015340,2022-09-24T10:29:00
0.00170089,0.00170089,0.00170089,0.00170089,1663961760,2022-09-23T19:36:00
0.00171255,0.00171255,0.00171255,0.00171255,1663960680,2022-09-23T19:18:00
0.00170788,0.00170788,0.00170095,0.00170095,1663960260,2022-09-23T19:11:00
0.00172468,0.00172468,0.00172468,0.00172468,1663954560,2022-09-23T17:36:00
0.00173158,0.00173158,0.00173158,0.00173158,1663947780,2022-09-23T15:43:00
0.00175323,0.00175323,0.00175323,0.00175323,1663947660,2022-09-23T15:41:00
0.00167853,0.00167853,0.00167853,0.00167853,1663935660,2022-09-23T12:21:00
0.00167286,0.00167286,0.00167286,0.00167286,1663934940,2022-09-23T12:09:00
0.00174857,0.00174857,0.00174857,0.00174857,1663920720,2022-09-23T08:12:00
0.00175286,0.00175286,0.00175286,0.00175286,1663914660,2022-09-23T06:31:00
0.00174641,0.00174641,0.00174641,0.00174641,1663879260,2022-09-22T20:41:00
0.00173093,0.00173093,0.00173093,0.00173093,1663874940,2022-09-22T19:29:00
0.00172115,0.00172115,0.00172115,0.00172115,1663869420,2022-09-22T17:57:00
0.00170546,0.00170546,0.00170546,0.00170546,1663863120,2022-09-22T16:12:00
0.00176366,0.00176366,0.00175292,0.00175292,1663851540,2022-09-22T12:59:00
0.00177102,0.00177102,0.00177102,0.00177102,1663847940,2022-09-22T11:59:00
0.00175604,0.00175604,0.00175604,0.00175604,1663838340,2022-09-22T09:19:00
0.00174816,0.00174816,0.00174429,0.00174429,1663837920,2022-09-22T09:12:00
0.00173459,0.00173459,0.00173459,0.00173459,1663837800,2022-09-22T09:10:00
0.0017295,0.0017295,0.0017295,0.0017295,1663837740,2022-09-22T09:09:00
0.00172602,0.00172602,0.00172602,0.00172602,1663837680,2022-09-22T09:08:00
0.00171576,0.00171576,0.00171576,0.00171576,1663837560,2022-09-22T09:06:00
0.00171412,0.00171412,0.00171412,0.00171412,1663837500,2022-09-22T09:05:00
0.00170777,0.00170777,0.00170777,0.00170777,1663837260,2022-09-22T09:01:00
0.0016671,0.0016938,0.0016671,0.0016938,1663837200,2022-09-22T09:00:00
0.0016534,0.0016534,0.0016534,0.0016534,1663837140,2022-09-22T08:59:00
0.00171573,0.00171573,0.00171573,0.00171573,1663836720,2022-09-22T08:52:00
0.00171172,0.00171172,0.00171172,0.00171172,1663836360,2022-09-22T08:46:00
0.00169606,0.0017023,0.00169606,0.0017023,1663836180,2022-09-22T08:43:00
0.00162427,0.00162427,0.00162427,0.00162427,1663802340,2022-09-21T23:19:00
0.00168918,0.00168918,0.00168918,0.00168918,1663794540,2022-09-21T21:09:00
0.00167064,0.00167064,0.00167064,0.00167064,1663794420,2022-09-21T21:07:00
0.00177849,0.00177849,0.00177849,0.00177849,1663787160,2022-09-21T19:06:00
0.00171422,0.00171422,0.00171422,0.00171422,1663760100,2022-09-21T11:35:00
0.00170387,0.00170387,0.00170387,0.00170387,1663743360,2022-09-21T06:56:00
0.00171966,0.00171966,0.00171966,0.00171966,1663739640,2022-09-21T05:54:00
0.00178953,0.00178953,0.00178953,0.00178953,1663726740,2022-09-21T02:19:00
0.00179157,0.00179157,0.00179157,0.00179157,1663726560,2022-09-21T02:16:00
0.00180746,0.00180746,0.00180746,0.00180746,1663726440,2022-09-21T02:14:00
0.00172042,0.00172042,0.00172042,0.00172042,1663726260,2022-09-21T02:11:00
0.00164682,0.00164682,0.00164682,0.00164682,1663713780,2022-09-20T22:43:00
0.00167358,0.00167358,0.00167358,0.00167358,1663678740,2022-09-20T12:59:00
0.00170261,0.00170501,0.00170261,0.00170501,1663651920,2022-09-20T05:32:00
0.00172375,0.00172375,0.00172375,0.00172375,1663643340,2022-09-20T03:09:00
0.00173702,0.00173702,0.00173702,0.00173702,1663643220,2022-09-20T03:07:00
0.00162454,0.00162454,0.00162454,0.00162454,1663601580,2022-09-19T15:33:00
0.00158359,0.00158359,0.00158359,0.00158359,1663586100,2022-09-19T11:15:00
0.00159274,0.00161236,0.00159274,0.00160483,1663585200,2022-09-19T11:00:00
0.00155263,0.00155263,0.00155263,0.00155263,1663578960,2022-09-19T09:16:00
0.00156828,0.00156828,0.00154853,0.00154853,1663578660,2022-09-19T09:11:00
0.00161787,0.00161787,0.00161787,0.00161787,1663576560,2022-09-19T08:36:00
0.00161724,0.00161724,0.00161724,0.00161724,1663570860,2022-09-19T07:01:00
0.00162499,0.00162499,0.00162499,0.00162499,1663570500,2022-09-19T06:55:00
0.00162234,0.00162234,0.00162234,0.00162234,1663570440,2022-09-19T06:54:00
0.00158961,0.00162044,0.00158961,0.00162044,1663570260,2022-09-19T06:51:00
0.0016309,0.0016309,0.0016309,0.0016309,1663570200,2022-09-19T06:50:00
0.00165771,0.00165771,0.00165771,0.00165771,1663570140,2022-09-19T06:49:00
0.00181041,0.00181041,0.00181041,0.00181041,1663527900,2022-09-18T19:05:00
0.00181777,0.00181777,0.00181777,0.00181777,1663527780,2022-09-18T19:03:00
0.00179833,0.00179833,0.00179833,0.00179833,1663527600,2022-09-18T19:00:00
0.00177819,0.00177819,0.00177819,0.00177819,1663527540,2022-09-18T18:59:00
0.0018357,0.0018357,0.00182515,0.00182515,1663517100,2022-09-18T16:05:00
0.0018463,0.0018463,0.0018463,0.0018463,1663516800,2022-09-18T16:00:00
0.00185428,0.0018656,0.00185377,0.0018656,1663516380,2022-09-18T15:53:00
0.00183246,0.00183246,0.00183246,0.00183246,1663516320,2022-09-18T15:52:00
0.00183844,0.00183844,0.00183844,0.00183844,1663507920,2022-09-18T13:32:00
0.00185759,0.00185759,0.00185759,0.00185759,1663460280,2022-09-18T00:18:00
0.00186781,0.00186781,0.00186781,0.00186781,1663459320,2022-09-18T00:02:00
0.001884,0.001884,0.00187205,0.00187205,1663432200,2022-09-17T16:30:00
0.00185957,0.00185957,0.00185957,0.00185957,1663432020,2022-09-17T16:27:00
0.00176719,0.00176719,0.00176719,0.00176719,1663424400,2022-09-17T14:20:00
0.00177781,0.00177781,0.00175294,0.00175294,1663424280,2022-09-17T14:18:00
0.00182261,0.00182261,0.00182261,0.00182261,1663422540,2022-09-17T13:49:00
0.00184108,0.00184108,0.00181352,0.00181352,1663422240,2022-09-17T13:44:00
0.00189687,0.00189687,0.00189687,0.00189687,1663410960,2022-09-17T10:36:00
0.00189582,0.00189582,0.00189582,0.00189582,1663409760,2022-09-17T10:16:00
0.00190749,0.00190749,0.00190749,0.00190749,1663388880,2022-09-17T04:28:00
0.00191513,0.00191513,0.00191513,0.00191513,1663388400,2022-09-17T04:20:00
0.00192208,0.00192208,0.00192208,0.00192208,1663388340,2022-09-17T04:19:00
0.00190188,0.00190188,0.00190188,0.00190188,1663388280,2022-09-17T04:18:00
0.00188487,0.00188487,0.00188487,0.00188487,1663366740,2022-09-16T22:19:00
0.00184515,0.00184515,0.00184515,0.00184515,1663352460,2022-09-16T18:21:00
0.00184063,0.00184063,0.00184063,0.00184063,1663345860,2022-09-16T16:31:00
0.00183483,0.00183483,0.00183483,0.00183483,1663345680,2022-09-16T16:28:00
0.00184117,0.00184117,0.00184117,0.00184117,1663345320,2022-09-16T16:22:00
0.00183889,0.00183889,0.00183889,0.00183889,1663344780,2022-09-16T16:13:00
0.0018229,0.0018229,0.0018229,0.0018229,1663336500,2022-09-16T13:55:00
0.00181911,0.00181911,0.00181911,0.00181911,1663336440,2022-09-16T13:54:00
0.00183523,0.00183523,0.00183523,0.00183523,1663336380,2022-09-16T13:53:00
0.00193254,0.00193254,0.00193254,0.00193254,1663330140,2022-09-16T12:09:00
0.0019384,0.0019384,0.0019384,0.0019384,1663330080,2022-09-16T12:08:00
0.00192423,0.00192423,0.00192423,0.00192423,1663330020,2022-09-16T12:07:00
0.00192851,0.00192851,0.00191048,0.00191048,1663329960,2022-09-16T12:06:00
0.00197948,0.00197948,0.00197948,0.00197948,1663326240,2022-09-16T11:04:00
0.00196145,0.00196145,0.00196145,0.00196145,1663322700,2022-09-16T10:05:00
0.0019454,0.0019454,0.0019454,0.0019454,1663318680,2022-09-16T08:58:00
0.00193485,0.00193485,0.00193485,0.00193485,1663318620,2022-09-16T08:57:00
0.00192278,0.00192278,0.00192278,0.00192278,1663318380,2022-09-16T08:53:00
0.0019295,0.0019295,0.0019295,0.0019295,1663282680,2022-09-15T22:58:00
0.00195077,0.00195077,0.00195077,0.00195077,1663275720,2022-09-15T21:02:00
0.00194566,0.00194566,0.00194566,0.00194566,1663253640,2022-09-15T14:54:00
0.00203858,0.00203858,0.00203858,0.00203858,1663224000,2022-09-15T06:40:00
0.00212595,0.00212595,0.00212595,0.00212595,1663208460,2022-09-15T02:21:00
0.00214376,0.00214376,0.00214376,0.00214376,1663194660,2022-09-14T22:31:00
0.00208745,0.00208745,0.00208745,0.00208745,1663179300,2022-09-14T18:15:00
0.00209713,0.00209713,0.00209713,0.00209713,1663172880,2022-09-14T16:28:00
0.00214105,0.00214105,0.00214105,0.00214105,1663163220,2022-09-14T13:47:00
0.00214155,0.00214155,0.00214155,0.00214155,1663151700,2022-09-14T10:35:00
0.00213469,0.00213469,0.00213469,0.00213469,1663150980,2022-09-14T10:23:00
0.00213191,0.00213191,0.00213191,0.00213191,1663150860,2022-09-14T10:21:00
0.00210245,0.00210245,0.00210245,0.00210245,1663149300,2022-09-14T09:55:00
0.00208283,0.00208283,0.00208283,0.00208283,1663145280,2022-09-14T08:48:00
0.00209619,0.00209619,0.00209619,0.00209619,1663143360,2022-09-14T08:16:00
0.00208509,0.00208509,0.00208509,0.00208509,1663143300,2022-09-14T08:15:00
0.00207907,0.00207907,0.00207907,0.00207907,1663136940,2022-09-14T06:29:00
0.00206637,0.00206637,0.00206637,0.00206637,1663135620,2022-09-14T06:07:00
0.00206018,0.00206018,0.00206018,0.00206018,1663102800,2022-09-13T21:00:00
0.00205016,0.00205016,0.00205016,0.00205016,1663095360,2022-09-13T18:56:00
0.00206659,0.00206659,0.00206659,0.00206659,1663095300,2022-09-13T18:55:00
0.00209799,0.00209799,0.00209799,0.00209799,1663095240,2022-09-13T18:54:00
0.00212317,0.00212317,0.00212317,0.00212317,1663095120,2022-09-13T18:52:00
0.00217632,0.00217632,0.00217632,0.00217632,1663090740,2022-09-13T17:39:00
0.00216692,0.00216692,0.00216692,0.00216692,1663087380,2022-09-13T16:43:00
0.0021887,0.0021887,0.0021887,0.0021887,1663087200,2022-09-13T16:40:00
0.00218963,0.00219882,0.00218963,0.00219882,1663087020,2022-09-13T16:37:00
0.00221694,0.00221694,0.00221694,0.00221694,1663086960,2022-09-13T16:36:00
0.00223038,0.00223038,0.00223038,0.00223038,1663085460,2022-09-13T16:11:00
0.00227339,0.00227339,0.00227339,0.00227339,1663083780,2022-09-13T15:43:00
0.00232468,0.00232468,0.00232468,0.00232468,1663083720,2022-09-13T15:42:00
0.00235154,0.00235154,0.00235154,0.00235154,1663081020,2022-09-13T14:57:00
0.00239514,0.00239514,0.00239514,0.00239514,1663080180,2022-09-13T14:43:00
0.00243246,0.00243246,0.00243246,0.00243246,1663077840,2022-09-13T14:04:00
0.00247452,0.00247452,0.00247452,0.00247452,1663077180,2022-09-13T13:53:00
0.00249315,0.00249315,0.00249315,0.00249315,1663076940,2022-09-13T13:49:00
0.00247617,0.00247617,0.00247617,0.00247617,1663076880,2022-09-13T13:48:00
0.00246033,0.00246033,0.00246033,0.00246033,1663076700,2022-09-13T13:45:00
0.00246018,0.00246018,0.00246018,0.00246018,1663075800,2022-09-13T13:30:00
0.0024913,0.0024913,0.0024913,0.0024913,1663075560,2022-09-13T13:26:00
0.00244404,0.00246407,0.00244404,0.00246407,1663075380,2022-09-13T13:23:00
0.00243206,0.00243206,0.00243206,0.00243206,1663075260,2022-09-13T13:21:00
0.00243642,0.00243642,0.00243642,0.00243642,1663074600,2022-09-13T13:10:00
0.00249403,0.00249403,0.00247442,0.00247442,1663074300,2022-09-13T13:05:00
0.00252029,0.00252029,0.00252029,0.00252029,1663073700,2022-09-13T12:55:00
0.00259119,0.00259119,0.00259119,0.00259119,1663073400,2022-09-13T12:50:00
0.00262459,0.00262459,0.00262459,0.00262459,1663073040,2022-09-13T12:44:00
0.00264181,0.00264181,0.00264181,0.00264181,1663072980,2022-09-13T12:43:00
0.00268829,0.00268829,0.00268829,0.00268829,1663072860,2022-09-13T12:41:00
0.00276083,0.00276083,0.00276083,0.00276083,1663072680,2022-09-13T12:38:00
0.00265105,0.00267883,0.00265105,0.00267883,1663072620,2022-09-13T12:37:00
0.00260584,0.00262975,0.00260584,0.00262975,1663072440,2022-09-13T12:34:00
0.00258299,0.00259407,0.00258299,0.00259407,1663072380,2022-09-13T12:33:00
0.00254989,0.00254989,0.00254989,0.00254989,1663072320,2022-09-13T12:32:00
0.00261052,0.00261052,0.00261052,0.00261052,1663072080,2022-09-13T12:28:00
0.00260862,0.00260862,0.00260862,0.00260862,1663071720,2022-09-13T12:22:00
0.0025242,0.00256999,0.0025242,0.00256999,1663071660,2022-09-13T12:21:00
0.00250474,0.00250474,0.00250474,0.00250474,1663071600,2022-09-13T12:20:00
0.00252193,0.00252193,0.00252193,0.00252193,1663071300,2022-09-13T12:15:00
0.00251924,0.00251924,0.00251924,0.00251924,1663071120,2022-09-13T12:12:00
0.00249209,0.00249209,0.00249209,0.00249209,1663071060,2022-09-13T12:11:00
0.00248997,0.00248997,0.00248997,0.00248997,1663070940,2022-09-13T12:09:00
0.00242507,0.00245422,0.00242507,0.00245422,1663070880,2022-09-13T12:08:00
0.00238804,0.00238804,0.00238804,0.00238804,1663070820,2022-09-13T12:07:00
0.00240769,0.00240769,0.00240769,0.00240769,1663070760,2022-09-13T12:06:00
0.00242692,0.00242692,0.00242692,0.00242692,1663070400,2022-09-13T12:00:00
0.00248669,0.00248669,0.00248669,0.00248669,1663070220,2022-09-13T11:57:00
0.0024919,0.0024919,0.0024919,0.0024919,1663070160,2022-09-13T11:56:00
0.00245524,0.00245603,0.00245524,0.00245603,1663070100,2022-09-13T11:55:00
0.00240428,0.00240428,0.00240428,0.00240428,1663070040,2022-09-13T11:54:00
0.00235323,0.00235323,0.00235323,0.00235323,1663069980,2022-09-13T11:53:00
0.00233653,0.00233653,0.00233653,0.00233653,1663069920,2022-09-13T11:52:00
0.00229248,0.00229248,0.00229248,0.00229248,1663069800,2022-09-13T11:50:00
0.00222712,0.00222712,0.00222712,0.00222712,1663067520,2022-09-13T11:12:00
0.00219068,0.00219068,0.00217725,0.00217725,1663067460,2022-09-13T11:11:00
0.00216983,0.00216983,0.00216983,0.00216983,1663067400,2022-09-13T11:10:00
0.00214969,0.00215291,0.00214969,0.00215291,1663067340,2022-09-13T11:09:00
0.00214143,0.00214143,0.00214143,0.00214143,1663067220,2022-09-13T11:07:00
0.00212238,0.00212238,0.00212238,0.00212238,1663065480,2022-09-13T10:38:00
0.00212391,0.00212391,0.00212391,0.00212391,1663062900,2022-09-13T09:55:00
0.00214469,0.00214469,0.00214469,0.00214469,1663056960,2022-09-13T08:16:00
0.00213594,0.00213594,0.00213594,0.00213594,1663056840,2022-09-13T08:14:00
0.00212954,0.00212954,0.00212954,0.00212954,1663056780,2022-09-13T08:13:00
0.00212952,0.00212952,0.00211952,0.00211952,1663055880,2022-09-13T07:58:00
0.00211312,0.00211312,0.00211312,0.00211312,1663051920,2022-09-13T06:52:00
0.00209432,0.00209432,0.00209432,0.00209432,1663051740,2022-09-13T06:49:00
0.00209916,0.00209916,0.00209916,0.00209916,1663050180,2022-09-13T06:23:00
0.00208763,0.00208763,0.00208763,0.00208763,1663048980,2022-09-13T06:03:00
0.00205078,0.00205078,0.00205078,0.00205078,1663037160,2022-09-13T02:46:00
0.00209199,0.00209199,0.00209199,0.00209199,1663026180,2022-09-12T23:43:00
0.00210667,0.00210667,0.00210667,0.00210667,1663021620,2022-09-12T22:27:00
0.00212058,0.00212058,0.00212058,0.00212058,1663016040,2022-09-12T20:54:00
0.00212154,0.00212154,0.00212154,0.00212154,1663008900,2022-09-12T18:55:00
0.00210705,0.00210705,0.00210705,0.00210705,1663007820,2022-09-12T18:37:00
0.00210854,0.00211946,0.00210854,0.00211946,1663007760,2022-09-12T18:36:00
0.00208651,0.00208651,0.00208651,0.00208651,1663007700,2022-09-12T18:35:00
0.00208219,0.00208219,0.00208219,0.00208219,1663007580,2022-09-12T18:33:00
0.00205878,0.00205878,0.00205878,0.00205878,1663004220,2022-09-12T17:37:00
0.00205409,0.00205409,0.00205409,0.00205409,1663003380,2022-09-12T17:23:00
0.00204469,0.00204469,0.00204469,0.00204469,1663003200,2022-09-12T17:20:00
0.00202283,0.00202283,0.00202283,0.00202283,1663000860,2022-09-12T16:41:00
0.0020079,0.0020079,0.0020079,0.0020079,1662999960,2022-09-12T16:26:00
0.00196664,0.00196664,0.00196664,0.00196664,1662999360,2022-09-12T16:16:00
0.00194661,0.00194661,0.00194661,0.00194661,1662999060,2022-09-12T16:11:00
0.00192729,0.00192729,0.00192729,0.00192729,1662998880,2022-09-12T16:08:00
0.00190802,0.00191802,0.00190802,0.00191802,1662998700,2022-09-12T16:05:00
0.00188194,0.00188194,0.00188194,0.00188194,1662998580,2022-09-12T16:03:00
0.00187022,0.00187022,0.00187022,0.00187022,1662997680,2022-09-12T15:48:00
0.00187203,0.00188311,0.00187203,0.00188311,1662997320,2022-09-12T15:42:00
0.00186374,0.00186374,0.00186374,0.00186374,1662997260,2022-09-12T15:41:00
0.00187443,0.00187443,0.00187443,0.00187443,1662949020,2022-09-12T02:17:00
0.00188115,0.00188115,0.00188115,0.00188115,1662882360,2022-09-11T07:46:00
0.00188678,0.00188678,0.00188678,0.00188678,1662850020,2022-09-10T22:47:00
0.00184273,0.00184273,0.00184273,0.00184273,1662804060,2022-09-10T10:01:00
0.00184973,0.00184973,0.00184973,0.00184973,1662797760,2022-09-10T08:16:00
0.00188455,0.00188455,0.00188455,0.00188455,1662790680,2022-09-10T06:18:00
0.00186186,0.00186186,0.00186186,0.00186186,1662773820,2022-09-10T01:37:00
0.00186214,0.00186214,0.00186214,0.00186214,1662769320,2022-09-10T00:22:00
0.00189236,0.00189236,0.00189236,0.00189236,1662737220,2022-09-09T15:27:00
0.00190415,0.00190415,0.00190415,0.00190415,1662730920,2022-09-09T13:42:00
0.00187746,0.00187746,0.00187746,0.00187746,1662726120,2022-09-09T12:22:00
0.00189196,0.00189196,0.00189196,0.00189196,1662721080,2022-09-09T10:58:00
0.00188683,0.00188683,0.00188683,0.00188683,1662699000,2022-09-09T04:50:00
0.00184261,0.00184261,0.00184261,0.00184261,1662689520,2022-09-09T02:12:00
0.00186494,0.00186494,0.00186494,0.00186494,1662638760,2022-09-08T12:06:00
0.00188176,0.00188176,0.00188176,0.00188176,1662635820,2022-09-08T11:17:00
0.00185116,0.00185116,0.00185116,0.00185116,1662631800,2022-09-08T10:10:00
0.00184392,0.00185333,0.00184392,0.00185333,1662621720,2022-09-08T07:22:00
0.00186953,0.00186953,0.00186953,0.00186953,1662588060,2022-09-07T22:01:00
0.00187605,0.00187605,0.00187605,0.00187605,1662584340,2022-09-07T20:59:00
0.00181218,0.00181218,0.00181218,0.00181218,1662581340,2022-09-07T20:09:00
0.00180395,0.00180395,0.00180395,0.00180395,1662581040,2022-09-07T20:04:00
0.00179885,0.00179885,0.00179885,0.00179885,1662579180,2022-09-07T19:33:00
0.00178575,0.00178575,0.00178575,0.00178575,1662577800,2022-09-07T19:10:00
0.00180098,0.00180098,0.00180098,0.00180098,1662577260,2022-09-07T19:01:00
0.00181429,0.00181429,0.00181429,0.00181429,1662576600,2022-09-07T18:50:00
0.00178818,0.00180882,0.00178818,0.00180882,1662576240,2022-09-07T18:44:00
0.00179422,0.00179422,0.00179422,0.00179422,1662576120,2022-09-07T18:42:00
0.00176587,0.00177586,0.00176163,0.00176163,1662576000,2022-09-07T18:40:00
0.00172309,0.00172309,0.00172309,0.00172309,1662575940,2022-09-07T18:39:00
0.00171037,0.00171037,0.00171037,0.00171037,1662573540,2022-09-07T17:59:00
0.00168944,0.00168944,0.00168944,0.00168944,1662511320,2022-09-07T00:42:00
0.00169156,0.00169156,0.00169156,0.00169156,1662510000,2022-09-07T00:20:00
0.00173292,0.00173292,0.00173292,0.00173292,1662492240,2022-09-06T19:24:00
0.00173807,0.00173807,0.00173807,0.00173807,1662487260,2022-09-06T18:01:00
0.00176831,0.00176831,0.00176831,0.00176831,1662486120,2022-09-06T17:42:00
0.00177435,0.00177435,0.00177435,0.00177435,1662484980,2022-09-06T17:23:00
0.00181404,0.00181404,0.00181404,0.00181404,1662444300,2022-09-06T06:05:00
0.001788,0.001788,0.001788,0.001788,1662422760,2022-09-06T00:06:00
0.00175892,0.00175892,0.00175892,0.00175892,1662399540,2022-09-05T17:39:00
0.00174936,0.00174936,0.00174936,0.00174936,1662388980,2022-09-05T14:43:00
0.00173445,0.00173445,0.00173445,0.00173445,1662386220,2022-09-05T13:57:00
0.00173127,0.00173127,0.00173127,0.00173127,1662341160,2022-09-05T01:26:00
0.0017281,0.0017281,0.0017281,0.0017281,1662335220,2022-09-04T23:47:00
0.00171787,0.00171787,0.00171787,0.00171787,1662316260,2022-09-04T18:31:00
0.00169772,0.00169772,0.00169772,0.00169772,1662290100,2022-09-04T11:15:00
0.00172227,0.00172227,0.00172227,0.00172227,1662283440,2022-09-04T09:24:00
0.00173988,0.00173988,0.00173988,0.00173988,1662283260,2022-09-04T09:21:00
0.00172333,0.00172333,0.00172333,0.00172333,1662283080,2022-09-04T09:18:00
0.00170707,0.00170707,0.00170707,0.00170707,1662258480,2022-09-04T02:28:00
0.00170659,0.00170659,0.00170659,0.00170659,1662258420,2022-09-04T02:27:00
0.00172917,0.00172917,0.00172917,0.00172917,1662255840,2022-09-04T01:44:00
0.00172696,0.00172696,0.00172696,0.00172696,1662255780,2022-09-04T01:43:00
0.00175215,0.00175215,0.00175215,0.00175215,1662255660,2022-09-04T01:41:00
0.00177276,0.00177276,0.00177276,0.00177276,1662255300,2022-09-04T01:35:00
0.00173873,0.00173873,0.00173873,0.00173873,1662255240,2022-09-04T01:34:00
0.00173286,0.00173286,0.00173286,0.00173286,1662255180,2022-09-04T01:33:00
0.00171401,0.00171401,0.00171401,0.00171401,1662206940,2022-09-03T12:09:00
0.00173217,0.00173217,0.00173217,0.00173217,1662167460,2022-09-03T01:11:00
0.0017382,0.0017382,0.0017382,0.0017382,1662160980,2022-09-02T23:23:00
0.00173324,0.00173324,0.00173324,0.00173324,1662160860,2022-09-02T23:21:00
0.00175223,0.00175223,0.00175223,0.00175223,1662160260,2022-09-02T23:11:00
0.00173814,0.00173814,0.00173814,0.00173814,1662158880,2022-09-02T22:48:00
0.00182522,0.00182522,0.00182522,0.00182522,1662130860,2022-09-02T15:01:00
0.00174187,0.00174187,0.00174187,0.00174187,1662082560,2022-09-02T01:36:00
0.00174386,0.00174386,0.00174386,0.00174386,1662063060,2022-09-01T20:11:00
0.00171467,0.00171467,0.00171467,0.00171467,1662027000,2022-09-01T10:10:00
0.00171057,0.00171057,0.00171057,0.00171057,1661995080,2022-09-01T01:18:00
0.00173457,0.00173457,0.00173457,0.00173457,1661974320,2022-08-31T19:32:00
0.00170037,0.00170037,0.00170037,0.00170037,1661970840,2022-08-31T18:34:00
0.00172655,0.00172655,0.00172655,0.00172655,1661949120,2022-08-31T12:32:00
0.00172083,0.00172083,0.00172083,0.00172083,1661947500,2022-08-31T12:05:00
0.00172035,0.00172035,0.00172035,0.00172035,1661945700,2022-08-31T11:35:00
0.00172047,0.00172047,0.00172047,0.00172047,1661923080,2022-08-31T05:18:00
0.00167254,0.00167254,0.00167254,0.00167254,1661900100,2022-08-30T22:55:00
0.00169544,0.00169544,0.00169544,0.00169544,1661892840,2022-08-30T20:54:00
0.00169628,0.00169628,0.00169628,0.00169628,1661892780,2022-08-30T20:53:00
0.00169738,0.00169738,0.00169738,0.00169738,1661892720,2022-08-30T20:52:00
0.0016985,0.0016985,0.0016985,0.0016985,1661892660,2022-08-30T20:51:00
0.00170054,0.00170054,0.00170054,0.00170054,1661892540,2022-08-30T20:49:00
0.00169948,0.00169948,0.00169948,0.00169948,1661892360,2022-08-30T20:46:00
0.00169606,0.00169606,0.00169606,0.00169606,1661892240,2022-08-30T20:44:00
0.00169995,0.00169995,0.00169995,0.00169995,1661886840,2022-08-30T19:14:00
0.00166031,0.00166031,0.00166031,0.00166031,1661879700,2022-08-30T17:15:00
0.00173707,0.00173707,0.00173707,0.00173707,1661862780,2022-08-30T12:33:00
0.00170585,0.00170585,0.00170585,0.00170585,1661816040,2022-08-29T23:34:00
0.00172224,0.00172224,0.00172224,0.00172224,1661811540,2022-08-29T22:19:00
0.00172915,0.00172915,0.00172915,0.00172915,1661806200,2022-08-29T20:50:00
0.00171408,0.00171408,0.00171408,0.00171408,1661798340,2022-08-29T18:39:00
0.0016832,0.0016832,0.0016832,0.0016832,1661776620,2022-08-29T12:37:00
0.00166664,0.00166664,0.00166664,0.00166664,1661766960,2022-08-29T09:56:00
0.00167421,0.00167421,0.00167421,0.00167421,1661765760,2022-08-29T09:36:00
0.00165925,0.00166055,0.00165925,0.00166055,1661730780,2022-08-28T23:53:00
0.00167566,0.00167566,0.00167566,0.00167566,1661727720,2022-08-28T23:02:00
0.00168661,0.00168661,0.00168661,0.00168661,1661721060,2022-08-28T21:11:00
0.00167343,0.00167343,0.00167343,0.00167343,1661719500,2022-08-28T20:45:00
0.00166755,0.00166755,0.00166755,0.00166755,1661713620,2022-08-28T19:07:00
0.0016771,0.0016771,0.0016771,0.0016771,1661710440,2022-08-28T18:14:00
0.00168569,0.00168569,0.00168569,0.00168569,1661691660,2022-08-28T13:01:00
0.00169318,0.00169318,0.00169318,0.00169318,1661643000,2022-08-27T23:30:00
0.00167933,0.00167933,0.00167933,0.00167933,1661626620,2022-08-27T18:57:00
0.00166914,0.00166914,0.00166914,0.00166914,1661617620,2022-08-27T16:27:00
0.00170367,0.00170367,0.00170367,0.00170367,1661606580,2022-08-27T13:23:00
0.00170039,0.00170039,0.00170039,0.00170039,1661567340,2022-08-27T02:29:00
0.00169422,0.00169422,0.00169422,0.00169422,1661557560,2022-08-26T23:46:00
0.00174147,0.00174147,0.00174147,0.00174147,1661543940,2022-08-26T19:59:00
0.00181236,0.00181236,0.00181236,0.00181236,1661526240,2022-08-26T15:04:00
0.00184671,0.00184671,0.00184671,0.00184671,1661497740,2022-08-26T07:09:00
0.00186467,0.00186467,0.00186467,0.00186467,1661476320,2022-08-26T01:12:00
0.00188448,0.00188448,0.00188448,0.00188448,1661460420,2022-08-25T20:47:00
0.00188437,0.00188437,0.00188437,0.00188437,1661460300,2022-08-25T20:45:00
0.00186111,0.00186111,0.00186111,0.00186111,1661454960,2022-08-25T19:16:00
0.00185929,0.00185929,0.00185929,0.00185929,1661449380,2022-08-25T17:43:00
0.00185025,0.00185025,0.00185025,0.00185025,1661436840,2022-08-25T14:14:00
0.00184278,0.00184278,0.00184278,0.00184278,1661427480,2022-08-25T11:38:00
0.00182871,0.00182871,0.00182871,0.00182871,1661413680,2022-08-25T07:48:00
0.00187503,0.00187503,0.00187503,0.00187503,1661413320,2022-08-25T07:42:00
0.00186035,0.00186035,0.00186035,0.00186035,1661379840,2022-08-24T22:24:00
0.00186605,0.00186605,0.00186605,0.00186605,1661375280,2022-08-24T21:08:00
0.00186293,0.00186293,0.00186293,0.00186293,1661300220,2022-08-24T00:17:00
0.00188457,0.00188457,0.00188457,0.00188457,1661299320,2022-08-24T00:02:00
0.00188399,0.00188399,0.00188399,0.00188399,1661299200,2022-08-24T00:00:00
0.00190425,0.00190425,0.00190425,0.00190425,1661298420,2022-08-23T23:47:00
0.00189076,0.00189076,0.00189076,0.00189076,1661287200,2022-08-23T20:40:00
0.0019013,0.0019013,0.0019013,0.0019013,1661272320,2022-08-23T16:32:00
0.00193224,0.00193224,0.00193224,0.00193224,1661271240,2022-08-23T16:14:00
0.00191947,0.00191947,0.00191947,0.00191947,1661271120,2022-08-23T16:12:00
0.00189201,0.00190302,0.00189201,0.00190302,1661270940,2022-08-23T16:09:00
0.00185172,0.00185172,0.00185172,0.00185172,1661221740,2022-08-23T02:29:00
0.00184521,0.00184521,0.00184521,0.00184521,1661221200,2022-08-23T02:20:00
0.00184369,0.00184369,0.00184369,0.00184369,1661221080,2022-08-23T02:18:00
0.00178749,0.00178749,0.00178749,0.00178749,1661211840,2022-08-22T23:44:00
0.0017775,0.0017775,0.0017775,0.0017775,1661207280,2022-08-22T22:28:00
0.00176149,0.00176149,0.00176149,0.00176149,1661174880,2022-08-22T13:28:00
0.00191762,0.00191762,0.00191762,0.00191762,1661130120,2022-08-22T01:02:00
0.00189362,0.00189362,0.00189362,0.00189362,1661125980,2022-08-21T23:53:00
0.00188749,0.00188749,0.00188749,0.00188749,1661088840,2022-08-21T13:34:00
0.00184737,0.00184737,0.00184737,0.00184737,1661076840,2022-08-21T10:14:00
0.00179388,0.00179388,0.00179388,0.00179388,1661053380,2022-08-21T03:43:00
0.00180319,0.00180319,0.00180319,0.00180319,1661053320,2022-08-21T03:42:00
0.00179459,0.00179459,0.00179459,0.00179459,1661052720,2022-08-21T03:32:00
0.0017845,0.0017845,0.0017845,0.0017845,1661051640,2022-08-21T03:14:00
0.00179329,0.00179329,0.00179329,0.00179329,1661051580,2022-08-21T03:13:00
0.00178544,0.00178544,0.00178544,0.00178544,1661049540,2022-08-21T02:39:00
0.00175532,0.00175532,0.00175532,0.00175532,1661035740,2022-08-20T22:49:00
0.00175842,0.00175842,0.00175842,0.00175842,1661035140,2022-08-20T22:39:00
0.00175413,0.00175413,0.00175413,0.00175413,1661033100,2022-08-20T22:05:00
0.00173601,0.00173601,0.00173601,0.00173601,1661032620,2022-08-20T21:57:00
0.00174417,0.00174417,0.00174417,0.00174417,1661028660,2022-08-20T20:51:00
0.00174543,0.00174543,0.00174543,0.00174543,1661023740,2022-08-20T19:29:00
0.00180309,0.00180309,0.00180309,0.00180309,1660993380,2022-08-20T11:03:00
0.00178652,0.00178652,0.00178652,0.00178652,1660950600,2022-08-19T23:10:00
0.0018121,0.0018121,0.0018121,0.0018121,1660946220,2022-08-19T21:57:00
0.00189352,0.00189352,0.00189352,0.00189352,1660902900,2022-08-19T09:55:00
0.00193516,0.00193516,0.00193516,0.00193516,1660892400,2022-08-19T07:00:00
0.00201468,0.00201468,0.00201468,0.00201468,1660888440,2022-08-19T05:54:00
0.00203762,0.00203762,0.00203762,0.00203762,1660882440,2022-08-19T04:14:00
0.00206331,0.00206331,0.00206331,0.00206331,1660879860,2022-08-19T03:31:00
0.00206888,0.00206888,0.00206888,0.00206888,1660872240,2022-08-19T01:24:00
0.00214021,0.00214021,0.00214021,0.00214021,1660847880,2022-08-18T18:38:00
0.00213932,0.00213932,0.00213932,0.00213932,1660847820,2022-08-18T18:37:00
0.00215952,0.00216114,0.00215952,0.00216114,1660847760,2022-08-18T18:36:00
0.00217335,0.00217335,0.00217335,0.00217335,1660823400,2022-08-18T11:50:00
0.00219274,0.00219274,0.00219274,0.00219274,1660822560,2022-08-18T11:36:00
0.00217568,0.00217568,0.00217568,0.00217568,1660808220,2022-08-18T07:37:00
0.00222505,0.00222505,0.00222505,0.00222505,1660798260,2022-08-18T04:51:00
0.00211098,0.00211098,0.00211098,0.00211098,1660773840,2022-08-17T22:04:00
0.00211703,0.00211703,0.00211703,0.00211703,1660762560,2022-08-17T18:56:00
0.00211895,0.00211895,0.00211895,0.00211895,1660760220,2022-08-17T18:17:00
0.00209726,0.0021092,0.00209726,0.0021092,1660753260,2022-08-17T16:21:00
0.0020977,0.0020977,0.0020977,0.0020977,1660753140,2022-08-17T16:19:00
0.0021712,0.0021712,0.0021712,0.0021712,1660741920,2022-08-17T13:12:00
0.00225552,0.00225552,0.00225552,0.00225552,1660719240,2022-08-17T06:54:00
0.00223535,0.00223535,0.00223535,0.00223535,1660714500,2022-08-17T05:35:00
0.00220106,0.00220106,0.00220106,0.00220106,1660687200,2022-08-16T22:00:00
0.0022367,0.0022367,0.0022367,0.0022367,1660681440,2022-08-16T20:24:00
0.00230103,0.00230103,0.00230103,0.00230103,1660669740,2022-08-16T17:09:00
0.00224899,0.00224899,0.00224899,0.00224899,1660663200,2022-08-16T15:20:00
0.00221803,0.00221803,0.00221803,0.00221803,1660663140,2022-08-16T15:19:00
0.00220276,0.00220276,0.00220276,0.00220276,1660661280,2022-08-16T14:48:00
0.00223688,0.00223688,0.00223688,0.00223688,1660661100,2022-08-16T14:45:00
0.00227987,0.00229735,0.00227987,0.00229735,1660657020,2022-08-16T13:37:00
0.00225788,0.00225788,0.00225788,0.00225788,1660656840,2022-08-16T13:34:00
0.00221228,0.00221228,0.00221228,0.00221228,1660627320,2022-08-16T05:22:00
0.00221992,0.00221992,0.00221992,0.00221992,1660626960,2022-08-16T05:16:00
0.002216,0.002216,0.002216,0.002216,1660626180,2022-08-16T05:03:00
0.00221456,0.00221456,0.00221456,0.00221456,1660624200,2022-08-16T04:30:00
0.00218947,0.00218947,0.00218947,0.00218947,1660619880,2022-08-16T03:18:00
0.00218433,0.00218433,0.00218433,0.00218433,1660619760,2022-08-16T03:16:00
0.00221811,0.00221811,0.00221811,0.00221811,1660552560,2022-08-15T08:36:00
0.00225309,0.00225309,0.00225309,0.00225309,1660550160,2022-08-15T07:56:00
0.00220498,0.00220498,0.00220498,0.00220498,1660546260,2022-08-15T06:51:00
0.00228829,0.00228829,0.00228829,0.00228829,1660491420,2022-08-14T15:37:00
0.00225618,0.00225618,0.00225618,0.00225618,1660462200,2022-08-14T07:30:00
0.00225108,0.00225108,0.00225108,0.00225108,1660460640,2022-08-14T07:04:00
0.00225024,0.00225024,0.00225024,0.00225024,1660446840,2022-08-14T03:14:00
0.00225756,0.00225756,0.00225756,0.00225756,1660446240,2022-08-14T03:04:00
0.00224854,0.00224854,0.00224854,0.00224854,1660444380,2022-08-14T02:33:00
0.00222936,0.00222936,0.00222936,0.00222936,1660391580,2022-08-13T11:53:00
0.00226549,0.00226549,0.00226549,0.00226549,1660384020,2022-08-13T09:47:00
0.00228326,0.00228326,0.00228326,0.00228326,1660368900,2022-08-13T05:35:00
0.00225643,0.00225643,0.00225643,0.00225643,1660347420,2022-08-12T23:37:00
0.0022499,0.0022499,0.0022499,0.0022499,1660347240,2022-08-12T23:34:00
0.00224376,0.00224376,0.00224376,0.00224376,1660346280,2022-08-12T23:18:00
0.00221205,0.00221205,0.00221205,0.00221205,1660287120,2022-08-12T06:52:00
0.00220337,0.00220337,0.00220337,0.00220337,1660258920,2022-08-11T23:02:00
0.00229171,0.00229171,0.00225551,0.00225551,1660258860,2022-08-11T23:01:00
0.00232697,0.00232697,0.00232697,0.00232697,1660258680,2022-08-11T22:58:00
0.00225738,0.00225738,0.00225738,0.00225738,1660220520,2022-08-11T12:22:00
0.0022835,0.0022835,0.0022835,0.0022835,1660220160,2022-08-11T12:16:00
0.00227476,0.00227476,0.00227476,0.00227476,1660217640,2022-08-11T11:34:00
0.00218728,0.00218728,0.00218728,0.00218728,1660160580,2022-08-10T19:43:00
0.00222444,0.00222444,0.00222444,0.00222444,1660145760,2022-08-10T15:36:00
0.00217727,0.00217727,0.00217727,0.00217727,1660135560,2022-08-10T12:46:00
0.00218963,0.00218963,0.00218963,0.00218963,1660135140,2022-08-10T12:39:00
0.00215002,0.00215002,0.00215002,0.00215002,1660134840,2022-08-10T12:34:00
0.00211249,0.00211249,0.00211249,0.00211249,1660082280,2022-08-09T21:58:00
0.00214695,0.00214695,0.00214695,0.00214695,1660081800,2022-08-09T21:50:00
0.00218569,0.00218569,0.00216681,0.00216681,1660041840,2022-08-09T10:44:00
0.00228135,0.00228135,0.00228135,0.00228135,1660035480,2022-08-09T08:58:00
0.00230249,0.00230249,0.00230249,0.00230249,1660032120,2022-08-09T08:02:00
0.00232136,0.00232136,0.00232136,0.00232136,1660019160,2022-08-09T04:26:00
0.00229902,0.00229902,0.00229902,0.00229902,1660013880,2022-08-09T02:58:00
0.00231691,0.00231691,0.00231691,0.00231691,1660001340,2022-08-08T23:29:00
0.00231478,0.00231478,0.00231478,0.00231478,1660001280,2022-08-08T23:28:00
0.00235133,0.00235133,0.00235133,0.00235133,1659985800,2022-08-08T19:10:00
0.00237332,0.00237332,0.00237332,0.00237332,1659981180,2022-08-08T17:53:00
0.00240778,0.00240778,0.00240778,0.00240778,1659980220,2022-08-08T17:37:00
0.00242561,0.00242561,0.00242561,0.00242561,1659980100,2022-08-08T17:35:00
0.00242467,0.00242467,0.00242467,0.00242467,1659979860,2022-08-08T17:31:00
0.00245659,0.00245659,0.00245659,0.00245659,1659979500,2022-08-08T17:25:00
0.00241093,0.00243901,0.00241093,0.00243901,1659979380,2022-08-08T17:23:00
0.00238244,0.00238244,0.00238244,0.00238244,1659979320,2022-08-08T17:22:00
0.00234617,0.0023553,0.00234617,0.0023553,1659979260,2022-08-08T17:21:00
0.00232762,0.00233561,0.00232762,0.00233561,1659979140,2022-08-08T17:19:00
0.00231516,0.00231516,0.00231516,0.00231516,1659977880,2022-08-08T16:58:00
0.00230749,0.00230749,0.00230749,0.00230749,1659977580,2022-08-08T16:53:00
0.00229254,0.00229254,0.00229254,0.00229254,1659976080,2022-08-08T16:28:00
0.00229556,0.00229556,0.0022878,0.0022878,1659975540,2022-08-08T16:19:00
0.00234738,0.00234738,0.00234738,0.00234738,1659974280,2022-08-08T15:58:00
0.00233803,0.00233803,0.00233803,0.00233803,1659974040,2022-08-08T15:54:00
0.00237505,0.00237505,0.00237505,0.00237505,1659971400,2022-08-08T15:10:00
0.00239841,0.00239841,0.00239841,0.00239841,1659969840,2022-08-08T14:44:00
0.00239477,0.00239477,0.00239477,0.00239477,1659966600,2022-08-08T13:50:00
0.00237864,0.00237864,0.00237864,0.00237864,1659965220,2022-08-08T13:27:00
0.00236909,0.00236909,0.00236909,0.00236909,1659962040,2022-08-08T12:34:00
0.00235621,0.00236004,0.00235621,0.00236004,1659961920,2022-08-08T12:32:00
0.00231999,0.00231999,0.00231999,0.00231999,1659961860,2022-08-08T12:31:00
0.00231049,0.00231049,0.00231049,0.00231049,1659961320,2022-08-08T12:22:00
0.0023027,0.0023027,0.0023027,0.0023027,1659961020,2022-08-08T12:17:00
0.0022686,0.0022686,0.0022686,0.0022686,1659959280,2022-08-08T11:48:00
0.00224888,0.00224888,0.00224888,0.00224888,1659949380,2022-08-08T09:03:00
0.00225013,0.00225013,0.00225013,0.00225013,1659949320,2022-08-08T09:02:00
0.00228302,0.00228302,0.00228302,0.00228302,1659949260,2022-08-08T09:01:00
0.00225042,0.00225042,0.00225042,0.00225042,1659942120,2022-08-08T07:02:00
0.00223775,0.00223775,0.00223775,0.00223775,1659935220,2022-08-08T05:07:00
0.00223202,0.00223202,0.00222025,0.00222025,1659932820,2022-08-08T04:27:00
0.00222847,0.00222847,0.00222847,0.00222847,1659930000,2022-08-08T03:40:00
0.0022183,0.0022183,0.0022183,0.0022183,1659929520,2022-08-08T03:32:00
0.00220482,0.00220482,0.00220482,0.00220482,1659927060,2022-08-08T02:51:00
0.00220453,0.00220453,0.00220453,0.00220453,1659926940,2022-08-08T02:49:00
0.0021838,0.0021838,0.0021838,0.0021838,1659924000,2022-08-08T02:00:00
0.00217388,0.00217388,0.00217388,0.00217388,1659919140,2022-08-08T00:39:00
0.00218797,0.00218797,0.00218797,0.00218797,1659918660,2022-08-08T00:31:00
0.0021842,0.0021842,0.0021842,0.0021842,1659918420,2022-08-08T00:27:00
0.00216678,0.00216678,0.00216678,0.00216678,1659917640,2022-08-08T00:14:00
0.00215581,0.00215581,0.00215581,0.00215581,1659917400,2022-08-08T00:10:00
0.00214091,0.00214091,0.00214091,0.00214091,1659917280,2022-08-08T00:08:00
0.00212452,0.00212452,0.00212452,0.00212452,1659917160,2022-08-08T00:06:00
0.00212956,0.00212956,0.00212956,0.00212956,1659908400,2022-08-07T21:40:00
0.00214217,0.00214217,0.00214217,0.00214217,1659908340,2022-08-07T21:39:00
0.00211473,0.00211473,0.00211473,0.00211473,1659887640,2022-08-07T15:54:00
0.0021081,0.0021081,0.0021081,0.0021081,1659886680,2022-08-07T15:38:00
0.00209906,0.00209906,0.00209906,0.00209906,1659885660,2022-08-07T15:21:00
0.00209022,0.00209022,0.00209022,0.00209022,1659882720,2022-08-07T14:32:00
0.0020833,0.0020833,0.0020833,0.0020833,1659872100,2022-08-07T11:35:00
0.00207751,0.00207751,0.00207751,0.00207751,1659870840,2022-08-07T11:14:00
0.00209744,0.00209744,0.00209744,0.00209744,1659851760,2022-08-07T05:56:00
0.00213114,0.00213114,0.00213114,0.00213114,1659815880,2022-08-06T19:58:00
0.00213179,0.00213179,0.00213179,0.00213179,1659807420,2022-08-06T17:37:00
0.00217903,0.00217903,0.00217903,0.00217903,1659796440,2022-08-06T14:34:00
0.00223027,0.00223027,0.00223027,0.00223027,1659763380,2022-08-06T05:23:00
0.00225208,0.00225208,0.00225208,0.00225208,1659747840,2022-08-06T01:04:00
0.00219234,0.00219234,0.00219234,0.00219234,1659734580,2022-08-05T21:23:00
0.00217661,0.00217661,0.00217661,0.00217661,1659696060,2022-08-05T10:41:00
0.00220138,0.00220138,0.00220138,0.00220138,1659691680,2022-08-05T09:28:00
0.00221283,0.00221283,0.00221283,0.00221283,1659687720,2022-08-05T08:22:00
0.00222803,0.00222803,0.00222803,0.00222803,1659687660,2022-08-05T08:21:00
0.00222879,0.00222879,0.00222879,0.00222879,1659687600,2022-08-05T08:20:00
0.00220684,0.00220684,0.00220684,0.00220684,1659687540,2022-08-05T08:19:00
0.00215058,0.00215058,0.00215058,0.00215058,1659687420,2022-08-05T08:17:00
0.00204488,0.00204488,0.00204488,0.00204488,1659631800,2022-08-04T16:50:00
0.00207496,0.00207496,0.00207496,0.00207496,1659627180,2022-08-04T15:33:00
0.0021543,0.0021543,0.0021543,0.0021543,1659621600,2022-08-04T14:00:00
0.00215225,0.00215225,0.00215225,0.00215225,1659611400,2022-08-04T11:10:00
0.00216725,0.00216725,0.00216725,0.00216725,1659610860,2022-08-04T11:01:00
0.00216632,0.00216632,0.00216632,0.00216632,1659601080,2022-08-04T08:18:00
0.00217218,0.00217218,0.00217218,0.00217218,1659599460,2022-08-04T07:51:00
0.0021893,0.0021893,0.0021893,0.0021893,1659567480,2022-08-03T22:58:00
0.00218956,0.00218956,0.00218956,0.00218956,1659566820,2022-08-03T22:47:00
0.00227778,0.00227778,0.00227778,0.00227778,1659552360,2022-08-03T18:46:00
0.00229057,0.00229057,0.00229057,0.00229057,1659550740,2022-08-03T18:19:00
0.00228837,0.00228837,0.00228837,0.00228837,1659550680,2022-08-03T18:18:00
0.00226353,0.00226353,0.00226353,0.00226353,1659550560,2022-08-03T18:16:00
0.00221502,0.0022654,0.00221502,0.0022654,1659550500,2022-08-03T18:15:00
0.00221329,0.00221329,0.00221329,0.00221329,1659548820,2022-08-03T17:47:00
0.00220802,0.00220802,0.00220802,0.00220802,1659546120,2022-08-03T17:02:00
0.00219363,0.00219363,0.00219363,0.00219363,1659544440,2022-08-03T16:34:00
0.00222271,0.00222271,0.00222271,0.00222271,1659544260,2022-08-03T16:31:00
0.0022411,0.00224993,0.0022411,0.00224993,1659544200,2022-08-03T16:30:00
0.00208148,0.00220393,0.00208148,0.00220393,1659543900,2022-08-03T16:25:00
0.00210829,0.00210829,0.00210829,0.00210829,1659529260,2022-08-03T12:21:00
0.00209942,0.00209942,0.00209942,0.00209942,1659524400,2022-08-03T11:00:00
0.00206848,0.00206848,0.00206848,0.00206848,1659524340,2022-08-03T10:59:00
0.00205307,0.00205307,0.00205307,0.00205307,1659524280,2022-08-03T10:58:00
0.00202015,0.00202015,0.00202015,0.00202015,1659514140,2022-08-03T08:09:00
0.0019997,0.0019997,0.0019997,0.0019997,1659514020,2022-08-03T08:07:00
0.00199585,0.00199585,0.00199585,0.00199585,1659485940,2022-08-03T00:19:00
0.00199279,0.00199279,0.00199279,0.00199279,1659485880,2022-08-03T00:18:00
0.0020267,0.0020267,0.0020267,0.0020267,1659471000,2022-08-02T20:10:00
0.00210723,0.00210723,0.00210723,0.00210723,1659462960,2022-08-02T17:56:00
0.00194716,0.00194716,0.00194716,0.00194716,1659431160,2022-08-02T09:06:00
0.00195628,0.00195628,0.00195628,0.00195628,1659430920,2022-08-02T09:02:00
0.00195535,0.00195535,0.00195535,0.00195535,1659422160,2022-08-02T06:36:00
0.00193919,0.00193919,0.00193919,0.00193919,1659419940,2022-08-02T05:59:00
0.00196491,0.00196491,0.00196491,0.00196491,1659405600,2022-08-02T02:00:00
0.00199187,0.00199187,0.00199187,0.00199187,1659405540,2022-08-02T01:59:00
0.00207549,0.00207549,0.00207549,0.00207549,1659389760,2022-08-01T21:36:00
0.00206094,0.00206094,0.00206094,0.00206094,1659389640,2022-08-01T21:34:00
0.00204682,0.00204682,0.00204682,0.00204682,1659384180,2022-08-01T20:03:00
0.00205199,0.00205199,0.00205199,0.00205199,1659383820,2022-08-01T19:57:00
0.00206177,0.00206177,0.00206177,0.00206177,1659383760,2022-08-01T19:56:00
0.00207505,0.00207668,0.00207505,0.00207668,1659383700,2022-08-01T19:55:00
0.00210362,0.00210362,0.00209456,0.00209456,1659383640,2022-08-01T19:54:00
0.00212909,0.00212909,0.00212909,0.00212909,1659378840,2022-08-01T18:34:00
0.00211211,0.00211211,0.00211211,0.00211211,1659378780,2022-08-01T18:33:00
0.00215023,0.00215023,0.00215023,0.00215023,1659362940,2022-08-01T14:09:00
0.00219169,0.00219169,0.00219169,0.00219169,1659348120,2022-08-01T10:02:00
0.00226829,0.00226829,0.00226829,0.00226829,1659307380,2022-07-31T22:43:00
0.00222999,0.00222999,0.00222999,0.00222999,1659294840,2022-07-31T19:14:00
0.00223075,0.00223075,0.00223075,0.00223075,1659290940,2022-07-31T18:09:00
0.00224167,0.00224167,0.00224167,0.00224167,1659275820,2022-07-31T13:57:00
0.00224001,0.00224001,0.00224001,0.00224001,1659275760,2022-07-31T13:56:00
0.00223601,0.00223601,0.00223601,0.00223601,1659232380,2022-07-31T01:53:00
0.00225163,0.00225163,0.00225163,0.00225163,1659232320,2022-07-31T01:52:00
0.00226491,0.00228645,0.00226491,0.00228645,1659194160,2022-07-30T15:16:00
0.00226739,0.00226739,0.00226739,0.00226739,1659192540,2022-07-30T14:49:00
0.00229462,0.00229462,0.00229462,0.00229462,1659191580,2022-07-30T14:33:00
0.00229419,0.00229419,0.00229419,0.00229419,1659191520,2022-07-30T14:32:00
0.00228037,0.00228037,0.00228037,0.00228037,1659191460,2022-07-30T14:31:00
0.00226361,0.00226361,0.00226361,0.00226361,1659189840,2022-07-30T14:04:00
0.00227476,0.00227476,0.00227476,0.00227476,1659189780,2022-07-30T14:03:00
0.00225838,0.00225838,0.00225838,0.00225838,1659189720,2022-07-30T14:02:00
0.00223336,0.00223336,0.00223336,0.00223336,1659184860,2022-07-30T12:41:00
0.00222407,0.00222407,0.00222407,0.00222407,1659184740,2022-07-30T12:39:00
0.00221274,0.00221274,0.00221274,0.00221274,1659184380,2022-07-30T12:33:00
0.00219969,0.00219969,0.00219969,0.00219969,1659184260,2022-07-30T12:31:00
0.0021913,0.0021913,0.0021913,0.0021913,1659182880,2022-07-30T12:08:00
0.00216207,0.00217301,0.00216207,0.00217301,1659180240,2022-07-30T11:24:00
0.00225398,0.00225398,0.00225398,0.00225398,1659161760,2022-07-30T06:16:00
0.00227253,0.00227253,0.00227253,0.00227253,1659141840,2022-07-30T00:44:00
0.00229003,0.00229003,0.00229003,0.00229003,1659131160,2022-07-29T21:46:00
0.00229256,0.00229256,0.00229256,0.00229256,1659125460,2022-07-29T20:11:00
0.00223642,0.00223642,0.00223642,0.00223642,1659115800,2022-07-29T17:30:00
0.00223967,0.00223967,0.00223187,0.00223187,1659115740,2022-07-29T17:29:00
0.00236861,0.00236861,0.00236861,0.00236861,1659103560,2022-07-29T14:06:00
0.00237359,0.00237359,0.00237359,0.00237359,1659102900,2022-07-29T13:55:00
0.00237021,0.00237021,0.00237021,0.00237021,1659098460,2022-07-29T12:41:00
0.00239408,0.00239408,0.00239408,0.00239408,1659097020,2022-07-29T12:17:00
0.00241493,0.00241493,0.00241493,0.00241493,1659096540,2022-07-29T12:09:00
0.00240457,0.00240457,0.00240457,0.00240457,1659096360,2022-07-29T12:06:00
0.00243218,0.00243218,0.00243218,0.00243218,1659093780,2022-07-29T11:23:00
0.0024289,0.0024289,0.0024289,0.0024289,1659093420,2022-07-29T11:17:00
0.00244042,0.00244042,0.00244042,0.00244042,1659089880,2022-07-29T10:18:00
0.00244889,0.00244889,0.00243717,0.00243717,1659089340,2022-07-29T10:09:00
0.00245075,0.00245075,0.00244799,0.00244799,1659085680,2022-07-29T09:08:00
0.00251687,0.00251687,0.00251687,0.00251687,1659073500,2022-07-29T05:45:00
0.0024984,0.0024984,0.0024984,0.0024984,1659068880,2022-07-29T04:28:00
0.00247125,0.00247125,0.00247125,0.00247125,1659059700,2022-07-29T01:55:00
0.00249044,0.00249044,0.00249044,0.00249044,1659055680,2022-07-29T00:48:00
0.00251184,0.00251184,0.00251184,0.00251184,1659038280,2022-07-28T19:58:00
0.00250445,0.00250445,0.00250445,0.00250445,1659037500,2022-07-28T19:45:00
0.00251376,0.00251376,0.00251376,0.00251376,1659037440,2022-07-28T19:44:00
0.00256069,0.00256069,0.00255537,0.00255537,1659037380,2022-07-28T19:43:00
0.00252561,0.00258995,0.00252561,0.00258995,1659037320,2022-07-28T19:42:00
0.00249022,0.00249022,0.00249022,0.00249022,1659037260,2022-07-28T19:41:00
0.00247574,0.00247574,0.00247574,0.00247574,1659037080,2022-07-28T19:38:00
0.00245277,0.00245277,0.00245277,0.00245277,1659028500,2022-07-28T17:15:00
0.00242877,0.00242877,0.00242877,0.00242877,1659021360,2022-07-28T15:16:00
0.00230065,0.00230065,0.00230065,0.00230065,1659016920,2022-07-28T14:02:00
0.00235164,0.00235164,0.00235164,0.00235164,1659009960,2022-07-28T12:06:00
0.00234146,0.00234146,0.00234146,0.00234146,1659009000,2022-07-28T11:50:00
0.0023316,0.0023316,0.0023316,0.0023316,1659008940,2022-07-28T11:49:00
0.00232915,0.00232915,0.00232915,0.00232915,1659008880,2022-07-28T11:48:00
0.00230913,0.00230913,0.00230913,0.00230913,1659007980,2022-07-28T11:33:00
0.00229803,0.00229856,0.00229803,0.00229856,1659006240,2022-07-28T11:04:00
0.00233669,0.00233669,0.00233669,0.00233669,1659005820,2022-07-28T10:57:00
0.00236705,0.00236705,0.00236705,0.00236705,1659005160,2022-07-28T10:46:00
0.00236755,0.00236755,0.00236755,0.00236755,1659005100,2022-07-28T10:45:00
0.00236049,0.00236049,0.00236049,0.00236049,1658998920,2022-07-28T09:02:00
0.00234977,0.00234977,0.00234977,0.00234977,1658998500,2022-07-28T08:55:00
0.00233996,0.00233996,0.00233996,0.00233996,1658998380,2022-07-28T08:53:00
0.00233164,0.00233164,0.00233164,0.00233164,1658998320,2022-07-28T08:52:00
0.00233251,0.00233251,0.00233251,0.00233251,1658996880,2022-07-28T08:28:00
0.00235047,0.00235047,0.00235047,0.00235047,1658994900,2022-07-28T07:55:00
0.00236748,0.00236748,0.00236748,0.00236748,1658994420,2022-07-28T07:47:00
0.0023664,0.0023664,0.0023664,0.0023664,1658994120,2022-07-28T07:42:00
0.00235634,0.00235634,0.00235634,0.00235634,1658993700,2022-07-28T07:35:00
0.00235546,0.00235546,0.00235546,0.00235546,1658991420,2022-07-28T06:57:00
0.00236916,0.00236916,0.00236916,0.00236916,1658991360,2022-07-28T06:56:00
0.00236219,0.00236219,0.00236219,0.00236219,1658990760,2022-07-28T06:46:00
0.00234722,0.00234722,0.00234722,0.00234722,1658989620,2022-07-28T06:27:00
0.00236691,0.00236916,0.00236691,0.00236916,1658989560,2022-07-28T06:26:00
0.00239095,0.00239095,0.00239095,0.00239095,1658985480,2022-07-28T05:18:00
0.00241272,0.00242221,0.00241272,0.00242221,1658984820,2022-07-28T05:07:00
0.00237755,0.00238376,0.00237755,0.00238376,1658984760,2022-07-28T05:06:00
0.00236427,0.00236427,0.00236427,0.00236427,1658984640,2022-07-28T05:04:00
0.00235784,0.00235784,0.00235784,0.00235784,1658984580,2022-07-28T05:03:00
0.00231345,0.00231345,0.00231345,0.00231345,1658984520,2022-07-28T05:02:00
0.00229216,0.00229216,0.00229216,0.00229216,1658984460,2022-07-28T05:01:00
0.00228422,0.00228422,0.00228422,0.00228422,1658982240,2022-07-28T04:24:00
0.00227618,0.00227618,0.00227618,0.00227618,1658982060,2022-07-28T04:21:00
0.00227623,0.00227623,0.00227623,0.00227623,1658982000,2022-07-28T04:20:00
0.00229848,0.00229848,0.00229848,0.00229848,1658981700,2022-07-28T04:15:00
0.00231327,0.00232089,0.00231327,0.00232089,1658981340,2022-07-28T04:09:00
0.00228578,0.00230048,0.00228578,0.00230048,1658981160,2022-07-28T04:06:00
0.00226949,0.00226949,0.00226949,0.00226949,1658981100,2022-07-28T04:05:00
0.00227184,0.00227184,0.00227184,0.00227184,1658980560,2022-07-28T03:56:00
0.00229805,0.00229805,0.00229805,0.00229805,1658980260,2022-07-28T03:51:00
0.00226191,0.00228807,0.00226191,0.00228807,1658980140,2022-07-28T03:49:00
0.00225548,0.00225548,0.00225548,0.00225548,1658980020,2022-07-28T03:47:00
0.00223962,0.00223962,0.00223962,0.00223962,1658979960,2022-07-28T03:46:00
0.00223545,0.00225043,0.00223545,0.00225043,1658979900,2022-07-28T03:45:00
0.00222447,0.00222447,0.00222305,0.00222305,1658979840,2022-07-28T03:44:00
0.00220943,0.00220943,0.00220943,0.00220943,1658979780,2022-07-28T03:43:00
0.00218811,0.00220367,0.00218811,0.00220367,1658979720,2022-07-28T03:42:00
0.00220023,0.00220023,0.00220023,0.00220023,1658979660,2022-07-28T03:41:00
0.00219464,0.00219464,0.00219464,0.00219464,1658979600,2022-07-28T03:40:00
0.00215887,0.00215887,0.00215887,0.00215887,1658979480,2022-07-28T03:38:00
0.00215202,0.00215202,0.00215202,0.00215202,1658977080,2022-07-28T02:58:00
0.00214821,0.00214821,0.00214821,0.00214821,1658976600,2022-07-28T02:50:00
0.00217096,0.00217096,0.00217096,0.00217096,1658976540,2022-07-28T02:49:00
0.00210377,0.00210377,0.00210377,0.00210377,1658954580,2022-07-27T20:43:00
0.00210238,0.00210238,0.00210238,0.00210238,1658954520,2022-07-27T20:42:00
0.00212462,0.00212462,0.00212462,0.00212462,1658953800,2022-07-27T20:30:00
0.00205644,0.00205644,0.00205644,0.00205644,1658946420,2022-07-27T18:27:00
0.00198477,0.00198477,0.00198477,0.00198477,1658925960,2022-07-27T12:46:00
0.00197477,0.00197477,0.00197477,0.00197477,1658917020,2022-07-27T10:17:00
0.00197756,0.00197756,0.00197756,0.00197756,1658908440,2022-07-27T07:54:00
0.00198503,0.00198503,0.00197121,0.00197121,1658908320,2022-07-27T07:52:00
0.00197479,0.00197479,0.00197479,0.00197479,1658880720,2022-07-27T00:12:00
0.00190242,0.00190242,0.00190242,0.00190242,1658847240,2022-07-26T14:54:00
0.00192507,0.00192507,0.00192507,0.00192507,1658845800,2022-07-26T14:30:00
0.00191404,0.00191404,0.00191404,0.00191404,1658836500,2022-07-26T11:55:00
0.00195225,0.00195225,0.00195225,0.00195225,1658809620,2022-07-26T04:27:00
0.00204844,0.00204844,0.00204844,0.00204844,1658787780,2022-07-25T22:23:00
0.00206694,0.00206694,0.00206694,0.00206694,1658781000,2022-07-25T20:30:00
0.00204131,0.00204131,0.00204131,0.00204131,1658776800,2022-07-25T19:20:00
0.00207704,0.00207704,0.00207704,0.00207704,1658770440,2022-07-25T17:34:00
0.00208135,0.00208135,0.00208135,0.00208135,1658769660,2022-07-25T17:21:00
0.00206421,0.00206421,0.00206421,0.00206421,1658760420,2022-07-25T14:47:00
0.00205123,0.00205123,0.00205123,0.00205123,1658758140,2022-07-25T14:09:00
0.00206745,0.00206745,0.00206745,0.00206745,1658755500,2022-07-25T13:25:00
0.00205378,0.00205378,0.00205378,0.00205378,1658751000,2022-07-25T12:10:00
0.00207872,0.00207872,0.00207872,0.00207872,1658748420,2022-07-25T11:27:00
0.00199565,0.00199565,0.00199565,0.00199565,1658747640,2022-07-25T11:14:00
0.00197081,0.00197081,0.00197081,0.00197081,1658741820,2022-07-25T09:37:00
0.0019846,0.0019846,0.0019846,0.0019846,1658741460,2022-07-25T09:31:00
0.00194186,0.00194186,0.00194186,0.00194186,1658737260,2022-07-25T08:21:00
0.00194137,0.00194137,0.00194137,0.00194137,1658726820,2022-07-25T05:27:00
0.00194628,0.00194628,0.00194628,0.00194628,1658716020,2022-07-25T02:27:00
0.00202943,0.00202943,0.00202943,0.00202943,1658706540,2022-07-24T23:49:00
0.00207667,0.00207667,0.00207667,0.00207667,1658702820,2022-07-24T22:47:00
0.00202677,0.00202677,0.00202677,0.00202677,1658695920,2022-07-24T20:52:00
0.00202498,0.00202498,0.00202498,0.00202498,1658691120,2022-07-24T19:32:00
0.00202615,0.00202615,0.00202615,0.00202615,1658679600,2022-07-24T16:20:00
0.00203175,0.00203175,0.00203175,0.00203175,1658676960,2022-07-24T15:36:00
0.00203244,0.00203244,0.00203244,0.00203244,1658676180,2022-07-24T15:23:00
0.00194661,0.00194661,0.00194661,0.00194661,1658581500,2022-07-23T13:05:00
0.00193873,0.00193873,0.00193873,0.00193873,1658580900,2022-07-23T12:55:00
0.00200966,0.00200966,0.00200966,0.00200966,1658555280,2022-07-23T05:48:00
0.00200835,0.00200835,0.00200835,0.00200835,1658551800,2022-07-23T04:50:00
0.00196756,0.00196756,0.00196756,0.00196756,1658540280,2022-07-23T01:38:00
0.00197876,0.00197876,0.00197876,0.00197876,1658536560,2022-07-23T00:36:00
0.00197584,0.00197584,0.00197584,0.00197584,1658536500,2022-07-23T00:35:00
0.0019765,0.0019765,0.0019765,0.0019765,1658525160,2022-07-22T21:26:00
0.00204262,0.00204262,0.00204262,0.00204262,1658506380,2022-07-22T16:13:00
0.00211645,0.00211645,0.00211645,0.00211645,1658496900,2022-07-22T13:35:00
0.00212391,0.00212391,0.00212391,0.00212391,1658493600,2022-07-22T12:40:00
0.00214059,0.00214059,0.00214059,0.00214059,1658493240,2022-07-22T12:34:00
0.00212867,0.00212867,0.00212867,0.00212867,1658487300,2022-07-22T10:55:00
0.00212569,0.00212569,0.00212569,0.00212569,1658484960,2022-07-22T10:16:00
0.00207179,0.00207179,0.00207179,0.00207179,1658479680,2022-07-22T08:48:00
0.00206919,0.00206919,0.00206919,0.00206919,1658479200,2022-07-22T08:40:00
0.00205035,0.00205035,0.00205035,0.00205035,1658446560,2022-07-21T23:36:00
0.00205212,0.00205212,0.00205212,0.00205212,1658444340,2022-07-21T22:59:00
0.00205786,0.00205786,0.00205786,0.00205786,1658444280,2022-07-21T22:58:00
0.00205789,0.00205789,0.00205789,0.00205789,1658443920,2022-07-21T22:52:00
0.00207055,0.00207055,0.00207055,0.00207055,1658443860,2022-07-21T22:51:00
0.00209541,0.00209541,0.00209541,0.00209541,1658434440,2022-07-21T20:14:00
0.00205042,0.00205042,0.00205042,0.00205042,1658432640,2022-07-21T19:44:00
0.00205414,0.00205414,0.00205414,0.00205414,1658421840,2022-07-21T16:44:00
0.00202228,0.00202228,0.00202228,0.00202228,1658407680,2022-07-21T12:48:00
0.0019818,0.0019818,0.0019818,0.0019818,1658378220,2022-07-21T04:37:00
0.00199273,0.00199273,0.00199273,0.00199273,1658373540,2022-07-21T03:19:00
0.00208394,0.00208394,0.00208038,0.00208038,1658367060,2022-07-21T01:31:00
0.00207956,0.00207956,0.00207956,0.00207956,1658362500,2022-07-21T00:15:00
0.00211826,0.00211826,0.00211826,0.00211826,1658353440,2022-07-20T21:44:00
0.00209397,0.00209397,0.00209397,0.00209397,1658351100,2022-07-20T21:05:00
0.00208614,0.00208614,0.00208614,0.00208614,1658349480,2022-07-20T20:38:00
0.00208677,0.00208677,0.00208677,0.00208677,1658348580,2022-07-20T20:23:00
0.00208331,0.00208331,0.00208331,0.00208331,1658348520,2022-07-20T20:22:00
0.00216266,0.00216266,0.00216266,0.00216266,1658342400,2022-07-20T18:40:00
0.00222848,0.00222848,0.00222848,0.00222848,1658325780,2022-07-20T14:03:00
0.00224061,0.00224061,0.00224061,0.00224061,1658321700,2022-07-20T12:55:00
0.00221873,0.00221873,0.00221873,0.00221873,1658317320,2022-07-20T11:42:00
0.00216582,0.00216582,0.00216582,0.00216582,1658303100,2022-07-20T07:45:00
0.00218268,0.00218268,0.00218268,0.00218268,1658295300,2022-07-20T05:35:00
0.00220496,0.00220496,0.00220496,0.00220496,1658281200,2022-07-20T01:40:00
0.00225148,0.00225148,0.00225148,0.00225148,1658269500,2022-07-19T22:25:00
0.00221661,0.00221661,0.00221661,0.00221661,1658254800,2022-07-19T18:20:00
0.00226654,0.00226654,0.00226654,0.00226654,1658254380,2022-07-19T18:13:00
0.00223961,0.00223961,0.00223961,0.00223961,1658254320,2022-07-19T18:12:00
0.00213443,0.00213443,0.00213443,0.00213443,1658240940,2022-07-19T14:29:00
0.00215538,0.00215538,0.00215538,0.00215538,1658239920,2022-07-19T14:12:00
0.00215579,0.00215579,0.00215579,0.00215579,1658235240,2022-07-19T12:54:00
0.00211448,0.00211448,0.00211448,0.00211448,1658220780,2022-07-19T08:53:00
0.00210945,0.00210945,0.00210945,0.00210945,1658220720,2022-07-19T08:52:00
0.00211721,0.00211721,0.00211721,0.00211721,1658218260,2022-07-19T08:11:00
0.00212505,0.00212505,0.00212505,0.00212505,1658217780,2022-07-19T08:03:00
0.00217383,0.00217383,0.00217383,0.00217383,1658212320,2022-07-19T06:32:00
0.00217235,0.00217235,0.00217235,0.00217235,1658209440,2022-07-19T05:44:00
0.00225771,0.00225771,0.00225771,0.00225771,1658188680,2022-07-18T23:58:00
0.0022346,0.0022346,0.0022346,0.0022346,1658188260,2022-07-18T23:51:00
0.00215055,0.00215055,0.00215055,0.00215055,1658185500,2022-07-18T23:05:00
0.00210338,0.00210338,0.00210338,0.00210338,1658137440,2022-07-18T09:44:00
0.00206678,0.00206678,0.00206678,0.00206678,1658130180,2022-07-18T07:43:00
0.00202699,0.00202699,0.00202699,0.00202699,1658113980,2022-07-18T03:13:00
0.00206658,0.00206658,0.00206658,0.00206658,1658113920,2022-07-18T03:12:00
0.00208589,0.00208589,0.00208589,0.00208589,1658112780,2022-07-18T02:53:00
0.00201834,0.00201834,0.00201834,0.00201834,1658066460,2022-07-17T14:01:00
0.00202124,0.00202124,0.00202124,0.00202124,1658066160,2022-07-17T13:56:00
0.00200429,0.00200429,0.00200429,0.00200429,1658063160,2022-07-17T13:06:00
0.0020356,0.0020356,0.0020356,0.0020356,1658056080,2022-07-17T11:08:00
0.00202795,0.00202795,0.00202795,0.00202795,1658052360,2022-07-17T10:06:00
0.00204562,0.00204562,0.00204562,0.00204562,1658052300,2022-07-17T10:05:00
0.00206498,0.00206498,0.00206498,0.00206498,1658048220,2022-07-17T08:57:00
0.00207266,0.00207266,0.00207266,0.00207266,1658044500,2022-07-17T07:55:00
0.00208631,0.00208631,0.00208631,0.00208631,1658044020,2022-07-17T07:47:00
0.00211103,0.00211103,0.00209904,0.00209904,1658043120,2022-07-17T07:32:00
0.00209841,0.00209841,0.00209841,0.00209841,1658043060,2022-07-17T07:31:00
0.00206361,0.00208898,0.00206361,0.00208898,1658042940,2022-07-17T07:29:00
0.00205734,0.00205734,0.00205734,0.00205734,1658042880,2022-07-17T07:28:00
0.00204966,0.00204966,0.00204966,0.00204966,1658042820,2022-07-17T07:27:00
0.00204524,0.00204524,0.00204524,0.00204524,1658042760,2022-07-17T07:26:00
0.00204695,0.00204695,0.00204695,0.00204695,1658041920,2022-07-17T07:12:00
0.00205799,0.00205799,0.00205799,0.00205799,1658040540,2022-07-17T06:49:00
0.00204862,0.00204862,0.00204862,0.00204862,1658014140,2022-07-16T23:29:00
0.00203186,0.00203186,0.00203186,0.00203186,1657990500,2022-07-16T16:55:00
0.00204832,0.00204832,0.00204832,0.00204832,1657989000,2022-07-16T16:30:00
0.00206004,0.00206004,0.00206004,0.00206004,1657988520,2022-07-16T16:22:00
0.00198203,0.00198203,0.00198203,0.00198203,1657987320,2022-07-16T16:02:00
0.00190058,0.00190058,0.00190058,0.00190058,1657951320,2022-07-16T06:02:00
0.00189332,0.00189332,0.00189332,0.00189332,1657951020,2022-07-16T05:57:00
0.00187477,0.00187477,0.00187477,0.00187477,1657940460,2022-07-16T03:01:00
0.00193308,0.00193308,0.00193308,0.00193308,1657940220,2022-07-16T02:57:00
0.00192007,0.00192007,0.00192007,0.00192007,1657939980,2022-07-16T02:53:00
0.0019088,0.00193106,0.0019088,0.00193106,1657939920,2022-07-16T02:52:00
0.00198685,0.00198685,0.00198685,0.00198685,1657937940,2022-07-16T02:19:00
0.00198116,0.00198116,0.00198116,0.00198116,1657937760,2022-07-16T02:16:00
0.00197849,0.00197849,0.00197849,0.00197849,1657937580,2022-07-16T02:13:00
0.00197229,0.00197229,0.00197229,0.00197229,1657937520,2022-07-16T02:12:00
0.00195322,0.00195322,0.00195322,0.00195322,1657932720,2022-07-16T00:52:00
0.00196421,0.00196421,0.00196421,0.00196421,1657929780,2022-07-16T00:03:00
0.00201747,0.00201747,0.00201747,0.00201747,1657921620,2022-07-15T21:47:00
0.00202744,0.00202744,0.00202744,0.00202744,1657914180,2022-07-15T19:43:00
0.00203329,0.00203329,0.00203329,0.00203329,1657911900,2022-07-15T19:05:00
0.00196811,0.00196811,0.00196811,0.00196811,1657875720,2022-07-15T09:02:00
0.00199234,0.00199234,0.00199234,0.00199234,1657850460,2022-07-15T02:01:00
0.00195777,0.00195777,0.00195777,0.00195777,1657837380,2022-07-14T22:23:00
0.0019763,0.0019763,0.0019763,0.0019763,1657824540,2022-07-14T18:49:00
0.0019196,0.00192562,0.0019196,0.00192562,1657820940,2022-07-14T17:49:00
0.00190359,0.00190359,0.00190359,0.00190359,1657818540,2022-07-14T17:09:00
0.00190909,0.00190909,0.00190909,0.00190909,1657818120,2022-07-14T17:02:00
0.00189497,0.00189497,0.00189497,0.00189497,1657814340,2022-07-14T15:59:00
0.00182667,0.00182667,0.00182667,0.00182667,1657807380,2022-07-14T14:03:00
0.00182287,0.00182287,0.00182287,0.00182287,1657789020,2022-07-14T08:57:00
0.00186987,0.00186987,0.00186987,0.00186987,1657774320,2022-07-14T04:52:00
0.00187392,0.00187392,0.00187392,0.00187392,1657769880,2022-07-14T03:38:00
0.00187301,0.00187301,0.00187301,0.00187301,1657769700,2022-07-14T03:35:00
0.00178967,0.00178967,0.00178967,0.00178967,1657730460,2022-07-13T16:41:00
0.00180441,0.00180441,0.00180441,0.00180441,1657691280,2022-07-13T05:48:00
0.00179968,0.00179968,0.00179968,0.00179968,1657674600,2022-07-13T01:10:00
0.00176845,0.00176845,0.00176845,0.00176845,1657654920,2022-07-12T19:42:00
0.00176199,0.00176199,0.00176199,0.00176199,1657654800,2022-07-12T19:40:00
0.00191659,0.00191659,0.00191659,0.00191659,1657577460,2022-07-11T22:11:00
0.00199028,0.00199028,0.00199028,0.00199028,1657564500,2022-07-11T18:35:00
0.00197673,0.00197673,0.00197673,0.00197673,1657554960,2022-07-11T15:56:00
0.00201182,0.00201182,0.00201182,0.00201182,1657545900,2022-07-11T13:25:00
0.00201182,0.00201182,0.00201182,0.00201182,1657526040,2022-07-11T07:54:00
0.00203267,0.00203267,0.00203267,0.00203267,1657480800,2022-07-10T19:20:00
0.00202127,0.00202127,0.00202127,0.00202127,1657477020,2022-07-10T18:17:00
0.00202074,0.0020221,0.00202074,0.0020221,1657467300,2022-07-10T15:35:00
0.00197768,0.00197768,0.00197768,0.00197768,1657461540,2022-07-10T13:59:00
0.00195527,0.00195527,0.00195527,0.00195527,1657461480,2022-07-10T13:58:00
0.00201389,0.00201389,0.00201389,0.00201389,1657456260,2022-07-10T12:31:00
0.00208717,0.00208717,0.00208717,0.00208717,1657418220,2022-07-10T01:57:00
0.00208007,0.00208007,0.00208007,0.00208007,1657401360,2022-07-09T21:16:00
0.00207786,0.00207786,0.00207786,0.00207786,1657399380,2022-07-09T20:43:00
0.00207396,0.00207396,0.00207396,0.00207396,1657394280,2022-07-09T19:18:00
0.0020015,0.0020015,0.0020015,0.0020015,1657333500,2022-07-09T02:25:00
0.00203986,0.00203986,0.00203986,0.00203986,1657302720,2022-07-08T17:52:00
0.00204876,0.00204876,0.00204876,0.00204876,1657302180,2022-07-08T17:43:00
0.0020924,0.0020924,0.0020924,0.0020924,1657282320,2022-07-08T12:12:00
0.00209853,0.00209853,0.00209853,0.00209853,1657266720,2022-07-08T07:52:00
0.00213005,0.00213005,0.00213005,0.00213005,1657258440,2022-07-08T05:34:00
0.00209419,0.00209419,0.00209419,0.00209419,1657216680,2022-07-07T17:58:00
0.00210408,0.00210408,0.00210408,0.00210408,1657215000,2022-07-07T17:30:00
0.00209321,0.00209321,0.00209321,0.00209321,1657211640,2022-07-07T16:34:00
0.00209836,0.00209836,0.00209836,0.00209836,1657210740,2022-07-07T16:19:00
0.00211703,0.00211703,0.00211703,0.00211703,1657208520,2022-07-07T15:42:00
0.00216386,0.00216386,0.00216386,0.00216386,1657208040,2022-07-07T15:34:00
0.00219143,0.00219143,0.00219143,0.00219143,1657207980,2022-07-07T15:33:00
0.00221288,0.00221288,0.00221288,0.00221288,1657207800,2022-07-07T15:30:00
0.00222751,0.00223194,0.00222751,0.00223194,1657207680,2022-07-07T15:28:00
0.00225217,0.00225217,0.00225217,0.00225217,1657207620,2022-07-07T15:27:00
0.00225172,0.0022668,0.00225172,0.0022668,1657207560,2022-07-07T15:26:00
0.0023055,0.0023055,0.0023055,0.0023055,1657207440,2022-07-07T15:24:00
0.00227611,0.00227611,0.00227611,0.00227611,1657207320,2022-07-07T15:22:00
0.00225824,0.00225824,0.00225824,0.00225824,1657207260,2022-07-07T15:21:00
0.00215609,0.0022359,0.00215609,0.0022359,1657207200,2022-07-07T15:20:00
0.00210266,0.00212307,0.00210266,0.00212307,1657207080,2022-07-07T15:18:00
0.00209347,0.00209347,0.00209347,0.00209347,1657207020,2022-07-07T15:17:00
0.0020634,0.0020634,0.0020634,0.0020634,1657206780,2022-07-07T15:13:00
0.00207112,0.00207112,0.00207112,0.00207112,1657204920,2022-07-07T14:42:00
0.00203652,0.00203652,0.00203652,0.00203652,1657195260,2022-07-07T12:01:00
0.00203027,0.00203027,0.00203027,0.00203027,1657182540,2022-07-07T08:29:00
0.00206781,0.00206781,0.00206781,0.00206781,1657182180,2022-07-07T08:23:00
0.00204753,0.00204753,0.00204753,0.00204753,1657182120,2022-07-07T08:22:00
0.00209429,0.00209429,0.00209429,0.00209429,1657174440,2022-07-07T06:14:00
0.00208928,0.00210171,0.00208928,0.00210171,1657173660,2022-07-07T06:01:00
0.00207604,0.00208486,0.00207604,0.00208486,1657170660,2022-07-07T05:11:00
0.00206213,0.00206213,0.00206213,0.00206213,1657164540,2022-07-07T03:29:00
0.00207436,0.00207436,0.00207436,0.00207436,1657164240,2022-07-07T03:24:00
0.00206609,0.00206609,0.00206609,0.00206609,1657164180,2022-07-07T03:23:00
0.00202402,0.00205289,0.00202402,0.00205289,1657164120,2022-07-07T03:22:00
0.00200063,0.00200063,0.00200063,0.00200063,1657164060,2022-07-07T03:21:00
0.0019915,0.0019915,0.0019915,0.0019915,1657164000,2022-07-07T03:20:00
0.00199636,0.00199636,0.00199636,0.00199636,1657162140,2022-07-07T02:49:00
0.00198832,0.00198832,0.00198832,0.00198832,1657161300,2022-07-07T02:35:00
0.00195606,0.00195606,0.00195606,0.00195606,1657143120,2022-07-06T21:32:00
0.00192237,0.00192237,0.00192237,0.00192237,1657100640,2022-07-06T09:44:00
0.00189135,0.00189135,0.00189135,0.00189135,1657087500,2022-07-06T06:05:00
0.00189178,0.00189178,0.00189178,0.00189178,1657083540,2022-07-06T04:59:00
0.00185679,0.00185679,0.00185679,0.00185679,1657073760,2022-07-06T02:16:00
0.00189563,0.00189563,0.00189563,0.00189563,1657068360,2022-07-06T00:46:00
0.00191287,0.00191287,0.00191287,0.00191287,1657017060,2022-07-05T10:31:00
0.00198461,0.00198461,0.00198461,0.00198461,1657006680,2022-07-05T07:38:00
0.00195676,0.00195676,0.00195676,0.00195676,1656976800,2022-07-04T23:20:00
0.00194879,0.00194879,0.00194879,0.00194879,1656975540,2022-07-04T22:59:00
0.0018946,0.0018946,0.0018946,0.0018946,1656970500,2022-07-04T21:35:00
0.00187369,0.00187369,0.00187369,0.00187369,1656968640,2022-07-04T21:04:00
0.00186446,0.00186446,0.00186446,0.00186446,1656938820,2022-07-04T12:47:00
0.00183914,0.00183914,0.00183914,0.00183914,1656936000,2022-07-04T12:00:00
0.00180673,0.00180673,0.00180673,0.00180673,1656933900,2022-07-04T11:25:00
0.00179392,0.00179392,0.00179392,0.00179392,1656928140,2022-07-04T09:49:00
0.0018071,0.0018071,0.0018071,0.0018071,1656918600,2022-07-04T07:10:00
0.00180887,0.00180887,0.00180887,0.00180887,1656918540,2022-07-04T07:09:00
0.00184862,0.00184862,0.00184862,0.00184862,1656906240,2022-07-04T03:44:00
0.00185333,0.00185333,0.00185333,0.00185333,1656903900,2022-07-04T03:05:00
0.00184356,0.00184356,0.00184356,0.00184356,1656903840,2022-07-04T03:04:00
0.00187633,0.00187633,0.00187633,0.00187633,1656903000,2022-07-04T02:50:00
0.00183439,0.0018656,0.00183439,0.0018656,1656902460,2022-07-04T02:41:00
0.00181912,0.00181912,0.00181912,0.00181912,1656877560,2022-07-03T19:46:00
0.00181025,0.00181025,0.00181025,0.00181025,1656869760,2022-07-03T17:36:00
0.00179324,0.00179324,0.00179324,0.00179324,1656864480,2022-07-03T16:08:00
0.00180604,0.00180604,0.00180604,0.00180604,1656846000,2022-07-03T11:00:00
0.00179533,0.00179533,0.00179533,0.00179533,1656843660,2022-07-03T10:21:00
0.00178199,0.00178199,0.00178199,0.00178199,1656840660,2022-07-03T09:31:00
0.00181553,0.00181553,0.00181553,0.00181553,1656826080,2022-07-03T05:28:00
0.0018133,0.0018133,0.0018133,0.0018133,1656801120,2022-07-02T22:32:00
0.00181645,0.00181645,0.00181645,0.00181645,1656801060,2022-07-02T22:31:00
0.00181953,0.00181953,0.00181953,0.00181953,1656782340,2022-07-02T17:19:00
0.00182675,0.00182675,0.00182675,0.00182675,1656780600,2022-07-02T16:50:00
0.00182096,0.00182096,0.00182096,0.00182096,1656769980,2022-07-02T13:53:00
0.00177923,0.00177923,0.00177923,0.00177923,1656759420,2022-07-02T10:57:00
0.00178526,0.00178526,0.00178526,0.00178526,1656745680,2022-07-02T07:08:00
0.00177996,0.00177996,0.00177996,0.00177996,1656705120,2022-07-01T19:52:00
0.00173512,0.00173512,0.00173512,0.00173512,1656677940,2022-07-01T12:19:00
0.0018107,0.0018107,0.0018107,0.0018107,1656641880,2022-07-01T02:18:00
0.00172193,0.00172193,0.00172193,0.00172193,1656624720,2022-06-30T21:32:00
0.00168968,0.00168968,0.00168968,0.00168968,1656590340,2022-06-30T11:59:00
0.0017034,0.0017034,0.0017034,0.0017034,1656582780,2022-06-30T09:53:00
0.00175195,0.00175195,0.00175195,0.00175195,1656573240,2022-06-30T07:14:00
0.00182702,0.00182702,0.00182702,0.00182702,1656565200,2022-06-30T05:00:00
0.00186274,0.00186274,0.00186274,0.00186274,1656513840,2022-06-29T14:44:00
0.00194365,0.00194365,0.00194365,0.00194365,1656492420,2022-06-29T08:47:00
0.0019071,0.0019588,0.00190508,0.0019588,1656491760,2022-06-29T08:36:00
0.00190027,0.00190027,0.00190027,0.00190027,1656491700,2022-06-29T08:35:00
0.00178978,0.00178978,0.00178978,0.00178978,1656485520,2022-06-29T06:52:00
0.00182279,0.00182279,0.00182279,0.00182279,1656456600,2022-06-28T22:50:00
0.00187363,0.00187363,0.00187363,0.00187363,1656436800,2022-06-28T17:20:00
0.00186704,0.00186704,0.00186704,0.00186704,1656436740,2022-06-28T17:19:00
0.00181986,0.00181986,0.00181986,0.00181986,1656435900,2022-06-28T17:05:00
0.00180751,0.00180751,0.00180751,0.00180751,1656435720,2022-06-28T17:02:00
0.00178294,0.00178294,0.00178294,0.00178294,1656384780,2022-06-28T02:53:00
0.00179194,0.00179194,0.00179194,0.00179194,1656344580,2022-06-27T15:43:00
0.00184473,0.00184473,0.00184473,0.00184473,1656329040,2022-06-27T11:24:00
0.00178148,0.00179932,0.00178148,0.00179932,1656294960,2022-06-27T01:56:00
0.00178386,0.00178386,0.00178386,0.00178386,1656264360,2022-06-26T17:26:00
0.00180064,0.00180064,0.00180064,0.00180064,1656253440,2022-06-26T14:24:00
0.00178709,0.00178709,0.00178709,0.00178709,1656222600,2022-06-26T05:50:00
0.00180654,0.00180654,0.00180654,0.00180654,1656222540,2022-06-26T05:49:00
0.00183284,0.00183284,0.00183284,0.00183284,1656215400,2022-06-26T03:50:00
0.00187057,0.00187057,0.00187057,0.00187057,1656215280,2022-06-26T03:48:00
0.00189898,0.00189898,0.00189898,0.00189898,1656215040,2022-06-26T03:44:00
0.00192167,0.00192167,0.00192167,0.00192167,1656207000,2022-06-26T01:30:00
0.00191209,0.00191209,0.00191209,0.00191209,1656191820,2022-06-25T21:17:00
0.00190321,0.00190321,0.00190321,0.00190321,1656191580,2022-06-25T21:13:00
0.00190363,0.00190363,0.00190363,0.00190363,1656186840,2022-06-25T19:54:00
0.00192724,0.00192724,0.00192724,0.00192724,1656185160,2022-06-25T19:26:00
0.00192611,0.00192611,0.00192611,0.00192611,1656183780,2022-06-25T19:03:00
0.00190428,0.00190428,0.00190428,0.00190428,1656181020,2022-06-25T18:17:00
0.00186852,0.00186852,0.00186852,0.00186852,1656172320,2022-06-25T15:52:00
0.00189552,0.00189552,0.00189552,0.00189552,1656128160,2022-06-25T03:36:00
0.00189253,0.00189253,0.00189253,0.00189253,1656128100,2022-06-25T03:35:00
0.00190823,0.00190823,0.00190823,0.00190823,1656092940,2022-06-24T17:49:00
0.00189273,0.00189273,0.00189273,0.00189273,1656088980,2022-06-24T16:43:00
0.00194648,0.00194648,0.00194648,0.00194648,1656077880,2022-06-24T13:38:00
0.00189001,0.00189001,0.00189001,0.00189001,1656069360,2022-06-24T11:16:00
0.00196282,0.00196282,0.00196282,0.00196282,1656038160,2022-06-24T02:36:00
0.00190328,0.00190328,0.00190328,0.00190328,1656026940,2022-06-23T23:29:00
0.00188382,0.00188382,0.00188382,0.00188382,1656026460,2022-06-23T23:21:00
0.00188975,0.00188975,0.00188975,0.00188975,1656026340,2022-06-23T23:19:00
0.00187097,0.00187097,0.00187097,0.00187097,1656026280,2022-06-23T23:18:00
0.00178832,0.00178832,0.00178832,0.00178832,1655992440,2022-06-23T13:54:00
0.0018019,0.0018019,0.0018019,0.0018019,1655987280,2022-06-23T12:28:00
0.00171867,0.00171867,0.00171867,0.00171867,1655933040,2022-06-22T21:24:00
0.00173907,0.00173907,0.00173907,0.00173907,1655929740,2022-06-22T20:29:00
0.00175692,0.00175692,0.00175692,0.00175692,1655918160,2022-06-22T17:16:00
0.00175545,0.00175545,0.00175545,0.00175545,1655917980,2022-06-22T17:13:00
0.00173246,0.00173246,0.00173246,0.00173246,1655902140,2022-06-22T12:49:00
0.00176099,0.00176099,0.00176099,0.00176099,1655898060,2022-06-22T11:41:00
0.00177143,0.00177143,0.00177143,0.00177143,1655894520,2022-06-22T10:42:00
0.00176931,0.00176931,0.00176931,0.00176931,1655883000,2022-06-22T07:30:00
0.00176663,0.00176663,0.00176663,0.00176663,1655880360,2022-06-22T06:46:00
0.00180659,0.00180659,0.00180659,0.00180659,1655860020,2022-06-22T01:07:00
0.00188144,0.00188144,0.00188144,0.00188144,1655826780,2022-06-21T15:53:00
0.00190182,0.00190182,0.00190182,0.00190182,1655822520,2022-06-21T14:42:00
0.00187292,0.00187292,0.00187292,0.00187292,1655811960,2022-06-21T11:46:00
0.00189634,0.00189634,0.00189634,0.00189634,1655811060,2022-06-21T11:31:00
0.00189884,0.00189884,0.00189884,0.00189884,1655797320,2022-06-21T07:42:00
0.00190348,0.00190348,0.00190348,0.00190348,1655794920,2022-06-21T07:02:00
0.00192391,0.00192391,0.00192391,0.00192391,1655791440,2022-06-21T06:04:00
0.0019451,0.0019451,0.0019451,0.0019451,1655790060,2022-06-21T05:41:00
0.00191436,0.00191436,0.00191436,0.00191436,1655757180,2022-06-20T20:33:00
0.00190669,0.00190669,0.00190669,0.00190669,1655747340,2022-06-20T17:49:00
0.00189434,0.00189434,0.00189434,0.00189434,1655744040,2022-06-20T16:54:00
0.00188974,0.00188974,0.00188974,0.00188974,1655743980,2022-06-20T16:53:00
0.00198742,0.00198742,0.00198742,0.00198742,1655722920,2022-06-20T11:02:00
0.00187706,0.00187706,0.00187706,0.00187706,1655697120,2022-06-20T03:52:00
0.00185109,0.00185109,0.00185109,0.00185109,1655694960,2022-06-20T03:16:00
0.00189101,0.00189101,0.00189101,0.00189101,1655685120,2022-06-20T00:32:00
0.00193416,0.00193416,0.00193416,0.00193416,1655679000,2022-06-19T22:50:00
0.00195135,0.00195135,0.00195135,0.00195135,1655670840,2022-06-19T20:34:00
0.001909,0.001909,0.001909,0.001909,1655668560,2022-06-19T19:56:00
0.00182936,0.00182936,0.00182936,0.00182936,1655660820,2022-06-19T17:47:00
0.0018391,0.0018391,0.0018391,0.0018391,1655660700,2022-06-19T17:45:00
0.00183267,0.00183267,0.00183267,0.00183267,1655638260,2022-06-19T11:31:00
0.0018108,0.0018108,0.0018108,0.0018108,1655638140,2022-06-19T11:29:00
0.0018071,0.0018071,0.0018071,0.0018071,1655636700,2022-06-19T11:05:00
0.00179001,0.00179001,0.00179001,0.00179001,1655634840,2022-06-19T10:34:00
0.00180903,0.00180903,0.00180903,0.00180903,1655634240,2022-06-19T10:24:00
0.00176481,0.00176481,0.00176481,0.00176481,1655633820,2022-06-19T10:17:00
0.00172328,0.00172328,0.00172328,0.00172328,1655596260,2022-06-18T23:51:00
0.00173327,0.00173327,0.00173327,0.00173327,1655595180,2022-06-18T23:33:00
0.00173742,0.00173742,0.00173742,0.00173742,1655594880,2022-06-18T23:28:00
0.00171721,0.00171721,0.00171721,0.00171721,1655594700,2022-06-18T23:25:00
0.00173342,0.00173342,0.00173342,0.00173342,1655591400,2022-06-18T22:30:00
0.00173214,0.00173214,0.00173214,0.00173214,1655590740,2022-06-18T22:19:00
0.00171412,0.00171412,0.00171412,0.00171412,1655588700,2022-06-18T21:45:00
0.00162332,0.00164383,0.00162332,0.00164383,1655586780,2022-06-18T21:13:00
0.00161854,0.00161854,0.00161854,0.00161854,1655582880,2022-06-18T20:08:00
0.00163895,0.00163895,0.00163895,0.00163895,1655580360,2022-06-18T19:26:00
0.00164234,0.00164234,0.00164234,0.00164234,1655578200,2022-06-18T18:50:00
0.00177727,0.00177727,0.00177727,0.00177727,1655560320,2022-06-18T13:52:00
0.00182221,0.00182221,0.00182221,0.00182221,1655556900,2022-06-18T12:55:00
0.00178502,0.00178502,0.00178502,0.00178502,1655547900,2022-06-18T10:25:00
0.00173158,0.00173158,0.00173158,0.00173158,1655543100,2022-06-18T09:05:00
0.0017221,0.0017221,0.0017221,0.0017221,1655536500,2022-06-18T07:15:00
0.00169921,0.00169921,0.00169921,0.00169921,1655535780,2022-06-18T07:03:00
0.00170642,0.00170642,0.00170642,0.00170642,1655535660,2022-06-18T07:01:00
0.00182652,0.00182652,0.00182652,0.00182652,1655496120,2022-06-17T20:02:00
0.0018368,0.0018368,0.0018368,0.0018368,1655475360,2022-06-17T14:16:00
0.00182428,0.00183407,0.00182428,0.00183407,1655469960,2022-06-17T12:46:00
0.00184314,0.00184314,0.00184314,0.00184314,1655462640,2022-06-17T10:44:00
0.00183113,0.00183113,0.00183113,0.00183113,1655462520,2022-06-17T10:42:00
0.00183609,0.00183609,0.00183609,0.00183609,1655457960,2022-06-17T09:26:00
0.00183654,0.00183654,0.00183654,0.00183654,1655457660,2022-06-17T09:21:00
0.00181854,0.00181854,0.00181854,0.00181854,1655432880,2022-06-17T02:28:00
0.00176941,0.00176941,0.00176941,0.00176941,1655420640,2022-06-16T23:04:00
0.0018157,0.0018157,0.0018157,0.0018157,1655389980,2022-06-16T14:33:00
0.00180474,0.00180474,0.00180474,0.00180474,1655389920,2022-06-16T14:32:00
0.00187416,0.00187416,0.00187416,0.00187416,1655371140,2022-06-16T09:19:00
0.00187356,0.00187356,0.00187356,0.00187356,1655370960,2022-06-16T09:16:00
0.00192813,0.00192813,0.00192813,0.00192813,1655361180,2022-06-16T06:33:00
0.00197246,0.00197246,0.00197246,0.00197246,1655348760,2022-06-16T03:06:00
0.00196002,0.00196002,0.00196002,0.00196002,1655348700,2022-06-16T03:05:00
0.00198705,0.00198705,0.00198705,0.00198705,1655331420,2022-06-15T22:17:00
0.00197684,0.00197684,0.00197684,0.00197684,1655329800,2022-06-15T21:50:00
0.00186839,0.00188646,0.00186839,0.00188646,1655319900,2022-06-15T19:05:00
0.00185724,0.00185724,0.00185724,0.00185724,1655319540,2022-06-15T18:59:00
0.00181438,0.00181438,0.00181438,0.00181438,1655299560,2022-06-15T13:26:00
0.00181358,0.00181358,0.00181358,0.00181358,1655299380,2022-06-15T13:23:00
0.00182507,0.00182507,0.00182507,0.00182507,1655295480,2022-06-15T12:18:00
0.00182765,0.00182765,0.00182765,0.00182765,1655294280,2022-06-15T11:58:00
0.00184244,0.00184244,0.00184244,0.00184244,1655292720,2022-06-15T11:32:00
0.00176986,0.00176986,0.00176986,0.00176986,1655291040,2022-06-15T11:04:00
0.00171984,0.00171984,0.00171984,0.00171984,1655287620,2022-06-15T10:07:00
0.0017111,0.0017111,0.0017111,0.0017111,1655287380,2022-06-15T10:03:00
0.00175016,0.00175016,0.00175016,0.00175016,1655286780,2022-06-15T09:53:00
0.00181288,0.00181288,0.00181288,0.00181288,1655282760,2022-06-15T08:46:00
0.00178448,0.00178448,0.00178448,0.00178448,1655282700,2022-06-15T08:45:00
0.00187395,0.00187395,0.00187395,0.00187395,1655271540,2022-06-15T05:39:00
0.00184306,0.00184306,0.00184306,0.00184306,1655270400,2022-06-15T05:20:00
0.00184012,0.00184012,0.00184012,0.00184012,1655270220,2022-06-15T05:17:00
0.00193486,0.00193486,0.00193486,0.00193486,1655261280,2022-06-15T02:48:00
0.00195777,0.00195777,0.00195777,0.00195777,1655259720,2022-06-15T02:22:00
0.00195559,0.00195559,0.00195559,0.00195559,1655232540,2022-06-14T18:49:00
0.00199639,0.00199639,0.00199639,0.00199639,1655227260,2022-06-14T17:21:00
0.00199383,0.00199383,0.00199383,0.00199383,1655220240,2022-06-14T15:24:00
0.00197549,0.00197549,0.00197549,0.00197549,1655217420,2022-06-14T14:37:00
0.00190521,0.00190521,0.00190521,0.00190521,1655207280,2022-06-14T11:48:00
0.00199846,0.00199846,0.00199846,0.00199846,1655196660,2022-06-14T08:51:00
0.00202877,0.00202877,0.00202877,0.00202877,1655193240,2022-06-14T07:54:00
0.00190092,0.00190092,0.00190092,0.00190092,1655179020,2022-06-14T03:57:00
0.00188161,0.00188161,0.00188161,0.00188161,1655170560,2022-06-14T01:36:00
0.00189134,0.00189134,0.00189134,0.00189134,1655168880,2022-06-14T01:08:00
0.00196836,0.00196836,0.00196836,0.00196836,1655167380,2022-06-14T00:43:00
0.0019869,0.0019869,0.0019869,0.0019869,1655160480,2022-06-13T22:48:00
0.00201312,0.00201312,0.00201312,0.00201312,1655157960,2022-06-13T22:06:00
0.00199925,0.00199925,0.00199925,0.00199925,1655150160,2022-06-13T19:56:00
0.00201727,0.00201727,0.00201727,0.00201727,1655142300,2022-06-13T17:45:00
0.00203162,0.00203162,0.00203162,0.00203162,1655141880,2022-06-13T17:38:00
0.00198901,0.00198901,0.00198901,0.00198901,1655131980,2022-06-13T14:53:00
0.00206865,0.00206865,0.00206865,0.00206865,1655126700,2022-06-13T13:25:00
0.00208356,0.00208356,0.00208356,0.00208356,1655122320,2022-06-13T12:12:00
0.00209568,0.00209568,0.00209568,0.00209568,1655118240,2022-06-13T11:04:00
0.00198949,0.00198949,0.00198949,0.00198949,1655115360,2022-06-13T10:16:00
0.00208242,0.00208242,0.00208242,0.00208242,1655106540,2022-06-13T07:49:00
0.00208549,0.00208549,0.00208549,0.00208549,1655106120,2022-06-13T07:42:00
0.00204834,0.00204834,0.00204834,0.00204834,1655106060,2022-06-13T07:41:00
0.00212912,0.00212912,0.00212912,0.00212912,1655100960,2022-06-13T06:16:00
0.00220388,0.00220388,0.00220388,0.00220388,1655092440,2022-06-13T03:54:00
0.00217043,0.00217043,0.00217043,0.00217043,1655089200,2022-06-13T03:00:00
0.00236193,0.00236193,0.00236193,0.00236193,1655070900,2022-06-12T21:55:00
0.00234845,0.00234845,0.00234845,0.00234845,1655070840,2022-06-12T21:54:00
0.00238981,0.00238981,0.00238092,0.00238092,1655060820,2022-06-12T19:07:00
0.00238766,0.00238766,0.00238766,0.00238766,1655056560,2022-06-12T17:56:00
0.00235903,0.00235903,0.00235903,0.00235903,1655054220,2022-06-12T17:17:00
0.00225961,0.00225961,0.00225961,0.00225961,1655041140,2022-06-12T13:39:00
0.00222375,0.00222375,0.00222375,0.00222375,1655041080,2022-06-12T13:38:00
0.00217275,0.00217275,0.00217275,0.00217275,1655030580,2022-06-12T10:43:00
0.0021637,0.0021637,0.0021637,0.0021637,1655023800,2022-06-12T08:50:00
0.00216321,0.00216321,0.00216321,0.00216321,1655022660,2022-06-12T08:31:00
0.00213502,0.00213502,0.00213502,0.00213502,1655002920,2022-06-12T03:02:00
0.00240366,0.00240366,0.00240366,0.00240366,1654937460,2022-06-11T08:51:00
0.00239181,0.00239181,0.00239181,0.00239181,1654936980,2022-06-11T08:43:00
0.00243346,0.00243346,0.00243346,0.00243346,1654933380,2022-06-11T07:43:00
0.00244925,0.00244925,0.00244925,0.00244925,1654932180,2022-06-11T07:23:00
0.00252671,0.00253223,0.00252671,0.00253223,1654881780,2022-06-10T17:23:00
0.00251391,0.00251431,0.00251391,0.00251431,1654881660,2022-06-10T17:21:00
0.00250042,0.00250042,0.00250042,0.00250042,1654881600,2022-06-10T17:20:00
0.00249029,0.00249491,0.00249029,0.00249491,1654881480,2022-06-10T17:18:00
0.0024849,0.0024849,0.0024849,0.0024849,1654881420,2022-06-10T17:17:00
0.00246597,0.00247711,0.00246597,0.00247711,1654881360,2022-06-10T17:16:00
0.00245211,0.00245211,0.00245211,0.00245211,1654881300,2022-06-10T17:15:00
0.00243776,0.00243776,0.00243776,0.00243776,1654881240,2022-06-10T17:14:00
0.00242169,0.00242169,0.00242169,0.00242169,1654880940,2022-06-10T17:09:00
0.00240237,0.00240237,0.00240237,0.00240237,1654878540,2022-06-10T16:29:00
0.00246289,0.00246289,0.00246289,0.00246289,1654871820,2022-06-10T14:37:00
0.00254066,0.00254066,0.00254066,0.00254066,1654861200,2022-06-10T11:40:00
0.0025937,0.0025937,0.0025937,0.0025937,1654806900,2022-06-09T20:35:00
0.00264832,0.00264832,0.00264832,0.00264832,1654798860,2022-06-09T18:21:00
0.00267637,0.00267637,0.00267637,0.00267637,1654782840,2022-06-09T13:54:00
0.00270614,0.00270614,0.00270614,0.00270614,1654776780,2022-06-09T12:13:00
0.00265219,0.00265219,0.00265219,0.00265219,1654740360,2022-06-09T02:06:00
0.00270954,0.00270954,0.00270954,0.00270954,1654731540,2022-06-08T23:39:00
0.0027284,0.0027284,0.0027284,0.0027284,1654718460,2022-06-08T20:01:00
0.00272956,0.00272956,0.00272956,0.00272956,1654715580,2022-06-08T19:13:00
0.00280798,0.00280798,0.00280798,0.00280798,1654709400,2022-06-08T17:30:00
0.00286163,0.00286163,0.00286163,0.00286163,1654699260,2022-06-08T14:41:00
0.00283362,0.00283362,0.00283362,0.00283362,1654699080,2022-06-08T14:38:00
0.00282506,0.00282506,0.00282506,0.00282506,1654696500,2022-06-08T13:55:00
0.0028189,0.0028189,0.0028189,0.0028189,1654675800,2022-06-08T08:10:00
0.00264997,0.00264997,0.00264997,0.00264997,1654660320,2022-06-08T03:52:00
0.00273204,0.00273204,0.00273204,0.00273204,1654655940,2022-06-08T02:39:00
0.0027391,0.0027391,0.0027391,0.0027391,1654655820,2022-06-08T02:37:00
0.00271092,0.00271092,0.00271092,0.00271092,1654655760,2022-06-08T02:36:00
0.0026581,0.0026581,0.0026581,0.0026581,1654652340,2022-06-08T01:39:00
0.00264061,0.00264061,0.00264061,0.00264061,1654652160,2022-06-08T01:36:00
0.00259299,0.00259299,0.00259299,0.00259299,1654644720,2022-06-07T23:32:00
0.00258293,0.00258293,0.00258293,0.00258293,1654644300,2022-06-07T23:25:00
0.00259513,0.00259513,0.00259513,0.00259513,1654643160,2022-06-07T23:06:00
0.00257955,0.00257955,0.00257233,0.00257233,1654642860,2022-06-07T23:01:00
0.00250738,0.00250738,0.00250738,0.00250738,1654642200,2022-06-07T22:50:00
0.00249332,0.00249332,0.00249332,0.00249332,1654642140,2022-06-07T22:49:00
0.0025243,0.0025243,0.0025243,0.0025243,1654641600,2022-06-07T22:40:00
0.00249881,0.00249881,0.00249881,0.00249881,1654634640,2022-06-07T20:44:00
0.00248852,0.00248852,0.00248852,0.00248852,1654631400,2022-06-07T19:50:00
0.00244146,0.00244146,0.00244146,0.00244146,1654627680,2022-06-07T18:48:00
0.00244059,0.00244059,0.00244059,0.00244059,1654627500,2022-06-07T18:45:00
0.00247292,0.00247292,0.00247292,0.00247292,1654627380,2022-06-07T18:43:00
0.00245134,0.00245134,0.00245134,0.00245134,1654625160,2022-06-07T18:06:00
0.00246491,0.00247687,0.00246491,0.00247687,1654623660,2022-06-07T17:41:00
0.00250201,0.00250201,0.00250201,0.00250201,1654623600,2022-06-07T17:40:00
0.00254361,0.00254361,0.00254361,0.00254361,1654623240,2022-06-07T17:34:00
0.0025603,0.0025603,0.0025603,0.0025603,1654617540,2022-06-07T15:59:00
0.00253982,0.00254705,0.00253982,0.00254705,1654613160,2022-06-07T14:46:00
0.00254025,0.00254025,0.00254025,0.00254025,1654609620,2022-06-07T13:47:00
0.00255835,0.00255835,0.00255835,0.00255835,1654609500,2022-06-07T13:45:00
0.00255941,0.00255941,0.00255941,0.00255941,1654608000,2022-06-07T13:20:00
0.00255138,0.00255138,0.00255138,0.00255138,1654607940,2022-06-07T13:19:00
0.00258971,0.00258971,0.00258971,0.00258971,1654603500,2022-06-07T12:05:00
0.00261211,0.00261211,0.00261211,0.00261211,1654603200,2022-06-07T12:00:00
0.00264751,0.00264751,0.00262358,0.00262358,1654601940,2022-06-07T11:39:00
0.00269356,0.00269356,0.00269356,0.00269356,1654601880,2022-06-07T11:38:00
0.0027093,0.0027093,0.0027093,0.0027093,1654601340,2022-06-07T11:29:00
0.00274069,0.00274069,0.00274069,0.00274069,1654601160,2022-06-07T11:26:00
0.00279699,0.00279699,0.00279699,0.00279699,1654598520,2022-06-07T10:42:00
0.00282343,0.00282343,0.00282343,0.00282343,1654597620,2022-06-07T10:27:00
0.00289511,0.00289511,0.00289511,0.00289511,1654594560,2022-06-07T09:36:00
0.00287748,0.00287748,0.00287748,0.00287748,1654594500,2022-06-07T09:35:00
0.00288017,0.00288017,0.00288017,0.00288017,1654594440,2022-06-07T09:34:00
0.00285582,0.00285582,0.00285582,0.00285582,1654594320,2022-06-07T09:32:00
0.00281384,0.00283687,0.00281384,0.00283687,1654594260,2022-06-07T09:31:00
0.00279501,0.00279501,0.00279501,0.00279501,1654594200,2022-06-07T09:30:00
0.00273147,0.00273147,0.00273147,0.00273147,1654593960,2022-06-07T09:26:00
0.00271353,0.00271353,0.00271353,0.00271353,1654593600,2022-06-07T09:20:00
0.00269444,0.00269444,0.00269444,0.00269444,1654590960,2022-06-07T08:36:00
0.00271435,0.00271435,0.00271435,0.00271435,1654588380,2022-06-07T07:53:00
0.00272958,0.00272958,0.00272958,0.00272958,1654588320,2022-06-07T07:52:00
0.00276464,0.00276464,0.00276464,0.00276464,1654588140,2022-06-07T07:49:00
0.00278303,0.00278303,0.00278303,0.00278303,1654586100,2022-06-07T07:15:00
0.00280806,0.00280806,0.00280806,0.00280806,1654585620,2022-06-07T07:07:00
0.00279796,0.00279796,0.00279796,0.00279796,1654584000,2022-06-07T06:40:00
0.00284201,0.00284201,0.00284201,0.00284201,1654582200,2022-06-07T06:10:00
0.00286552,0.00286552,0.00286552,0.00286552,1654580820,2022-06-07T05:47:00
0.00284722,0.00284722,0.00284722,0.00284722,1654580100,2022-06-07T05:35:00
0.00283828,0.00283828,0.00283828,0.00283828,1654578720,2022-06-07T05:12:00
0.00288665,0.00288665,0.00288665,0.00288665,1654573740,2022-06-07T03:49:00
0.00291073,0.00291073,0.00290173,0.00290173,1654572480,2022-06-07T03:28:00
0.00294557,0.00294557,0.00294557,0.00294557,1654572240,2022-06-07T03:24:00
0.00295584,0.00295584,0.00295584,0.00295584,1654572000,2022-06-07T03:20:00
0.00297369,0.00297369,0.00297369,0.00297369,1654571820,2022-06-07T03:17:00
0.00295317,0.00299221,0.00295317,0.00299221,1654571760,2022-06-07T03:16:00
0.00292848,0.00292848,0.00292848,0.00292848,1654571580,2022-06-07T03:13:00
0.00288341,0.00290443,0.00288341,0.00290443,1654571520,2022-06-07T03:12:00
0.00286933,0.00286933,0.00286933,0.00286933,1654571460,2022-06-07T03:11:00
0.00283953,0.00284623,0.00282873,0.00284623,1654571400,2022-06-07T03:10:00
0.00281625,0.00281625,0.00281625,0.00281625,1654570680,2022-06-07T02:58:00
0.00276941,0.00280071,0.00276941,0.00280071,1654570560,2022-06-07T02:56:00
0.00274703,0.00274703,0.00274703,0.00274703,1654570500,2022-06-07T02:55:00
0.00272716,0.00272716,0.00272716,0.00272716,1654569780,2022-06-07T02:43:00
0.00271905,0.00271905,0.00271905,0.00271905,1654569720,2022-06-07T02:42:00
0.00278545,0.00278545,0.00278545,0.00278545,1654563660,2022-06-07T01:01:00
0.00280446,0.00280446,0.00280446,0.00280446,1654563480,2022-06-07T00:58:00
0.00283131,0.00283131,0.00283131,0.00283131,1654563420,2022-06-07T00:57:00
0.00300262,0.00300262,0.00300262,0.00300262,1654560540,2022-06-07T00:09:00
0.00298419,0.00298419,0.00298419,0.00298419,1654560180,2022-06-07T00:03:00
0.00301366,0.00301366,0.00301366,0.00301366,1654560120,2022-06-07T00:02:00
0.00303902,0.00303902,0.00303902,0.00303902,1654559820,2022-06-06T23:57:00
0.00308884,0.00308884,0.00305137,0.00305137,1654559700,2022-06-06T23:55:00
0.0031993,0.0031993,0.0031993,0.0031993,1654559580,2022-06-06T23:53:00
0.00317846,0.00321728,0.00317846,0.00321728,1654559400,2022-06-06T23:50:00
0.00313235,0.0031686,0.00313235,0.0031686,1654559340,2022-06-06T23:49:00
0.00307687,0.00307687,0.00307687,0.00307687,1654559280,2022-06-06T23:48:00
0.00294567,0.00299943,0.00294567,0.00299943,1654559220,2022-06-06T23:47:00
0.00291484,0.00291484,0.00291484,0.00291484,1654559160,2022-06-06T23:46:00
0.0028863,0.0028863,0.0028863,0.0028863,1654559100,2022-06-06T23:45:00
0.00286567,0.00286567,0.00286567,0.00286567,1654559040,2022-06-06T23:44:00
0.00292814,0.00292814,0.00292814,0.00292814,1654558140,2022-06-06T23:29:00
0.00295051,0.00295051,0.00295051,0.00295051,1654557120,2022-06-06T23:12:00
0.00293366,0.00293366,0.00293366,0.00293366,1654556940,2022-06-06T23:09:00
0.00297052,0.00297052,0.00297052,0.00297052,1654556880,2022-06-06T23:08:00
0.00299374,0.00299374,0.00299374,0.00299374,1654556580,2022-06-06T23:03:00
0.00296637,0.00296637,0.00296637,0.00296637,1654556520,2022-06-06T23:02:00
0.00295985,0.00295985,0.00295985,0.00295985,1654556460,2022-06-06T23:01:00
0.00298742,0.00298742,0.00298742,0.00298742,1654556280,2022-06-06T22:58:00
0.00289569,0.00295938,0.00289569,0.00295938,1654556160,2022-06-06T22:56:00
0.00286745,0.00286745,0.00286745,0.00286745,1654555980,2022-06-06T22:53:00
0.00289814,0.00289814,0.00289814,0.00289814,1654555860,2022-06-06T22:51:00
0.00293076,0.00293076,0.00293076,0.00293076,1654555680,2022-06-06T22:48:00
0.00291468,0.00291468,0.00291468,0.00291468,1654555620,2022-06-06T22:47:00
0.00296546,0.00296546,0.00296546,0.00296546,1654555560,2022-06-06T22:46:00
0.00302386,0.00302386,0.00302386,0.00302386,1654555320,2022-06-06T22:42:00
0.00305302,0.00305302,0.00305302,0.00305302,1654555200,2022-06-06T22:40:00
0.00311992,0.00311992,0.00307127,0.00307127,1654555140,2022-06-06T22:39:00
0.00315629,0.00315629,0.00315629,0.00315629,1654555020,2022-06-06T22:37:00
0.00333901,0.00333901,0.00327223,0.00327223,1654554960,2022-06-06T22:36:00
0.00327905,0.00336704,0.00327905,0.00336704,1654554780,2022-06-06T22:33:00
0.00323744,0.00323744,0.00323744,0.00323744,1654554300,2022-06-06T22:25:00
0.00325906,0.00325906,0.00325906,0.00325906,1654553880,2022-06-06T22:18:00
0.00331748,0.00331748,0.00331748,0.00331748,1654553820,2022-06-06T22:17:00
0.00337125,0.00337125,0.00337125,0.00337125,1654553640,2022-06-06T22:14:00
0.00328723,0.00328723,0.00328723,0.00328723,1654553460,2022-06-06T22:11:00
0.00318683,0.00319994,0.00318683,0.00319994,1654553280,2022-06-06T22:08:00
0.00307793,0.00317457,0.00307793,0.00317457,1654553220,2022-06-06T22:07:00
0.00301963,0.00301963,0.00301963,0.00301963,1654553160,2022-06-06T22:06:00
0.00294603,0.00297488,0.00294603,0.00297488,1654553040,2022-06-06T22:04:00
0.00287918,0.00290998,0.00287918,0.00290998,1654552980,2022-06-06T22:03:00
0.00284934,0.00284934,0.00284934,0.00284934,1654552920,2022-06-06T22:02:00
0.00279243,0.00279243,0.00279243,0.00279243,1654552860,2022-06-06T22:01:00
0.00275069,0.00275069,0.00275069,0.00275069,1654552800,2022-06-06T22:00:00
0.00273138,0.00273138,0.00273138,0.00273138,1654552620,2022-06-06T21:57:00
0.00271979,0.00271979,0.00271979,0.00271979,1654550220,2022-06-06T21:17:00
0.00275146,0.00275146,0.00275146,0.00275146,1654549980,2022-06-06T21:13:00
0.00273591,0.00273591,0.00273591,0.00273591,1654549920,2022-06-06T21:12:00
0.00256331,0.0026617,0.00256331,0.0026617,1654549860,2022-06-06T21:11:00
0.00253022,0.00253022,0.00253022,0.00253022,1654549800,2022-06-06T21:10:00
0.00250758,0.00250758,0.00250758,0.00250758,1654548960,2022-06-06T20:56:00
0.00249126,0.00249126,0.00249126,0.00249126,1654540500,2022-06-06T18:35:00
0.00250721,0.00250721,0.00250721,0.00250721,1654539420,2022-06-06T18:17:00
0.00248675,0.00248675,0.00248675,0.00248675,1654539300,2022-06-06T18:15:00
0.00246458,0.00246458,0.00246458,0.00246458,1654539060,2022-06-06T18:11:00
0.00247847,0.00247847,0.00247847,0.00247847,1654531140,2022-06-06T15:59:00
0.00252874,0.00252874,0.00247859,0.00247859,1654530900,2022-06-06T15:55:00
0.00255779,0.00255779,0.00255779,0.00255779,1654529820,2022-06-06T15:37:00
0.00257718,0.00257718,0.00257718,0.00257718,1654529340,2022-06-06T15:29:00
0.00256047,0.00256047,0.00256047,0.00256047,1654529280,2022-06-06T15:28:00
0.00249953,0.00254639,0.00249953,0.00254639,1654529160,2022-06-06T15:26:00
0.00245427,0.00245427,0.00245427,0.00245427,1654529040,2022-06-06T15:24:00
0.00248148,0.00248148,0.00248148,0.00248148,1654518240,2022-06-06T12:24:00
0.00247163,0.00247163,0.00247163,0.00247163,1654513800,2022-06-06T11:10:00
0.00246474,0.00246474,0.00246474,0.00246474,1654513740,2022-06-06T11:09:00
0.00248711,0.00248711,0.00248711,0.00248711,1654513560,2022-06-06T11:06:00
0.00251466,0.00251466,0.00251466,0.00251466,1654512060,2022-06-06T10:41:00
0.00254549,0.00254549,0.00254549,0.00254549,1654512000,2022-06-06T10:40:00
0.0025572,0.0025572,0.0025572,0.0025572,1654511580,2022-06-06T10:33:00
0.00253912,0.00253912,0.00253912,0.00253912,1654511520,2022-06-06T10:32:00
0.00252271,0.00252271,0.00252271,0.00252271,1654511460,2022-06-06T10:31:00
0.00250117,0.00250117,0.00250117,0.00250117,1654511400,2022-06-06T10:30:00
0.00246721,0.0024819,0.00246721,0.0024819,1654511340,2022-06-06T10:29:00
0.00244218,0.00245187,0.00244218,0.00245187,1654511280,2022-06-06T10:28:00
0.00242561,0.00242561,0.00242561,0.00242561,1654510680,2022-06-06T10:18:00
0.00244824,0.00244824,0.00244824,0.00244824,1654508160,2022-06-06T09:36:00
0.00247577,0.00247577,0.00246149,0.00246149,1654507980,2022-06-06T09:33:00
0.00252102,0.00252102,0.00252102,0.00252102,1654507920,2022-06-06T09:32:00
0.00238957,0.00238957,0.00238957,0.00238957,1654507860,2022-06-06T09:31:00
0.00240334,0.00240334,0.00240334,0.00240334,1654507800,2022-06-06T09:30:00
0.00228049,0.00228049,0.00228049,0.00228049,1654507380,2022-06-06T09:23:00
0.00220331,0.00220331,0.00220331,0.00220331,1654507320,2022-06-06T09:22:00
0.00205687,0.00205687,0.00205687,0.00205687,1654481940,2022-06-06T02:19:00
0.00198217,0.00198217,0.00198217,0.00198217,1654470660,2022-06-05T23:11:00
0.00195719,0.00195719,0.00195719,0.00195719,1654467300,2022-06-05T22:15:00
0.00196253,0.00196253,0.00196253,0.00196253,1654445580,2022-06-05T16:13:00
0.00196176,0.00196176,0.00196176,0.00196176,1654433460,2022-06-05T12:51:00
0.00195849,0.00195849,0.00195849,0.00195849,1654370580,2022-06-04T19:23:00
0.00198872,0.00198872,0.00198872,0.00198872,1654360500,2022-06-04T16:35:00
0.00199327,0.00199327,0.00199327,0.00199327,1654355760,2022-06-04T15:16:00
0.00193917,0.00193917,0.00193917,0.00193917,1654355640,2022-06-04T15:14:00
0.00199521,0.00199521,0.00199521,0.00199521,1654355520,2022-06-04T15:12:00
0.00202179,0.00202179,0.00202179,0.00202179,1654355280,2022-06-04T15:08:00
0.00206508,0.00206508,0.00206508,0.00206508,1654321320,2022-06-04T05:42:00
0.00207993,0.00207993,0.00207993,0.00207993,1654300800,2022-06-04T00:00:00
0.00206129,0.00206129,0.00206129,0.00206129,1654280400,2022-06-03T18:20:00
0.00208345,0.00208345,0.00208345,0.00208345,1654267140,2022-06-03T14:39:00
0.00214592,0.00214592,0.00214592,0.00214592,1654219020,2022-06-03T01:17:00
0.00213085,0.00213085,0.00213085,0.00213085,1654207260,2022-06-02T22:01:00
0.00215321,0.00215321,0.00215321,0.00215321,1654202580,2022-06-02T20:43:00
0.00214829,0.00214829,0.00214829,0.00214829,1654202340,2022-06-02T20:39:00
0.00211183,0.00211183,0.00211183,0.00211183,1654202160,2022-06-02T20:36:00
0.00209161,0.00209161,0.00209161,0.00209161,1654175280,2022-06-02T13:08:00
0.00209078,0.00209078,0.00209078,0.00209078,1654169940,2022-06-02T11:39:00
0.00207574,0.00207574,0.00207574,0.00207574,1654156740,2022-06-02T07:59:00
0.00210806,0.00210806,0.00210806,0.00210806,1654125540,2022-06-01T23:19:00
0.00212435,0.00212435,0.00212435,0.00212435,1654125300,2022-06-01T23:15:00
0.00211616,0.00211616,0.00211616,0.00211616,1654125240,2022-06-01T23:14:00
0.00210283,0.00210283,0.00210283,0.00210283,1654124040,2022-06-01T22:54:00
0.00209189,0.00209189,0.00209189,0.00209189,1654116600,2022-06-01T20:50:00
0.00215003,0.00215003,0.00215003,0.00215003,1654113360,2022-06-01T19:56:00
0.00216691,0.00216691,0.00216691,0.00216691,1654108140,2022-06-01T18:29:00
0.00228061,0.00228061,0.00228061,0.00228061,1654093260,2022-06-01T14:21:00
0.00232331,0.00232331,0.00232331,0.00232331,1654092120,2022-06-01T14:02:00
0.00231821,0.00231821,0.00231821,0.00231821,1654057740,2022-06-01T04:29:00
0.00233577,0.00234936,0.00233577,0.00234936,1654056660,2022-06-01T04:11:00
0.00235997,0.00235997,0.00235997,0.00235997,1654056540,2022-06-01T04:09:00
0.00237962,0.00237962,0.00237962,0.00237962,1654056360,2022-06-01T04:06:00
0.00238943,0.00238943,0.00238943,0.00238943,1654056300,2022-06-01T04:05:00
0.00240477,0.00240477,0.00240477,0.00240477,1654052760,2022-06-01T03:06:00
0.00243576,0.00243576,0.00243576,0.00243576,1654044600,2022-06-01T00:50:00
0.00244334,0.00244334,0.00244334,0.00244334,1654028760,2022-05-31T20:26:00
0.00246108,0.00246108,0.00246108,0.00246108,1654026360,2022-05-31T19:46:00
0.00250378,0.00250378,0.00250378,0.00250378,1654026060,2022-05-31T19:41:00
0.00247652,0.00251316,0.00247652,0.00251316,1654026000,2022-05-31T19:40:00
0.00247082,0.00247082,0.00247082,0.00247082,1654025940,2022-05-31T19:39:00
0.00239779,0.00246369,0.00239779,0.00246369,1654025880,2022-05-31T19:38:00
0.00236968,0.00236968,0.00236968,0.00236968,1654025760,2022-05-31T19:36:00
0.00230513,0.00230513,0.00230513,0.00230513,1654025700,2022-05-31T19:35:00
0.0022808,0.0022808,0.0022808,0.0022808,1654023300,2022-05-31T18:55:00
0.00230775,0.00230775,0.00230775,0.00230775,1654015920,2022-05-31T16:52:00
0.00226153,0.00226153,0.00226153,0.00226153,1654010880,2022-05-31T15:28:00
0.00227677,0.00227677,0.00227677,0.00227677,1654006920,2022-05-31T14:22:00
0.00227711,0.00227711,0.00227711,0.00227711,1654004520,2022-05-31T13:42:00
0.00228839,0.00228839,0.00228839,0.00228839,1653996000,2022-05-31T11:20:00
0.00230189,0.00230189,0.00230189,0.00230189,1653995580,2022-05-31T11:13:00
0.00227499,0.00227499,0.00227499,0.00227499,1653980940,2022-05-31T07:09:00
0.0022689,0.0022689,0.0022689,0.0022689,1653949200,2022-05-30T22:20:00
0.0022531,0.0022531,0.0022531,0.0022531,1653948900,2022-05-30T22:15:00
0.00216246,0.00216246,0.00216246,0.00216246,1653940260,2022-05-30T19:51:00
0.00217425,0.00217425,0.00217425,0.00217425,1653939780,2022-05-30T19:43:00
0.00217036,0.00217036,0.00217036,0.00217036,1653938880,2022-05-30T19:28:00
0.00216923,0.00216923,0.00216923,0.00216923,1653921300,2022-05-30T14:35:00
0.00215198,0.00215198,0.00215198,0.00215198,1653918960,2022-05-30T13:56:00
0.0021233,0.0021233,0.0021233,0.0021233,1653918480,2022-05-30T13:48:00
0.00212541,0.00212541,0.00212541,0.00212541,1653903360,2022-05-30T09:36:00
0.00213128,0.00213128,0.00213128,0.00213128,1653902340,2022-05-30T09:19:00
0.00211584,0.00211584,0.00211584,0.00211584,1653896700,2022-05-30T07:45:00
0.00209423,0.00209423,0.00209423,0.00209423,1653894960,2022-05-30T07:16:00
0.00204569,0.00204569,0.00204569,0.00204569,1653876960,2022-05-30T02:16:00
0.00198941,0.00198941,0.00198941,0.00198941,1653872100,2022-05-30T00:55:00
0.00197306,0.00197306,0.00197306,0.00197306,1653843060,2022-05-29T16:51:00
0.00195445,0.00195445,0.00195445,0.00195445,1653842940,2022-05-29T16:49:00
0.00193738,0.00193738,0.00193738,0.00193738,1653839400,2022-05-29T15:50:00
0.00193727,0.00193727,0.00193727,0.00193727,1653838800,2022-05-29T15:40:00
0.00195052,0.00195052,0.00195052,0.00195052,1653831420,2022-05-29T13:37:00
0.00193369,0.00193369,0.00193369,0.00193369,1653798180,2022-05-29T04:23:00
0.00191606,0.00191606,0.00191606,0.00191606,1653775080,2022-05-28T21:58:00
0.00195389,0.00195389,0.00195389,0.00195389,1653752520,2022-05-28T15:42:00
0.00195733,0.00195733,0.00195733,0.00195733,1653739440,2022-05-28T12:04:00
0.00191766,0.00191766,0.00191766,0.00191766,1653737160,2022-05-28T11:26:00
0.00187432,0.00187432,0.00187432,0.00187432,1653676740,2022-05-27T18:39:00
0.0019145,0.0019145,0.0019145,0.0019145,1653663120,2022-05-27T14:52:00
0.00191879,0.00191879,0.00191879,0.00191879,1653612240,2022-05-27T00:44:00
0.00198242,0.00198242,0.00198242,0.00198242,1653589620,2022-05-26T18:27:00
0.00198675,0.00198675,0.00198675,0.00198675,1653589380,2022-05-26T18:23:00
0.00198283,0.00198283,0.00198283,0.00198283,1653573180,2022-05-26T13:53:00
0.00198797,0.00198797,0.00198797,0.00198797,1653569580,2022-05-26T12:53:00
0.00199304,0.00199304,0.00199304,0.00199304,1653567300,2022-05-26T12:15:00
0.00198382,0.00198382,0.00198382,0.00198382,1653554880,2022-05-26T08:48:00
0.00197608,0.00197608,0.00197608,0.00197608,1653554700,2022-05-26T08:45:00
0.00199481,0.00199481,0.00199481,0.00199481,1653553380,2022-05-26T08:23:00
0.00197951,0.00197951,0.00197951,0.00197951,1653553260,2022-05-26T08:21:00
0.00200799,0.00200799,0.00200799,0.00200799,1653550920,2022-05-26T07:42:00
0.00204949,0.00204949,0.00204949,0.00204949,1653536040,2022-05-26T03:34:00
0.00205702,0.00205702,0.00205702,0.00205702,1653524700,2022-05-26T00:25:00
0.00207539,0.00207539,0.00207539,0.00207539,1653511260,2022-05-25T20:41:00
0.002119,0.002119,0.002119,0.002119,1653501960,2022-05-25T18:06:00
0.00213799,0.00213799,0.00213799,0.00213799,1653501000,2022-05-25T17:50:00
0.00213351,0.00213351,0.00213351,0.00213351,1653496500,2022-05-25T16:35:00
0.0021103,0.0021103,0.0021103,0.0021103,1653496380,2022-05-25T16:33:00
0.00212024,0.00212024,0.00212024,0.00212024,1653495720,2022-05-25T16:22:00
0.00217874,0.00217874,0.00217874,0.00217874,1653495360,2022-05-25T16:16:00
0.00218074,0.00219148,0.00218074,0.00219148,1653495180,2022-05-25T16:13:00
0.00209741,0.00213382,0.00209741,0.00213382,1653495120,2022-05-25T16:12:00
0.00202896,0.00208821,0.00202896,0.00208821,1653495000,2022-05-25T16:10:00
0.00198991,0.00200824,0.00198991,0.00200824,1653494940,2022-05-25T16:09:00
0.00197754,0.00197754,0.00197754,0.00197754,1653492720,2022-05-25T15:32:00
0.00195478,0.00195478,0.00195478,0.00195478,1653492660,2022-05-25T15:31:00
0.00190466,0.00190466,0.00190466,0.00190466,1653491040,2022-05-25T15:04:00
0.00186613,0.00186613,0.00186613,0.00186613,1653482640,2022-05-25T12:44:00
0.00188859,0.00188859,0.00188859,0.00188859,1653466140,2022-05-25T08:09:00
0.00193838,0.00193838,0.00193838,0.00193838,1653463380,2022-05-25T07:23:00
0.0019196,0.0019196,0.0019196,0.0019196,1653463320,2022-05-25T07:22:00
0.00189939,0.00189939,0.00189939,0.00189939,1653459180,2022-05-25T06:13:00
0.00190731,0.00190731,0.00190731,0.00190731,1653446460,2022-05-25T02:41:00
0.00186776,0.00186776,0.00186776,0.00186776,1653399300,2022-05-24T13:35:00
0.00187193,0.00187193,0.00187193,0.00187193,1653368220,2022-05-24T04:57:00
0.00186061,0.00186061,0.00186061,0.00186061,1653362700,2022-05-24T03:25:00
0.00184219,0.00184219,0.00184219,0.00184219,1653361740,2022-05-24T03:09:00
0.00182974,0.00182974,0.00182974,0.00182974,1653356640,2022-05-24T01:44:00
0.00181788,0.00181788,0.00181788,0.00181788,1653350460,2022-05-24T00:01:00
0.00185729,0.00185729,0.00185729,0.00185729,1653346860,2022-05-23T23:01:00
0.0018292,0.00183308,0.0018292,0.00183308,1653345060,2022-05-23T22:31:00
0.00187779,0.00187779,0.00187779,0.00187779,1653342480,2022-05-23T21:48:00
0.00193012,0.00193012,0.00193012,0.00193012,1653304860,2022-05-23T11:21:00
0.00192531,0.00192531,0.00192531,0.00192531,1653290700,2022-05-23T07:25:00
0.00191228,0.00191228,0.00191228,0.00191228,1653280440,2022-05-23T04:34:00
0.0018889,0.0018889,0.0018889,0.0018889,1653240600,2022-05-22T17:30:00
0.00190841,0.00190841,0.00190841,0.00190841,1653222360,2022-05-22T12:26:00
0.00191329,0.00191329,0.00191329,0.00191329,1653215340,2022-05-22T10:29:00
0.00191167,0.00191167,0.00191167,0.00191167,1653212280,2022-05-22T09:38:00
0.00189446,0.00189446,0.00189446,0.00189446,1653209940,2022-05-22T08:59:00
0.00191915,0.00191915,0.00191915,0.00191915,1653207120,2022-05-22T08:12:00
0.00193213,0.00193213,0.00193213,0.00193213,1653206820,2022-05-22T08:07:00
0.00191304,0.00191304,0.00191304,0.00191304,1653206700,2022-05-22T08:05:00
0.00189284,0.00189284,0.00189284,0.00189284,1653206640,2022-05-22T08:04:00
0.00187457,0.00187457,0.00187457,0.00187457,1653206400,2022-05-22T08:00:00
0.00186426,0.00186426,0.00186426,0.00186426,1653154020,2022-05-21T17:27:00
0.00188636,0.00188636,0.00188636,0.00188636,1653153120,2022-05-21T17:12:00
0.00190207,0.00190207,0.00190207,0.00190207,1653150240,2022-05-21T16:24:00
0.00187561,0.00188945,0.00187561,0.00188945,1653150060,2022-05-21T16:21:00
0.00186666,0.00186666,0.00186666,0.00186666,1653150000,2022-05-21T16:20:00
0.00184943,0.00184943,0.00184943,0.00184943,1653127620,2022-05-21T10:07:00
0.00185422,0.00185422,0.00185422,0.00185422,1653112440,2022-05-21T05:54:00
0.0018424,0.0018424,0.0018424,0.0018424,1653106740,2022-05-21T04:19:00
0.00184324,0.00184324,0.00184324,0.00184324,1653085440,2022-05-20T22:24:00
0.0018494,0.0018494,0.0018494,0.0018494,1653085320,2022-05-20T22:22:00
0.00181737,0.00181737,0.00181737,0.00181737,1653068520,2022-05-20T17:42:00
0.00184193,0.00184193,0.00184193,0.00184193,1653068460,2022-05-20T17:41:00
0.0018585,0.0018585,0.0018585,0.0018585,1653064320,2022-05-20T16:32:00
0.00188769,0.00188769,0.00188769,0.00188769,1653059040,2022-05-20T15:04:00
0.00186924,0.00186924,0.00186924,0.00186924,1653058980,2022-05-20T15:03:00
0.0018963,0.0018963,0.0018963,0.0018963,1653054480,2022-05-20T13:48:00
0.00187447,0.00187447,0.00187447,0.00187447,1653054360,2022-05-20T13:46:00
0.00188139,0.00188139,0.00188139,0.00188139,1653053880,2022-05-20T13:38:00
0.00186891,0.00186891,0.00186891,0.00186891,1653053760,2022-05-20T13:36:00
0.00187035,0.00187035,0.00187035,0.00187035,1653046620,2022-05-20T11:37:00
0.00189179,0.00189179,0.00189179,0.00189179,1653044700,2022-05-20T11:05:00
0.001843,0.001843,0.001843,0.001843,1653025200,2022-05-20T05:40:00
0.0018379,0.0018379,0.0018379,0.0018379,1653024420,2022-05-20T05:27:00
0.00182353,0.00182353,0.00182353,0.00182353,1653024360,2022-05-20T05:26:00
0.00179559,0.00179559,0.00179559,0.00179559,1653004920,2022-05-20T00:02:00
0.00179274,0.00179274,0.00179274,0.00179274,1652976000,2022-05-19T16:00:00
0.00178016,0.00178016,0.00177401,0.00177401,1652971440,2022-05-19T14:44:00
0.00174495,0.00174495,0.00174495,0.00174495,1652971380,2022-05-19T14:43:00
0.00170809,0.00170809,0.00170809,0.00170809,1652969160,2022-05-19T14:06:00
0.00169482,0.00169482,0.00169482,0.00169482,1652961600,2022-05-19T12:00:00
0.00168752,0.00168859,0.00168752,0.00168859,1652951100,2022-05-19T09:05:00
0.00172391,0.00172391,0.00172391,0.00172391,1652949540,2022-05-19T08:39:00
0.00174887,0.00174887,0.00174887,0.00174887,1652940480,2022-05-19T06:08:00
0.0017387,0.0017387,0.0017387,0.0017387,1652919840,2022-05-19T00:24:00
0.00173196,0.00173196,0.00173196,0.00173196,1652917920,2022-05-18T23:52:00
0.00179147,0.00179147,0.00179147,0.00179147,1652906220,2022-05-18T20:37:00
0.00181905,0.00181905,0.00181905,0.00181905,1652900820,2022-05-18T19:07:00
0.00175679,0.00175679,0.00175679,0.00175679,1652890080,2022-05-18T16:08:00
0.00175555,0.00175555,0.00175555,0.00175555,1652889780,2022-05-18T16:03:00
0.00178276,0.00178276,0.00178276,0.00178276,1652889420,2022-05-18T15:57:00
0.00178172,0.00178172,0.00178172,0.00178172,1652888940,2022-05-18T15:49:00
0.00182572,0.00182572,0.00182572,0.00182572,1652882280,2022-05-18T13:58:00
0.00182779,0.00182779,0.00182779,0.00182779,1652879880,2022-05-18T13:18:00
0.00184531,0.00184531,0.00184531,0.00184531,1652872500,2022-05-18T11:15:00
0.00186724,0.00186724,0.00186724,0.00186724,1652841240,2022-05-18T02:34:00
0.00183297,0.00183297,0.00183297,0.00183297,1652816880,2022-05-17T19:48:00
0.00180616,0.00180616,0.00180616,0.00180616,1652811540,2022-05-17T18:19:00
0.00188335,0.00188335,0.00188335,0.00188335,1652796600,2022-05-17T14:10:00
0.00186064,0.00186064,0.00186064,0.00186064,1652783040,2022-05-17T10:24:00
0.00187888,0.00187888,0.00187888,0.00187888,1652779380,2022-05-17T09:23:00
0.0019191,0.0019191,0.0019191,0.0019191,1652764620,2022-05-17T05:17:00
0.00196681,0.00196681,0.00196681,0.00196681,1652762520,2022-05-17T04:42:00
0.00194949,0.00194949,0.00194949,0.00194949,1652761140,2022-05-17T04:19:00
0.00194069,0.00194069,0.00194069,0.00194069,1652760720,2022-05-17T04:12:00
0.00192552,0.00192552,0.00192552,0.00192552,1652759220,2022-05-17T03:47:00
0.00189041,0.00189041,0.00189041,0.00189041,1652757060,2022-05-17T03:11:00
0.00188523,0.00188523,0.00188523,0.00188523,1652744520,2022-05-16T23:42:00
0.00190148,0.00190148,0.00190148,0.00190148,1652743740,2022-05-16T23:29:00
0.00192854,0.00192854,0.00192854,0.00192854,1652741400,2022-05-16T22:50:00
0.00191182,0.00191182,0.00191182,0.00191182,1652706180,2022-05-16T13:03:00
0.00191202,0.00191202,0.00191202,0.00191202,1652700840,2022-05-16T11:34:00
0.00190368,0.00190368,0.00190368,0.00190368,1652684940,2022-05-16T07:09:00
0.00191835,0.00191835,0.00191835,0.00191835,1652684280,2022-05-16T06:58:00
0.00192021,0.00192021,0.00192021,0.00192021,1652681940,2022-05-16T06:19:00
0.00194308,0.00194308,0.00194308,0.00194308,1652676540,2022-05-16T04:49:00
0.00192898,0.00192898,0.00192898,0.00192898,1652672580,2022-05-16T03:43:00
0.0019402,0.0019402,0.0019402,0.0019402,1652672100,2022-05-16T03:35:00
0.00193131,0.00193131,0.00193131,0.00193131,1652671920,2022-05-16T03:32:00
0.00191551,0.00191551,0.00191551,0.00191551,1652671860,2022-05-16T03:31:00
0.001903,0.001903,0.001903,0.001903,1652671140,2022-05-16T03:19:00
0.00194829,0.00194829,0.00194829,0.00194829,1652659500,2022-05-16T00:05:00
0.00191128,0.00191128,0.00191128,0.00191128,1652645700,2022-05-15T20:15:00
0.00189579,0.00189579,0.00189579,0.00189579,1652634420,2022-05-15T17:07:00
0.00185678,0.00185678,0.00185678,0.00185678,1652601300,2022-05-15T07:55:00
0.00184467,0.00184467,0.00184467,0.00184467,1652589360,2022-05-15T04:36:00
0.00186498,0.00186498,0.00186498,0.00186498,1652569500,2022-05-14T23:05:00
0.00184644,0.00184644,0.00184644,0.00184644,1652569380,2022-05-14T23:03:00
0.00182549,0.00182549,0.00182549,0.00182549,1652568780,2022-05-14T22:53:00
0.00180082,0.00180082,0.00180082,0.00180082,1652562960,2022-05-14T21:16:00
0.00183072,0.00183072,0.00183072,0.00183072,1652556120,2022-05-14T19:22:00
0.00185175,0.00185175,0.00185175,0.00185175,1652549340,2022-05-14T17:29:00
0.00182868,0.00182868,0.00182868,0.00182868,1652546580,2022-05-14T16:43:00
0.00182969,0.00182969,0.00182969,0.00182969,1652546520,2022-05-14T16:42:00
0.0018022,0.0018022,0.0018022,0.0018022,1652546460,2022-05-14T16:41:00
0.00176907,0.00176907,0.00176907,0.00176907,1652546280,2022-05-14T16:38:00
0.00173442,0.00173442,0.00173442,0.00173442,1652546160,2022-05-14T16:36:00
0.00172037,0.00172037,0.00172037,0.00172037,1652545800,2022-05-14T16:30:00
0.00173597,0.00173597,0.00173597,0.00173597,1652528940,2022-05-14T11:49:00
0.00180287,0.00180287,0.00180287,0.00180287,1652522160,2022-05-14T09:56:00
0.00183502,0.00183502,0.00183502,0.00183502,1652502660,2022-05-14T04:31:00
0.00183857,0.00183857,0.00183857,0.00183857,1652490420,2022-05-14T01:07:00
0.0018473,0.0018473,0.0018473,0.0018473,1652482680,2022-05-13T22:58:00
0.00184776,0.00184776,0.00184776,0.00184776,1652463060,2022-05-13T17:31:00
0.00188419,0.00188419,0.00188419,0.00188419,1652443020,2022-05-13T11:57:00
0.00184706,0.00184706,0.00184706,0.00184706,1652438700,2022-05-13T10:45:00
0.00185364,0.00185364,0.00185364,0.00185364,1652437920,2022-05-13T10:32:00
0.0018562,0.0018562,0.0018562,0.0018562,1652425500,2022-05-13T07:05:00
0.00185865,0.00185865,0.00185865,0.00185865,1652422080,2022-05-13T06:08:00
0.00170293,0.00170293,0.00170293,0.00170293,1652402160,2022-05-13T00:36:00
0.00170233,0.00170233,0.00170233,0.00170233,1652397960,2022-05-12T23:26:00
0.00175235,0.00175235,0.00175235,0.00175235,1652387700,2022-05-12T20:35:00
0.00175282,0.00175282,0.00175282,0.00175282,1652381520,2022-05-12T18:52:00
0.00182867,0.00182867,0.00182867,0.00182867,1652374380,2022-05-12T16:53:00
0.00179704,0.00179704,0.00179704,0.00179704,1652373960,2022-05-12T16:46:00
0.00173835,0.00173835,0.00173835,0.00173835,1652366340,2022-05-12T14:39:00
0.00172152,0.00172152,0.00172152,0.00172152,1652364060,2022-05-12T14:01:00
0.00173696,0.00173696,0.00173696,0.00173696,1652362680,2022-05-12T13:38:00
0.00175498,0.00175498,0.00175498,0.00175498,1652362260,2022-05-12T13:31:00
0.00173605,0.00173605,0.00173605,0.00173605,1652360940,2022-05-12T13:09:00
0.00175083,0.00175083,0.00175083,0.00175083,1652359260,2022-05-12T12:41:00
0.00172673,0.00172673,0.00172673,0.00172673,1652350680,2022-05-12T10:18:00
0.00181732,0.00181732,0.00181732,0.00181732,1652349360,2022-05-12T09:56:00
0.0018197,0.0018197,0.0018197,0.0018197,1652345280,2022-05-12T08:48:00
0.00183085,0.00183085,0.00183085,0.00183085,1652337540,2022-05-12T06:39:00
0.00183875,0.00183875,0.00183875,0.00183875,1652336880,2022-05-12T06:28:00
0.00184783,0.00184783,0.00184783,0.00184783,1652335140,2022-05-12T05:59:00
0.00190423,0.00190423,0.00190423,0.00190423,1652333580,2022-05-12T05:33:00
0.00190666,0.00190666,0.00190666,0.00190666,1652333280,2022-05-12T05:28:00
0.00194253,0.00194253,0.00194253,0.00194253,1652331960,2022-05-12T05:06:00
0.00197976,0.00197976,0.00197976,0.00197976,1652328420,2022-05-12T04:07:00
0.00209069,0.00209069,0.00209069,0.00209069,1652322240,2022-05-12T02:24:00
0.00210881,0.00210881,0.00210881,0.00210881,1652314800,2022-05-12T00:20:00
0.00210582,0.00210582,0.00210582,0.00210582,1652312640,2022-05-11T23:44:00
0.0021377,0.0021377,0.0021377,0.0021377,1652310420,2022-05-11T23:07:00
0.00226692,0.00226692,0.00226692,0.00226692,1652293860,2022-05-11T18:31:00
0.00236032,0.00236032,0.00236032,0.00236032,1652284620,2022-05-11T15:57:00
0.00246511,0.00246511,0.00246511,0.00246511,1652280960,2022-05-11T14:56:00
0.00250524,0.00250524,0.00250524,0.00250524,1652280780,2022-05-11T14:53:00
0.00253866,0.00253866,0.00253866,0.00253866,1652279460,2022-05-11T14:31:00
0.00255186,0.00255186,0.00255186,0.00255186,1652278020,2022-05-11T14:07:00
0.0023828,0.0023828,0.0023828,0.0023828,1652273520,2022-05-11T12:52:00
0.00257103,0.00257103,0.00257103,0.00257103,1652272080,2022-05-11T12:28:00
0.00258018,0.00258018,0.00258018,0.00258018,1652261700,2022-05-11T09:35:00
0.00258025,0.00258025,0.00258025,0.00258025,1652246040,2022-05-11T05:14:00
0.00258196,0.00258196,0.00258196,0.00258196,1652229300,2022-05-11T00:35:00
0.00255828,0.00255828,0.00255828,0.00255828,1652212680,2022-05-10T19:58:00
0.0026156,0.0026156,0.0026156,0.0026156,1652194140,2022-05-10T14:49:00
0.00264624,0.00264624,0.00264624,0.00264624,1652191020,2022-05-10T13:57:00
0.00262319,0.00262319,0.00262319,0.00262319,1652163420,2022-05-10T06:17:00
0.00259746,0.00259746,0.00259746,0.00259746,1652161380,2022-05-10T05:43:00
0.00258207,0.00258207,0.00258207,0.00258207,1652161140,2022-05-10T05:39:00
0.0025434,0.0025434,0.0025434,0.0025434,1652128260,2022-05-09T20:31:00
0.00256948,0.00256948,0.00256948,0.00256948,1652127480,2022-05-09T20:18:00
0.00269579,0.00269579,0.00269579,0.00269579,1652092440,2022-05-09T10:34:00
0.00274417,0.00274417,0.00271939,0.00271939,1652086440,2022-05-09T08:54:00
0.00275512,0.00275512,0.00275512,0.00275512,1652075400,2022-05-09T05:50:00
0.00279006,0.00279006,0.00279006,0.00279006,1652069640,2022-05-09T04:14:00
0.00281464,0.00281464,0.00281464,0.00281464,1652063160,2022-05-09T02:26:00
0.00288194,0.00288194,0.00288194,0.00288194,1652036520,2022-05-08T19:02:00
0.00286987,0.00286987,0.00286987,0.00286987,1652026740,2022-05-08T16:19:00
0.00289211,0.00289211,0.00289211,0.00289211,1652008200,2022-05-08T11:10:00
0.00288937,0.00288937,0.00288937,0.00288937,1652003640,2022-05-08T09:54:00
0.00289194,0.00289194,0.00289194,0.00289194,1651981680,2022-05-08T03:48:00
0.00296125,0.00296125,0.00296125,0.00296125,1651973040,2022-05-08T01:24:00
0.00292406,0.00292406,0.00292406,0.00292406,1651964040,2022-05-07T22:54:00
0.00294567,0.00294567,0.00294567,0.00294567,1651961340,2022-05-07T22:09:00
0.00300303,0.00300303,0.00300303,0.00300303,1651947300,2022-05-07T18:15:00
0.0029996,0.0029996,0.0029996,0.0029996,1651926540,2022-05-07T12:29:00
0.00302118,0.00302118,0.00302118,0.00302118,1651901580,2022-05-07T05:33:00
0.00304256,0.00304256,0.00304256,0.00304256,1651881360,2022-05-06T23:56:00
0.00304928,0.00304928,0.00304928,0.00304928,1651842180,2022-05-06T13:03:00
0.0030861,0.0030861,0.0030861,0.0030861,1651801440,2022-05-06T01:44:00
0.00307809,0.00307809,0.00307809,0.00307809,1651789800,2022-05-05T22:30:00
0.00309288,0.00309288,0.00309288,0.00309288,1651783980,2022-05-05T20:53:00
0.00314341,0.00314341,0.00314341,0.00314341,1651782660,2022-05-05T20:31:00
0.0033313,0.0033313,0.0033313,0.0033313,1651760700,2022-05-05T14:25:00
0.00330883,0.00330883,0.00330883,0.00330883,1651760640,2022-05-05T14:24:00
0.00333839,0.00333839,0.00333839,0.00333839,1651743180,2022-05-05T09:33:00
0.00335038,0.00335038,0.00335038,0.00335038,1651694040,2022-05-04T19:54:00
0.00320524,0.00320524,0.00319716,0.00319716,1651671060,2022-05-04T13:31:00
0.0033005,0.0033005,0.0033005,0.0033005,1651660680,2022-05-04T10:38:00
0.00333735,0.00333735,0.00333735,0.00333735,1651656540,2022-05-04T09:29:00
0.00334804,0.00334804,0.00334804,0.00334804,1651647120,2022-05-04T06:52:00
0.00337538,0.00337538,0.00337538,0.00337538,1651645980,2022-05-04T06:33:00
0.00340738,0.00340738,0.00340738,0.00340738,1651643760,2022-05-04T05:56:00
0.00345547,0.00345547,0.00345547,0.00345547,1651640760,2022-05-04T05:06:00
0.00346617,0.00346617,0.00346617,0.00346617,1651640700,2022-05-04T05:05:00
0.00352504,0.00352504,0.00352504,0.00352504,1651638120,2022-05-04T04:22:00
0.00350315,0.00350315,0.00350315,0.00350315,1651637100,2022-05-04T04:05:00
0.00352209,0.00352209,0.00352209,0.00352209,1651636440,2022-05-04T03:54:00
0.00352713,0.00352713,0.00352713,0.00352713,1651636380,2022-05-04T03:53:00
0.00357013,0.00357013,0.00357013,0.00357013,1651635120,2022-05-04T03:32:00
0.00359267,0.00359267,0.00359267,0.00359267,1651634760,2022-05-04T03:26:00
0.00367329,0.00367329,0.00367329,0.00367329,1651634640,2022-05-04T03:24:00
0.00376133,0.00376133,0.00376133,0.00376133,1651634580,2022-05-04T03:23:00
0.00378671,0.00378671,0.00378671,0.00378671,1651634100,2022-05-04T03:15:00
0.00376555,0.00376555,0.00376555,0.00376555,1651633980,2022-05-04T03:13:00
0.00369705,0.0037419,0.00369705,0.0037419,1651633800,2022-05-04T03:10:00
0.00367404,0.00367404,0.00367404,0.00367404,1651633740,2022-05-04T03:09:00
0.0034634,0.0034634,0.0034634,0.0034634,1651633680,2022-05-04T03:08:00
0.0033805,0.0033805,0.0033805,0.0033805,1651633620,2022-05-04T03:07:00
0.00332014,0.00332014,0.00332014,0.00332014,1651633560,2022-05-04T03:06:00
0.00330612,0.00330612,0.00330612,0.00330612,1651631160,2022-05-04T02:26:00
0.0033143,0.0033143,0.0033143,0.0033143,1651626540,2022-05-04T01:09:00
0.00339187,0.00339187,0.00339187,0.00339187,1651584960,2022-05-03T13:36:00
0.00340069,0.00340069,0.00340069,0.00340069,1651584720,2022-05-03T13:32:00
0.00338653,0.00338653,0.00338653,0.00338653,1651556220,2022-05-03T05:37:00
0.00338138,0.00338138,0.00338138,0.00338138,1651540080,2022-05-03T01:08:00
0.00342181,0.00342181,0.00342181,0.00342181,1651531140,2022-05-02T22:39:00
0.00341788,0.00341788,0.00341788,0.00341788,1651519680,2022-05-02T19:28:00
0.00346807,0.00346807,0.00346807,0.00346807,1651504140,2022-05-02T15:09:00
0.0034469,0.0034469,0.0034469,0.0034469,1651488600,2022-05-02T10:50:00
0.00348775,0.00348775,0.00348775,0.00348775,1651488540,2022-05-02T10:49:00
0.00353075,0.00353075,0.00353075,0.00353075,1651488420,2022-05-02T10:47:00
0.00356647,0.00356647,0.00356647,0.00356647,1651488120,2022-05-02T10:42:00
0.00364472,0.00364472,0.00364472,0.00364472,1651477920,2022-05-02T07:52:00
0.00368119,0.00368119,0.00368119,0.00368119,1651474620,2022-05-02T06:57:00
0.00363338,0.00363338,0.00363338,0.00363338,1651452420,2022-05-02T00:47:00
0.0036507,0.0036507,0.0036507,0.0036507,1651423560,2022-05-01T16:46:00
0.00362797,0.00362797,0.00362797,0.00362797,1651396260,2022-05-01T09:11:00
0.00379189,0.00379189,0.00379189,0.00379189,1651396020,2022-05-01T09:07:00
0.00375732,0.00375732,0.00375732,0.00375732,1651393260,2022-05-01T08:21:00
0.00387552,0.00387552,0.00387552,0.00387552,1651390560,2022-05-01T07:36:00
0.00393963,0.00393963,0.00393963,0.00393963,1651388640,2022-05-01T07:04:00
0.00394752,0.00394752,0.00394752,0.00394752,1651387140,2022-05-01T06:39:00
0.00390883,0.00390883,0.00390883,0.00390883,1651386060,2022-05-01T06:21:00
0.00389778,0.00389778,0.00389778,0.00389778,1651385100,2022-05-01T06:05:00
0.00393186,0.00393186,0.00393186,0.00393186,1651378260,2022-05-01T04:11:00
0.0038527,0.0038527,0.0038527,0.0038527,1651378020,2022-05-01T04:07:00
0.00371761,0.00371761,0.00371761,0.00371761,1651355580,2022-04-30T21:53:00
0.00372976,0.00372976,0.00372976,0.00372976,1651343940,2022-04-30T18:39:00
0.00376363,0.00376363,0.00376363,0.00376363,1651342140,2022-04-30T18:09:00
0.00381913,0.00381913,0.00381913,0.00381913,1651340820,2022-04-30T17:47:00
0.00387373,0.00387373,0.00387373,0.00387373,1651339380,2022-04-30T17:23:00
0.00393461,0.00393461,0.00393461,0.00393461,1651338240,2022-04-30T17:04:00
0.00398636,0.00398636,0.00398636,0.00398636,1651337520,2022-04-30T16:52:00
0.00398488,0.00398488,0.00398488,0.00398488,1651337280,2022-04-30T16:48:00
0.00403272,0.00403272,0.00403272,0.00403272,1651335840,2022-04-30T16:24:00
0.00405871,0.00405871,0.00405871,0.00405871,1651335600,2022-04-30T16:20:00
0.00394602,0.00394602,0.00394602,0.00394602,1651335480,2022-04-30T16:18:00
0.00387297,0.00387297,0.00387297,0.00387297,1651335240,2022-04-30T16:14:00
0.00385889,0.00385889,0.00385889,0.00385889,1651335180,2022-04-30T16:13:00
0.00367928,0.00367928,0.00367928,0.00367928,1651334160,2022-04-30T15:56:00
0.00363648,0.00363648,0.00363648,0.00363648,1651333140,2022-04-30T15:39:00
0.00358956,0.00358956,0.00358956,0.00358956,1651313700,2022-04-30T10:15:00
0.00360988,0.00360988,0.00360988,0.00360988,1651312140,2022-04-30T09:49:00
0.00356902,0.00356902,0.00356902,0.00356902,1651264500,2022-04-29T20:35:00
0.0035821,0.0035821,0.0035821,0.0035821,1651263480,2022-04-29T20:18:00
0.00357913,0.00357913,0.00357913,0.00357913,1651263180,2022-04-29T20:13:00
0.00366658,0.00366658,0.00366658,0.00366658,1651259220,2022-04-29T19:07:00
0.00373492,0.00373492,0.00373492,0.00373492,1651256400,2022-04-29T18:20:00
0.00375719,0.00375719,0.00375719,0.00375719,1651255980,2022-04-29T18:13:00
0.00374093,0.00374093,0.00374093,0.00374093,1651255800,2022-04-29T18:10:00
0.00357307,0.00357307,0.00357307,0.00357307,1651255080,2022-04-29T17:58:00
0.00364338,0.00364338,0.00364338,0.00364338,1651250160,2022-04-29T16:36:00
0.00373477,0.00373477,0.00373477,0.00373477,1651195380,2022-04-29T01:23:00
0.00363685,0.00363685,0.00363685,0.00363685,1651153680,2022-04-28T13:48:00
0.00366917,0.00366917,0.00366917,0.00366917,1651134900,2022-04-28T08:35:00
0.00363803,0.00363803,0.00363803,0.00363803,1651122600,2022-04-28T05:10:00
0.00361075,0.00361075,0.00361075,0.00361075,1651062900,2022-04-27T12:35:00
0.00360811,0.00360811,0.00360811,0.00360811,1651061880,2022-04-27T12:18:00
0.00363334,0.00363334,0.00363334,0.00363334,1651050000,2022-04-27T09:00:00
0.00363493,0.00363493,0.00363493,0.00363493,1651029720,2022-04-27T03:22:00
0.00368792,0.00368792,0.00368792,0.00368792,1651024020,2022-04-27T01:47:00
0.00373398,0.00373398,0.00373398,0.00373398,1651023960,2022-04-27T01:46:00
0.0036994,0.00375394,0.0036994,0.00375394,1651023540,2022-04-27T01:39:00
0.00365835,0.00365835,0.00365835,0.00365835,1651023480,2022-04-27T01:38:00
0.00359899,0.00359899,0.00359899,0.00359899,1651023300,2022-04-27T01:35:00
0.00370148,0.00370148,0.00370148,0.00370148,1650985560,2022-04-26T15:06:00
0.00377553,0.00377553,0.00377553,0.00377553,1650951060,2022-04-26T05:31:00
0.00378865,0.00378865,0.00378865,0.00378865,1650949680,2022-04-26T05:08:00
0.00368517,0.00368517,0.00368517,0.00368517,1650907260,2022-04-25T17:21:00
0.00370597,0.00370597,0.00370597,0.00370597,1650904500,2022-04-25T16:35:00
0.00371253,0.00371253,0.00371253,0.00371253,1650899040,2022-04-25T15:04:00
0.00373866,0.00374043,0.00373866,0.00374043,1650898980,2022-04-25T15:03:00
0.00413014,0.00413014,0.00413014,0.00413014,1650894480,2022-04-25T13:48:00
0.00380662,0.00380662,0.00380662,0.00380662,1650891420,2022-04-25T12:57:00
0.00379075,0.00379075,0.00379075,0.00379075,1650886200,2022-04-25T11:30:00
0.00379694,0.00379694,0.00379694,0.00379694,1650880980,2022-04-25T10:03:00
0.00388438,0.00388438,0.00388438,0.00388438,1650847140,2022-04-25T00:39:00
0.00388797,0.00388797,0.00388797,0.00388797,1650846300,2022-04-25T00:25:00
0.0038732,0.0038732,0.0038732,0.0038732,1650845640,2022-04-25T00:14:00
0.00388725,0.00388725,0.00388725,0.00388725,1650833880,2022-04-24T20:58:00
0.00394114,0.00394114,0.00394114,0.00394114,1650827280,2022-04-24T19:08:00
0.00392556,0.00392556,0.00392556,0.00392556,1650823320,2022-04-24T18:02:00
0.00393471,0.00393471,0.00393471,0.00393471,1650818220,2022-04-24T16:37:00
0.00399243,0.00399243,0.00399243,0.00399243,1650815340,2022-04-24T15:49:00
0.00398951,0.00398951,0.00398951,0.00398951,1650815160,2022-04-24T15:46:00
0.00402912,0.00402912,0.00402912,0.00402912,1650807120,2022-04-24T13:32:00
0.00408005,0.00408005,0.00408005,0.00408005,1650802800,2022-04-24T12:20:00
0.00410644,0.00410644,0.00410644,0.00410644,1650801840,2022-04-24T12:04:00
0.00409497,0.00409497,0.00409497,0.00409497,1650745680,2022-04-23T20:28:00
0.00411372,0.00411372,0.00411372,0.00411372,1650738780,2022-04-23T18:33:00
0.00413317,0.00413317,0.00413317,0.00413317,1650737520,2022-04-23T18:12:00
0.00421011,0.00421011,0.00421011,0.00421011,1650732180,2022-04-23T16:43:00
0.00425721,0.00425721,0.00425721,0.00425721,1650727440,2022-04-23T15:24:00
0.0043393,0.0043393,0.0043393,0.0043393,1650718680,2022-04-23T12:58:00
0.00440406,0.00440406,0.00440406,0.00440406,1650718020,2022-04-23T12:47:00
0.00442614,0.00442614,0.00442614,0.00442614,1650708780,2022-04-23T10:13:00
0.00446841,0.00446841,0.00446841,0.00446841,1650699240,2022-04-23T07:34:00
0.00449289,0.00449289,0.00449289,0.00449289,1650697440,2022-04-23T07:04:00
0.00445659,0.00445659,0.00445659,0.00445659,1650697320,2022-04-23T07:02:00
0.00443465,0.00443465,0.00443465,0.00443465,1650697260,2022-04-23T07:01:00
0.00441314,0.00441314,0.00441314,0.00441314,1650697140,2022-04-23T06:59:00
0.00438837,0.00438837,0.00438837,0.00438837,1650697080,2022-04-23T06:58:00
0.00435785,0.00435785,0.00435785,0.00435785,1650690240,2022-04-23T05:04:00
0.00436596,0.00436596,0.00436596,0.00436596,1650681900,2022-04-23T02:45:00
0.00440956,0.00440956,0.00440956,0.00440956,1650677160,2022-04-23T01:26:00
0.00438971,0.00438971,0.00438971,0.00438971,1650672600,2022-04-23T00:10:00
0.00441501,0.00441501,0.00441501,0.00441501,1650668160,2022-04-22T22:56:00
0.00439145,0.00439145,0.00439145,0.00439145,1650662520,2022-04-22T21:22:00
0.00434832,0.00434832,0.00434832,0.00434832,1650662400,2022-04-22T21:20:00
0.0043198,0.0043198,0.0043198,0.0043198,1650662280,2022-04-22T21:18:00
0.00430746,0.00430746,0.00430746,0.00430746,1650650160,2022-04-22T17:56:00
0.00438098,0.00438098,0.00438098,0.00438098,1650648000,2022-04-22T17:20:00
0.00441381,0.00441381,0.00441381,0.00441381,1650647580,2022-04-22T17:13:00
0.00437763,0.00437763,0.00437763,0.00437763,1650647400,2022-04-22T17:10:00
0.00428363,0.00428363,0.00428363,0.00428363,1650647340,2022-04-22T17:09:00
0.00395697,0.00414565,0.00395697,0.00414565,1650647280,2022-04-22T17:08:00
0.00395823,0.00395823,0.00395823,0.00395823,1650644640,2022-04-22T16:24:00
0.00395797,0.00398229,0.00395797,0.00398229,1650643140,2022-04-22T15:59:00
0.00394063,0.00394063,0.00394063,0.00394063,1650643080,2022-04-22T15:58:00
0.00394073,0.00394073,0.00394073,0.00394073,1650639960,2022-04-22T15:06:00
0.00399102,0.00399102,0.00399102,0.00399102,1650637620,2022-04-22T14:27:00
0.00407316,0.00407316,0.00407316,0.00407316,1650636180,2022-04-22T14:03:00
0.00412313,0.00412313,0.00412313,0.00412313,1650635640,2022-04-22T13:54:00
0.0041571,0.0041571,0.0041571,0.0041571,1650634620,2022-04-22T13:37:00
0.00418148,0.00418148,0.00418148,0.00418148,1650631860,2022-04-22T12:51:00
0.00418923,0.00418923,0.00418923,0.00418923,1650631800,2022-04-22T12:50:00
0.00426381,0.00426381,0.00426381,0.00426381,1650630060,2022-04-22T12:21:00
0.00433795,0.00433795,0.00433795,0.00433795,1650630000,2022-04-22T12:20:00
0.00442611,0.00442611,0.00438005,0.00438005,1650629880,2022-04-22T12:18:00
0.00446903,0.00446903,0.00446903,0.00446903,1650629820,2022-04-22T12:17:00
0.0044611,0.0044611,0.0044611,0.0044611,1650629700,2022-04-22T12:15:00
0.00443345,0.00443345,0.00443345,0.00443345,1650629460,2022-04-22T12:11:00
0.00407431,0.00417044,0.00407431,0.00417044,1650629400,2022-04-22T12:10:00
0.00398555,0.00401492,0.00398555,0.00401492,1650629340,2022-04-22T12:09:00
0.0039402,0.0039402,0.0039402,0.0039402,1650623880,2022-04-22T10:38:00
0.003987,0.003987,0.003987,0.003987,1650613680,2022-04-22T07:48:00
0.00403038,0.00403038,0.00403038,0.00403038,1650613500,2022-04-22T07:45:00
0.00404944,0.00404944,0.00404944,0.00404944,1650594960,2022-04-22T02:36:00
0.0040287,0.0040287,0.00401437,0.00401437,1650594120,2022-04-22T02:22:00
0.00427049,0.00427049,0.00427049,0.00427049,1650544020,2022-04-21T12:27:00
0.00415262,0.00415262,0.00415262,0.00415262,1650525660,2022-04-21T07:21:00
0.00420841,0.00420841,0.00420841,0.00420841,1650510780,2022-04-21T03:13:00
0.00426009,0.00426009,0.00426009,0.00426009,1650509220,2022-04-21T02:47:00
0.00429722,0.00429722,0.00429722,0.00429722,1650508200,2022-04-21T02:30:00
0.00432979,0.00432979,0.00432979,0.00432979,1650505680,2022-04-21T01:48:00
0.00435368,0.00435368,0.00435368,0.00435368,1650505080,2022-04-21T01:38:00
0.00438351,0.00438351,0.00438351,0.00438351,1650500400,2022-04-21T00:20:00
0.00453283,0.00453283,0.00453283,0.00453283,1650457740,2022-04-20T12:29:00
0.00451322,0.00451322,0.00451322,0.00451322,1650453180,2022-04-20T11:13:00
0.00450751,0.00450751,0.00450751,0.00450751,1650443940,2022-04-20T08:39:00
0.00446117,0.00446117,0.00446117,0.00446117,1650440700,2022-04-20T07:45:00
0.00442745,0.00442745,0.00442745,0.00442745,1650437280,2022-04-20T06:48:00
0.00440118,0.00440118,0.00440118,0.00440118,1650437160,2022-04-20T06:46:00
0.00438085,0.00438085,0.00438085,0.00438085,1650433320,2022-04-20T05:42:00
0.00435804,0.00435804,0.00435804,0.00435804,1650423180,2022-04-20T02:53:00
0.00439222,0.00439222,0.00439222,0.00439222,1650420900,2022-04-20T02:15:00
0.00442391,0.00442391,0.00442391,0.00442391,1650419700,2022-04-20T01:55:00
0.00446598,0.00446598,0.00446598,0.00446598,1650419640,2022-04-20T01:54:00
0.00449029,0.00449029,0.00449029,0.00449029,1650419280,2022-04-20T01:48:00
0.00450899,0.00450899,0.00450899,0.00450899,1650417660,2022-04-20T01:21:00
0.00454752,0.00454752,0.00454752,0.00454752,1650417540,2022-04-20T01:19:00
0.00463248,0.00463248,0.00463248,0.00463248,1650413940,2022-04-20T00:19:00
0.00466401,0.00466401,0.00466401,0.00466401,1650413520,2022-04-20T00:12:00
0.00468494,0.00468494,0.00468494,0.00468494,1650413280,2022-04-20T00:08:00
0.00472461,0.00472461,0.00472461,0.00472461,1650410340,2022-04-19T23:19:00
0.00474092,0.00474092,0.00474092,0.00474092,1650410280,2022-04-19T23:18:00
0.00487426,0.00487426,0.00487426,0.00487426,1650408300,2022-04-19T22:45:00
0.0049533,0.0049533,0.0049533,0.0049533,1650405420,2022-04-19T21:57:00
0.00499767,0.00499767,0.00499767,0.00499767,1650404100,2022-04-19T21:35:00
0.00502018,0.00502018,0.00502018,0.00502018,1650403740,2022-04-19T21:29:00
0.00504936,0.00504936,0.00504936,0.00504936,1650403500,2022-04-19T21:25:00
0.0050722,0.0050722,0.0050722,0.0050722,1650402420,2022-04-19T21:07:00
0.00504667,0.00504667,0.00504667,0.00504667,1650373080,2022-04-19T12:58:00
0.00507925,0.00507925,0.00507925,0.00507925,1650371880,2022-04-19T12:38:00
0.00512675,0.00512675,0.00512675,0.00512675,1650371580,2022-04-19T12:33:00
0.0052072,0.0052072,0.0052072,0.0052072,1650369720,2022-04-19T12:02:00
0.00503928,0.00503928,0.00503928,0.00503928,1650297120,2022-04-18T15:52:00
0.00503571,0.00503571,0.00503571,0.00503571,1650291180,2022-04-18T14:13:00
0.00509534,0.00509534,0.00509534,0.00509534,1650287100,2022-04-18T13:05:00
0.00505394,0.00505394,0.00505394,0.00505394,1650286080,2022-04-18T12:48:00
0.00518385,0.00518385,0.00518385,0.00518385,1650245640,2022-04-18T01:34:00
0.00514491,0.00514491,0.00514491,0.00514491,1650243120,2022-04-18T00:52:00
0.0136711,0.0136711,0.0136711,0.0136711,1650226980,2022-04-17T20:23:00
0.00514055,0.00514055,0.00514055,0.00514055,1650171600,2022-04-17T05:00:00
0.00516027,0.00516027,0.00516027,0.00516027,1650168060,2022-04-17T04:01:00
0.00517778,0.00517778,0.00517778,0.00517778,1650043080,2022-04-15T17:18:00
0.00519974,0.00519974,0.00519974,0.00519974,1650025260,2022-04-15T12:21:00
0.00523617,0.00523617,0.00523617,0.00523617,1650024480,2022-04-15T12:08:00
0.00522186,0.00522186,0.00522186,0.00522186,1650000960,2022-04-15T05:36:00
0.00524473,0.00524473,0.00524473,0.00524473,1649997000,2022-04-15T04:30:00
0.00523749,0.00523749,0.00523749,0.00523749,1649988480,2022-04-15T02:08:00
0.00529429,0.00529429,0.00529429,0.00529429,1649951580,2022-04-14T15:53:00
0.00528183,0.00528183,0.00528183,0.00528183,1649945940,2022-04-14T14:19:00
0.00531115,0.00531115,0.00531115,0.00531115,1649935020,2022-04-14T11:17:00
0.00537736,0.00537736,0.00537736,0.00537736,1649934780,2022-04-14T11:13:00
0.00540521,0.00540521,0.00540521,0.00540521,1649844660,2022-04-13T10:11:00
0.00536428,0.00536428,0.00536428,0.00536428,1649818740,2022-04-13T02:59:00
0.00534745,0.00534745,0.00534745,0.00534745,1649818680,2022-04-13T02:58:00
0.00539055,0.00539055,0.00539055,0.00539055,1649779440,2022-04-12T16:04:00
0.00549366,0.00549366,0.00549366,0.00549366,1649769000,2022-04-12T13:10:00
0.00552039,0.00552039,0.00552039,0.00552039,1649767800,2022-04-12T12:50:00
0.00545265,0.00545265,0.00545265,0.00545265,1649703660,2022-04-11T19:01:00
0.00542373,0.00542373,0.00542373,0.00542373,1649700660,2022-04-11T18:11:00
0.00575897,0.00575897,0.00575897,0.00575897,1649652780,2022-04-11T04:53:00
0.00645349,0.00645349,0.00645349,0.00645349,1649616000,2022-04-10T18:40:00
0.00749437,0.00749437,0.00749437,0.00749437,1649615160,2022-04-10T18:26:00
0.00594769,0.00594769,0.00594769,0.00594769,1649595180,2022-04-10T12:53:00
0.00591045,0.00591045,0.00591045,0.00591045,1649588760,2022-04-10T11:06:00
0.00597023,0.00597023,0.00597023,0.00597023,1649588520,2022-04-10T11:02:00
0.00598966,0.00598966,0.00598966,0.00598966,1649555400,2022-04-10T01:50:00
0.00589207,0.00589207,0.00589207,0.00589207,1649523540,2022-04-09T16:59:00
0.00588076,0.00588076,0.00588076,0.00588076,1649523240,2022-04-09T16:54:00
0.00591544,0.00591544,0.00591544,0.00591544,1649502000,2022-04-09T11:00:00
0.00588294,0.00588294,0.00588294,0.00588294,1649501880,2022-04-09T10:58:00
0.00582329,0.00582329,0.00582329,0.00582329,1649492280,2022-04-09T08:18:00
0.00582741,0.00582741,0.00582741,0.00582741,1649487660,2022-04-09T07:01:00
0.00591957,0.00591957,0.00591957,0.00591957,1649451360,2022-04-08T20:56:00
0.00587832,0.00587832,0.00587832,0.00587832,1649425500,2022-04-08T13:45:00
0.00595978,0.00595978,0.00595978,0.00595978,1649360760,2022-04-07T19:46:00
0.00594821,0.00594821,0.00594821,0.00594821,1649352540,2022-04-07T17:29:00
0.00600593,0.00600593,0.00600593,0.00600593,1649352120,2022-04-07T17:22:00
0.0055485,0.0055485,0.0055485,0.0055485,1649351880,2022-04-07T17:18:00
0.00555277,0.00555277,0.00555277,0.00555277,1649330940,2022-04-07T11:29:00
0.00553707,0.00553707,0.00553707,0.00553707,1649311680,2022-04-07T06:08:00
0.00559752,0.00559752,0.00559752,0.00559752,1649253180,2022-04-06T13:53:00
0.00576917,0.00576917,0.00576917,0.00576917,1649250000,2022-04-06T13:00:00
0.0058058,0.0058058,0.0058058,0.0058058,1649219460,2022-04-06T04:31:00
0.00585331,0.00585331,0.00581511,0.00581511,1649207640,2022-04-06T01:14:00
0.0060997,0.0060997,0.0060997,0.0060997,1649199060,2022-04-05T22:51:00
0.0166263,0.0166263,0.0166263,0.0166263,1649193240,2022-04-05T21:14:00
0.00767061,0.00767061,0.00767061,0.00767061,1649179980,2022-04-05T17:33:00
0.00631781,0.00631781,0.00631781,0.00631781,1649148240,2022-04-05T08:44:00
0.00645935,0.00645935,0.00638727,0.00638727,1649136960,2022-04-05T05:36:00
0.00649512,0.00649512,0.00649512,0.00649512,1649108520,2022-04-04T21:42:00
0.00637862,0.00637862,0.00637862,0.00637862,1649096100,2022-04-04T18:15:00
0.00641952,0.00641952,0.00641952,0.00641952,1649095080,2022-04-04T17:58:00
0.00647086,0.00647086,0.00647086,0.00647086,1649068860,2022-04-04T10:41:00
0.00643319,0.00643319,0.00643319,0.00643319,1649063820,2022-04-04T09:17:00
0.00643092,0.00643092,0.00643092,0.00643092,1649046060,2022-04-04T04:21:00
0.00638316,0.00638316,0.00638316,0.00638316,1649045580,2022-04-04T04:13:00
0.00637748,0.00637748,0.00637748,0.00637748,1649035500,2022-04-04T01:25:00
0.00633413,0.00633413,0.00633413,0.00633413,1648917960,2022-04-02T16:46:00
0.00642734,0.00642734,0.00642734,0.00642734,1648900080,2022-04-02T11:48:00
0.00648353,0.00648353,0.00648353,0.00648353,1648893840,2022-04-02T10:04:00
0.00650539,0.00654699,0.00650539,0.00654699,1648892700,2022-04-02T09:45:00
0.00650449,0.00650449,0.00650449,0.00650449,1648892640,2022-04-02T09:44:00
0.00645583,0.00645583,0.00645583,0.00645583,1648826040,2022-04-01T15:14:00
0.0064094,0.0064094,0.0064094,0.0064094,1648825920,2022-04-01T15:12:00
0.00619751,0.00619751,0.00619751,0.00619751,1648818360,2022-04-01T13:06:00
0.00621319,0.00621319,0.00621319,0.00621319,1648818300,2022-04-01T13:05:00
0.00614478,0.00614478,0.00614478,0.00614478,1648818240,2022-04-01T13:04:00
0.0061221,0.0061221,0.0061221,0.0061221,1648818180,2022-04-01T13:03:00
0.00604048,0.00604048,0.00604048,0.00604048,1648812900,2022-04-01T11:35:00
0.00590402,0.00590402,0.00590402,0.00590402,1648793820,2022-04-01T06:17:00
0.0059334,0.0059334,0.0059334,0.0059334,1648749300,2022-03-31T17:55:00
0.00585634,0.00585634,0.00585634,0.00585634,1648748280,2022-03-31T17:38:00
0.00592252,0.00592252,0.00592252,0.00592252,1648745160,2022-03-31T16:46:00
0.00615309,0.00615309,0.00615309,0.00615309,1648584780,2022-03-29T20:13:00
0.00614465,0.00614465,0.00614465,0.00614465,1648581120,2022-03-29T19:12:00
0.00620088,0.00620088,0.00620088,0.00620088,1648577820,2022-03-29T18:17:00
0.00615696,0.00615696,0.00615696,0.00615696,1648577760,2022-03-29T18:16:00
0.00619902,0.00619902,0.00619902,0.00619902,1648565280,2022-03-29T14:48:00
0.00631315,0.00631315,0.00631315,0.00631315,1648558320,2022-03-29T12:52:00
0.00630427,0.00630427,0.00630427,0.00630427,1648553880,2022-03-29T11:38:00
0.00630936,0.00630936,0.00630936,0.00630936,1648553700,2022-03-29T11:35:00
0.00620483,0.00620483,0.00620483,0.00620483,1648514640,2022-03-29T00:44:00
0.00629818,0.00629818,0.00629818,0.00629818,1648506660,2022-03-28T22:31:00
0.00630407,0.00630407,0.00630407,0.00630407,1648488900,2022-03-28T17:35:00
0.00636751,0.00636751,0.00636751,0.00636751,1648481220,2022-03-28T15:27:00
0.00624924,0.00624924,0.00624924,0.00624924,1648466040,2022-03-28T11:14:00
0.00619479,0.00619479,0.00619479,0.00619479,1648465080,2022-03-28T10:58:00
0.00623326,0.00623326,0.00623326,0.00623326,1648463160,2022-03-28T10:26:00
0.00620668,0.00620668,0.00620668,0.00620668,1648461960,2022-03-28T10:06:00
0.00618493,0.00618493,0.00618493,0.00618493,1648459320,2022-03-28T09:22:00
0.00615832,0.00615832,0.00615832,0.00615832,1648459260,2022-03-28T09:21:00
0.00610417,0.00610417,0.00610417,0.00610417,1648453200,2022-03-28T07:40:00
0.00616155,0.00616155,0.00616155,0.00616155,1648446420,2022-03-28T05:47:00
0.00609111,0.00609111,0.00609111,0.00609111,1648443300,2022-03-28T04:55:00
0.00601034,0.00601034,0.00601034,0.00601034,1648436340,2022-03-28T02:59:00
0.00602096,0.00602096,0.00602096,0.00602096,1648436160,2022-03-28T02:56:00
0.00567715,0.00567715,0.00567715,0.00567715,1648384560,2022-03-27T12:36:00
0.00568259,0.00568259,0.00568259,0.00568259,1648372920,2022-03-27T09:22:00
0.00567561,0.00567561,0.00567561,0.00567561,1648344420,2022-03-27T01:27:00
0.00560711,0.00560711,0.00560711,0.00560711,1648321620,2022-03-26T19:07:00
0.00563155,0.00563155,0.00557918,0.00557918,1648316640,2022-03-26T17:44:00
0.00570097,0.00570097,0.00570097,0.00570097,1648315980,2022-03-26T17:33:00
0.00568393,0.00568393,0.00568393,0.00568393,1648315800,2022-03-26T17:30:00
0.00571761,0.00571761,0.00571761,0.00571761,1648307520,2022-03-26T15:12:00
0.00575439,0.00575439,0.00575439,0.00575439,1648296840,2022-03-26T12:14:00
0.00580481,0.00580481,0.00580481,0.00580481,1648292040,2022-03-26T10:54:00
0.0058123,0.0058123,0.0058123,0.0058123,1648288920,2022-03-26T10:02:00
0.00581066,0.00581066,0.00581066,0.00581066,1648285860,2022-03-26T09:11:00
0.00575234,0.00575234,0.00575234,0.00575234,1648276020,2022-03-26T06:27:00
0.00576218,0.00576218,0.00576218,0.00576218,1648270680,2022-03-26T04:58:00
0.00581313,0.00581313,0.00581313,0.00581313,1648253940,2022-03-26T00:19:00
0.00575064,0.00575064,0.00575064,0.00575064,1648227780,2022-03-25T17:03:00
0.0057836,0.0057836,0.0057836,0.0057836,1648218060,2022-03-25T14:21:00
0.00565442,0.00565442,0.00565442,0.00565442,1648199280,2022-03-25T09:08:00
0.00564659,0.00564659,0.00564659,0.00564659,1648198020,2022-03-25T08:47:00
0.00560186,0.00560186,0.00557486,0.00557486,1648164720,2022-03-24T23:32:00
0.00555843,0.00555843,0.00555843,0.00555843,1648164480,2022-03-24T23:28:00
0.00550582,0.00550582,0.00550582,0.00550582,1648154760,2022-03-24T20:46:00
0.0053116,0.0053116,0.0053116,0.0053116,1648127520,2022-03-24T13:12:00
0.00535706,0.00535706,0.00535706,0.00535706,1648126920,2022-03-24T13:02:00
0.00545949,0.00545949,0.00545949,0.00545949,1648118700,2022-03-24T10:45:00
0.00538727,0.00538727,0.00538727,0.00538727,1648118580,2022-03-24T10:43:00
0.00535141,0.00535141,0.00535141,0.00535141,1648111080,2022-03-24T08:38:00
0.00541345,0.00541345,0.00541345,0.00541345,1648097580,2022-03-24T04:53:00
0.0053958,0.0053958,0.0053958,0.0053958,1648092540,2022-03-24T03:29:00
0.00536809,0.00536809,0.00536809,0.00536809,1648087020,2022-03-24T01:57:00
0.00538493,0.00538493,0.00538493,0.00538493,1648080480,2022-03-24T00:08:00
0.00533191,0.00533191,0.00533191,0.00533191,1648058760,2022-03-23T18:06:00
0.00546367,0.00546367,0.00546367,0.00546367,1648054980,2022-03-23T17:03:00
0.00550046,0.00550046,0.00550046,0.00550046,1648054440,2022-03-23T16:54:00
0.0054967,0.0054967,0.0054967,0.0054967,1648053780,2022-03-23T16:43:00
0.00539939,0.00539939,0.00539939,0.00539939,1648049580,2022-03-23T15:33:00
0.00537424,0.00537424,0.00537424,0.00537424,1648049400,2022-03-23T15:30:00
0.0053481,0.0053481,0.0053481,0.0053481,1648049280,2022-03-23T15:28:00
0.00528388,0.00528388,0.00528388,0.00528388,1648045500,2022-03-23T14:25:00
0.00531193,0.00531193,0.00531193,0.00531193,1648027500,2022-03-23T09:25:00
0.00534724,0.00534724,0.00534724,0.00534724,1648014060,2022-03-23T05:41:00
0.00538875,0.00538875,0.00538875,0.00538875,1647998280,2022-03-23T01:18:00
0.00547151,0.00547151,0.00547151,0.00547151,1647996960,2022-03-23T00:56:00
0.00548884,0.00548884,0.00548884,0.00548884,1647994860,2022-03-23T00:21:00
0.00552602,0.00552602,0.00552602,0.00552602,1647992100,2022-03-22T23:35:00
0.00554609,0.00554609,0.00554609,0.00554609,1647990660,2022-03-22T23:11:00
0.00553851,0.00553851,0.00553851,0.00553851,1647975600,2022-03-22T19:00:00
0.00550842,0.00550842,0.00550842,0.00550842,1647956820,2022-03-22T13:47:00
0.00552935,0.00552935,0.00552935,0.00552935,1647938100,2022-03-22T08:35:00
0.00550876,0.00550876,0.00550876,0.00550876,1647933900,2022-03-22T07:25:00
0.00548324,0.00548324,0.00548324,0.00548324,1647933840,2022-03-22T07:24:00
0.00544443,0.00544443,0.00544443,0.00544443,1647929880,2022-03-22T06:18:00
0.00551299,0.00551299,0.00551299,0.00551299,1647927720,2022-03-22T05:42:00
0.00545169,0.00545169,0.00545169,0.00545169,1647927000,2022-03-22T05:30:00
0.00534705,0.005398,0.00534705,0.005398,1647926940,2022-03-22T05:29:00
0.00527959,0.00530786,0.00527959,0.00530786,1647926880,2022-03-22T05:28:00
0.00525377,0.00525377,0.00525377,0.00525377,1647926100,2022-03-22T05:15:00
0.00521441,0.00521441,0.00521441,0.00521441,1647925920,2022-03-22T05:12:00
0.00511743,0.00511743,0.00511743,0.00511743,1647919920,2022-03-22T03:32:00
0.00499916,0.00499916,0.00499916,0.00499916,1647915360,2022-03-22T02:16:00
0.00493341,0.00493341,0.00493341,0.00493341,1647903240,2022-03-21T22:54:00
0.00489375,0.00489375,0.00489375,0.00489375,1647902160,2022-03-21T22:36:00
0.00490061,0.00490061,0.00490061,0.00490061,1647897060,2022-03-21T21:11:00
0.00487273,0.00487273,0.00487273,0.00487273,1647885240,2022-03-21T17:54:00
0.00485365,0.00485365,0.00485365,0.00485365,1647885060,2022-03-21T17:51:00
0.00488188,0.00488188,0.00488188,0.00488188,1647883740,2022-03-21T17:29:00
0.00494332,0.00494332,0.00494332,0.00494332,1647873480,2022-03-21T14:38:00
0.00495181,0.00495181,0.00495181,0.00495181,1647816840,2022-03-20T22:54:00
0.00498857,0.00498857,0.00498857,0.00498857,1647816720,2022-03-20T22:52:00
0.00502821,0.00502821,0.00502821,0.00502821,1647816600,2022-03-20T22:50:00
0.00506051,0.00506051,0.00506051,0.00506051,1647816480,2022-03-20T22:48:00
0.00511756,0.00511756,0.00511756,0.00511756,1647811920,2022-03-20T21:32:00
0.00509523,0.00509523,0.00509523,0.00509523,1647789420,2022-03-20T15:17:00
0.00505434,0.00505434,0.00505434,0.00505434,1647788880,2022-03-20T15:08:00
0.00510997,0.00510997,0.00510997,0.00510997,1647768960,2022-03-20T09:36:00
0.00517884,0.00517884,0.00517884,0.00517884,1647765780,2022-03-20T08:43:00
0.00516212,0.00516212,0.00516212,0.00516212,1647761100,2022-03-20T07:25:00
0.00520379,0.00520379,0.00520379,0.00520379,1647751320,2022-03-20T04:42:00
0.00522746,0.00522746,0.00522746,0.00522746,1647742920,2022-03-20T02:22:00
0.00524278,0.00524278,0.00524278,0.00524278,1647740880,2022-03-20T01:48:00
0.00527362,0.00527362,0.00527362,0.00527362,1647740520,2022-03-20T01:42:00
0.0053604,0.0053604,0.0053604,0.0053604,1647737400,2022-03-20T00:50:00
0.0053569,0.0053569,0.0053569,0.0053569,1647736860,2022-03-20T00:41:00
0.00544798,0.00544798,0.00544798,0.00544798,1647710700,2022-03-19T17:25:00
0.00541147,0.00541147,0.00541147,0.00541147,1647710100,2022-03-19T17:15:00
0.00537562,0.00537562,0.00537562,0.00537562,1647709320,2022-03-19T17:02:00
0.00532633,0.00532633,0.00532633,0.00532633,1647706740,2022-03-19T16:19:00
0.00535329,0.00535399,0.00535329,0.00535399,1647706320,2022-03-19T16:12:00
0.00543957,0.00543957,0.00543957,0.00543957,1647702720,2022-03-19T15:12:00
0.00545245,0.00545245,0.00545245,0.00545245,1647702360,2022-03-19T15:06:00
0.0053973,0.0053973,0.0053973,0.0053973,1647702120,2022-03-19T15:02:00
0.00541121,0.00541121,0.00541121,0.00541121,1647701400,2022-03-19T14:50:00
0.00538059,0.00538059,0.00538059,0.00538059,1647701340,2022-03-19T14:49:00
0.00527858,0.00532735,0.00527858,0.00532735,1647701220,2022-03-19T14:47:00
0.00524998,0.00524998,0.00524998,0.00524998,1647701160,2022-03-19T14:46:00
0.00521563,0.00521563,0.00521563,0.00521563,1647701040,2022-03-19T14:44:00
0.00518628,0.00518628,0.00518628,0.00518628,1647700920,2022-03-19T14:42:00
0.00504872,0.0051344,0.00504872,0.0051344,1647700860,2022-03-19T14:41:00
0.00500296,0.00500296,0.00500296,0.00500296,1647700800,2022-03-19T14:40:00
0.00497035,0.00497035,0.00497035,0.00497035,1647700680,2022-03-19T14:38:00
0.00497131,0.00497131,0.00497131,0.00497131,1647700560,2022-03-19T14:36:00
0.00489833,0.00489833,0.00489833,0.00489833,1647690840,2022-03-19T11:54:00
0.00491966,0.00491966,0.00491966,0.00491966,1647690180,2022-03-19T11:43:00
0.00489831,0.00489831,0.00489831,0.00489831,1647683280,2022-03-19T09:48:00
0.00489383,0.00489383,0.00489383,0.00489383,1647682680,2022-03-19T09:38:00
0.0047803,0.0047803,0.0047803,0.0047803,1647677520,2022-03-19T08:12:00
0.004842,0.004842,0.004842,0.004842,1647673980,2022-03-19T07:13:00
0.00484889,0.00484889,0.00484889,0.00484889,1647665520,2022-03-19T04:52:00
0.0048317,0.0048317,0.0048317,0.0048317,1647662160,2022-03-19T03:56:00
0.00480665,0.00480665,0.00480665,0.00480665,1647662100,2022-03-19T03:55:00
0.00479515,0.00479515,0.00479515,0.00479515,1647660600,2022-03-19T03:30:00
0.00477033,0.00477033,0.00477033,0.00477033,1647660360,2022-03-19T03:26:00
0.00470823,0.00470823,0.00470823,0.00470823,1647659400,2022-03-19T03:10:00
0.00464105,0.00464105,0.00464105,0.00464105,1647630900,2022-03-18T19:15:00
0.00467991,0.00467991,0.00467991,0.00467991,1647630660,2022-03-18T19:11:00
0.0043997,0.0043997,0.0043997,0.0043997,1647507600,2022-03-17T09:00:00
0.00442483,0.00442483,0.00442483,0.00442483,1647506820,2022-03-17T08:47:00
0.00445623,0.00445623,0.00445623,0.00445623,1647463620,2022-03-16T20:47:00
0.00441519,0.00441519,0.00441519,0.00441519,1647462000,2022-03-16T20:20:00
0.00431389,0.00431389,0.00431389,0.00431389,1647457740,2022-03-16T19:09:00
0.00437127,0.00437127,0.00437127,0.00437127,1647452700,2022-03-16T17:45:00
0.00441886,0.00441886,0.00441886,0.00441886,1647443700,2022-03-16T15:15:00
0.00445199,0.00445199,0.00445199,0.00445199,1647442080,2022-03-16T14:48:00
0.00449481,0.00449481,0.00449481,0.00449481,1647433200,2022-03-16T12:20:00
0.0045284,0.0045284,0.0045284,0.0045284,1647398220,2022-03-16T02:37:00
0.00447876,0.00447876,0.00447876,0.00447876,1647396660,2022-03-16T02:11:00
0.00441451,0.00441451,0.00441451,0.00441451,1647375540,2022-03-15T20:19:00
0.00435987,0.00435987,0.00435987,0.00435987,1647364680,2022-03-15T17:18:00
0.00434782,0.00434782,0.00434782,0.00434782,1647364380,2022-03-15T17:13:00
0.00432467,0.00432467,0.00432467,0.00432467,1647364200,2022-03-15T17:10:00
0.00430499,0.00430499,0.00430499,0.00430499,1647364140,2022-03-15T17:09:00
0.00421744,0.00421744,0.00421744,0.00421744,1647356220,2022-03-15T14:57:00
0.00417018,0.00417018,0.00417018,0.00417018,1647353220,2022-03-15T14:07:00
0.00410981,0.00410981,0.00410981,0.00410981,1647353100,2022-03-15T14:05:00
0.00411608,0.00411608,0.00411608,0.00411608,1647352020,2022-03-15T13:47:00
0.0041138,0.0041138,0.0041138,0.0041138,1647349380,2022-03-15T13:03:00
0.00421074,0.00421074,0.00421074,0.00421074,1647300060,2022-03-14T23:21:00
0.00414262,0.00414262,0.00414262,0.00414262,1647285780,2022-03-14T19:23:00
0.00425216,0.00425216,0.00425216,0.00425216,1647267480,2022-03-14T14:18:00
0.00429096,0.00429096,0.00429096,0.00429096,1647254400,2022-03-14T10:40:00
0.00430786,0.00430786,0.00430786,0.00430786,1647253740,2022-03-14T10:29:00
0.00425684,0.00425684,0.00425684,0.00425684,1647242520,2022-03-14T07:22:00
0.00424934,0.00424934,0.00424934,0.00424934,1647239220,2022-03-14T06:27:00
0.00435981,0.00435981,0.00435981,0.00435981,1647236160,2022-03-14T05:36:00
0.00431602,0.00431602,0.00431602,0.00431602,1647236040,2022-03-14T05:34:00
0.00427695,0.00427695,0.00427695,0.00427695,1647234480,2022-03-14T05:08:00
0.00431644,0.00431644,0.00431644,0.00431644,1647233880,2022-03-14T04:58:00
0.00436979,0.00436979,0.00436979,0.00436979,1647232200,2022-03-14T04:30:00
0.00426874,0.00426874,0.00426874,0.00426874,1647226500,2022-03-14T02:55:00
0.0042447,0.0042447,0.0042447,0.0042447,1647221880,2022-03-14T01:38:00
0.0042937,0.0042937,0.0042937,0.0042937,1647221340,2022-03-14T01:29:00
0.00433716,0.00433716,0.00433716,0.00433716,1647221160,2022-03-14T01:26:00
0.0042702,0.00429496,0.0042702,0.00429496,1647221040,2022-03-14T01:24:00
0.00425348,0.00425348,0.00425348,0.00425348,1647220980,2022-03-14T01:23:00
0.00414933,0.00414933,0.00414933,0.00414933,1647220920,2022-03-14T01:22:00
0.00405703,0.00405703,0.00405703,0.00405703,1647214560,2022-03-13T23:36:00
0.00403998,0.00403998,0.00403998,0.00403998,1647214500,2022-03-13T23:35:00
0.00402185,0.00402185,0.00402185,0.00402185,1647214440,2022-03-13T23:34:00
0.00400064,0.00400064,0.00400064,0.00400064,1647213900,2022-03-13T23:25:00
0.00403479,0.00403479,0.00403479,0.00403479,1647213360,2022-03-13T23:16:00
0.00417765,0.00417765,0.00417765,0.00417765,1647211080,2022-03-13T22:38:00
0.00422013,0.00422013,0.00422013,0.00422013,1647210720,2022-03-13T22:32:00
0.00426101,0.00426101,0.00426101,0.00426101,1647210660,2022-03-13T22:31:00
0.00424134,0.00424134,0.00424134,0.00424134,1647207540,2022-03-13T21:39:00
0.00426922,0.00426922,0.00426922,0.00426922,1647204660,2022-03-13T20:51:00
0.00424368,0.00424368,0.00424368,0.00424368,1647204600,2022-03-13T20:50:00
0.00419097,0.00419097,0.00419097,0.00419097,1647204540,2022-03-13T20:49:00
0.00416645,0.00416645,0.00414073,0.00414073,1647204480,2022-03-13T20:48:00
0.00414095,0.00414095,0.00414095,0.00414095,1647204420,2022-03-13T20:47:00
0.00416068,0.00416068,0.00416068,0.00416068,1647198660,2022-03-13T19:11:00
0.00414329,0.00414329,0.00414329,0.00414329,1647198600,2022-03-13T19:10:00
0.0040647,0.00410744,0.0040647,0.00410744,1647198540,2022-03-13T19:09:00
0.00397696,0.004026,0.00397696,0.004026,1647198480,2022-03-13T19:08:00
0.00395089,0.00395089,0.00395089,0.00395089,1647198420,2022-03-13T19:07:00
0.0039351,0.0039351,0.0039351,0.0039351,1647198360,2022-03-13T19:06:00
0.00391601,0.00391601,0.00391601,0.00391601,1647197400,2022-03-13T18:50:00
0.00388586,0.00388586,0.00388586,0.00388586,1647197340,2022-03-13T18:49:00
0.00385352,0.00385352,0.00385352,0.00385352,1647171660,2022-03-13T11:41:00
0.00382435,0.00382435,0.00382435,0.00382435,1647171600,2022-03-13T11:40:00
0.00382523,0.00382523,0.00382523,0.00382523,1647149520,2022-03-13T05:32:00
0.00382256,0.00382256,0.00382256,0.00382256,1647121920,2022-03-12T21:52:00
0.00381548,0.00381548,0.00381548,0.00381548,1647120480,2022-03-12T21:28:00
0.0038601,0.0038601,0.0038601,0.0038601,1647103500,2022-03-12T16:45:00
0.00384102,0.00384102,0.00384102,0.00384102,1647103440,2022-03-12T16:44:00
0.00382459,0.00382459,0.00382459,0.00382459,1646983980,2022-03-11T07:33:00
0.00374713,0.00374713,0.00374713,0.00374713,1646977440,2022-03-11T05:44:00
0.00369368,0.00369368,0.00369368,0.00369368,1646974260,2022-03-11T04:51:00
0.00375768,0.00375768,0.00372542,0.00372542,1646972340,2022-03-11T04:19:00
0.00381305,0.00381305,0.00381305,0.00381305,1646972100,2022-03-11T04:15:00
0.00382691,0.00382691,0.00382691,0.00382691,1646964780,2022-03-11T02:13:00
0.00387765,0.00387765,0.00387765,0.00387765,1646935860,2022-03-10T18:11:00
0.00403024,0.00403024,0.00403024,0.00403024,1646865900,2022-03-09T22:45:00
0.00398744,0.00398744,0.00398744,0.00398744,1646859180,2022-03-09T20:53:00
0.00403663,0.00403663,0.00403663,0.00403663,1646845680,2022-03-09T17:08:00
0.00398093,0.00401127,0.00398093,0.00401127,1646845500,2022-03-09T17:05:00
0.00392375,0.00395345,0.00392375,0.00395345,1646831520,2022-03-09T13:12:00
0.00389881,0.00389881,0.00389881,0.00389881,1646831460,2022-03-09T13:11:00
0.00404416,0.00404416,0.00404416,0.00404416,1646831400,2022-03-09T13:10:00
0.00431153,0.00431153,0.00431153,0.00431153,1646828580,2022-03-09T12:23:00
0.00435758,0.00435758,0.00435758,0.00435758,1646817300,2022-03-09T09:15:00
0.00412235,0.00412235,0.00412235,0.00412235,1646789880,2022-03-09T01:38:00
0.00409286,0.00409286,0.00409286,0.00409286,1646740440,2022-03-08T11:54:00
0.00410841,0.00410841,0.00410841,0.00410841,1646733180,2022-03-08T09:53:00
0.00406534,0.00406534,0.00406534,0.00406534,1646707800,2022-03-08T02:50:00
0.00401098,0.00401098,0.00401098,0.00401098,1646689980,2022-03-07T21:53:00
0.00405696,0.00405696,0.00405696,0.00405696,1646635980,2022-03-07T06:53:00
0.00424616,0.00424616,0.00424616,0.00424616,1646519880,2022-03-05T22:38:00
0.00427981,0.00427981,0.00427981,0.00427981,1646516160,2022-03-05T21:36:00
0.00423947,0.00423947,0.00423947,0.00423947,1646516100,2022-03-05T21:35:00
0.00427979,0.00427979,0.00427979,0.00427979,1646419980,2022-03-04T18:53:00
0.00438084,0.00438084,0.00438084,0.00438084,1646419560,2022-03-04T18:46:00
0.00443951,0.00443951,0.00443951,0.00443951,1646419020,2022-03-04T18:37:00
0.00451454,0.00451454,0.00451454,0.00451454,1646404620,2022-03-04T14:37:00
0.00463459,0.00463459,0.00463459,0.00463459,1646395440,2022-03-04T12:04:00
0.00465652,0.00465652,0.00465652,0.00465652,1646394840,2022-03-04T11:54:00
0.00486934,0.00486934,0.00486934,0.00486934,1646298840,2022-03-03T09:14:00
0.00484923,0.00484923,0.00484923,0.00484923,1646298420,2022-03-03T09:07:00
0.00498337,0.00498337,0.00494682,0.00494682,1646254020,2022-03-02T20:47:00
0.00498707,0.00498707,0.00498707,0.00498707,1646252580,2022-03-02T20:23:00
0.00487321,0.00487321,0.00487321,0.00487321,1646248140,2022-03-02T19:09:00
0.00489629,0.00489629,0.00489629,0.00489629,1646246280,2022-03-02T18:38:00
0.00489756,0.00489756,0.00489756,0.00489756,1646205000,2022-03-02T07:10:00
0.00484342,0.00484342,0.00484342,0.00484342,1646172180,2022-03-01T22:03:00
0.00478936,0.00478936,0.00478936,0.00478936,1646133120,2022-03-01T11:12:00
0.00463213,0.00463213,0.00463213,0.00463213,1646065320,2022-02-28T16:22:00
0.00450908,0.00450908,0.00450908,0.00450908,1645986000,2022-02-27T18:20:00
0.00448598,0.00448598,0.00448598,0.00448598,1645950420,2022-02-27T08:27:00
0.00447243,0.00447243,0.00447243,0.00447243,1645943760,2022-02-27T06:36:00
0.00442925,0.00442925,0.00442925,0.00442925,1645930140,2022-02-27T02:49:00
0.00461808,0.00461808,0.00461808,0.00461808,1645897500,2022-02-26T17:45:00
0.0046355,0.0046355,0.0046355,0.0046355,1645886040,2022-02-26T14:34:00
0.00464787,0.00464787,0.00464787,0.00464787,1645879980,2022-02-26T12:53:00
0.0047589,0.0047589,0.0047589,0.0047589,1645838160,2022-02-26T01:16:00
0.00471961,0.00471961,0.00471961,0.00471961,1645837920,2022-02-26T01:12:00
0.00457046,0.00457046,0.00457046,0.00457046,1645837620,2022-02-26T01:07:00
0.00448265,0.00448265,0.00448265,0.00448265,1645837020,2022-02-26T00:57:00
0.00410197,0.00410197,0.00410197,0.00410197,1645741800,2022-02-24T22:30:00
0.00415372,0.00415372,0.00415372,0.00415372,1645733100,2022-02-24T20:05:00
0.00404269,0.00404269,0.00404269,0.00404269,1645732680,2022-02-24T19:58:00
0.00379344,0.00379344,0.00379344,0.00379344,1645712640,2022-02-24T14:24:00
0.00380295,0.00380295,0.00380295,0.00380295,1645710360,2022-02-24T13:46:00
0.00371436,0.00371436,0.00371436,0.00371436,1645706100,2022-02-24T12:35:00
0.00371747,0.00371747,0.00371747,0.00371747,1645700100,2022-02-24T10:55:00
0.00378068,0.00378068,0.00378068,0.00378068,1645693200,2022-02-24T09:00:00
0.00380313,0.00380313,0.00380313,0.00380313,1645690380,2022-02-24T08:13:00
0.00379448,0.00379448,0.00379448,0.00379448,1645689060,2022-02-24T07:51:00
0.00391528,0.00391528,0.00391528,0.00391528,1645673700,2022-02-24T03:35:00
0.00404176,0.00404176,0.00404176,0.00404176,1645671240,2022-02-24T02:54:00
0.00413639,0.00413639,0.00413639,0.00413639,1645647420,2022-02-23T20:17:00
0.0042793,0.0042793,0.0042793,0.0042793,1645638600,2022-02-23T17:50:00
0.00424357,0.00424357,0.00424357,0.00424357,1645600020,2022-02-23T07:07:00
0.00428002,0.00428002,0.00428002,0.00428002,1645597320,2022-02-23T06:22:00
0.00428593,0.00428593,0.00428593,0.00428593,1645594320,2022-02-23T05:32:00
0.00429176,0.00429176,0.00429176,0.00429176,1645573200,2022-02-22T23:40:00
0.00429372,0.00429372,0.00429372,0.00429372,1645572540,2022-02-22T23:29:00
0.00433307,0.00433307,0.00433307,0.00433307,1645560420,2022-02-22T20:07:00
0.0042997,0.0042997,0.0042997,0.0042997,1645558980,2022-02-22T19:43:00
0.00421323,0.00421323,0.00421323,0.00421323,1645558860,2022-02-22T19:41:00
0.00412401,0.00412401,0.00412401,0.00412401,1645529280,2022-02-22T11:28:00
0.00400953,0.00400953,0.00400953,0.00400953,1645503780,2022-02-22T04:23:00
0.00403859,0.00403859,0.00403859,0.00403859,1645493940,2022-02-22T01:39:00
0.00403962,0.00403962,0.00403962,0.00403962,1645485900,2022-02-21T23:25:00
0.00411441,0.00411441,0.00411441,0.00411441,1645480020,2022-02-21T21:47:00
0.00419413,0.00419413,0.00419413,0.00419413,1645459200,2022-02-21T16:00:00
0.00406714,0.00406714,0.00406714,0.00406714,1645372680,2022-02-20T15:58:00
0.00408157,0.00408157,0.00408157,0.00408157,1645370760,2022-02-20T15:26:00
0.00407141,0.00407141,0.00407141,0.00407141,1645363620,2022-02-20T13:27:00
0.00426815,0.00426815,0.00426815,0.00426815,1645304160,2022-02-19T20:56:00
0.00427408,0.00427408,0.00427408,0.00427408,1645272060,2022-02-19T12:01:00
0.00440725,0.00440725,0.00440725,0.00440725,1645244640,2022-02-19T04:24:00
0.00442294,0.00442294,0.00442294,0.00442294,1645230420,2022-02-19T00:27:00
0.0044346,0.0044346,0.0044346,0.0044346,1645200060,2022-02-18T16:01:00
0.00457657,0.00457657,0.00457657,0.00457657,1645180200,2022-02-18T10:30:00
0.00460507,0.00460507,0.00460507,0.00460507,1645155720,2022-02-18T03:42:00
0.00458131,0.00458131,0.00458131,0.00458131,1645147920,2022-02-18T01:32:00
0.00460598,0.00460598,0.00460598,0.00460598,1645123740,2022-02-17T18:49:00
0.00455012,0.00455745,0.00455012,0.00455745,1645123680,2022-02-17T18:48:00
0.00461622,0.00461622,0.00461622,0.00461622,1645123500,2022-02-17T18:45:00
0.00483819,0.00483819,0.00483819,0.00483819,1645115160,2022-02-17T16:26:00
0.00490663,0.00490663,0.00490663,0.00490663,1645111140,2022-02-17T15:19:00
0.0050137,0.0050137,0.0050137,0.0050137,1645105260,2022-02-17T13:41:00
0.0050851,0.0050851,0.0050851,0.0050851,1645071360,2022-02-17T04:16:00
0.00521483,0.00521483,0.00521483,0.00521483,1645038960,2022-02-16T19:16:00
0.00528208,0.00528208,0.00528208,0.00528208,1645009380,2022-02-16T11:03:00
0.00533487,0.00533487,0.00533487,0.00533487,1644994740,2022-02-16T06:59:00
0.00532297,0.00532297,0.00532297,0.00532297,1644994140,2022-02-16T06:49:00
0.00533418,0.00533418,0.00533418,0.00533418,1644944760,2022-02-15T17:06:00
0.00525404,0.00525404,0.00525404,0.00525404,1644931740,2022-02-15T13:29:00
0.00520152,0.00520152,0.00520152,0.00520152,1644931020,2022-02-15T13:17:00
0.00503554,0.00503554,0.00503554,0.00503554,1644908220,2022-02-15T06:57:00
0.00488966,0.00488966,0.00488966,0.00488966,1644882960,2022-02-14T23:56:00
0.00481912,0.00481912,0.00481912,0.00481912,1644882660,2022-02-14T23:51:00
0.00482735,0.00482735,0.00482735,0.00482735,1644882060,2022-02-14T23:41:00
0.00477523,0.00477523,0.00477523,0.00477523,1644881220,2022-02-14T23:27:00
0.00477139,0.00477139,0.00474152,0.00474152,1644881160,2022-02-14T23:26:00
0.00474221,0.00474221,0.00474221,0.00474221,1644880980,2022-02-14T23:23:00
0.00469955,0.00469955,0.00469955,0.00469955,1644880260,2022-02-14T23:11:00
0.00464358,0.0046664,0.00464358,0.0046664,1644880140,2022-02-14T23:09:00
0.00461763,0.00461763,0.00461763,0.00461763,1644879960,2022-02-14T23:06:00
0.00459307,0.00459307,0.00459307,0.00459307,1644879840,2022-02-14T23:04:00
0.00455539,0.00455539,0.00455539,0.00455539,1644879780,2022-02-14T23:03:00
0.0045268,0.0045268,0.0045268,0.0045268,1644879720,2022-02-14T23:02:00
0.00449104,0.00449104,0.00449104,0.00449104,1644879480,2022-02-14T22:58:00
0.00444539,0.00444539,0.00444539,0.00444539,1644879360,2022-02-14T22:56:00
0.00437017,0.00439304,0.00437017,0.00439304,1644879300,2022-02-14T22:55:00
0.0042737,0.0042737,0.0042737,0.0042737,1644866100,2022-02-14T19:15:00
0.0043038,0.0043038,0.0043038,0.0043038,1644840060,2022-02-14T12:01:00
0.00434344,0.00434344,0.00434344,0.00434344,1644839520,2022-02-14T11:52:00
0.00437069,0.00437069,0.00437069,0.00437069,1644814920,2022-02-14T05:02:00
0.00436046,0.00436046,0.00436046,0.00436046,1644812280,2022-02-14T04:18:00
0.00441917,0.00441917,0.00441917,0.00441917,1644655200,2022-02-12T08:40:00
0.00438705,0.00438705,0.00438705,0.00438705,1644635340,2022-02-12T03:09:00
0.00462928,0.00462928,0.00462928,0.00462928,1644634740,2022-02-12T02:59:00
0.00473249,0.00473249,0.00473249,0.00473249,1644607680,2022-02-11T19:28:00
0.00497723,0.00497723,0.00497723,0.00497723,1644591240,2022-02-11T14:54:00
0.00493933,0.00493933,0.00493933,0.00493933,1644562680,2022-02-11T06:58:00
0.00495493,0.00495493,0.00495493,0.00495493,1644555300,2022-02-11T04:55:00
0.00505008,0.00505008,0.00505008,0.00505008,1644535260,2022-02-10T23:21:00
0.0051234,0.0051234,0.0051234,0.0051234,1644523440,2022-02-10T20:04:00
0.0050705,0.0050705,0.0050705,0.0050705,1644523080,2022-02-10T19:58:00
0.00495025,0.00495025,0.00495025,0.00495025,1644502680,2022-02-10T14:18:00
0.00498785,0.00498785,0.00498785,0.00498785,1644502620,2022-02-10T14:17:00
0.00503125,0.00503125,0.00503125,0.00503125,1644502560,2022-02-10T14:16:00
0.00510344,0.00510344,0.00510344,0.00510344,1644500640,2022-02-10T13:44:00
0.00523498,0.00523498,0.00523498,0.00523498,1644493260,2022-02-10T11:41:00
0.00513336,0.00513336,0.00513336,0.00513336,1644474120,2022-02-10T06:22:00
0.00512016,0.00512016,0.00512016,0.00512016,1644470940,2022-02-10T05:29:00
0.00515056,0.00515056,0.00515056,0.00515056,1644462960,2022-02-10T03:16:00
0.00512016,0.00512016,0.00512016,0.00512016,1644462720,2022-02-10T03:12:00
0.00521237,0.00521237,0.00521237,0.00521237,1644451920,2022-02-10T00:12:00
0.0052335,0.0052335,0.0052335,0.0052335,1644447720,2022-02-09T23:02:00
0.00527776,0.00527776,0.00527776,0.00527776,1644436200,2022-02-09T19:50:00
0.00523103,0.00523103,0.00523103,0.00523103,1644412320,2022-02-09T13:12:00
0.00522546,0.00522546,0.00522546,0.00522546,1644411960,2022-02-09T13:06:00
0.00522964,0.00522964,0.00522964,0.00522964,1644411300,2022-02-09T12:55:00
0.00510411,0.00510411,0.00510411,0.00510411,1644404100,2022-02-09T10:55:00
0.00506883,0.00506883,0.00506883,0.00506883,1644403500,2022-02-09T10:45:00
0.00498612,0.00498612,0.00498612,0.00498612,1644394260,2022-02-09T08:11:00
0.00499659,0.00499659,0.00499659,0.00499659,1644360240,2022-02-08T22:44:00
0.00495711,0.00495711,0.00495711,0.00495711,1644346860,2022-02-08T19:01:00
0.00504802,0.00504802,0.00504802,0.00504802,1644327840,2022-02-08T13:44:00
0.00502714,0.00502714,0.00502714,0.00502714,1644327660,2022-02-08T13:41:00
0.00503545,0.00503545,0.00503545,0.00503545,1644327180,2022-02-08T13:33:00
0.00499316,0.00499316,0.00499316,0.00499316,1644326400,2022-02-08T13:20:00
0.00503621,0.00503621,0.00503621,0.00503621,1644324360,2022-02-08T12:46:00
0.00511441,0.00511441,0.00511441,0.00511441,1644322440,2022-02-08T12:14:00
0.00528712,0.00528712,0.00528712,0.00528712,1644304380,2022-02-08T07:13:00
0.00532392,0.00532392,0.00532392,0.00532392,1644300600,2022-02-08T06:10:00
0.00531739,0.00531739,0.00531739,0.00531739,1644292980,2022-02-08T04:03:00
0.00541319,0.00541319,0.00541319,0.00541319,1644259920,2022-02-07T18:52:00
0.00541399,0.00541399,0.00541399,0.00541399,1644252360,2022-02-07T16:46:00
0.00535255,0.00535255,0.00535255,0.00535255,1644252180,2022-02-07T16:43:00
0.00519987,0.00519987,0.00519987,0.00519987,1644252000,2022-02-07T16:40:00
0.00514577,0.00514577,0.00514577,0.00514577,1644249360,2022-02-07T15:56:00
0.00505305,0.00505305,0.00505305,0.00505305,1644242100,2022-02-07T13:55:00
0.00499908,0.00499908,0.00499908,0.00499908,1644241020,2022-02-07T13:37:00
0.00492962,0.00492962,0.00492962,0.00492962,1644228480,2022-02-07T10:08:00
0.00490982,0.00490982,0.00490982,0.00490982,1644222300,2022-02-07T08:25:00
0.00488228,0.00488228,0.00488228,0.00488228,1644222240,2022-02-07T08:24:00
0.00494757,0.00494757,0.00494757,0.00494757,1644221940,2022-02-07T08:19:00
0.00486639,0.00486639,0.00486639,0.00486639,1644221880,2022-02-07T08:18:00
0.00473822,0.00473822,0.00473822,0.00473822,1644221280,2022-02-07T08:08:00
0.00448926,0.00448926,0.00448926,0.00448926,1644212640,2022-02-07T05:44:00
0.00432154,0.00432154,0.00432154,0.00432154,1644204060,2022-02-07T03:21:00
0.00423825,0.00423825,0.00423825,0.00423825,1644193500,2022-02-07T00:25:00
0.00413128,0.00413128,0.00413128,0.00413128,1644189300,2022-02-06T23:15:00
0.00412671,0.00412671,0.00412671,0.00412671,1644157860,2022-02-06T14:31:00
0.00408331,0.00408331,0.00408331,0.00408331,1644151140,2022-02-06T12:39:00
0.00403747,0.00403747,0.00403747,0.00403747,1644149100,2022-02-06T12:05:00
0.00405627,0.00405627,0.00405025,0.00405025,1644148620,2022-02-06T11:57:00
0.00394032,0.00401749,0.00394032,0.00401749,1644148560,2022-02-06T11:56:00
0.00385562,0.00385562,0.00385562,0.00385562,1644148500,2022-02-06T11:55:00
0.00428001,0.00428001,0.00428001,0.00428001,1644121260,2022-02-06T04:21:00
0.00431732,0.00431732,0.00431732,0.00431732,1644116640,2022-02-06T03:04:00
0.00435957,0.00435957,0.00435957,0.00435957,1644116220,2022-02-06T02:57:00
0.00433463,0.00433463,0.00433463,0.00433463,1644109320,2022-02-06T01:02:00
0.00433454,0.00433454,0.00433454,0.00433454,1644080280,2022-02-05T16:58:00
0.0043297,0.0043297,0.0043297,0.0043297,1644076560,2022-02-05T15:56:00
0.00427578,0.00427578,0.00427578,0.00427578,1644064680,2022-02-05T12:38:00
0.00423268,0.00423268,0.00423268,0.00423268,1644054540,2022-02-05T09:49:00
0.00424875,0.00424875,0.00424875,0.00424875,1644045480,2022-02-05T07:18:00
0.00424053,0.00424053,0.00424053,0.00424053,1644045300,2022-02-05T07:15:00
0.00425704,0.00425704,0.00425704,0.00425704,1644040860,2022-02-05T06:01:00
0.00428113,0.00428113,0.00428113,0.00428113,1644034860,2022-02-05T04:21:00
0.00424079,0.00424079,0.00424079,0.00424079,1644031260,2022-02-05T03:21:00
0.00429173,0.00429173,0.00429173,0.00429173,1644031200,2022-02-05T03:20:00
0.00431624,0.00431624,0.00431624,0.00431624,1644030960,2022-02-05T03:16:00
0.00433786,0.00433786,0.00433786,0.00433786,1644030840,2022-02-05T03:14:00
0.00432097,0.00432097,0.00432097,0.00432097,1644030420,2022-02-05T03:07:00
0.0042078,0.0042078,0.0042078,0.0042078,1644028500,2022-02-05T02:35:00
0.00401042,0.00401042,0.00401042,0.00401042,1643993460,2022-02-04T16:51:00
0.00380199,0.00380199,0.00380199,0.00380199,1643974380,2022-02-04T11:33:00
0.00371596,0.00371596,0.00371596,0.00371596,1643954580,2022-02-04T06:03:00
0.00372625,0.00372625,0.00372625,0.00372625,1643952660,2022-02-04T05:31:00
0.00365845,0.00365845,0.00365845,0.00365845,1643949360,2022-02-04T04:36:00
0.00367212,0.00367212,0.00367212,0.00367212,1643947380,2022-02-04T04:03:00
0.00364698,0.00364698,0.00364698,0.00364698,1643947140,2022-02-04T03:59:00
0.00360004,0.00360004,0.00360004,0.00360004,1643942220,2022-02-04T02:37:00
0.00351278,0.00351278,0.00351278,0.00351278,1643881860,2022-02-03T09:51:00
0.00350946,0.00350946,0.00350946,0.00350946,1643861880,2022-02-03T04:18:00
0.00353363,0.00353363,0.00353363,0.00353363,1643843220,2022-02-02T23:07:00
0.0035562,0.0035562,0.0035562,0.0035562,1643837400,2022-02-02T21:30:00
0.00352461,0.00352461,0.00352461,0.00352461,1643837340,2022-02-02T21:29:00
0.00347415,0.00349615,0.00347415,0.00349615,1643837280,2022-02-02T21:28:00
0.00363299,0.00363299,0.00363299,0.00363299,1643836560,2022-02-02T21:16:00
0.00371742,0.00371742,0.00371742,0.00371742,1643836020,2022-02-02T21:07:00
0.00378299,0.00378299,0.00378299,0.00378299,1643835900,2022-02-02T21:05:00
0.00378492,0.00378492,0.00378492,0.00378492,1643819880,2022-02-02T16:38:00
0.00378192,0.00378192,0.00378192,0.00378192,1643819760,2022-02-02T16:36:00
0.00400661,0.00400661,0.00400661,0.00400661,1643813100,2022-02-02T14:45:00
0.00419332,0.00419332,0.00419332,0.00419332,1643805900,2022-02-02T12:45:00
0.00412684,0.00412684,0.00412684,0.00412684,1643771100,2022-02-02T03:05:00
0.00414282,0.00414282,0.00414282,0.00414282,1643757900,2022-02-01T23:25:00
0.00415814,0.00415814,0.00415814,0.00415814,1643753340,2022-02-01T22:09:00
0.00419355,0.00419355,0.00419355,0.00419355,1643745180,2022-02-01T19:53:00
0.00425897,0.00425897,0.00425897,0.00425897,1643744160,2022-02-01T19:36:00
0.00433126,0.00433126,0.00433126,0.00433126,1643738940,2022-02-01T18:09:00
0.0043516,0.0043516,0.0043516,0.0043516,1643730600,2022-02-01T15:50:00
0.00444892,0.00444892,0.00444892,0.00444892,1643726400,2022-02-01T14:40:00
0.0044361,0.0044361,0.0044361,0.0044361,1643714880,2022-02-01T11:28:00
0.00443327,0.00443327,0.00443327,0.00443327,1643708460,2022-02-01T09:41:00
0.00437053,0.00437053,0.00437053,0.00437053,1643666100,2022-01-31T21:55:00
0.00444757,0.00444757,0.00444757,0.00444757,1643648940,2022-01-31T17:09:00
0.00428236,0.00428236,0.00428236,0.00428236,1643634600,2022-01-31T13:10:00
0.00432856,0.00432856,0.00432856,0.00432856,1643621940,2022-01-31T09:39:00
0.00431039,0.00431039,0.00431039,0.00431039,1643608500,2022-01-31T05:55:00
0.00447291,0.00447291,0.00447291,0.00447291,1643589060,2022-01-31T00:31:00
0.00455392,0.00455392,0.00455392,0.00455392,1643584500,2022-01-30T23:15:00
0.00451113,0.00451113,0.00451113,0.00451113,1643542680,2022-01-30T11:38:00
0.00450388,0.00450388,0.00450388,0.00450388,1643537700,2022-01-30T10:15:00
0.00451248,0.00451248,0.00451248,0.00451248,1643523240,2022-01-30T06:14:00
0.00450257,0.00450257,0.00450257,0.00450257,1643509440,2022-01-30T02:24:00
0.00448788,0.00448788,0.00448788,0.00448788,1643505780,2022-01-30T01:23:00
0.00459888,0.00459888,0.00459888,0.00459888,1643491380,2022-01-29T21:23:00
0.00457187,0.00457187,0.00457187,0.00457187,1643443800,2022-01-29T08:10:00
0.0044838,0.0044838,0.0044838,0.0044838,1643395140,2022-01-28T18:39:00
0.00454291,0.00454291,0.00454291,0.00454291,1643395080,2022-01-28T18:38:00
0.00450019,0.00450019,0.00450019,0.00450019,1643382720,2022-01-28T15:12:00
0.0046142,0.0046142,0.00457993,0.00457993,1643340120,2022-01-28T03:22:00
0.00473039,0.00473039,0.00473039,0.00473039,1643289660,2022-01-27T13:21:00
0.00475279,0.00475279,0.00475279,0.00475279,1643237700,2022-01-26T22:55:00
0.00513442,0.00513442,0.00513442,0.00513442,1643225880,2022-01-26T19:38:00
0.00508345,0.00508345,0.00508345,0.00508345,1643220180,2022-01-26T18:03:00
0.00510992,0.00510992,0.00510992,0.00510992,1643214300,2022-01-26T16:25:00
0.00507515,0.00507515,0.00507515,0.00507515,1643212500,2022-01-26T15:55:00
0.00503457,0.00503457,0.00503457,0.00503457,1643205780,2022-01-26T14:03:00
0.00491888,0.00491888,0.00491888,0.00491888,1643198820,2022-01-26T12:07:00
0.00486151,0.00486151,0.00486151,0.00486151,1643177580,2022-01-26T06:13:00
0.00483906,0.00483906,0.00483906,0.00483906,1643165160,2022-01-26T02:46:00
0.00487569,0.00487569,0.00487569,0.00487569,1643163900,2022-01-26T02:25:00
0.00483888,0.00483888,0.00483888,0.00483888,1643157540,2022-01-26T00:39:00
0.00490349,0.00490349,0.00490349,0.00490349,1643142600,2022-01-25T20:30:00
0.0049835,0.0049835,0.0049835,0.0049835,1643132520,2022-01-25T17:42:00
0.00493895,0.00493895,0.00493895,0.00493895,1643118660,2022-01-25T13:51:00
0.0049742,0.0049742,0.0049742,0.0049742,1643104980,2022-01-25T10:03:00
0.00497365,0.00497365,0.00497365,0.00497365,1643090280,2022-01-25T05:58:00
0.00494306,0.00494306,0.00494306,0.00494306,1643077500,2022-01-25T02:25:00
0.0047549,0.0047549,0.0047549,0.0047549,1643018940,2022-01-24T10:09:00
0.00490737,0.00490737,0.00490737,0.00490737,1643013060,2022-01-24T08:31:00
0.00494197,0.00494197,0.00494197,0.00494197,1643009700,2022-01-24T07:35:00
0.00496913,0.00496913,0.00496913,0.00496913,1643009460,2022-01-24T07:31:00
0.00500019,0.00500019,0.00500019,0.00500019,1643005860,2022-01-24T06:31:00
0.00504933,0.00504933,0.00504933,0.00504933,1643005440,2022-01-24T06:24:00
0.00510369,0.00510369,0.00507204,0.00507204,1643005320,2022-01-24T06:22:00
0.00517426,0.00517426,0.00517426,0.00517426,1643005260,2022-01-24T06:21:00
0.00527321,0.00527321,0.00527321,0.00527321,1642997940,2022-01-24T04:19:00
0.00509427,0.00509427,0.00509427,0.00509427,1642972200,2022-01-23T21:10:00
0.00506716,0.00506716,0.00506716,0.00506716,1642967040,2022-01-23T19:44:00
0.00542267,0.00542267,0.00542267,0.00542267,1642938960,2022-01-23T11:56:00
0.00544189,0.00544189,0.00544189,0.00544189,1642935060,2022-01-23T10:51:00
0.00530755,0.00530755,0.00530755,0.00530755,1642921680,2022-01-23T07:08:00
0.00525547,0.00525547,0.00525547,0.00525547,1642914180,2022-01-23T05:03:00
0.0052422,0.0052422,0.0052422,0.0052422,1642911240,2022-01-23T04:14:00
0.00535929,0.00535929,0.00535929,0.00535929,1642901760,2022-01-23T01:36:00
0.00523787,0.00523787,0.00523787,0.00523787,1642877820,2022-01-22T18:57:00
0.00522311,0.00522311,0.00522311,0.00522311,1642876200,2022-01-22T18:30:00
0.00548596,0.00548596,0.00548596,0.00548596,1642856340,2022-01-22T12:59:00
0.00537595,0.00537595,0.00537595,0.00537595,1642849920,2022-01-22T11:12:00
0.00546909,0.00546909,0.00546909,0.00546909,1642841580,2022-01-22T08:53:00
0.00574269,0.00574269,0.00574269,0.00574269,1642812300,2022-01-22T00:45:00
0.00576855,0.00576855,0.00576855,0.00576855,1642801620,2022-01-21T21:47:00
0.00593691,0.00593691,0.00593691,0.00593691,1642800540,2022-01-21T21:29:00
0.00616878,0.00616878,0.00616878,0.00616878,1642783560,2022-01-21T16:46:00
0.00622471,0.00622471,0.00622471,0.00622471,1642782840,2022-01-21T16:34:00
0.00617398,0.00617398,0.00617398,0.00617398,1642774380,2022-01-21T14:13:00
0.0063094,0.0063094,0.0063094,0.0063094,1642767600,2022-01-21T12:20:00
0.00646987,0.00646987,0.00646987,0.00646987,1642762560,2022-01-21T10:56:00
0.00642689,0.00642689,0.00642689,0.00642689,1642750740,2022-01-21T07:39:00
0.00713185,0.00713185,0.00713185,0.00713185,1642676040,2022-01-20T10:54:00
0.00716699,0.00716699,0.00716699,0.00716699,1642673280,2022-01-20T10:08:00
0.00724023,0.00724023,0.00724023,0.00724023,1642669680,2022-01-20T09:08:00
0.00721922,0.00721922,0.00721922,0.00721922,1642668060,2022-01-20T08:41:00
0.00731637,0.00731637,0.00731637,0.00731637,1642667040,2022-01-20T08:24:00
0.0073834,0.0073834,0.0073834,0.0073834,1642659360,2022-01-20T06:16:00
0.00746627,0.00746627,0.00746627,0.00746627,1642591380,2022-01-19T11:23:00
0.00759535,0.00759535,0.00759535,0.00759535,1642561440,2022-01-19T03:04:00
0.00774859,0.00774859,0.00774859,0.00774859,1642557120,2022-01-19T01:52:00
0.00782449,0.00782449,0.00782449,0.00782449,1642542240,2022-01-18T21:44:00
0.00788441,0.00788441,0.00788441,0.00788441,1642515240,2022-01-18T14:14:00
0.0078383,0.0078383,0.0078383,0.0078383,1642512720,2022-01-18T13:32:00
0.00778029,0.00778029,0.00778029,0.00778029,1642511820,2022-01-18T13:17:00
0.00774836,0.00774836,0.00774836,0.00774836,1642511700,2022-01-18T13:15:00
0.00770579,0.00770579,0.00770579,0.00770579,1642511640,2022-01-18T13:14:00
0.00767827,0.00767827,0.00767827,0.00767827,1642511160,2022-01-18T13:06:00
0.00763484,0.00763484,0.00763484,0.00763484,1642510920,2022-01-18T13:02:00
0.00760139,0.00760139,0.00760139,0.00760139,1642510860,2022-01-18T13:01:00
0.00768669,0.00768669,0.00768669,0.00768669,1642437660,2022-01-17T16:41:00
0.00783899,0.00783899,0.00783899,0.00783899,1642423860,2022-01-17T12:51:00
0.00805133,0.00805133,0.00805133,0.00805133,1642367220,2022-01-16T21:07:00
0.00793883,0.00793883,0.00793883,0.00793883,1642364400,2022-01-16T20:20:00
0.00806177,0.00806177,0.00806177,0.00806177,1642290120,2022-01-15T23:42:00
0.00818375,0.00818375,0.00818375,0.00818375,1642276440,2022-01-15T19:54:00
0.00820701,0.00820701,0.00820701,0.00820701,1642268580,2022-01-15T17:43:00
0.00810577,0.00810577,0.00810577,0.00810577,1642233360,2022-01-15T07:56:00
0.00791632,0.00791632,0.00791632,0.00791632,1642168200,2022-01-14T13:50:00
0.00783442,0.00783442,0.00783442,0.00783442,1642164540,2022-01-14T12:49:00
0.00779338,0.00789864,0.00779338,0.00789864,1642148160,2022-01-14T08:16:00
0.00772141,0.00779381,0.00772141,0.00779381,1642143300,2022-01-14T06:55:00
0.0075327,0.0075327,0.0075327,0.0075327,1642115400,2022-01-13T23:10:00
0.00766588,0.00766588,0.00766588,0.00766588,1642086120,2022-01-13T15:02:00
0.00752722,0.00752722,0.00752722,0.00752722,1642063740,2022-01-13T08:49:00
0.00755339,0.00755339,0.00755339,0.00755339,1642027320,2022-01-12T22:42:00
0.00748071,0.00748071,0.00748071,0.00748071,1642027080,2022-01-12T22:38:00
0.00743532,0.00743532,0.00743532,0.00743532,1642027020,2022-01-12T22:37:00
0.00710679,0.00710679,0.00710679,0.00710679,1641961140,2022-01-12T04:19:00
0.00706206,0.00706206,0.00698565,0.00698565,1641923160,2022-01-11T17:46:00
0.00702029,0.00702029,0.00693638,0.00693638,1641911760,2022-01-11T14:36:00
0.00720777,0.00720777,0.00720777,0.00720777,1641856020,2022-01-10T23:07:00
0.00714712,0.00714712,0.00714712,0.00714712,1641837780,2022-01-10T18:03:00
0.00725322,0.00725322,0.00725322,0.00725322,1641836580,2022-01-10T17:43:00
0.00787561,0.00787561,0.00787561,0.00787561,1641770520,2022-01-09T23:22:00
0.00763913,0.00763913,0.00763913,0.00763913,1641739800,2022-01-09T14:50:00
0.00772324,0.00772324,0.00772324,0.00772324,1641739740,2022-01-09T14:49:00
0.00746366,0.00746366,0.00746366,0.00746366,1641739620,2022-01-09T14:47:00
0.00734075,0.00734075,0.00734075,0.00734075,1641710580,2022-01-09T06:43:00
0.00719663,0.00719663,0.00719663,0.00719663,1641709800,2022-01-09T06:30:00
0.00719575,0.00719575,0.00719575,0.00719575,1641702720,2022-01-09T04:32:00
0.00708816,0.00708816,0.00708816,0.00708816,1641670800,2022-01-08T19:40:00
0.00760326,0.00760326,0.00760326,0.00760326,1641641580,2022-01-08T11:33:00
0.00768089,0.00768089,0.00768089,0.00768089,1641618540,2022-01-08T05:09:00
0.00768731,0.00768731,0.00768731,0.00768731,1641618420,2022-01-08T05:07:00
0.00758523,0.00758523,0.00758523,0.00758523,1641566340,2022-01-07T14:39:00
0.00759954,0.00759954,0.00759954,0.00759954,1641561300,2022-01-07T13:15:00
0.0074651,0.0074651,0.0074651,0.0074651,1641538860,2022-01-07T07:01:00
0.00745175,0.00745175,0.00745175,0.00745175,1641531420,2022-01-07T04:57:00
0.00772098,0.00772098,0.00772098,0.00772098,1641522960,2022-01-07T02:36:00
0.00772449,0.00772449,0.00772449,0.00772449,1641507420,2022-01-06T22:17:00
0.00779833,0.00779833,0.00779833,0.00779833,1641495540,2022-01-06T18:59:00
0.00767861,0.00767861,0.00767861,0.00767861,1641482880,2022-01-06T15:28:00
0.00757058,0.00757058,0.00757058,0.00757058,1641463020,2022-01-06T09:57:00
0.00860043,0.00860043,0.00860043,0.00860043,1641400800,2022-01-05T16:40:00
0.00856195,0.00856195,0.00856195,0.00856195,1641397860,2022-01-05T15:51:00
0.00853728,0.00853728,0.00853728,0.00853728,1641389460,2022-01-05T13:31:00
0.00853222,0.00853222,0.00853222,0.00853222,1641386520,2022-01-05T12:42:00
0.0085836,0.0085836,0.0085836,0.0085836,1641374940,2022-01-05T09:29:00
0.00865838,0.00865838,0.00865838,0.00865838,1641358560,2022-01-05T04:56:00
0.00878862,0.00878862,0.00878862,0.00878862,1641354660,2022-01-05T03:51:00
0.008849,0.008849,0.008849,0.008849,1641351900,2022-01-05T03:05:00
0.00883722,0.00883722,0.00883722,0.00883722,1641351780,2022-01-05T03:03:00
0.00869818,0.00869818,0.00869818,0.00869818,1641344460,2022-01-05T01:01:00
0.00862903,0.00862903,0.00862903,0.00862903,1641344280,2022-01-05T00:58:00
0.0085993,0.0085993,0.0085993,0.0085993,1641319740,2022-01-04T18:09:00
0.00851787,0.00851787,0.00851787,0.00851787,1641314520,2022-01-04T16:42:00
0.00850817,0.00850817,0.00850817,0.00850817,1641304440,2022-01-04T13:54:00
0.00857484,0.00857484,0.00857484,0.00857484,1641303420,2022-01-04T13:37:00
0.00861107,0.00861107,0.00861107,0.00861107,1641295860,2022-01-04T11:31:00
0.00842456,0.00842456,0.00842456,0.00842456,1641290520,2022-01-04T10:02:00
0.00831487,0.00831487,0.00831487,0.00831487,1641290460,2022-01-04T10:01:00
0.008279,0.008279,0.008279,0.008279,1641289200,2022-01-04T09:40:00
0.00828154,0.00828154,0.00828154,0.00828154,1641287280,2022-01-04T09:08:00
0.00820107,0.00820107,0.00820107,0.00820107,1641278880,2022-01-04T06:48:00
0.0080535,0.0080535,0.0080535,0.0080535,1641267180,2022-01-04T03:33:00
0.00801378,0.00801378,0.00801378,0.00801378,1641252240,2022-01-03T23:24:00
0.00806741,0.00806741,0.00806741,0.00806741,1641252060,2022-01-03T23:21:00
0.00798164,0.00798164,0.00798164,0.00798164,1641251940,2022-01-03T23:19:00
0.00789844,0.00789844,0.00789844,0.00789844,1641251880,2022-01-03T23:18:00
0.00807004,0.00807004,0.00807004,0.00807004,1641216540,2022-01-03T13:29:00
0.00812743,0.00812743,0.00812743,0.00812743,1641202560,2022-01-03T09:36:00
0.00810717,0.00815562,0.00810717,0.00815562,1641199140,2022-01-03T08:39:00
0.00804467,0.00804467,0.00804467,0.00804467,1641177480,2022-01-03T02:38:00
0.00806694,0.00806694,0.00806694,0.00806694,1641164160,2022-01-02T22:56:00
0.00797074,0.00797074,0.00797074,0.00797074,1641160020,2022-01-02T21:47:00
0.00783781,0.00783781,0.00783781,0.00783781,1641114960,2022-01-02T09:16:00
0.00782268,0.00782268,0.00782268,0.00782268,1641114480,2022-01-02T09:08:00
0.00789623,0.00789623,0.00789623,0.00789623,1641112620,2022-01-02T08:37:00
0.00799167,0.00799167,0.00799167,0.00799167,1641110280,2022-01-02T07:58:00
0.00803563,0.00803563,0.00803563,0.00803563,1641073380,2022-01-01T21:43:00
0.00812296,0.00812296,0.00812296,0.00812296,1641069180,2022-01-01T20:33:00
0.0081221,0.0081221,0.0081221,0.0081221,1641045300,2022-01-01T13:55:00
0.00804492,0.00804492,0.00804492,0.00804492,1641033720,2022-01-01T10:42:00
0.00820676,0.00820676,0.00820676,0.00820676,1641009420,2022-01-01T03:57:00
0.00812802,0.00812802,0.00812802,0.00812802,1640989740,2021-12-31T22:29:00
0.00794438,0.00794438,0.00794438,0.00794438,1640983260,2021-12-31T20:41:00
0.00796058,0.00796058,0.00796058,0.00796058,1640975820,2021-12-31T18:37:00
0.00807632,0.00807632,0.00807632,0.00807632,1640966100,2021-12-31T15:55:00
0.00806546,0.00806546,0.00806546,0.00806546,1640946960,2021-12-31T10:36:00
0.00801836,0.00801836,0.00801836,0.00801836,1640946360,2021-12-31T10:26:00
0.00786733,0.00786733,0.00786733,0.00786733,1640913360,2021-12-31T01:16:00
0.00786491,0.00786491,0.00786491,0.00786491,1640908560,2021-12-30T23:56:00
0.00802998,0.00802998,0.00802998,0.00802998,1640897880,2021-12-30T20:58:00
0.00802493,0.00802493,0.00802493,0.00802493,1640893140,2021-12-30T19:39:00
0.00808295,0.00808295,0.00808295,0.00808295,1640892720,2021-12-30T19:32:00
0.0080824,0.0080824,0.0080824,0.0080824,1640891820,2021-12-30T19:17:00
0.00806038,0.00806038,0.00806038,0.00806038,1640887440,2021-12-30T18:04:00
0.0080789,0.0080789,0.0080789,0.0080789,1640886480,2021-12-30T17:48:00
0.00816781,0.00816781,0.00816781,0.00816781,1640875560,2021-12-30T14:46:00
0.00811628,0.00811628,0.00811628,0.00811628,1640875320,2021-12-30T14:42:00
0.00815666,0.00815666,0.00815666,0.00815666,1640874780,2021-12-30T14:33:00
0.00831787,0.00831787,0.00831787,0.00831787,1640869920,2021-12-30T13:12:00
0.00815135,0.00815135,0.00815135,0.00815135,1640856960,2021-12-30T09:36:00
0.00803169,0.00803169,0.00803169,0.00803169,1640843820,2021-12-30T05:57:00
0.00812981,0.00812981,0.00812981,0.00812981,1640842860,2021-12-30T05:41:00
0.00814505,0.00814505,0.00814505,0.00814505,1640830080,2021-12-30T02:08:00
0.00820784,0.00820784,0.00820784,0.00820784,1640820420,2021-12-29T23:27:00
0.00824612,0.00824612,0.00824612,0.00824612,1640819520,2021-12-29T23:12:00
0.00826832,0.00826832,0.00826832,0.00826832,1640801520,2021-12-29T18:12:00
0.00805733,0.00805733,0.00805733,0.00805733,1640784300,2021-12-29T13:25:00
0.00806225,0.00806225,0.00806225,0.00806225,1640783160,2021-12-29T13:06:00
0.00823296,0.00823296,0.00823296,0.00823296,1640763660,2021-12-29T07:41:00
0.00838052,0.00838052,0.00838052,0.00838052,1640763540,2021-12-29T07:39:00
0.00868752,0.00868752,0.00868752,0.00868752,1640725740,2021-12-28T21:09:00
0.00890816,0.00890816,0.00890816,0.00890816,1640701980,2021-12-28T14:33:00
0.00890401,0.00890401,0.00890401,0.00890401,1640679900,2021-12-28T08:25:00
0.008964,0.008964,0.008964,0.008964,1640676420,2021-12-28T07:27:00
0.00915342,0.00915342,0.00915342,0.00915342,1640654100,2021-12-28T01:15:00
0.00929112,0.00929112,0.00929112,0.00929112,1640634420,2021-12-27T19:47:00
0.00917999,0.00917999,0.00917999,0.00917999,1640626920,2021-12-27T17:42:00
0.00915382,0.00915382,0.00915382,0.00915382,1640607180,2021-12-27T12:13:00
0.00908785,0.00908785,0.00908785,0.00908785,1640601480,2021-12-27T10:38:00
0.0091186,0.0091186,0.0091186,0.0091186,1640596020,2021-12-27T09:07:00
0.00920904,0.00920904,0.00920904,0.00920904,1640590740,2021-12-27T07:39:00
0.00918163,0.00918163,0.00918163,0.00918163,1640572320,2021-12-27T02:32:00
0.00915676,0.00915676,0.00915676,0.00915676,1640559720,2021-12-26T23:02:00
0.0090532,0.0090532,0.0090532,0.0090532,1640547900,2021-12-26T19:45:00
0.00908625,0.00908625,0.00908625,0.00908625,1640543580,2021-12-26T18:33:00
0.00901041,0.00901041,0.00901041,0.00901041,1640442240,2021-12-25T14:24:00
0.00905646,0.00905646,0.00905646,0.00905646,1640439600,2021-12-25T13:40:00
0.00917906,0.00917906,0.00912323,0.00912323,1640438880,2021-12-25T13:28:00
0.00924834,0.00924834,0.0089386,0.00907574,1640438580,2021-12-25T13:23:00
0.00980868,0.00980868,0.00980868,0.00980868,1640435880,2021-12-25T12:38:00
0.0107181,0.0107181,0.0107181,0.0107181,1640415420,2021-12-25T06:57:00
0.0105056,0.0105056,0.0102922,0.0102922,1640415120,2021-12-25T06:52:00
0.0097321,0.0097321,0.0097321,0.0097321,1640357040,2021-12-24T14:44:00
0.009767,0.009767,0.009767,0.009767,1640338680,2021-12-24T09:38:00
0.00989874,0.00989874,0.00989874,0.00989874,1640310720,2021-12-24T01:52:00
0.00979221,0.00979221,0.00979221,0.00979221,1640300400,2021-12-23T23:00:00
0.00984558,0.00984558,0.00984558,0.00984558,1640295000,2021-12-23T21:30:00
0.00979395,0.00979395,0.00979395,0.00979395,1640294700,2021-12-23T21:25:00
0.00978167,0.00978167,0.00978167,0.00978167,1640287680,2021-12-23T19:28:00
0.00944586,0.00944586,0.00944586,0.00944586,1640272560,2021-12-23T15:16:00
0.00954719,0.00954719,0.00954719,0.00954719,1640217360,2021-12-22T23:56:00
0.00951995,0.00951995,0.00951995,0.00951995,1640185680,2021-12-22T15:08:00
0.00951672,0.00951672,0.00951672,0.00951672,1640179440,2021-12-22T13:24:00
0.00959122,0.00959122,0.00959122,0.00959122,1640175000,2021-12-22T12:10:00
0.00946557,0.00946557,0.00946557,0.00946557,1640170980,2021-12-22T11:03:00
0.00951183,0.00951183,0.00951183,0.00951183,1640169060,2021-12-22T10:31:00
0.00953353,0.00953353,0.00953353,0.00953353,1640164440,2021-12-22T09:14:00
0.00960688,0.00960688,0.00960688,0.00960688,1640163240,2021-12-22T08:54:00
0.00964655,0.00964655,0.00964655,0.00964655,1640162640,2021-12-22T08:44:00
0.00941395,0.00941395,0.00941395,0.00941395,1640135280,2021-12-22T01:08:00
0.00973214,0.00973214,0.00973214,0.00973214,1640092800,2021-12-21T13:20:00
0.00975335,0.00975335,0.00975335,0.00975335,1640084580,2021-12-21T11:03:00
0.00977977,0.00977977,0.00977977,0.00977977,1640073660,2021-12-21T08:01:00
0.00977256,0.00983179,0.00977256,0.00983179,1640061240,2021-12-21T04:34:00
0.00964884,0.00964884,0.00964884,0.00964884,1640050800,2021-12-21T01:40:00
0.00959173,0.00959173,0.00959173,0.00959173,1640029080,2021-12-20T19:38:00
0.00952286,0.00952286,0.00952286,0.00952286,1640027760,2021-12-20T19:16:00
0.00975115,0.00975115,0.00975115,0.00975115,1639949400,2021-12-19T21:30:00
0.00969452,0.00969452,0.00969452,0.00969452,1639942260,2021-12-19T19:31:00
0.0098812,0.0098812,0.0098812,0.0098812,1639927620,2021-12-19T15:27:00
0.00989179,0.00989179,0.00989179,0.00989179,1639874040,2021-12-19T00:34:00
0.00987688,0.00987688,0.00987688,0.00987688,1639869540,2021-12-18T23:19:00
0.00986648,0.00986648,0.00986648,0.00986648,1639862040,2021-12-18T21:14:00
0.00984092,0.00984092,0.00984092,0.00984092,1639860720,2021-12-18T20:52:00
0.00979868,0.00979868,0.00979868,0.00979868,1639856760,2021-12-18T19:46:00
0.00985856,0.00985856,0.00985856,0.00985856,1639839600,2021-12-18T15:00:00
0.00997829,0.00997829,0.00997829,0.00997829,1639833900,2021-12-18T13:25:00
0.00978498,0.00978498,0.00978498,0.00978498,1639798800,2021-12-18T03:40:00
0.0101221,0.0101221,0.0101221,0.0101221,1639762260,2021-12-17T17:31:00
0.0102718,0.0102718,0.0102718,0.0102718,1639761900,2021-12-17T17:25:00
0.0103701,0.0103701,0.0103701,0.0103701,1639757640,2021-12-17T16:14:00
0.0104842,0.0104842,0.0104842,0.0104842,1639731180,2021-12-17T08:53:00
0.0106855,0.0106855,0.0106855,0.0106855,1639713000,2021-12-17T03:50:00
0.0106365,0.0106365,0.0106365,0.0106365,1639709580,2021-12-17T02:53:00
0.0106512,0.0106512,0.0106512,0.0106512,1639708320,2021-12-17T02:32:00
0.0108653,0.0108653,0.0108653,0.0108653,1639707060,2021-12-17T02:11:00
0.0109848,0.0109848,0.0109848,0.0109848,1639698480,2021-12-16T23:48:00
0.0111399,0.0111399,0.0111399,0.0111399,1639692840,2021-12-16T22:14:00
0.0113332,0.0113332,0.0113332,0.0113332,1639691100,2021-12-16T21:45:00
0.0114471,0.0114471,0.0114471,0.0114471,1639644960,2021-12-16T08:56:00
0.0115138,0.0115138,0.0115138,0.0115138,1639636620,2021-12-16T06:37:00
0.0115977,0.0115977,0.0115977,0.0115977,1639627980,2021-12-16T04:13:00
0.0116227,0.0116227,0.0116227,0.0116227,1639619220,2021-12-16T01:47:00
0.0117142,0.0117142,0.0117142,0.0117142,1639604280,2021-12-15T21:38:00
0.0113306,0.0113306,0.0113306,0.0113306,1639563600,2021-12-15T10:20:00
0.0112755,0.0112755,0.0112755,0.0112755,1639563420,2021-12-15T10:17:00
0.0112061,0.0112061,0.0112061,0.0112061,1639550040,2021-12-15T06:34:00
0.0110208,0.0110208,0.0110208,0.0110208,1639523700,2021-12-14T23:15:00
0.0111124,0.0111124,0.0111124,0.0111124,1639514700,2021-12-14T20:45:00
0.0112059,0.0112059,0.0112059,0.0112059,1639514460,2021-12-14T20:41:00
0.0107267,0.0107267,0.0107267,0.0107267,1639500180,2021-12-14T16:43:00
0.0108054,0.0108054,0.0108054,0.0108054,1639489920,2021-12-14T13:52:00
0.0110877,0.0110877,0.0110877,0.0110877,1639484580,2021-12-14T12:23:00
0.0110581,0.0110581,0.0110581,0.0110581,1639484520,2021-12-14T12:22:00
0.0110432,0.0110432,0.0110432,0.0110432,1639484400,2021-12-14T12:20:00
0.0105445,0.0105445,0.0105445,0.0105445,1639467960,2021-12-14T07:46:00
0.0108617,0.0108617,0.0108617,0.0108617,1639448880,2021-12-14T02:28:00
0.0109744,0.0109744,0.0109744,0.0109744,1639445940,2021-12-14T01:39:00
0.0111706,0.0111706,0.0111706,0.0111706,1639434840,2021-12-13T22:34:00
0.0111667,0.0111667,0.0111667,0.0111667,1639423080,2021-12-13T19:18:00
0.0111432,0.0111432,0.0111432,0.0111432,1639421340,2021-12-13T18:49:00
0.0111929,0.0111929,0.0111929,0.0111929,1639412760,2021-12-13T16:26:00
0.0119822,0.0119822,0.0119822,0.0119822,1639387440,2021-12-13T09:24:00
0.0121033,0.0121033,0.0121033,0.0121033,1639384620,2021-12-13T08:37:00
0.0121302,0.0121302,0.0121302,0.0121302,1639382340,2021-12-13T07:59:00
0.0121466,0.0121466,0.0121466,0.0121466,1639366920,2021-12-13T03:42:00
0.0120803,0.0120803,0.0120803,0.0120803,1639365360,2021-12-13T03:16:00
0.0122254,0.0122254,0.0122254,0.0122254,1639357800,2021-12-13T01:10:00
0.0121595,0.0121595,0.0121595,0.0121595,1639357680,2021-12-13T01:08:00
0.0124134,0.0124134,0.0124134,0.0124134,1639347540,2021-12-12T22:19:00
0.0126794,0.0126794,0.0126794,0.0126794,1639346220,2021-12-12T21:57:00
0.0128824,0.0128824,0.0128824,0.0128824,1639339440,2021-12-12T20:04:00
0.0129564,0.0129564,0.0129564,0.0129564,1639334880,2021-12-12T18:48:00
0.012844,0.012844,0.012844,0.012844,1639315140,2021-12-12T13:19:00
0.0126867,0.0127864,0.0126867,0.0127864,1639314900,2021-12-12T13:15:00
0.0127907,0.0127907,0.0127907,0.0127907,1639294980,2021-12-12T07:43:00
0.0127686,0.0127686,0.0127686,0.0127686,1639293660,2021-12-12T07:21:00
0.0125928,0.012671,0.0125928,0.012671,1639293000,2021-12-12T07:10:00
0.0126519,0.0126519,0.0126519,0.0126519,1639292940,2021-12-12T07:09:00
0.0125219,0.0125219,0.0125219,0.0125219,1639287540,2021-12-12T05:39:00
0.012453,0.012453,0.012453,0.012453,1639287480,2021-12-12T05:38:00
0.0122984,0.0122984,0.0122984,0.0122984,1639286040,2021-12-12T05:14:00
0.0121866,0.0121866,0.0121866,0.0121866,1639285920,2021-12-12T05:12:00
0.012198,0.012198,0.0121189,0.0121189,1639285860,2021-12-12T05:11:00
0.0121167,0.0121167,0.0121167,0.0121167,1639285740,2021-12-12T05:09:00
0.0120195,0.0120195,0.0120195,0.0120195,1639285620,2021-12-12T05:07:00
0.0119262,0.0119262,0.0119262,0.0119262,1639285500,2021-12-12T05:05:00
0.0118441,0.0118441,0.0118441,0.0118441,1639284780,2021-12-12T04:53:00
0.0118004,0.0118004,0.0118004,0.0118004,1639284240,2021-12-12T04:44:00
0.0117312,0.0117312,0.0117312,0.0117312,1639283580,2021-12-12T04:33:00
0.011632,0.011771,0.011632,0.011771,1639283520,2021-12-12T04:32:00
0.01154,0.01154,0.01154,0.01154,1639278420,2021-12-12T03:07:00
0.0112889,0.0112889,0.0112889,0.0112889,1639276020,2021-12-12T02:27:00
0.0112531,0.0112531,0.0112531,0.0112531,1639274520,2021-12-12T02:02:00
0.011133,0.011133,0.011133,0.011133,1639273080,2021-12-12T01:38:00
0.0111311,0.0111311,0.0111311,0.0111311,1639252440,2021-12-11T19:54:00
0.0110847,0.0110847,0.0110847,0.0110847,1639252020,2021-12-11T19:47:00
0.0110383,0.0110383,0.0110383,0.0110383,1639246800,2021-12-11T18:20:00
0.0110602,0.0110602,0.0110602,0.0110602,1639240860,2021-12-11T16:41:00
0.0109368,0.0109368,0.0109368,0.0109368,1639235040,2021-12-11T15:04:00
0.0108522,0.0108522,0.0108522,0.0108522,1639233180,2021-12-11T14:33:00
0.0108928,0.0108928,0.0108928,0.0108928,1639230000,2021-12-11T13:40:00
0.0107888,0.0108794,0.0107888,0.0108794,1639212060,2021-12-11T08:41:00
0.0107054,0.0107054,0.0107054,0.0107054,1639199760,2021-12-11T05:16:00
0.0106897,0.0106897,0.0106897,0.0106897,1639196280,2021-12-11T04:18:00
0.0103602,0.0103602,0.0103602,0.0103602,1639181280,2021-12-11T00:08:00
0.0103309,0.0103309,0.0103309,0.0103309,1639180920,2021-12-11T00:02:00
0.0103552,0.0103552,0.0103552,0.0103552,1639177200,2021-12-10T23:00:00
0.0103454,0.0103454,0.0103454,0.0103454,1639173780,2021-12-10T22:03:00
0.0103693,0.0103693,0.0103693,0.0103693,1639172880,2021-12-10T21:48:00
0.0103026,0.0103026,0.0103026,0.0103026,1639172040,2021-12-10T21:34:00
0.0102593,0.0102593,0.0102593,0.0102593,1639170900,2021-12-10T21:15:00
0.010127,0.010127,0.010127,0.010127,1639169940,2021-12-10T20:59:00
0.00996885,0.00996885,0.00996885,0.00996885,1639164720,2021-12-10T19:32:00
0.00990599,0.00990599,0.00990599,0.00990599,1639163640,2021-12-10T19:14:00
0.0099164,0.0099164,0.0099164,0.0099164,1639161420,2021-12-10T18:37:00
0.0103117,0.0103117,0.0103117,0.0103117,1639137060,2021-12-10T11:51:00
0.0104417,0.0104417,0.0104417,0.0104417,1639106040,2021-12-10T03:14:00
0.010322,0.010322,0.010322,0.010322,1639085940,2021-12-09T21:39:00
0.0105441,0.0105441,0.0105441,0.0105441,1639068240,2021-12-09T16:44:00
0.011023,0.011023,0.011023,0.011023,1638998880,2021-12-08T21:28:00
0.0109764,0.0109764,0.0109764,0.0109764,1638973860,2021-12-08T14:31:00
0.0108535,0.0108535,0.0108535,0.0108535,1638938520,2021-12-08T04:42:00
0.0111648,0.0111648,0.0111648,0.0111648,1638934500,2021-12-08T03:35:00
0.0111382,0.0111382,0.0111382,0.0111382,1638929100,2021-12-08T02:05:00
0.0111041,0.0111041,0.0111041,0.0111041,1638917760,2021-12-07T22:56:00
0.0114491,0.0114491,0.0114491,0.0114491,1638903720,2021-12-07T19:02:00
0.011664,0.011664,0.011664,0.011664,1638879840,2021-12-07T12:24:00
0.0116775,0.0116775,0.0116775,0.0116775,1638876120,2021-12-07T11:22:00
0.0115513,0.0115513,0.0115513,0.0115513,1638873420,2021-12-07T10:37:00
0.0115036,0.0115036,0.0115036,0.0115036,1638872160,2021-12-07T10:16:00
0.011516,0.011516,0.011516,0.011516,1638835020,2021-12-06T23:57:00
0.0115859,0.0115859,0.0115859,0.0115859,1638828000,2021-12-06T22:00:00
0.0113018,0.0113018,0.0113018,0.0113018,1638815700,2021-12-06T18:35:00
0.0111886,0.0111886,0.0111886,0.0111886,1638806160,2021-12-06T15:56:00
0.0111115,0.0111115,0.0111115,0.0111115,1638803400,2021-12-06T15:10:00
0.0113067,0.0113067,0.0113067,0.0113067,1638793980,2021-12-06T12:33:00
0.0110948,0.0110948,0.0110948,0.0110948,1638790860,2021-12-06T11:41:00
0.0111771,0.0111771,0.0111771,0.0111771,1638790380,2021-12-06T11:33:00
0.0113159,0.0113159,0.0113159,0.0113159,1638785700,2021-12-06T10:15:00
0.0116602,0.0116602,0.0116602,0.0116602,1638777240,2021-12-06T07:54:00
0.0120941,0.0120941,0.0120941,0.0120941,1638768360,2021-12-06T05:26:00
0.0121171,0.0121171,0.0121171,0.0121171,1638729300,2021-12-05T18:35:00
0.012452,0.012452,0.012452,0.012452,1638710940,2021-12-05T13:29:00
0.0124818,0.0125947,0.0124818,0.0125947,1638702240,2021-12-05T11:04:00
0.0116754,0.0116754,0.0116754,0.0116754,1638660480,2021-12-04T23:28:00
0.0115972,0.0116,0.0115972,0.0116,1638660420,2021-12-04T23:27:00
0.0113436,0.0113436,0.0113436,0.0113436,1638660360,2021-12-04T23:26:00
0.0110827,0.0111691,0.0110827,0.0111691,1638660300,2021-12-04T23:25:00
0.010995,0.010995,0.010995,0.010995,1638657300,2021-12-04T22:35:00
0.0110722,0.0110722,0.0110722,0.0110722,1638657240,2021-12-04T22:34:00
0.0110304,0.0110304,0.0110304,0.0110304,1638654900,2021-12-04T21:55:00
0.0106827,0.0106827,0.0106827,0.0106827,1638624660,2021-12-04T13:31:00
0.0107646,0.0107646,0.0107646,0.0107646,1638616260,2021-12-04T11:11:00
0.0108078,0.0108078,0.0108078,0.0108078,1638610260,2021-12-04T09:31:00
0.0107852,0.0107852,0.0107852,0.0107852,1638607980,2021-12-04T08:53:00
0.0107713,0.0107713,0.0107713,0.0107713,1638606720,2021-12-04T08:32:00
0.0107061,0.0107061,0.0107061,0.0107061,1638605520,2021-12-04T08:12:00
0.0105265,0.0105265,0.0105265,0.0105265,1638601980,2021-12-04T07:13:00
0.0108529,0.0108529,0.0108529,0.0108529,1638601260,2021-12-04T07:01:00
0.0107953,0.0107953,0.0107953,0.0107953,1638595320,2021-12-04T05:22:00
0.0111596,0.0111596,0.0111596,0.0111596,1638592380,2021-12-04T04:33:00
0.0115143,0.0115143,0.0115143,0.0115143,1638582420,2021-12-04T01:47:00
0.0118222,0.0118222,0.0118222,0.0118222,1638567780,2021-12-03T21:43:00
0.0117746,0.0117746,0.0117746,0.0117746,1638562380,2021-12-03T20:13:00
0.0125168,0.0125168,0.0125168,0.0125168,1638549000,2021-12-03T16:30:00
0.0125705,0.0125705,0.0125705,0.0125705,1638547800,2021-12-03T16:10:00
0.0130874,0.0130874,0.0130874,0.0130874,1638532980,2021-12-03T12:03:00
0.0132111,0.0132111,0.0132111,0.0132111,1638456540,2021-12-02T14:49:00
0.013199,0.013199,0.013199,0.013199,1638452760,2021-12-02T13:46:00
0.013237,0.013237,0.013237,0.013237,1638452640,2021-12-02T13:44:00
0.0131192,0.0131192,0.0131192,0.0131192,1638451980,2021-12-02T13:33:00
0.013371,0.013371,0.013371,0.013371,1638441180,2021-12-02T10:33:00
0.0135759,0.0135759,0.0135759,0.0135759,1638434280,2021-12-02T08:38:00
0.0135685,0.0135685,0.0135685,0.0135685,1638420900,2021-12-02T04:55:00
0.0134571,0.0134571,0.0134571,0.0134571,1638414480,2021-12-02T03:08:00
0.013426,0.013426,0.013426,0.013426,1638399180,2021-12-01T22:53:00
0.0136896,0.0136896,0.0136896,0.0136896,1638385320,2021-12-01T19:02:00
0.0141265,0.0141265,0.0141265,0.0141265,1638371040,2021-12-01T15:04:00
0.0141014,0.0141014,0.0141014,0.0141014,1638348900,2021-12-01T08:55:00
0.0139399,0.0139399,0.0139399,0.0139399,1638337320,2021-12-01T05:42:00
0.0140163,0.0140163,0.0140163,0.0140163,1638336720,2021-12-01T05:32:00
0.0144339,0.0144339,0.0144339,0.0144339,1638331140,2021-12-01T03:59:00
0.0145048,0.0145048,0.0145048,0.0145048,1638326820,2021-12-01T02:47:00
0.0144931,0.0144931,0.0144931,0.0144931,1638323580,2021-12-01T01:53:00
0.0145905,0.0145905,0.0145905,0.0145905,1638322440,2021-12-01T01:34:00
0.0150305,0.0150305,0.0150305,0.0150305,1638321360,2021-12-01T01:16:00
0.0148964,0.0148964,0.0148964,0.0148964,1638319440,2021-12-01T00:44:00
0.0151573,0.0151573,0.0151573,0.0151573,1638318900,2021-12-01T00:35:00
0.0152335,0.0152335,0.0152335,0.0152335,1638317580,2021-12-01T00:13:00
0.015288,0.015288,0.015288,0.015288,1638297120,2021-11-30T18:32:00
0.0155862,0.0155862,0.0155862,0.0155862,1638290340,2021-11-30T16:39:00
0.0156954,0.0156954,0.0156954,0.0156954,1638288780,2021-11-30T16:13:00
0.015935,0.015935,0.015935,0.015935,1638288540,2021-11-30T16:09:00
0.0163435,0.0163435,0.0163435,0.0163435,1638284880,2021-11-30T15:08:00
0.0163602,0.0163602,0.0163602,0.0163602,1638283140,2021-11-30T14:39:00
0.0164374,0.0164374,0.0162953,0.0162953,1638277860,2021-11-30T13:11:00
0.0164753,0.0164753,0.0164753,0.0164753,1638277560,2021-11-30T13:06:00
0.0164167,0.0164167,0.0164167,0.0164167,1638273600,2021-11-30T12:00:00
0.0164623,0.0164623,0.0164623,0.0164623,1638272340,2021-11-30T11:39:00
0.016536,0.016536,0.016536,0.016536,1638270960,2021-11-30T11:16:00
0.0164162,0.0164162,0.0164162,0.0164162,1638265440,2021-11-30T09:44:00
0.0162449,0.0162449,0.0162449,0.0162449,1638258600,2021-11-30T07:50:00
0.0163325,0.0163325,0.0163325,0.0163325,1638257520,2021-11-30T07:32:00
0.0161323,0.0161323,0.0161323,0.0161323,1638257280,2021-11-30T07:28:00
0.0156633,0.0161413,0.0156633,0.0160058,1638257220,2021-11-30T07:27:00
0.0159946,0.0159946,0.015323,0.0159807,1638257160,2021-11-30T07:26:00
0.0167712,0.0167712,0.0167712,0.0167712,1638257100,2021-11-30T07:25:00
0.0170474,0.0170474,0.0170474,0.0170474,1638257040,2021-11-30T07:24:00
0.0176513,0.0176513,0.0176513,0.0176513,1638253560,2021-11-30T06:26:00
0.0179044,0.0179044,0.0179044,0.0179044,1638252540,2021-11-30T06:09:00
0.0180217,0.0180217,0.0180217,0.0180217,1638252480,2021-11-30T06:08:00
0.0181388,0.0181388,0.0181388,0.0181388,1638252420,2021-11-30T06:07:00
0.0183698,0.0183698,0.0183698,0.0183698,1638250800,2021-11-30T05:40:00
0.0181514,0.0181514,0.0181514,0.0181514,1638250620,2021-11-30T05:37:00
0.0180108,0.0180108,0.0180108,0.0180108,1638249660,2021-11-30T05:21:00
0.0179037,0.0179037,0.0179037,0.0179037,1638249600,2021-11-30T05:20:00
0.0177608,0.0177608,0.0177608,0.0177608,1638249540,2021-11-30T05:19:00
0.0176468,0.0176468,0.0176468,0.0176468,1638249240,2021-11-30T05:14:00
0.0174854,0.0174854,0.0174854,0.0174854,1638249180,2021-11-30T05:13:00
0.0172647,0.0172647,0.0172647,0.0172647,1638247680,2021-11-30T04:48:00
0.0169952,0.0169952,0.0169952,0.0169952,1638245580,2021-11-30T04:13:00
0.0168043,0.0168043,0.0168043,0.0168043,1638245520,2021-11-30T04:12:00
0.0165824,0.0165824,0.0165824,0.0165824,1638243900,2021-11-30T03:45:00
0.0165576,0.0165576,0.0165576,0.0165576,1638240480,2021-11-30T02:48:00
0.0161415,0.0161415,0.0161415,0.0161415,1638229800,2021-11-29T23:50:00
0.0156989,0.015853,0.0156989,0.015853,1638229620,2021-11-29T23:47:00
0.0155231,0.0155231,0.0155231,0.0155231,1638225480,2021-11-29T22:38:00
0.0161103,0.0161103,0.0161103,0.0161103,1638225000,2021-11-29T22:30:00
0.0162351,0.0162351,0.0162351,0.0162351,1638222660,2021-11-29T21:51:00
0.0161805,0.0161805,0.0161805,0.0161805,1638220140,2021-11-29T21:09:00
0.0164445,0.0164445,0.0162987,0.0162987,1638219840,2021-11-29T21:04:00
0.0164846,0.0164846,0.0164846,0.0164846,1638218100,2021-11-29T20:35:00
0.0162568,0.0162568,0.0162568,0.0162568,1638215820,2021-11-29T19:57:00
0.0161627,0.0161627,0.0161627,0.0161627,1638215760,2021-11-29T19:56:00
0.0159668,0.0159668,0.0159668,0.0159668,1638215520,2021-11-29T19:52:00
0.0158247,0.0158247,0.0158247,0.0158247,1638215460,2021-11-29T19:51:00
0.0156839,0.0156839,0.0156839,0.0156839,1638215400,2021-11-29T19:50:00
0.0155602,0.0155602,0.0155602,0.0155602,1638215340,2021-11-29T19:49:00
0.0156861,0.0156861,0.0156861,0.0156861,1638214980,2021-11-29T19:43:00
0.0155338,0.0155338,0.0155338,0.0155338,1638214920,2021-11-29T19:42:00
0.0154152,0.0154152,0.0154152,0.0154152,1638214620,2021-11-29T19:37:00
0.0155001,0.0155001,0.0155001,0.0155001,1638214560,2021-11-29T19:36:00
0.0153586,0.0153586,0.0153586,0.0153586,1638214500,2021-11-29T19:35:00
0.0152798,0.0152798,0.0152798,0.0152798,1638214380,2021-11-29T19:33:00
0.0150729,0.0152299,0.0150729,0.0152299,1638214320,2021-11-29T19:32:00
0.0149096,0.0149096,0.0149096,0.0149096,1638214080,2021-11-29T19:28:00
0.0149227,0.0149227,0.0149227,0.0149227,1638213480,2021-11-29T19:18:00
0.0147071,0.0147071,0.0147071,0.0147071,1638213300,2021-11-29T19:15:00
0.0145895,0.0145895,0.0145895,0.0145895,1638213120,2021-11-29T19:12:00
0.0144542,0.0144542,0.0144542,0.0144542,1638212940,2021-11-29T19:09:00
0.0143717,0.0143717,0.0143717,0.0143717,1638208140,2021-11-29T17:49:00
0.0144638,0.0144638,0.0144638,0.0144638,1638207840,2021-11-29T17:44:00
0.0144865,0.0144865,0.0144865,0.0144865,1638205980,2021-11-29T17:13:00
0.0142908,0.0142908,0.0142908,0.0142908,1638201120,2021-11-29T15:52:00
0.0142019,0.0142019,0.0142019,0.0142019,1638200640,2021-11-29T15:44:00
0.0141849,0.0141849,0.0141849,0.0141849,1638195120,2021-11-29T14:12:00
0.0140694,0.0140694,0.0140694,0.0140694,1638194220,2021-11-29T13:57:00
0.0139864,0.0139864,0.0139864,0.0139864,1638194160,2021-11-29T13:56:00
0.0140831,0.0140831,0.0140831,0.0140831,1638194100,2021-11-29T13:55:00
0.0139921,0.0139921,0.0139921,0.0139921,1638194040,2021-11-29T13:54:00
0.0138018,0.0138018,0.0138018,0.0138018,1638192300,2021-11-29T13:25:00
0.0136966,0.0136966,0.0136966,0.0136966,1638192180,2021-11-29T13:23:00
0.0135705,0.0135705,0.0135705,0.0135705,1638187440,2021-11-29T12:04:00
0.0137349,0.0137349,0.0137349,0.0137349,1638186720,2021-11-29T11:52:00
0.0136734,0.0136734,0.0136734,0.0136734,1638182220,2021-11-29T10:37:00
0.0137493,0.0137493,0.0137493,0.0137493,1638181320,2021-11-29T10:22:00
0.0138159,0.0138159,0.0136852,0.0137985,1638181260,2021-11-29T10:21:00
0.0139548,0.0139548,0.0139548,0.0139548,1638181140,2021-11-29T10:19:00
0.0140475,0.0140475,0.0140475,0.0140475,1638180540,2021-11-29T10:09:00
0.0141885,0.0141885,0.0141885,0.0141885,1638176460,2021-11-29T09:01:00
0.0141568,0.0141568,0.0141568,0.0141568,1638174600,2021-11-29T08:30:00
0.0140563,0.0140563,0.0140563,0.0140563,1638172860,2021-11-29T08:01:00
0.0140971,0.0140971,0.0140971,0.0140971,1638170580,2021-11-29T07:23:00
0.0138238,0.0138238,0.0138238,0.0138238,1638169080,2021-11-29T06:58:00
0.0137353,0.0137353,0.0137353,0.0137353,1638168780,2021-11-29T06:53:00
0.0134856,0.0136013,0.0134856,0.0136013,1638168540,2021-11-29T06:49:00
0.0133891,0.0133891,0.0133891,0.0133891,1638162120,2021-11-29T05:02:00
0.0134406,0.0134406,0.0134406,0.0134406,1638153060,2021-11-29T02:31:00
0.0136274,0.0136274,0.0136274,0.0136274,1638150960,2021-11-29T01:56:00
0.0135145,0.0135145,0.0135145,0.0135145,1638150360,2021-11-29T01:46:00
0.0134972,0.0134972,0.0134972,0.0134972,1638150000,2021-11-29T01:40:00
0.0134507,0.0134507,0.0134507,0.0134507,1638147120,2021-11-29T00:52:00
0.0133424,0.0133424,0.0133424,0.0133424,1638145440,2021-11-29T00:24:00
0.0132737,0.0132737,0.0132737,0.0132737,1638145380,2021-11-29T00:23:00
0.0129378,0.0129378,0.0129378,0.0129378,1638144180,2021-11-29T00:03:00
0.0126964,0.0126964,0.0126964,0.0126964,1638143460,2021-11-28T23:51:00
0.0127033,0.0127033,0.0127033,0.0127033,1638142080,2021-11-28T23:28:00
0.0127316,0.0127316,0.0127316,0.0127316,1638141960,2021-11-28T23:26:00
0.0128001,0.0128001,0.0128001,0.0128001,1638141060,2021-11-28T23:11:00
0.0129653,0.0129653,0.0129653,0.0129653,1638140880,2021-11-28T23:08:00
0.0131183,0.0131183,0.0131183,0.0131183,1638138720,2021-11-28T22:32:00
0.0132398,0.0132398,0.0132398,0.0132398,1638136020,2021-11-28T21:47:00
0.0134347,0.0134347,0.0134347,0.0134347,1638135420,2021-11-28T21:37:00
0.0134279,0.0134279,0.0134279,0.0134279,1638134100,2021-11-28T21:15:00
0.0132511,0.0132511,0.0132511,0.0132511,1638134040,2021-11-28T21:14:00
0.0131814,0.0131814,0.0131814,0.0131814,1638133980,2021-11-28T21:13:00
0.0131233,0.0131233,0.0131233,0.0131233,1638132120,2021-11-28T20:42:00
0.0133914,0.0133914,0.0133914,0.0133914,1638132000,2021-11-28T20:40:00
0.0135282,0.0135282,0.0135282,0.0135282,1638131640,2021-11-28T20:34:00
0.0135354,0.0135354,0.0135354,0.0135354,1638130740,2021-11-28T20:19:00
0.0132693,0.0132693,0.0132693,0.0132693,1638130680,2021-11-28T20:18:00
0.0129206,0.0130492,0.0129206,0.0130492,1638130620,2021-11-28T20:17:00
0.0128313,0.0128313,0.0128313,0.0128313,1638129720,2021-11-28T20:02:00
0.0124001,0.0127214,0.0124001,0.0127214,1638129480,2021-11-28T19:58:00
0.0118153,0.0123926,0.0118153,0.0123926,1638129420,2021-11-28T19:57:00
0.0116933,0.0116933,0.0116933,0.0116933,1638129360,2021-11-28T19:56:00
0.0115886,0.0115886,0.0115886,0.0115886,1638129300,2021-11-28T19:55:00
0.011476,0.011476,0.011476,0.011476,1638129120,2021-11-28T19:52:00
0.0116637,0.0116637,0.0116637,0.0116637,1638129000,2021-11-28T19:50:00
0.0118052,0.0118052,0.0118052,0.0118052,1638128940,2021-11-28T19:49:00
0.0114384,0.0114384,0.0114384,0.0114384,1638128880,2021-11-28T19:48:00
0.0107054,0.0107054,0.0107054,0.0107054,1638128700,2021-11-28T19:45:00
0.0103604,0.0103604,0.0103604,0.0103604,1638128460,2021-11-28T19:41:00
0.00999953,0.0101085,0.00999953,0.0101085,1638127560,2021-11-28T19:26:00
0.00994451,0.00994451,0.00994451,0.00994451,1638127200,2021-11-28T19:20:00
0.00967345,0.00967345,0.00967345,0.00967345,1638124920,2021-11-28T18:42:00
0.00966961,0.00966961,0.00966961,0.00966961,1638124200,2021-11-28T18:30:00
0.0096661,0.0096661,0.0096661,0.0096661,1638123120,2021-11-28T18:12:00
0.0097387,0.0097387,0.0097387,0.0097387,1638123060,2021-11-28T18:11:00
0.00973522,0.00973522,0.00973522,0.00973522,1638120900,2021-11-28T17:35:00
0.00960676,0.00969048,0.00960676,0.00969048,1638119520,2021-11-28T17:12:00
0.009571,0.009571,0.009571,0.009571,1638112020,2021-11-28T15:07:00
0.00949804,0.00949804,0.00949804,0.00949804,1638111960,2021-11-28T15:06:00
0.00941832,0.00941832,0.00941832,0.00941832,1638111780,2021-11-28T15:03:00
0.00923668,0.00923668,0.00923668,0.00923668,1638091560,2021-11-28T09:26:00
0.00915361,0.00915361,0.00915361,0.00915361,1638079560,2021-11-28T06:06:00
0.00909634,0.00909634,0.00909634,0.00909634,1638069540,2021-11-28T03:19:00
0.00920757,0.00920757,0.00920757,0.00920757,1638056400,2021-11-27T23:40:00
0.00909459,0.00909459,0.00909459,0.00909459,1638049560,2021-11-27T21:46:00
0.00911821,0.00911821,0.00911821,0.00911821,1638049500,2021-11-27T21:45:00
0.00919897,0.00919897,0.00919897,0.00919897,1638031500,2021-11-27T16:45:00
0.00910891,0.00910891,0.00910891,0.00910891,1638030540,2021-11-27T16:29:00
0.00907368,0.00907368,0.00907368,0.00907368,1638029820,2021-11-27T16:17:00
0.00900076,0.00900076,0.00900076,0.00900076,1638029340,2021-11-27T16:09:00
0.00895561,0.00895561,0.00895561,0.00895561,1638028740,2021-11-27T15:59:00
0.00891041,0.00891041,0.00891041,0.00891041,1638012360,2021-11-27T11:26:00
0.00882529,0.00882529,0.00882529,0.00882529,1638008460,2021-11-27T10:21:00
0.00877682,0.00877682,0.00877682,0.00877682,1638008160,2021-11-27T10:16:00
0.00872021,0.00872021,0.00872021,0.00872021,1637982000,2021-11-27T03:00:00
0.00865043,0.00865043,0.00865043,0.00865043,1637981880,2021-11-27T02:58:00
0.00832281,0.00843336,0.00832281,0.00843336,1637978340,2021-11-27T01:59:00
0.00826519,0.00826519,0.00826519,0.00826519,1637975040,2021-11-27T01:04:00
0.00838629,0.00838629,0.00828932,0.00828932,1637934840,2021-11-26T13:54:00
0.0084262,0.0084262,0.0084262,0.0084262,1637934480,2021-11-26T13:48:00
0.00828429,0.00828429,0.00828429,0.00828429,1637934420,2021-11-26T13:47:00
0.00816829,0.00816829,0.00816829,0.00816829,1637934360,2021-11-26T13:46:00
0.00801386,0.0080752,0.00801386,0.0080752,1637934120,2021-11-26T13:42:00
0.00798418,0.00798418,0.00798418,0.00798418,1637926560,2021-11-26T11:36:00
0.00795786,0.00795786,0.00795786,0.00795786,1637922780,2021-11-26T10:33:00
0.00802223,0.00802223,0.00802223,0.00802223,1637921820,2021-11-26T10:17:00
0.00817339,0.00817339,0.00817339,0.00817339,1637918460,2021-11-26T09:21:00
0.00820933,0.00820933,0.00820933,0.00820933,1637917320,2021-11-26T09:02:00
0.00827999,0.00827999,0.00827999,0.00827999,1637917140,2021-11-26T08:59:00
0.00859525,0.00859525,0.00859525,0.00859525,1637915520,2021-11-26T08:32:00
0.00866514,0.00866514,0.00866514,0.00866514,1637915220,2021-11-26T08:27:00
0.00921046,0.00921046,0.00921046,0.00921046,1637900460,2021-11-26T04:21:00
0.00925834,0.00925834,0.00925834,0.00925834,1637892720,2021-11-26T02:12:00
0.00923082,0.00923082,0.00923082,0.00923082,1637861820,2021-11-25T17:37:00
0.00918413,0.00918413,0.00918413,0.00918413,1637859180,2021-11-25T16:53:00
0.00930684,0.00930684,0.00930684,0.00930684,1637856840,2021-11-25T16:14:00
0.00928624,0.00928624,0.00928624,0.00928624,1637855940,2021-11-25T15:59:00
0.00937337,0.00937337,0.00937337,0.00937337,1637855880,2021-11-25T15:58:00
0.00912695,0.00912695,0.00912695,0.00912695,1637840460,2021-11-25T11:41:00
0.00899719,0.00902866,0.00899719,0.00902866,1637836620,2021-11-25T10:37:00
0.00904983,0.00904983,0.00904983,0.00904983,1637835420,2021-11-25T10:17:00
0.00907105,0.00907105,0.00907105,0.00907105,1637824860,2021-11-25T07:21:00
0.00913971,0.00913971,0.00913971,0.00913971,1637816520,2021-11-25T05:02:00
0.0091563,0.0091563,0.0091563,0.0091563,1637812920,2021-11-25T04:02:00
0.00917207,0.00917207,0.00917207,0.00917207,1637811540,2021-11-25T03:39:00
0.00935216,0.00935216,0.00935216,0.00935216,1637803260,2021-11-25T01:21:00
0.00934157,0.00934157,0.00934157,0.00934157,1637788200,2021-11-24T21:10:00
0.00946398,0.00946398,0.00946398,0.00946398,1637787600,2021-11-24T21:00:00
0.00955502,0.00955502,0.00955502,0.00955502,1637782860,2021-11-24T19:41:00
0.00984594,0.00984594,0.00984594,0.00984594,1637759160,2021-11-24T13:06:00
0.00990038,0.00990038,0.00990038,0.00990038,1637747100,2021-11-24T09:45:00
0.00997986,0.00997986,0.00997986,0.00997986,1637746500,2021-11-24T09:35:00
0.0100226,0.0100226,0.0100226,0.0100226,1637745780,2021-11-24T09:23:00
0.0101358,0.0101358,0.0101358,0.0101358,1637743080,2021-11-24T08:38:00
0.0100318,0.0100318,0.0100318,0.0100318,1637737080,2021-11-24T06:58:00
0.010143,0.010143,0.010143,0.010143,1637736480,2021-11-24T06:48:00
0.0101764,0.0101764,0.0101764,0.0101764,1637735940,2021-11-24T06:39:00
0.010229,0.010229,0.010229,0.010229,1637735820,2021-11-24T06:37:00
0.01036,0.01036,0.01036,0.01036,1637731860,2021-11-24T05:31:00
0.0103551,0.0103551,0.0103551,0.0103551,1637722620,2021-11-24T02:57:00
0.0105059,0.0105059,0.0105059,0.0105059,1637712900,2021-11-24T00:15:00
0.0105318,0.0105318,0.0105318,0.0105318,1637696820,2021-11-23T19:47:00
0.0105586,0.0105586,0.0105586,0.0105586,1637696340,2021-11-23T19:39:00
0.0104735,0.0104735,0.0104735,0.0104735,1637695980,2021-11-23T19:33:00
0.0105724,0.0105724,0.0105724,0.0105724,1637694480,2021-11-23T19:08:00
0.0106532,0.0106532,0.0106532,0.0106532,1637693040,2021-11-23T18:44:00
0.0108175,0.0108175,0.0108175,0.0108175,1637691540,2021-11-23T18:19:00
0.010977,0.010977,0.010977,0.010977,1637691420,2021-11-23T18:17:00
0.0112174,0.0112174,0.0112174,0.0112174,1637691120,2021-11-23T18:12:00
0.0101779,0.0101779,0.0101779,0.0101779,1637687760,2021-11-23T17:16:00
0.0106961,0.0106961,0.0106961,0.0106961,1637687700,2021-11-23T17:15:00
0.0108944,0.0108944,0.0108944,0.0108944,1637687520,2021-11-23T17:12:00
0.0106383,0.0106383,0.0106383,0.0106383,1637675100,2021-11-23T13:45:00
0.0105638,0.0105638,0.0105638,0.0105638,1637669160,2021-11-23T12:06:00
0.0105822,0.0105822,0.0105822,0.0105822,1637667000,2021-11-23T11:30:00
0.0105265,0.0105265,0.0105265,0.0105265,1637650560,2021-11-23T06:56:00
0.010502,0.010502,0.010502,0.010502,1637649300,2021-11-23T06:35:00
0.0106432,0.0106432,0.0106432,0.0106432,1637647680,2021-11-23T06:08:00
0.0107454,0.0107454,0.0107454,0.0107454,1637646480,2021-11-23T05:48:00
0.0106756,0.0106756,0.0106756,0.0106756,1637646060,2021-11-23T05:41:00
0.0107395,0.0107395,0.0107395,0.0107395,1637645940,2021-11-23T05:39:00
0.0108955,0.0108955,0.0108955,0.0108955,1637644500,2021-11-23T05:15:00
0.011263,0.011263,0.011263,0.011263,1637599380,2021-11-22T16:43:00
0.0112435,0.0112435,0.0112435,0.0112435,1637593860,2021-11-22T15:11:00
0.0112728,0.0112728,0.0112728,0.0112728,1637590560,2021-11-22T14:16:00
0.0112781,0.0112781,0.0112781,0.0112781,1637588400,2021-11-22T13:40:00
0.0111386,0.0111386,0.0111386,0.0111386,1637588160,2021-11-22T13:36:00
0.0111479,0.0111479,0.0111479,0.0111479,1637578560,2021-11-22T10:56:00
0.0112504,0.0112504,0.0112504,0.0112504,1637566440,2021-11-22T07:34:00
0.011351,0.011351,0.011351,0.011351,1637539680,2021-11-22T00:08:00
0.0112878,0.0112878,0.0112878,0.0112878,1637539320,2021-11-22T00:02:00
0.0113837,0.0113837,0.0113837,0.0113837,1637532840,2021-11-21T22:14:00
0.0114333,0.0114333,0.0113222,0.0113222,1637531880,2021-11-21T21:58:00
0.011676,0.011676,0.011676,0.011676,1637530380,2021-11-21T21:33:00
0.0115304,0.0116043,0.0115304,0.0116043,1637530020,2021-11-21T21:27:00
0.011433,0.011433,0.011433,0.011433,1637529240,2021-11-21T21:14:00
0.011313,0.011313,0.011313,0.011313,1637525340,2021-11-21T20:09:00
0.0113591,0.0113591,0.0113591,0.0113591,1637514240,2021-11-21T17:04:00
0.0112102,0.0112102,0.0112102,0.0112102,1637511960,2021-11-21T16:26:00
0.0111646,0.0111646,0.0111646,0.0111646,1637509140,2021-11-21T15:39:00
0.0112102,0.0112102,0.0112102,0.0112102,1637501220,2021-11-21T13:27:00
0.0113181,0.0113181,0.0113181,0.0113181,1637500080,2021-11-21T13:08:00
0.0114094,0.0114094,0.0114094,0.0114094,1637499060,2021-11-21T12:51:00
0.0114555,0.0114555,0.0114555,0.0114555,1637499000,2021-11-21T12:50:00
0.0118428,0.0118428,0.0117215,0.0117215,1637498880,2021-11-21T12:48:00
0.0120197,0.0120197,0.0120197,0.0120197,1637464500,2021-11-21T03:15:00
0.0122096,0.0122096,0.0122096,0.0122096,1637453160,2021-11-21T00:06:00
0.01211,0.01211,0.01211,0.01211,1637442240,2021-11-20T21:04:00
0.0120569,0.0120569,0.0120569,0.0120569,1637437320,2021-11-20T19:42:00
0.312677,0.312677,0.312677,0.312677,1637409840,2021-11-20T12:04:00
0.0119707,0.0119707,0.0119707,0.0119707,1637391120,2021-11-20T06:52:00
0.0118584,0.0118584,0.0118584,0.0118584,1637391060,2021-11-20T06:51:00
0.0116982,0.0116982,0.0116982,0.0116982,1637381760,2021-11-20T04:16:00
0.0123003,0.0123003,0.0123003,0.0123003,1637370600,2021-11-20T01:10:00
0.0123833,0.0123833,0.0123833,0.0123833,1637345100,2021-11-19T18:05:00
0.0121938,0.0121938,0.0121938,0.0121938,1637311560,2021-11-19T08:46:00
0.011944,0.011944,0.011944,0.011944,1637303520,2021-11-19T06:32:00
0.0118885,0.0118885,0.0118885,0.0118885,1637295480,2021-11-19T04:18:00
0.0120583,0.0120583,0.0120583,0.0120583,1637249940,2021-11-18T15:39:00
0.0123235,0.0123235,0.0123235,0.0123235,1637239440,2021-11-18T12:44:00
0.0124712,0.0124712,0.0124712,0.0124712,1637216940,2021-11-18T06:29:00
0.0124692,0.0124692,0.0124692,0.0124692,1637215140,2021-11-18T05:59:00
0.012717,0.012717,0.012717,0.012717,1637209920,2021-11-18T04:32:00
0.0127477,0.0127477,0.0127477,0.0127477,1637179320,2021-11-17T20:02:00
0.0127369,0.0127369,0.0127369,0.0127369,1637161620,2021-11-17T15:07:00
0.0129207,0.0129207,0.0129207,0.0129207,1637155320,2021-11-17T13:22:00
0.0130844,0.0130844,0.0130844,0.0130844,1637154540,2021-11-17T13:09:00
0.0130824,0.0130824,0.0130824,0.0130824,1637150280,2021-11-17T11:58:00
0.0128122,0.0128658,0.0128122,0.0128658,1637126280,2021-11-17T05:18:00
0.0128339,0.0128339,0.0128339,0.0128339,1637123220,2021-11-17T04:27:00
0.0129566,0.0129566,0.0129566,0.0129566,1637121540,2021-11-17T03:59:00
0.0137581,0.0137581,0.0137581,0.0137581,1637082720,2021-11-16T17:12:00
0.0138288,0.0138288,0.0138288,0.0138288,1637075400,2021-11-16T15:10:00
0.0135359,0.0135359,0.0135359,0.0135359,1637071500,2021-11-16T14:05:00
0.013447,0.013447,0.013447,0.013447,1637069040,2021-11-16T13:24:00
0.0137159,0.0137159,0.0137159,0.0137159,1637065560,2021-11-16T12:26:00
0.0136449,0.0136449,0.0136449,0.0136449,1637059380,2021-11-16T10:43:00
0.0136534,0.0136534,0.0136534,0.0136534,1637058540,2021-11-16T10:29:00
0.0141024,0.0141024,0.0141024,0.0141024,1637056260,2021-11-16T09:51:00
0.0144216,0.0144216,0.0144216,0.0144216,1637050080,2021-11-16T08:08:00
0.0155458,0.0155458,0.0155458,0.0155458,1637010060,2021-11-15T21:01:00
0.0159605,0.0159605,0.0159605,0.0159605,1636971060,2021-11-15T10:11:00
0.0158657,0.0158657,0.0158657,0.0158657,1636948740,2021-11-15T03:59:00
0.0156495,0.0156495,0.0156495,0.0156495,1636870140,2021-11-14T06:09:00
0.0159064,0.0159064,0.0159064,0.0159064,1636821240,2021-11-13T16:34:00
0.0159068,0.0159068,0.0159068,0.0159068,1636815780,2021-11-13T15:03:00
0.0156577,0.0156577,0.0156577,0.0156577,1636797720,2021-11-13T10:02:00
0.0157929,0.0157929,0.0157929,0.0157929,1636794480,2021-11-13T09:08:00
0.0159601,0.0159601,0.0159601,0.0159601,1636771200,2021-11-13T02:40:00
0.0161342,0.0161342,0.0161342,0.0161342,1636746300,2021-11-12T19:45:00
0.0160798,0.0160798,0.0160798,0.0160798,1636731540,2021-11-12T15:39:00
0.0160817,0.0160817,0.0160817,0.0160817,1636724100,2021-11-12T13:35:00
0.0162198,0.0162198,0.0162198,0.0162198,1636713300,2021-11-12T10:35:00
0.0165978,0.0165978,0.0165978,0.0165978,1636704180,2021-11-12T08:03:00
0.0165713,0.0165713,0.0165713,0.0165713,1636678680,2021-11-12T00:58:00
0.0168066,0.0168066,0.0168066,0.0168066,1636661160,2021-11-11T20:06:00
0.0166595,0.0166595,0.0166595,0.0166595,1636645200,2021-11-11T15:40:00
0.0164115,0.0164115,0.0164115,0.0164115,1636583220,2021-11-10T22:27:00
0.0166137,0.0166137,0.0166137,0.0166137,1636581300,2021-11-10T21:55:00
0.0168129,0.0168129,0.0168129,0.0168129,1636580880,2021-11-10T21:48:00
0.0169778,0.0169778,0.0169778,0.0169778,1636580700,2021-11-10T21:45:00
0.0174504,0.0174504,0.0174504,0.0174504,1636576260,2021-11-10T20:31:00
0.0173907,0.0173907,0.0173907,0.0173907,1636575840,2021-11-10T20:24:00
0.0180458,0.0180458,0.0180458,0.0180458,1636572660,2021-11-10T19:31:00
0.0187241,0.0187241,0.0187241,0.0187241,1636565640,2021-11-10T17:34:00
0.0190715,0.0190715,0.0189575,0.0189575,1636565340,2021-11-10T17:29:00
0.0201827,0.0201827,0.0201827,0.0201827,1636565220,2021-11-10T17:27:00
0.0182171,0.0182171,0.0182171,0.0182171,1636553760,2021-11-10T14:16:00
0.0182128,0.0182128,0.0182128,0.0182128,1636553640,2021-11-10T14:14:00
0.0181045,0.0181045,0.0179777,0.0179777,1636551060,2021-11-10T13:31:00
0.0182889,0.0182889,0.0182889,0.0182889,1636547520,2021-11-10T12:32:00
0.0183698,0.0183698,0.0183698,0.0183698,1636544400,2021-11-10T11:40:00
0.0182584,0.0182584,0.0182584,0.0182584,1636543680,2021-11-10T11:28:00
0.0182007,0.0182007,0.0182007,0.0182007,1636543440,2021-11-10T11:24:00
0.0182005,0.0182005,0.0182005,0.0182005,1636542960,2021-11-10T11:16:00
0.0181058,0.0181058,0.0181058,0.0181058,1636531380,2021-11-10T08:03:00
0.0183218,0.0183218,0.0183218,0.0183218,1636510920,2021-11-10T02:22:00
0.0183014,0.0183014,0.0183014,0.0183014,1636477980,2021-11-09T17:13:00
0.0184229,0.0184229,0.0184229,0.0184229,1636459920,2021-11-09T12:12:00
0.0187113,0.0187113,0.0187113,0.0187113,1636456380,2021-11-09T11:13:00
0.01883,0.01883,0.01883,0.01883,1636455600,2021-11-09T11:00:00
0.0186573,0.0186573,0.0186573,0.0186573,1636454880,2021-11-09T10:48:00
0.018489,0.018489,0.018489,0.018489,1636444320,2021-11-09T07:52:00
0.0183859,0.0183859,0.0183859,0.0183859,1636443780,2021-11-09T07:43:00
0.0186276,0.0186276,0.0186276,0.0186276,1636439160,2021-11-09T06:26:00
0.0182718,0.0182718,0.0182718,0.0182718,1636427160,2021-11-09T03:06:00
0.0184579,0.0184579,0.0184579,0.0184579,1636426860,2021-11-09T03:01:00
0.0189994,0.0189994,0.0189994,0.0189994,1636408320,2021-11-08T21:52:00
0.0178027,0.0178027,0.0178027,0.0178027,1636376220,2021-11-08T12:57:00
0.0177024,0.0177024,0.0177024,0.0177024,1636371360,2021-11-08T11:36:00
0.0177605,0.0177605,0.0177605,0.0177605,1636366260,2021-11-08T10:11:00
0.0179551,0.0179551,0.0179551,0.0179551,1636341900,2021-11-08T03:25:00
0.0177108,0.0177108,0.0177108,0.0177108,1636310700,2021-11-07T18:45:00
0.0179522,0.0179522,0.0179522,0.0179522,1636296600,2021-11-07T14:50:00
0.0177911,0.0177911,0.0177911,0.0177911,1636275540,2021-11-07T08:59:00
0.0179342,0.0179342,0.0179342,0.0179342,1636270260,2021-11-07T07:31:00
0.018165,0.018165,0.018165,0.018165,1636261020,2021-11-07T04:57:00
0.018171,0.018171,0.018171,0.018171,1636258500,2021-11-07T04:15:00
0.0183511,0.0183511,0.0183511,0.0183511,1636258440,2021-11-07T04:14:00
0.0183936,0.0183936,0.0183936,0.0183936,1636254780,2021-11-07T03:13:00
0.0187296,0.0187296,0.0187296,0.0187296,1636252320,2021-11-07T02:32:00
0.0190151,0.0190151,0.0190151,0.0190151,1636250820,2021-11-07T02:07:00
0.0189189,0.0189189,0.0189189,0.0189189,1636239060,2021-11-06T22:51:00
0.0189839,0.0189839,0.0189839,0.0189839,1636237980,2021-11-06T22:33:00
0.018766,0.018766,0.018766,0.018766,1636223520,2021-11-06T18:32:00
0.0185927,0.0185927,0.0185927,0.0185927,1636220940,2021-11-06T17:49:00
0.0182861,0.0182861,0.0182861,0.0182861,1636216500,2021-11-06T16:35:00
0.0181299,0.0181299,0.0181299,0.0181299,1636215120,2021-11-06T16:12:00
0.0180314,0.0180314,0.0180314,0.0180314,1636213740,2021-11-06T15:49:00
0.0178663,0.0178663,0.0178663,0.0178663,1636210080,2021-11-06T14:48:00
0.0180242,0.0180242,0.0180242,0.0180242,1636209900,2021-11-06T14:45:00
0.0183525,0.0183525,0.0183525,0.0183525,1636201200,2021-11-06T12:20:00
0.018377,0.018377,0.018377,0.018377,1636199220,2021-11-06T11:47:00
0.018128,0.018128,0.018128,0.018128,1636197360,2021-11-06T11:16:00
0.0182503,0.0182503,0.0182503,0.0182503,1636195200,2021-11-06T10:40:00
0.0181722,0.0181722,0.0181722,0.0181722,1636194600,2021-11-06T10:30:00
0.0179959,0.0179959,0.0179959,0.0179959,1636193760,2021-11-06T10:16:00
0.017838,0.017838,0.017838,0.017838,1636191840,2021-11-06T09:44:00
0.0178542,0.0178542,0.0178542,0.0178542,1636186200,2021-11-06T08:10:00
0.0179474,0.0179474,0.0179474,0.0179474,1636175340,2021-11-06T05:09:00
0.0181225,0.0181225,0.0181225,0.0181225,1636175280,2021-11-06T05:08:00
0.0184497,0.0184497,0.0184497,0.0184497,1636168860,2021-11-06T03:21:00
0.018499,0.018499,0.018499,0.018499,1636168260,2021-11-06T03:11:00
0.0182932,0.0182932,0.0182932,0.0182932,1636162560,2021-11-06T01:36:00
0.0182446,0.0182446,0.0182446,0.0182446,1636162500,2021-11-06T01:35:00
0.0180766,0.0180766,0.0180766,0.0180766,1636162200,2021-11-06T01:30:00
0.0179939,0.0179939,0.0179939,0.0179939,1636160760,2021-11-06T01:06:00
0.0180981,0.0180981,0.0180981,0.0180981,1636160100,2021-11-06T00:55:00
0.0178603,0.0178603,0.0178603,0.0178603,1636159500,2021-11-06T00:45:00
0.0176853,0.0176853,0.0176853,0.0176853,1636159260,2021-11-06T00:41:00
0.017551,0.017551,0.017551,0.017551,1636158300,2021-11-06T00:25:00
0.0176856,0.0176856,0.0176856,0.0176856,1636158120,2021-11-06T00:22:00
0.0167901,0.0167901,0.0167901,0.0167901,1636158000,2021-11-06T00:20:00
0.0163832,0.0166029,0.0163832,0.0166029,1636157880,2021-11-06T00:18:00
0.0162178,0.0162178,0.0162178,0.0162178,1636156560,2021-11-05T23:56:00
0.0162461,0.0162461,0.0162461,0.0162461,1636155000,2021-11-05T23:30:00
0.0161351,0.0161351,0.0161351,0.0161351,1636154160,2021-11-05T23:16:00
0.0160216,0.0160216,0.0160216,0.0160216,1636153740,2021-11-05T23:09:00
0.0158536,0.0158536,0.0158536,0.0158536,1636151880,2021-11-05T22:38:00
0.0157355,0.0157355,0.0157258,0.0157258,1636151040,2021-11-05T22:24:00
0.0155432,0.0155432,0.0155432,0.0155432,1636148640,2021-11-05T21:44:00
0.0155537,0.0155537,0.0155537,0.0155537,1636148520,2021-11-05T21:42:00
0.0155457,0.0155457,0.0155457,0.0155457,1636136040,2021-11-05T18:14:00
0.01555,0.01555,0.01555,0.01555,1636128300,2021-11-05T16:05:00
0.015675,0.015675,0.015675,0.015675,1636124100,2021-11-05T14:55:00
0.0158104,0.0158104,0.0158104,0.0158104,1636101900,2021-11-05T08:45:00
0.0156163,0.0156163,0.0156163,0.0156163,1636081740,2021-11-05T03:09:00
0.0155293,0.0155293,0.0155293,0.0155293,1636081200,2021-11-05T03:00:00
0.0154104,0.0154104,0.0154104,0.0154104,1636080060,2021-11-05T02:41:00
0.0152631,0.0152631,0.0152631,0.0152631,1636050300,2021-11-04T18:25:00
0.0153679,0.0153679,0.0153679,0.0153679,1636042440,2021-11-04T16:14:00
0.0151983,0.0153241,0.0151983,0.0153241,1636040100,2021-11-04T15:35:00
0.0148899,0.0148899,0.0148899,0.0148899,1636031220,2021-11-04T13:07:00
0.0148598,0.0148598,0.0148598,0.0148598,1635988860,2021-11-04T01:21:00
0.0149169,0.0149169,0.0149169,0.0149169,1635986940,2021-11-04T00:49:00
0.0148465,0.0148465,0.0148465,0.0148465,1635977220,2021-11-03T22:07:00
0.0150442,0.0150442,0.0150442,0.0150442,1635969060,2021-11-03T19:51:00
0.0150412,0.0150412,0.0150412,0.0150412,1635967140,2021-11-03T19:19:00
0.0150921,0.0150921,0.0150921,0.0150921,1635964800,2021-11-03T18:40:00
0.0151761,0.0151761,0.0151761,0.0151761,1635960840,2021-11-03T17:34:00
0.0152352,0.0152352,0.0152352,0.0152352,1635953760,2021-11-03T15:36:00
0.0153583,0.0153583,0.0153583,0.0153583,1635951180,2021-11-03T14:53:00
0.0154745,0.0154745,0.0154745,0.0154745,1635948000,2021-11-03T14:00:00
0.0152648,0.0152648,0.0152648,0.0152648,1635947940,2021-11-03T13:59:00
0.0150994,0.0150994,0.0150994,0.0150994,1635947760,2021-11-03T13:56:00
0.0153097,0.0153097,0.0153097,0.0153097,1635934800,2021-11-03T10:20:00
0.0150719,0.0151489,0.0150719,0.0151489,1635920220,2021-11-03T06:17:00
0.0150686,0.0150686,0.0150686,0.0150686,1635920100,2021-11-03T06:15:00
0.0148683,0.014988,0.0148683,0.014988,1635919860,2021-11-03T06:11:00
0.0147182,0.0147182,0.0147182,0.0147182,1635919680,2021-11-03T06:08:00
0.0146006,0.0146006,0.0146006,0.0146006,1635919560,2021-11-03T06:06:00
0.0144583,0.0144583,0.0144583,0.0144583,1635919260,2021-11-03T06:01:00
0.0143413,0.0143413,0.0143413,0.0143413,1635918540,2021-11-03T05:49:00
0.0143684,0.0143684,0.0143684,0.0143684,1635897420,2021-11-02T23:57:00
0.0141581,0.0141581,0.0141581,0.0141581,1635860640,2021-11-02T13:44:00
0.0141641,0.0141641,0.0141641,0.0141641,1635854760,2021-11-02T12:06:00
0.0137598,0.0137598,0.0137598,0.0137598,1635795660,2021-11-01T19:41:00
0.0136023,0.0136023,0.0136023,0.0136023,1635779400,2021-11-01T15:10:00
0.0137035,0.0137035,0.0137035,0.0137035,1635777600,2021-11-01T14:40:00
0.0135914,0.0135914,0.0135914,0.0135914,1635775920,2021-11-01T14:12:00
0.0134315,0.0134315,0.0134315,0.0134315,1635775800,2021-11-01T14:10:00
0.0131506,0.0131506,0.0131506,0.0131506,1635767880,2021-11-01T11:58:00
0.0130338,0.0130338,0.0130338,0.0130338,1635757140,2021-11-01T08:59:00
0.0125481,0.0125481,0.0125481,0.0125481,1635739440,2021-11-01T04:04:00
0.0128791,0.0128791,0.0128791,0.0128791,1635729060,2021-11-01T01:11:00
0.0127992,0.0127992,0.0127992,0.0127992,1635710400,2021-10-31T20:00:00
0.0125819,0.0125819,0.0125819,0.0125819,1635705600,2021-10-31T18:40:00
0.0122437,0.0122437,0.0122437,0.0122437,1635687600,2021-10-31T13:40:00
0.0121627,0.0121627,0.0121627,0.0121627,1635684720,2021-10-31T12:52:00
0.012402,0.012402,0.0122885,0.0122885,1635674820,2021-10-31T10:07:00
0.0125772,0.0125772,0.0125772,0.0125772,1635674760,2021-10-31T10:06:00
0.0130215,0.0130215,0.0130215,0.0130215,1635674580,2021-10-31T10:03:00
0.0128249,0.0128249,0.0128249,0.0128249,1635674520,2021-10-31T10:02:00
0.0124783,0.0124783,0.0124783,0.0124783,1635671700,2021-10-31T09:15:00
0.0126801,0.0126801,0.0126801,0.0126801,1635650400,2021-10-31T03:20:00
0.0125387,0.0125387,0.0125387,0.0125387,1635627900,2021-10-30T21:05:00
0.0124653,0.0124653,0.0124653,0.0124653,1635609540,2021-10-30T15:59:00
0.0126304,0.0126304,0.0126304,0.0126304,1635575640,2021-10-30T06:34:00
0.0126834,0.0126834,0.0126834,0.0126834,1635538080,2021-10-29T20:08:00
0.0129069,0.0129069,0.0129069,0.0129069,1635522780,2021-10-29T15:53:00
0.0127278,0.0127278,0.0127278,0.0127278,1635514260,2021-10-29T13:31:00
0.0127727,0.0127727,0.0127727,0.0127727,1635513900,2021-10-29T13:25:00
0.0129164,0.0129164,0.0129164,0.0129164,1635512400,2021-10-29T13:00:00
0.0127958,0.0127958,0.0127958,0.0127958,1635496920,2021-10-29T08:42:00
0.0128049,0.0128049,0.0128049,0.0128049,1635484080,2021-10-29T05:08:00
0.0122261,0.0122261,0.0122261,0.0122261,1635446460,2021-10-28T18:41:00
0.0123366,0.0123366,0.0123366,0.0123366,1635446220,2021-10-28T18:37:00
0.0121887,0.0121887,0.0121887,0.0121887,1635430740,2021-10-28T14:19:00
0.0122998,0.0122998,0.0122998,0.0122998,1635427320,2021-10-28T13:22:00
0.0123017,0.0123017,0.0123017,0.0123017,1635424200,2021-10-28T12:30:00
0.0117765,0.0117765,0.0117765,0.0117765,1635401940,2021-10-28T06:19:00
0.0119858,0.0119858,0.0119858,0.0119858,1635400140,2021-10-28T05:49:00
0.0120477,0.0120477,0.0120477,0.0120477,1635396240,2021-10-28T04:44:00
0.012219,0.012219,0.012219,0.012219,1635373980,2021-10-27T22:33:00
0.0128227,0.0128227,0.0124768,0.0124768,1635332640,2021-10-27T11:04:00
0.0128777,0.0128777,0.0128777,0.0128777,1635332460,2021-10-27T11:01:00
0.0133104,0.0133104,0.0133104,0.0133104,1635307200,2021-10-27T04:00:00
0.0133393,0.0133393,0.0133393,0.0133393,1635302520,2021-10-27T02:42:00
0.0134612,0.0134612,0.0134612,0.0134612,1635299400,2021-10-27T01:50:00
0.0140416,0.0140416,0.0140416,0.0140416,1635285360,2021-10-26T21:56:00
0.0137276,0.0137276,0.0137276,0.0137276,1635276960,2021-10-26T19:36:00
0.0137632,0.0137632,0.0137632,0.0137632,1635276720,2021-10-26T19:32:00
0.0140088,0.0140088,0.0140088,0.0140088,1635252840,2021-10-26T12:54:00
0.0142668,0.0142668,0.0142668,0.0142668,1635220260,2021-10-26T03:51:00
0.0141664,0.0141664,0.0141664,0.0141664,1635217200,2021-10-26T03:00:00
0.0140149,0.0140149,0.0140149,0.0140149,1635210480,2021-10-26T01:08:00
0.0140583,0.0140583,0.0140583,0.0140583,1635203040,2021-10-25T23:04:00
0.0138729,0.0138729,0.0138729,0.0138729,1635196500,2021-10-25T21:15:00
0.0138955,0.0138955,0.0138955,0.0138955,1635186540,2021-10-25T18:29:00
0.0138945,0.0138945,0.0138945,0.0138945,1635175920,2021-10-25T15:32:00
0.0139778,0.0139778,0.0139778,0.0139778,1635162600,2021-10-25T11:50:00
0.0141449,0.0141449,0.0141449,0.0141449,1635162300,2021-10-25T11:45:00
0.014176,0.014176,0.014176,0.014176,1635146400,2021-10-25T07:20:00
0.0142452,0.0142452,0.0142452,0.0142452,1635144540,2021-10-25T06:49:00
0.0141896,0.0141896,0.0141896,0.0141896,1635137220,2021-10-25T04:47:00
0.0142772,0.0142772,0.0142772,0.0142772,1635136380,2021-10-25T04:33:00
0.0144252,0.0144252,0.0144252,0.0144252,1635134520,2021-10-25T04:02:00
0.014532,0.014532,0.014532,0.014532,1635131880,2021-10-25T03:18:00
0.014657,0.014657,0.014657,0.014657,1635131220,2021-10-25T03:07:00
0.0147243,0.0147243,0.0147243,0.0147243,1635128040,2021-10-25T02:14:00
0.0148229,0.0148229,0.0148229,0.0148229,1635123000,2021-10-25T00:50:00
0.0149113,0.0149113,0.0149113,0.0149113,1635121020,2021-10-25T00:17:00
0.0150472,0.0150472,0.0150472,0.0150472,1635120720,2021-10-25T00:12:00
0.0151323,0.0151323,0.0151323,0.0151323,1635119820,2021-10-24T23:57:00
0.0152802,0.0152802,0.0152802,0.0152802,1635112560,2021-10-24T21:56:00
0.0151091,0.0151091,0.0151091,0.0151091,1635106200,2021-10-24T20:10:00
0.0150126,0.0150126,0.0150126,0.0150126,1635105240,2021-10-24T19:54:00
0.0149987,0.0149987,0.0149987,0.0149987,1635104400,2021-10-24T19:40:00
0.0151381,0.0151381,0.0151381,0.0151381,1635101280,2021-10-24T18:48:00
0.0154272,0.0154272,0.0154272,0.0154272,1635099660,2021-10-24T18:21:00
0.0154163,0.0154163,0.0154163,0.0154163,1635099540,2021-10-24T18:19:00
0.0157644,0.0157644,0.0157644,0.0157644,1635096660,2021-10-24T17:31:00
0.0158958,0.0158958,0.0158958,0.0158958,1635096300,2021-10-24T17:25:00
0.0158334,0.0158334,0.0158334,0.0158334,1635095880,2021-10-24T17:18:00
0.016148,0.016148,0.016148,0.016148,1635095280,2021-10-24T17:08:00
0.0155755,0.0155755,0.0155755,0.0155755,1635094980,2021-10-24T17:03:00
0.0154964,0.0154964,0.0154964,0.0154964,1635094860,2021-10-24T17:01:00
0.0152122,0.0152122,0.0152122,0.0152122,1635089520,2021-10-24T15:32:00
0.0150277,0.0150277,0.0150277,0.0150277,1635089340,2021-10-24T15:29:00
0.014939,0.014939,0.014939,0.014939,1635089280,2021-10-24T15:28:00
0.0149352,0.0149352,0.0149352,0.0149352,1635086580,2021-10-24T14:43:00
0.0149087,0.0149087,0.0149087,0.0149087,1635084720,2021-10-24T14:12:00
0.015039,0.015039,0.015039,0.015039,1635084360,2021-10-24T14:06:00
0.014906,0.014906,0.014906,0.014906,1635083760,2021-10-24T13:56:00
0.0149343,0.0149343,0.0149343,0.0149343,1635081540,2021-10-24T13:19:00
0.0148143,0.0148143,0.0148143,0.0148143,1635080160,2021-10-24T12:56:00
0.0149112,0.0149112,0.0149112,0.0149112,1635079020,2021-10-24T12:37:00
0.0147857,0.0147857,0.0147857,0.0147857,1635078900,2021-10-24T12:35:00
0.0146319,0.0146319,0.0146319,0.0146319,1635078840,2021-10-24T12:34:00
0.0144913,0.0144913,0.0144913,0.0144913,1635078420,2021-10-24T12:27:00
0.0144491,0.0144491,0.0144491,0.0144491,1635078240,2021-10-24T12:24:00
0.0144618,0.0144618,0.0144618,0.0144618,1635074520,2021-10-24T11:22:00
0.0144419,0.0144419,0.0144419,0.0144419,1635073380,2021-10-24T11:03:00
0.0143535,0.0143535,0.0143535,0.0143535,1635070980,2021-10-24T10:23:00
0.0143082,0.014394,0.0143082,0.014394,1635069720,2021-10-24T10:02:00
0.0142601,0.0142601,0.0142601,0.0142601,1635068760,2021-10-24T09:46:00
0.0141718,0.0141718,0.0141718,0.0141718,1635068700,2021-10-24T09:45:00
0.0140863,0.0140863,0.0140863,0.0140863,1635068640,2021-10-24T09:44:00
0.0141081,0.0141081,0.0141081,0.0141081,1635068520,2021-10-24T09:42:00
0.0139529,0.0139529,0.0139529,0.0139529,1635068460,2021-10-24T09:41:00
0.0138886,0.0138886,0.0138886,0.0138886,1635068400,2021-10-24T09:40:00
0.0138077,0.0138077,0.0138077,0.0138077,1635068280,2021-10-24T09:38:00
0.0136776,0.0136776,0.0136776,0.0136776,1635066660,2021-10-24T09:11:00
0.0137772,0.0137772,0.0137772,0.0137772,1635065520,2021-10-24T08:52:00
0.0136824,0.0136824,0.0136824,0.0136824,1635061620,2021-10-24T07:47:00
0.0136703,0.0136703,0.0136703,0.0136703,1635055740,2021-10-24T06:09:00
0.0137714,0.0137714,0.0137714,0.0137714,1635051480,2021-10-24T04:58:00
0.0137203,0.0137203,0.0137203,0.0137203,1635050220,2021-10-24T04:37:00
0.0136348,0.0136348,0.0136348,0.0136348,1635050160,2021-10-24T04:36:00
0.0135148,0.0135148,0.0135148,0.0135148,1635049860,2021-10-24T04:31:00
0.013411,0.013411,0.013411,0.013411,1635049680,2021-10-24T04:28:00
0.0135756,0.0135756,0.0135756,0.0135756,1635049560,2021-10-24T04:26:00
0.013889,0.013889,0.013889,0.013889,1635049380,2021-10-24T04:23:00
0.0138125,0.0138125,0.0138125,0.0138125,1635048480,2021-10-24T04:08:00
0.0136044,0.0136378,0.0136044,0.0136378,1635047940,2021-10-24T03:59:00
0.0137665,0.0137665,0.0137665,0.0137665,1635047400,2021-10-24T03:50:00
0.0138875,0.0138875,0.0138875,0.0138875,1635047340,2021-10-24T03:49:00
0.0138422,0.0138422,0.0138422,0.0138422,1635046920,2021-10-24T03:42:00
0.0137515,0.0137515,0.0137515,0.0137515,1635046740,2021-10-24T03:39:00
0.0136688,0.0136688,0.0136688,0.0136688,1635045060,2021-10-24T03:11:00
0.0135746,0.0135746,0.0135746,0.0135746,1635043860,2021-10-24T02:51:00
0.0135062,0.0135062,0.0134964,0.0134964,1635043500,2021-10-24T02:45:00
0.0134116,0.0134116,0.0134116,0.0134116,1635043440,2021-10-24T02:44:00
0.0133239,0.0133239,0.0133239,0.0133239,1635043380,2021-10-24T02:43:00
0.0132179,0.0132179,0.0132179,0.0132179,1635042120,2021-10-24T02:22:00
0.013323,0.013323,0.013323,0.013323,1635040920,2021-10-24T02:02:00
0.0132926,0.0132926,0.0132316,0.0132316,1635040560,2021-10-24T01:56:00
0.013192,0.013192,0.013192,0.013192,1635040440,2021-10-24T01:54:00
0.0131447,0.0131447,0.0131447,0.0131447,1635038040,2021-10-24T01:14:00
0.0131099,0.0131432,0.0131099,0.0131432,1635037380,2021-10-24T01:03:00
0.012968,0.012968,0.012968,0.012968,1635037320,2021-10-24T01:02:00
0.0128969,0.0128969,0.0128969,0.0128969,1635037200,2021-10-24T01:00:00
0.0129946,0.0129946,0.0129946,0.0129946,1635036300,2021-10-24T00:45:00
0.0129253,0.0129253,0.0129253,0.0129253,1635035460,2021-10-24T00:31:00
0.0126866,0.0128096,0.0126866,0.0128096,1635035340,2021-10-24T00:29:00
0.0126493,0.0126493,0.0126493,0.0126493,1635035280,2021-10-24T00:28:00
0.0126082,0.0126082,0.0126082,0.0126082,1635035100,2021-10-24T00:25:00
0.0125862,0.0125862,0.0125862,0.0125862,1635034980,2021-10-24T00:23:00
0.0127061,0.0127061,0.0127061,0.0127061,1635034680,2021-10-24T00:18:00
0.0126579,0.0126579,0.0126579,0.0126579,1635034260,2021-10-24T00:11:00
0.0124259,0.0124259,0.0124259,0.0124259,1635034200,2021-10-24T00:10:00
0.0123966,0.0123966,0.0123098,0.0123098,1635034140,2021-10-24T00:09:00
0.0122994,0.0122994,0.0122994,0.0122994,1635034020,2021-10-24T00:07:00
0.0121261,0.0121261,0.0121261,0.0121261,1635033960,2021-10-24T00:06:00
0.0118147,0.0119697,0.0118147,0.0119697,1635033900,2021-10-24T00:05:00
0.0115563,0.0115563,0.0115563,0.0115563,1635033480,2021-10-23T23:58:00
0.0114442,0.0114442,0.0114442,0.0114442,1635032520,2021-10-23T23:42:00
0.0115193,0.0115193,0.0115193,0.0115193,1635032220,2021-10-23T23:37:00
0.0115837,0.0115837,0.0115837,0.0115837,1635032040,2021-10-23T23:34:00
0.011354,0.011354,0.011354,0.011354,1635031680,2021-10-23T23:28:00
0.0111022,0.0111022,0.0111022,0.0111022,1635031440,2021-10-23T23:24:00
0.0110001,0.0110001,0.0110001,0.0110001,1635031380,2021-10-23T23:23:00
0.0108878,0.0108878,0.0108878,0.0108878,1635031260,2021-10-23T23:21:00
0.0106755,0.0106755,0.0106755,0.0106755,1635011700,2021-10-23T17:55:00
0.0105187,0.0105187,0.0105187,0.0105187,1635003840,2021-10-23T15:44:00
0.0104978,0.0104978,0.0104978,0.0104978,1634991420,2021-10-23T12:17:00
0.0103258,0.0103258,0.0103258,0.0103258,1634971920,2021-10-23T06:52:00
0.0106788,0.0106788,0.0106788,0.0106788,1634969580,2021-10-23T06:13:00
0.0106412,0.0106412,0.0106412,0.0106412,1634959200,2021-10-23T03:20:00
0.0106759,0.0106759,0.0106759,0.0106759,1634958300,2021-10-23T03:05:00
0.010575,0.010575,0.010575,0.010575,1634955660,2021-10-23T02:21:00
0.0105653,0.0105653,0.0105653,0.0105653,1634943060,2021-10-22T22:51:00
0.0106265,0.0106265,0.0106265,0.0106265,1634925360,2021-10-22T17:56:00
0.010758,0.010758,0.010758,0.010758,1634915820,2021-10-22T15:17:00
0.010987,0.010987,0.010987,0.010987,1634906400,2021-10-22T12:40:00
0.0108704,0.0108704,0.0108704,0.0108704,1634902980,2021-10-22T11:43:00
0.0107079,0.0107623,0.0107079,0.0107623,1634896500,2021-10-22T09:55:00
0.0106733,0.0106733,0.0106733,0.0106733,1634874000,2021-10-22T03:40:00
0.0107404,0.0107404,0.0107404,0.0107404,1634873760,2021-10-22T03:36:00
0.0105683,0.0105683,0.0105683,0.0105683,1634868360,2021-10-22T02:06:00
0.0106288,0.0106288,0.0106288,0.0106288,1634865720,2021-10-22T01:22:00
0.0104738,0.0104738,0.0104738,0.0104738,1634845440,2021-10-21T19:44:00
0.0103911,0.0103911,0.0103911,0.0103911,1634843880,2021-10-21T19:18:00
0.0103675,0.0103675,0.0103675,0.0103675,1634830860,2021-10-21T15:41:00
0.0102344,0.0102344,0.0102344,0.0102344,1634830680,2021-10-21T15:38:00
0.0105013,0.0105013,0.0105013,0.0105013,1634821740,2021-10-21T13:09:00
0.0105042,0.0105042,0.0105042,0.0105042,1634820060,2021-10-21T12:41:00
0.010418,0.0104334,0.010418,0.0104334,1634819820,2021-10-21T12:37:00
0.0106655,0.0106655,0.0106655,0.0106655,1634819520,2021-10-21T12:32:00
0.0108484,0.0108484,0.0108484,0.0108484,1634809800,2021-10-21T09:50:00
0.0104185,0.0104185,0.0104185,0.0104185,1634806440,2021-10-21T08:54:00
0.0104569,0.0104569,0.0104569,0.0104569,1634780040,2021-10-21T01:34:00
0.0104045,0.0104045,0.0104045,0.0104045,1634771400,2021-10-20T23:10:00
0.0105445,0.0105445,0.0105445,0.0105445,1634768580,2021-10-20T22:23:00
0.0106222,0.0106222,0.0106222,0.0106222,1634753340,2021-10-20T18:09:00
0.0106928,0.0106928,0.0106928,0.0106928,1634741460,2021-10-20T14:51:00
0.0103673,0.0104664,0.0103673,0.0104664,1634736360,2021-10-20T13:26:00
0.0102669,0.0102669,0.0102669,0.0102669,1634736240,2021-10-20T13:24:00
0.01024,0.01024,0.01024,0.01024,1634735040,2021-10-20T13:04:00
0.010096,0.010096,0.010096,0.010096,1634733000,2021-10-20T12:30:00
0.0100151,0.0100151,0.0100151,0.0100151,1634729160,2021-10-20T11:26:00
0.0100809,0.0100809,0.0100809,0.0100809,1634728860,2021-10-20T11:21:00
0.0102335,0.0102335,0.0102335,0.0102335,1634726100,2021-10-20T10:35:00
0.0101146,0.0101146,0.0101146,0.0101146,1634720760,2021-10-20T09:06:00
0.0100242,0.0100242,0.0100242,0.0100242,1634719920,2021-10-20T08:52:00
0.00997869,0.00997869,0.00997869,0.00997869,1634715780,2021-10-20T07:43:00
0.00990771,0.00990771,0.00990771,0.00990771,1634695500,2021-10-20T02:05:00
0.00990521,0.00990521,0.00990521,0.00990521,1634695260,2021-10-20T02:01:00
0.00971951,0.00971951,0.00971951,0.00971951,1634661240,2021-10-19T16:34:00
0.00968589,0.00968589,0.00968589,0.00968589,1634640720,2021-10-19T10:52:00
0.00968516,0.00968516,0.00968516,0.00968516,1634631960,2021-10-19T08:26:00
0.00948795,0.00948795,0.00948795,0.00948795,1634591520,2021-10-18T21:12:00
0.0097416,0.0097416,0.0097416,0.0097416,1634565420,2021-10-18T13:57:00
0.0100579,0.0100579,0.0100579,0.0100579,1634532120,2021-10-18T04:42:00
0.0101751,0.0101751,0.0101751,0.0101751,1634519220,2021-10-18T01:07:00
0.00976089,0.00976089,0.00976089,0.00976089,1634503620,2021-10-17T20:47:00
0.00994708,0.00994708,0.00994708,0.00994708,1634499300,2021-10-17T19:35:00
0.00995369,0.00995369,0.00995369,0.00995369,1634489520,2021-10-17T16:52:00
0.0100074,0.0100074,0.0100074,0.0100074,1634484540,2021-10-17T15:29:00
0.0100386,0.0100386,0.0100386,0.0100386,1634461380,2021-10-17T09:03:00
0.00977692,0.00977692,0.00977692,0.00977692,1634432760,2021-10-17T01:06:00
0.00976911,0.00976911,0.00976911,0.00976911,1634360400,2021-10-16T05:00:00
0.00975666,0.00975666,0.00975666,0.00975666,1634358600,2021-10-16T04:30:00
0.00969898,0.00969898,0.00969898,0.00969898,1634353320,2021-10-16T03:02:00
0.00974253,0.00974253,0.00974253,0.00974253,1634351340,2021-10-16T02:29:00
0.00972491,0.00972491,0.00972491,0.00972491,1634341800,2021-10-15T23:50:00
0.00972033,0.00972033,0.00972033,0.00972033,1634336580,2021-10-15T22:23:00
0.0097672,0.0097672,0.0097672,0.0097672,1634329200,2021-10-15T20:20:00
0.00983076,0.00983076,0.00983076,0.00983076,1634328540,2021-10-15T20:09:00
0.00979345,0.00979345,0.00979345,0.00979345,1634326320,2021-10-15T19:32:00
0.00963491,0.00963491,0.00963491,0.00963491,1634292780,2021-10-15T10:13:00
0.00982964,0.00982964,0.00982964,0.00982964,1634266800,2021-10-15T03:00:00
0.00970719,0.00970719,0.00970719,0.00970719,1634262660,2021-10-15T01:51:00
0.00990063,0.00990063,0.00990063,0.00990063,1634234460,2021-10-14T18:01:00
0.00995392,0.00995392,0.00995392,0.00995392,1634226960,2021-10-14T15:56:00
0.00978777,0.00978777,0.00978777,0.00978777,1634222280,2021-10-14T14:38:00
0.00953422,0.00953422,0.00953422,0.00953422,1634211540,2021-10-14T11:39:00
0.00931854,0.00931854,0.00931854,0.00931854,1634209020,2021-10-14T10:57:00
0.00920285,0.00920285,0.00920285,0.00920285,1634208240,2021-10-14T10:44:00
0.00914395,0.00914395,0.00914395,0.00914395,1634197380,2021-10-14T07:43:00
0.00906554,0.00906554,0.00906554,0.00906554,1634196720,2021-10-14T07:32:00
0.00899633,0.00899633,0.00899633,0.00899633,1634195760,2021-10-14T07:16:00
0.00898742,0.00898742,0.00898742,0.00898742,1634175240,2021-10-14T01:34:00
0.00872547,0.00872547,0.00872547,0.00872547,1634155560,2021-10-13T20:06:00
0.00873838,0.00873838,0.00873838,0.00873838,1634155140,2021-10-13T19:59:00
0.00873117,0.00873117,0.00873117,0.00873117,1634141880,2021-10-13T16:18:00
0.00875492,0.00875492,0.00875492,0.00875492,1634130300,2021-10-13T13:05:00
0.00883349,0.00883349,0.00883349,0.00883349,1634123400,2021-10-13T11:10:00
0.00886567,0.00886567,0.00886567,0.00886567,1634069340,2021-10-12T20:09:00
0.00882315,0.00882315,0.00882315,0.00882315,1634069100,2021-10-12T20:05:00
0.00877588,0.00877588,0.00877588,0.00877588,1634031660,2021-10-12T09:41:00
0.00870939,0.00870939,0.00870939,0.00870939,1634016660,2021-10-12T05:31:00
0.00875068,0.00875068,0.00875068,0.00875068,1634016060,2021-10-12T05:21:00
0.00878827,0.00878827,0.00878827,0.00878827,1633987800,2021-10-11T21:30:00
0.00868894,0.00868894,0.00868894,0.00868894,1633983180,2021-10-11T20:13:00
0.0091487,0.0091487,0.0091487,0.0091487,1633982520,2021-10-11T20:02:00
0.00936382,0.00936382,0.00936382,0.00936382,1633970160,2021-10-11T16:36:00
0.0094943,0.0094943,0.0094943,0.0094943,1633960020,2021-10-11T13:47:00
0.00949359,0.00949359,0.00949359,0.00949359,1633947720,2021-10-11T10:22:00
0.00919082,0.00919082,0.00919082,0.00919082,1633929840,2021-10-11T05:24:00
0.00906957,0.00906957,0.00906957,0.00906957,1633923960,2021-10-11T03:46:00
0.00912418,0.00912418,0.00912418,0.00912418,1633908360,2021-10-10T23:26:00
0.00921157,0.00921157,0.00921157,0.00921157,1633829160,2021-10-10T01:26:00
0.00912967,0.00912967,0.00912967,0.00912967,1633809720,2021-10-09T20:02:00
0.00967438,0.00967438,0.00967438,0.00967438,1633799760,2021-10-09T17:16:00
0.0097056,0.0097056,0.0097056,0.0097056,1633754640,2021-10-09T04:44:00
0.00969992,0.00969992,0.00969992,0.00969992,1633732200,2021-10-08T22:30:00
0.00973459,0.00973459,0.00973459,0.00973459,1633731900,2021-10-08T22:25:00
0.00995675,0.00995675,0.00995675,0.00995675,1633730820,2021-10-08T22:07:00
0.0102602,0.0102602,0.0102602,0.0102602,1633716900,2021-10-08T18:15:00
0.0102537,0.0102537,0.0102537,0.0102537,1633690860,2021-10-08T11:01:00
0.0102902,0.0102902,0.0102902,0.0102902,1633683780,2021-10-08T09:03:00
0.0102621,0.0102621,0.0102621,0.0102621,1633679460,2021-10-08T07:51:00
0.0102608,0.0102608,0.0102608,0.0102608,1633679340,2021-10-08T07:49:00
0.0100401,0.0100401,0.0100401,0.0100401,1633666560,2021-10-08T04:16:00
0.010045,0.010045,0.010045,0.010045,1633664700,2021-10-08T03:45:00
0.0100027,0.0100027,0.0100027,0.0100027,1633638540,2021-10-07T20:29:00
0.00977541,0.00977541,0.00977541,0.00977541,1633622820,2021-10-07T16:07:00
0.0097136,0.0097136,0.0097136,0.0097136,1633600020,2021-10-07T09:47:00
0.00971057,0.00971057,0.00971057,0.00971057,1633599180,2021-10-07T09:33:00
0.0100356,0.0100356,0.0100356,0.0100356,1633582320,2021-10-07T04:52:00
0.0101217,0.0101217,0.0101217,0.0101217,1633568640,2021-10-07T01:04:00
0.0096077,0.0096077,0.0096077,0.0096077,1633547520,2021-10-06T19:12:00
0.00958507,0.00958507,0.00958507,0.00958507,1633542360,2021-10-06T17:46:00
0.00960309,0.00960309,0.00960309,0.00960309,1633537260,2021-10-06T16:21:00
0.00959688,0.00959688,0.00959688,0.00959688,1633527840,2021-10-06T13:44:00
0.00973951,0.00973951,0.00973951,0.00973951,1633527780,2021-10-06T13:43:00
0.00990003,0.00990003,0.00990003,0.00990003,1633526100,2021-10-06T13:15:00
0.00964943,0.00964943,0.00964943,0.00964943,1633520460,2021-10-06T11:41:00
0.00998554,0.00998554,0.00998554,0.00998554,1633502220,2021-10-06T06:37:00
0.0100059,0.0100059,0.0100059,0.0100059,1633498380,2021-10-06T05:33:00
0.00988701,0.00988701,0.00988701,0.00988701,1633498200,2021-10-06T05:30:00
0.00967954,0.00967954,0.00967954,0.00967954,1633460760,2021-10-05T19:06:00
0.00951539,0.00951539,0.00951539,0.00951539,1633454580,2021-10-05T17:23:00
0.00943982,0.00943982,0.00943982,0.00943982,1633453680,2021-10-05T17:08:00
0.00945106,0.00945106,0.00945106,0.00945106,1633446480,2021-10-05T15:08:00
0.0096835,0.0096835,0.0096835,0.0096835,1633430700,2021-10-05T10:45:00
0.00983348,0.00983348,0.00983348,0.00983348,1633430580,2021-10-05T10:43:00
0.00978909,0.00978909,0.00978909,0.00978909,1633430460,2021-10-05T10:41:00
0.00939984,0.00939984,0.00939984,0.00939984,1633387800,2021-10-04T22:50:00
0.00954482,0.00954482,0.00954482,0.00954482,1633379520,2021-10-04T20:32:00
0.00954238,0.00954238,0.00954238,0.00954238,1633371840,2021-10-04T18:24:00
0.00963442,0.00963442,0.00963442,0.00963442,1633368300,2021-10-04T17:25:00
0.00979405,0.00979405,0.00979405,0.00979405,1633351860,2021-10-04T12:51:00
0.00985808,0.00985808,0.00985808,0.00985808,1633336080,2021-10-04T08:28:00
0.00973554,0.00973554,0.00973554,0.00973554,1633331040,2021-10-04T07:04:00
0.00970502,0.00970502,0.00970502,0.00970502,1633325460,2021-10-04T05:31:00
0.00972362,0.00972362,0.00972362,0.00972362,1633309500,2021-10-04T01:05:00
0.00992508,0.00992508,0.00992508,0.00992508,1633288740,2021-10-03T19:19:00
0.00986543,0.00986543,0.00986543,0.00986543,1633288620,2021-10-03T19:17:00
0.00977231,0.00977231,0.00977231,0.00977231,1633283220,2021-10-03T17:47:00
0.00981866,0.00981866,0.00981866,0.00981866,1633272300,2021-10-03T14:45:00
0.00964687,0.00964687,0.00964687,0.00964687,1633261200,2021-10-03T11:40:00
0.00955471,0.00955471,0.00955471,0.00955471,1633260780,2021-10-03T11:33:00
0.00990195,0.00990195,0.00976891,0.00976891,1633257900,2021-10-03T10:45:00
0.00939418,0.00958463,0.00939418,0.00958463,1633257840,2021-10-03T10:44:00
0.0102408,0.0102408,0.0102408,0.0102408,1633242720,2021-10-03T06:32:00
0.010362,0.010362,0.010362,0.010362,1633200780,2021-10-02T18:53:00
0.0103963,0.0103963,0.0103963,0.0103963,1633193160,2021-10-02T16:46:00
0.0101697,0.0101697,0.0101697,0.0101697,1633185300,2021-10-02T14:35:00
0.0100547,0.0100547,0.0100547,0.0100547,1633182360,2021-10-02T13:46:00
0.010132,0.010132,0.010132,0.010132,1633175580,2021-10-02T11:53:00
0.0102285,0.0102285,0.0102285,0.0102285,1633174680,2021-10-02T11:38:00
0.0101253,0.0101253,0.0101253,0.0101253,1633174620,2021-10-02T11:37:00
0.00982051,0.0100305,0.00982051,0.0100153,1633174560,2021-10-02T11:36:00
0.00944695,0.00944695,0.00944695,0.00944695,1633174500,2021-10-02T11:35:00
0.0111807,0.0111807,0.0111807,0.0111807,1633155840,2021-10-02T06:24:00
0.0113623,0.0113623,0.0113623,0.0113623,1633147500,2021-10-02T04:05:00
0.0113613,0.0113613,0.0113613,0.0113613,1633140480,2021-10-02T02:08:00
0.0112296,0.0112296,0.0112296,0.0112296,1633130340,2021-10-01T23:19:00
0.0110961,0.0110961,0.0110961,0.0110961,1633130280,2021-10-01T23:18:00
0.0119801,0.0119801,0.0119801,0.0119801,1633125240,2021-10-01T21:54:00
0.0118704,0.0118704,0.0118704,0.0118704,1633125060,2021-10-01T21:51:00
0.0116593,0.0116593,0.0116593,0.0116593,1633113540,2021-10-01T18:39:00
0.0116365,0.0116365,0.0116365,0.0116365,1633111500,2021-10-01T18:05:00
0.0106499,0.0106499,0.0106499,0.0106499,1633066620,2021-10-01T05:37:00
0.0107598,0.0107598,0.0107598,0.0107598,1633066560,2021-10-01T05:36:00
0.0109082,0.0109082,0.0109082,0.0109082,1633066500,2021-10-01T05:35:00
0.0102447,0.0102447,0.0102447,0.0102447,1633065840,2021-10-01T05:24:00
0.0100262,0.0100262,0.0100262,0.0100262,1633060740,2021-10-01T03:59:00
0.00995212,0.00995212,0.00995212,0.00995212,1633055340,2021-10-01T02:29:00
0.0100025,0.0100025,0.00993026,0.00993026,1633047900,2021-10-01T00:25:00
0.0102113,0.0102113,0.0102113,0.0102113,1633047840,2021-10-01T00:24:00
0.0102733,0.0102733,0.0102733,0.0102733,1633047780,2021-10-01T00:23:00
0.0101214,0.0101214,0.0101214,0.0101214,1633047720,2021-10-01T00:22:00
0.0102476,0.0102476,0.0102476,0.0102476,1633047600,2021-10-01T00:20:00
0.00971548,0.00971548,0.00971548,0.00971548,1633041720,2021-09-30T22:42:00
0.00957656,0.00957656,0.00957656,0.00957656,1633041360,2021-09-30T22:36:00
0.00954073,0.00954073,0.00954073,0.00954073,1633040580,2021-09-30T22:23:00
0.00938171,0.00938171,0.00938171,0.00938171,1633034460,2021-09-30T20:41:00
0.00953055,0.00953055,0.00953055,0.00953055,1633028880,2021-09-30T19:08:00
0.00959019,0.00959019,0.00959019,0.00959019,1633020660,2021-09-30T16:51:00
0.00918318,0.00956825,0.00918318,0.00956825,1633008300,2021-09-30T13:25:00
0.00989744,0.00989744,0.00989744,0.00989744,1633000440,2021-09-30T11:14:00
0.0102881,0.0102881,0.0102881,0.0102881,1632999360,2021-09-30T10:56:00
0.0100155,0.0101709,0.0100155,0.0101709,1632999240,2021-09-30T10:54:00
0.0105339,0.0105339,0.0105339,0.0105339,1632986580,2021-09-30T07:23:00
0.0105102,0.0105102,0.0105102,0.0105102,1632978900,2021-09-30T05:15:00
0.010636,0.010636,0.010636,0.010636,1632968400,2021-09-30T02:20:00
0.0106153,0.0106153,0.0106153,0.0106153,1632968040,2021-09-30T02:14:00
0.0105942,0.0105942,0.0105942,0.0105942,1632964620,2021-09-30T01:17:00
0.0104183,0.0104487,0.0104183,0.0104487,1632919320,2021-09-29T12:42:00
0.0106633,0.0106633,0.0106633,0.0106633,1632911940,2021-09-29T10:39:00
0.0103603,0.0103603,0.0103603,0.0103603,1632858900,2021-09-28T19:55:00
0.0102967,0.0102967,0.0102967,0.0102967,1632858240,2021-09-28T19:44:00
0.0104506,0.0104506,0.0104506,0.0104506,1632834000,2021-09-28T13:00:00
0.010373,0.010373,0.010373,0.010373,1632823800,2021-09-28T10:10:00
0.0109074,0.0109074,0.0109074,0.0109074,1632802080,2021-09-28T04:08:00
0.0114769,0.0114769,0.0114769,0.0114769,1632752760,2021-09-27T14:26:00
0.0115975,0.0115975,0.0115975,0.0115975,1632734940,2021-09-27T09:29:00
0.011612,0.011612,0.011612,0.011612,1632729480,2021-09-27T07:58:00
0.0118087,0.0118087,0.0118087,0.0118087,1632721680,2021-09-27T05:48:00
0.0111523,0.0111523,0.0111523,0.0111523,1632691740,2021-09-26T21:29:00
0.0111806,0.0111806,0.0111806,0.0111806,1632677940,2021-09-26T17:39:00
0.0111276,0.0111276,0.0111276,0.0111276,1632666780,2021-09-26T14:33:00
0.0110409,0.0110409,0.0110409,0.0110409,1632663960,2021-09-26T13:46:00
0.0110417,0.0110417,0.0110417,0.0110417,1632653280,2021-09-26T10:48:00
0.0110862,0.0110862,0.0110862,0.0110862,1632650160,2021-09-26T09:56:00
0.0107023,0.0107023,0.0107023,0.0107023,1632638640,2021-09-26T06:44:00
0.0111469,0.0111469,0.0111469,0.0111469,1632603660,2021-09-25T21:01:00
0.0110518,0.0110518,0.0110518,0.0110518,1632590100,2021-09-25T17:15:00
0.0110068,0.0110068,0.0110068,0.0110068,1632580800,2021-09-25T14:40:00
0.0110982,0.0110982,0.0110982,0.0110982,1632580260,2021-09-25T14:31:00
0.0109402,0.0109402,0.0109402,0.0109402,1632580020,2021-09-25T14:27:00
0.0108078,0.0108476,0.0108078,0.0108476,1632579840,2021-09-25T14:24:00
0.0107738,0.0107738,0.0107738,0.0107738,1632579780,2021-09-25T14:23:00
0.0107051,0.0107051,0.0107051,0.0107051,1632579720,2021-09-25T14:22:00
0.0106503,0.0106503,0.0106503,0.0106503,1632579480,2021-09-25T14:18:00
0.0105907,0.0105907,0.0105907,0.0105907,1632579360,2021-09-25T14:16:00
0.0105707,0.0105707,0.0105707,0.0105707,1632564120,2021-09-25T10:02:00
0.0106173,0.0106173,0.0106173,0.0106173,1632562320,2021-09-25T09:32:00
0.0105068,0.0105068,0.0105068,0.0105068,1632557400,2021-09-25T08:10:00
0.0104986,0.0104986,0.0104986,0.0104986,1632555840,2021-09-25T07:44:00
0.010503,0.010503,0.010503,0.010503,1632546960,2021-09-25T05:16:00
0.0105329,0.0105329,0.0105329,0.0105329,1632536640,2021-09-25T02:24:00
0.0103582,0.0103582,0.0103582,0.0103582,1632533580,2021-09-25T01:33:00
0.0104472,0.0104472,0.0104472,0.0104472,1632533220,2021-09-25T01:27:00
0.0105602,0.0105602,0.0105602,0.0105602,1632532140,2021-09-25T01:09:00
0.0106695,0.0106695,0.0106695,0.0106695,1632531720,2021-09-25T01:02:00
0.0105659,0.0105659,0.0105659,0.0105659,1632531420,2021-09-25T00:57:00
0.0104723,0.0104723,0.0104723,0.0104723,1632531300,2021-09-25T00:55:00
0.010368,0.010368,0.010368,0.010368,1632531180,2021-09-25T00:53:00
0.0102539,0.0102539,0.0102539,0.0102539,1632531120,2021-09-25T00:52:00
0.0101562,0.0101983,0.0101562,0.0101983,1632531000,2021-09-25T00:50:00
0.00997588,0.00997588,0.00997588,0.00997588,1632508260,2021-09-24T18:31:00
0.0100262,0.0100262,0.0100262,0.0100262,1632502500,2021-09-24T16:55:00
0.00988154,0.00988154,0.00988154,0.00988154,1632495480,2021-09-24T14:58:00
0.00989835,0.00989835,0.00989835,0.00989835,1632493440,2021-09-24T14:24:00
0.00988348,0.00988348,0.00988348,0.00988348,1632493320,2021-09-24T14:22:00
0.00987827,0.00987827,0.00987827,0.00987827,1632493200,2021-09-24T14:20:00
0.00962186,0.00962186,0.00962186,0.00962186,1632490980,2021-09-24T13:43:00
0.00929499,0.00929499,0.00929499,0.00929499,1632488820,2021-09-24T13:07:00
0.00964541,0.00964541,0.00964541,0.00964541,1632476640,2021-09-24T09:44:00
0.0101197,0.0101197,0.0101197,0.0101197,1632470700,2021-09-24T08:05:00
0.0100925,0.0100925,0.0100925,0.0100925,1632455340,2021-09-24T03:49:00
0.00997189,0.00997189,0.00997189,0.00997189,1632451260,2021-09-24T02:41:00
0.0101015,0.0101015,0.0101015,0.0101015,1632413880,2021-09-23T16:18:00
0.0103006,0.0103006,0.0103006,0.0103006,1632409380,2021-09-23T15:03:00
0.010748,0.010748,0.010748,0.010748,1632398100,2021-09-23T11:55:00
0.0105851,0.0105851,0.0105851,0.0105851,1632392100,2021-09-23T10:15:00
0.0108668,0.0108668,0.0108668,0.0108668,1632381120,2021-09-23T07:12:00
0.0103596,0.0103596,0.0103596,0.0103596,1632357540,2021-09-23T00:39:00
0.010468,0.010468,0.010468,0.010468,1632356640,2021-09-23T00:24:00
0.0102424,0.0102424,0.0102424,0.0102424,1632356280,2021-09-23T00:18:00
0.00964156,0.00964156,0.00964156,0.00964156,1632337740,2021-09-22T19:09:00
0.00956485,0.00956485,0.00956485,0.00956485,1632327120,2021-09-22T16:12:00
0.00932806,0.00932806,0.00932806,0.00932806,1632297480,2021-09-22T07:58:00
0.00902983,0.00902983,0.00902983,0.00902983,1632282840,2021-09-22T03:54:00
0.00893582,0.00893582,0.00893582,0.00893582,1632262740,2021-09-21T22:19:00
0.00928388,0.00928388,0.00928388,0.00928388,1632249420,2021-09-21T18:37:00
0.0093062,0.0093062,0.0093062,0.0093062,1632246000,2021-09-21T17:40:00
0.0096533,0.0096533,0.0096533,0.0096533,1632227820,2021-09-21T12:37:00
0.00933134,0.00933134,0.00933134,0.00933134,1632202080,2021-09-21T05:28:00
0.00940165,0.00940165,0.00940165,0.00940165,1632194160,2021-09-21T03:16:00
0.00945347,0.00945347,0.00945347,0.00945347,1632192180,2021-09-21T02:43:00
0.00951515,0.00951515,0.00951515,0.00951515,1632192000,2021-09-21T02:40:00
0.00940808,0.00940808,0.00940808,0.00940808,1632188880,2021-09-21T01:48:00
0.00908141,0.00908141,0.00908141,0.00908141,1632187200,2021-09-21T01:20:00
0.00942262,0.00942262,0.00942262,0.00942262,1632174420,2021-09-20T21:47:00
0.00948562,0.00948562,0.00948562,0.00948562,1632173820,2021-09-20T21:37:00
0.00947682,0.00947682,0.00947682,0.00947682,1632173640,2021-09-20T21:34:00
0.00945246,0.00945246,0.00945246,0.00945246,1632169140,2021-09-20T20:19:00
0.0094229,0.0094229,0.0094229,0.0094229,1632166500,2021-09-20T19:35:00
0.00953563,0.00953563,0.00953563,0.00953563,1632164580,2021-09-20T19:03:00
0.00967921,0.00967921,0.00967921,0.00967921,1632163200,2021-09-20T18:40:00
0.0099364,0.0099364,0.0099364,0.0099364,1632153600,2021-09-20T16:00:00
0.0100037,0.0100037,0.0100037,0.0100037,1632149820,2021-09-20T14:57:00
0.00978857,0.00978857,0.00978857,0.00978857,1632141180,2021-09-20T12:33:00
0.0102747,0.0102747,0.0102747,0.0102747,1632133200,2021-09-20T10:20:00
0.0103638,0.0103638,0.0103638,0.0103638,1632129600,2021-09-20T09:20:00
0.0115677,0.0115677,0.0115677,0.0115677,1632113220,2021-09-20T04:47:00
0.0108182,0.0108182,0.0108182,0.0108182,1632106200,2021-09-20T02:50:00
0.0111861,0.0111861,0.0111861,0.0111861,1632102360,2021-09-20T01:46:00
0.0112018,0.0112018,0.0112018,0.0112018,1632097680,2021-09-20T00:28:00
0.0113577,0.0113577,0.0113577,0.0113577,1632091680,2021-09-19T22:48:00
0.0112816,0.0112816,0.0112816,0.0112816,1632090060,2021-09-19T22:21:00
0.0113278,0.0113278,0.0113278,0.0113278,1632088500,2021-09-19T21:55:00
0.0114266,0.0114266,0.0114266,0.0114266,1632083220,2021-09-19T20:27:00
0.0113357,0.0113357,0.0113357,0.0113357,1632083040,2021-09-19T20:24:00
0.0114744,0.0114744,0.0114744,0.0114744,1632078900,2021-09-19T19:15:00
0.0114544,0.0114544,0.0114544,0.0114544,1632078720,2021-09-19T19:12:00
0.0114399,0.0114399,0.0114399,0.0114399,1632078120,2021-09-19T19:02:00
0.0116907,0.0116907,0.0114931,0.0114931,1632077820,2021-09-19T18:57:00
0.0117861,0.0117861,0.0117861,0.0117861,1632077700,2021-09-19T18:55:00
0.0118664,0.0118664,0.0118664,0.0118664,1632077460,2021-09-19T18:51:00
0.0130825,0.0130825,0.0130825,0.0130825,1632048540,2021-09-19T10:49:00
0.0139019,0.0139019,0.0139019,0.0139019,1632047940,2021-09-19T10:39:00
0.0126933,0.0126933,0.0126933,0.0126933,1632046260,2021-09-19T10:11:00
0.0122995,0.0122995,0.0122995,0.0122995,1632037320,2021-09-19T07:42:00
0.0121517,0.0121517,0.0121517,0.0121517,1632031440,2021-09-19T06:04:00
0.0119491,0.0119491,0.0119491,0.0119491,1632031380,2021-09-19T06:03:00
0.0111277,0.0119128,0.0111277,0.0119128,1632031320,2021-09-19T06:02:00
0.0202237,0.0202237,0.0202237,0.0202237,1632030600,2021-09-19T05:50:00
0.0123523,0.0123523,0.0123523,0.0123523,1632022020,2021-09-19T03:27:00
0.0126972,0.0126972,0.0126972,0.0126972,1632004560,2021-09-18T22:36:00
0.0125908,0.0125908,0.0125908,0.0125908,1632003480,2021-09-18T22:18:00
0.0128403,0.0128403,0.0128403,0.0128403,1631988540,2021-09-18T18:09:00
0.0127627,0.0127627,0.0127627,0.0127627,1631988000,2021-09-18T18:00:00
0.012758,0.012758,0.012758,0.012758,1631986380,2021-09-18T17:33:00
0.0127766,0.0127766,0.0127766,0.0127766,1631986080,2021-09-18T17:28:00
0.0130018,0.0130018,0.0130018,0.0130018,1631979480,2021-09-18T15:38:00
0.0130851,0.0130851,0.0130851,0.0130851,1631965980,2021-09-18T11:53:00
0.0130254,0.0130254,0.0130254,0.0130254,1631964900,2021-09-18T11:35:00
0.0130906,0.0130906,0.0130906,0.0130906,1631964240,2021-09-18T11:24:00
0.0129335,0.0129335,0.0129335,0.0129335,1631948520,2021-09-18T07:02:00
0.0129535,0.0129535,0.0129535,0.0129535,1631942880,2021-09-18T05:28:00
0.0129419,0.0129419,0.0129419,0.0129419,1631937780,2021-09-18T04:03:00
0.0128084,0.0128084,0.0128084,0.0128084,1631913540,2021-09-17T21:19:00
0.0128086,0.0128086,0.0128086,0.0128086,1631912880,2021-09-17T21:08:00
0.013073,0.013073,0.013073,0.013073,1631893920,2021-09-17T15:52:00
0.013195,0.013195,0.013195,0.013195,1631890980,2021-09-17T15:03:00
0.013362,0.013362,0.013362,0.013362,1631890620,2021-09-17T14:57:00
0.0135453,0.0135453,0.0135453,0.0135453,1631888460,2021-09-17T14:21:00
0.0135121,0.0135121,0.0135121,0.0135121,1631886900,2021-09-17T13:55:00
0.0135213,0.0135213,0.0135213,0.0135213,1631883180,2021-09-17T12:53:00
0.0139128,0.0139128,0.0139128,0.0139128,1631858760,2021-09-17T06:06:00
0.0138734,0.0138734,0.0138734,0.0138734,1631852940,2021-09-17T04:29:00
0.0138093,0.0138093,0.0138093,0.0138093,1631839020,2021-09-17T00:37:00
0.0136745,0.0136745,0.0136745,0.0136745,1631833080,2021-09-16T22:58:00
0.013751,0.013751,0.013751,0.013751,1631832960,2021-09-16T22:56:00
0.0135776,0.0135776,0.0135776,0.0135776,1631828520,2021-09-16T21:42:00
0.0138527,0.0138527,0.0138527,0.0138527,1631821680,2021-09-16T19:48:00
0.0139217,0.0139217,0.0139217,0.0139217,1631805180,2021-09-16T15:13:00
0.0141588,0.0141588,0.0141588,0.0141588,1631796300,2021-09-16T12:45:00
0.0140778,0.0140778,0.0140778,0.0140778,1631791320,2021-09-16T11:22:00
0.0143191,0.0143191,0.0143191,0.0143191,1631778180,2021-09-16T07:43:00
0.0141272,0.0141272,0.0141272,0.0141272,1631750820,2021-09-16T00:07:00
0.0138004,0.0138004,0.0138004,0.0138004,1631729940,2021-09-15T18:19:00
0.0134206,0.0134206,0.0134206,0.0134206,1631712360,2021-09-15T13:26:00
0.0134274,0.0134274,0.0134274,0.0134274,1631711880,2021-09-15T13:18:00
0.0133585,0.0133585,0.0133585,0.0133585,1631711760,2021-09-15T13:16:00
0.0133123,0.0133123,0.0133123,0.0133123,1631711700,2021-09-15T13:15:00
0.0134545,0.0134545,0.0134545,0.0134545,1631710380,2021-09-15T12:53:00
0.0132798,0.0132798,0.0132798,0.0132798,1631699220,2021-09-15T09:47:00
0.013217,0.013217,0.013217,0.013217,1631685720,2021-09-15T06:02:00
0.0131197,0.0131197,0.0131197,0.0131197,1631672460,2021-09-15T02:21:00
0.0131423,0.0131423,0.0131423,0.0131423,1631671380,2021-09-15T02:03:00
0.0129522,0.0129522,0.0129522,0.0129522,1631625720,2021-09-14T13:22:00
0.0128573,0.0128573,0.0128573,0.0128573,1631623260,2021-09-14T12:41:00
0.0126588,0.0128691,0.0126588,0.0128691,1631622660,2021-09-14T12:31:00
0.0125741,0.0125741,0.0125741,0.0125741,1631617500,2021-09-14T11:05:00
0.0126467,0.0126467,0.0126467,0.0126467,1631616780,2021-09-14T10:53:00
0.0126382,0.0126382,0.0126382,0.0126382,1631611380,2021-09-14T09:23:00
0.0126172,0.0126172,0.0126172,0.0126172,1631605620,2021-09-14T07:47:00
0.0124963,0.0124963,0.0124963,0.0124963,1631598660,2021-09-14T05:51:00
0.0124884,0.0124884,0.0124884,0.0124884,1631591340,2021-09-14T03:49:00
0.0124512,0.0124512,0.0124512,0.0124512,1631591040,2021-09-14T03:44:00
0.0124334,0.0124334,0.0124334,0.0124334,1631590860,2021-09-14T03:41:00
0.0123855,0.0123855,0.0123855,0.0123855,1631589600,2021-09-14T03:20:00
0.0124045,0.0124045,0.0124045,0.0124045,1631580240,2021-09-14T00:44:00
0.0122712,0.0122712,0.0122712,0.0122712,1631567940,2021-09-13T21:19:00
0.0123544,0.0123544,0.0123544,0.0123544,1631567880,2021-09-13T21:18:00
0.0127825,0.0127825,0.0127825,0.0127825,1631541480,2021-09-13T13:58:00
0.0124609,0.0124609,0.0124609,0.0124609,1631537400,2021-09-13T12:50:00
0.0125033,0.0125033,0.0125033,0.0125033,1631536680,2021-09-13T12:38:00
0.0123558,0.0123558,0.0123558,0.0123558,1631536620,2021-09-13T12:37:00
0.012279,0.012279,0.012279,0.012279,1631534700,2021-09-13T12:05:00
0.0122423,0.0122423,0.0122423,0.0122423,1631533800,2021-09-13T11:50:00
0.0122844,0.0122844,0.0122844,0.0122844,1631532240,2021-09-13T11:24:00
0.0122116,0.0122116,0.0122116,0.0122116,1631525760,2021-09-13T09:36:00
0.0122361,0.0122361,0.0122361,0.0122361,1631520120,2021-09-13T08:02:00
0.0123161,0.0123161,0.0123161,0.0123161,1631519340,2021-09-13T07:49:00
0.0126128,0.0126128,0.0126128,0.0126128,1631511060,2021-09-13T05:31:00
0.0127208,0.0127995,0.0127208,0.0127995,1631498280,2021-09-13T01:58:00
0.0127218,0.0127218,0.0127218,0.0127218,1631487060,2021-09-12T22:51:00
0.0129738,0.0129738,0.0129738,0.0129738,1631473440,2021-09-12T19:04:00
0.0129992,0.0129992,0.0129992,0.0129992,1631465400,2021-09-12T16:50:00
0.0127596,0.0129203,0.0127596,0.0129203,1631458080,2021-09-12T14:48:00
0.0126752,0.0126752,0.0126752,0.0126752,1631451900,2021-09-12T13:05:00
0.0128498,0.0128498,0.0128498,0.0128498,1631450880,2021-09-12T12:48:00
0.0129485,0.0129485,0.0129485,0.0129485,1631450820,2021-09-12T12:47:00
0.0130251,0.0130251,0.0130251,0.0130251,1631450520,2021-09-12T12:42:00
0.0129397,0.0129397,0.0129397,0.0129397,1631450460,2021-09-12T12:41:00
0.012826,0.012826,0.012826,0.012826,1631450280,2021-09-12T12:38:00
0.0126554,0.0127305,0.0126554,0.0127305,1631450220,2021-09-12T12:37:00
0.0124181,0.0126216,0.0124181,0.0126216,1631450160,2021-09-12T12:36:00
0.0122752,0.0122752,0.0122752,0.0122752,1631450040,2021-09-12T12:34:00
0.0121396,0.0121396,0.0121396,0.0121396,1631446680,2021-09-12T11:38:00
0.0122161,0.0122161,0.0122161,0.0122161,1631444040,2021-09-12T10:54:00
0.0121448,0.0121448,0.0121448,0.0121448,1631443020,2021-09-12T10:37:00
0.0121547,0.0121547,0.0121547,0.0121547,1631434920,2021-09-12T08:22:00
0.0117481,0.0117481,0.0117481,0.0117481,1631408280,2021-09-12T00:58:00
0.0116469,0.0116469,0.0116469,0.0116469,1631408160,2021-09-12T00:56:00
0.0116671,0.0116671,0.0116671,0.0116671,1631405280,2021-09-12T00:08:00
0.0117877,0.0117877,0.0117877,0.0117877,1631381160,2021-09-11T17:26:00
0.0116835,0.0116835,0.0116835,0.0116835,1631378220,2021-09-11T16:37:00
0.0116008,0.0116008,0.0116008,0.0116008,1631367600,2021-09-11T13:40:00
0.0114925,0.0114925,0.0114925,0.0114925,1631360460,2021-09-11T11:41:00
0.0116193,0.0116193,0.0116193,0.0116193,1631357640,2021-09-11T10:54:00
0.0116676,0.0116676,0.0116676,0.0116676,1631355720,2021-09-11T10:22:00
0.0116206,0.0116206,0.0116206,0.0116206,1631355420,2021-09-11T10:17:00
0.0116109,0.0116109,0.0116109,0.0116109,1631355240,2021-09-11T10:14:00
0.0115809,0.0115809,0.0115809,0.0115809,1631340120,2021-09-11T06:02:00
0.0116189,0.0116189,0.0116189,0.0116189,1631319780,2021-09-11T00:23:00
0.0116741,0.0116741,0.0116741,0.0116741,1631313420,2021-09-10T22:37:00
0.0119848,0.0119848,0.0119848,0.0119848,1631306940,2021-09-10T20:49:00
0.0121895,0.0121895,0.0121895,0.0121895,1631303160,2021-09-10T19:46:00
0.0120957,0.0120957,0.0120957,0.0120957,1631291160,2021-09-10T16:26:00
0.0120555,0.0120555,0.0120555,0.0120555,1631286420,2021-09-10T15:07:00
0.0122065,0.0122065,0.0122065,0.0122065,1631286120,2021-09-10T15:02:00
0.0131807,0.0131807,0.0131807,0.0131807,1631242560,2021-09-10T02:56:00
0.0131025,0.0131025,0.0131025,0.0131025,1631242500,2021-09-10T02:55:00
0.01302,0.01302,0.01302,0.01302,1631242380,2021-09-10T02:53:00
0.0129552,0.0129552,0.0129552,0.0129552,1631242320,2021-09-10T02:52:00
0.0129096,0.0129096,0.0129096,0.0129096,1631241660,2021-09-10T02:41:00
0.0128271,0.0128271,0.0128271,0.0128271,1631241480,2021-09-10T02:38:00
0.0127708,0.0127708,0.0127708,0.0127708,1631240160,2021-09-10T02:16:00
0.0125315,0.0125315,0.0125315,0.0125315,1631221860,2021-09-09T21:11:00
0.0127474,0.0127474,0.0127474,0.0127474,1631218200,2021-09-09T20:10:00
0.0127256,0.0127256,0.0127256,0.0127256,1631218080,2021-09-09T20:08:00
0.0129561,0.0129561,0.0129561,0.0129561,1631211480,2021-09-09T18:18:00
0.0131842,0.0131842,0.0131842,0.0131842,1631206620,2021-09-09T16:57:00
0.0132666,0.0132666,0.0132666,0.0132666,1631206560,2021-09-09T16:56:00
0.012771,0.012771,0.012771,0.012771,1631193900,2021-09-09T13:25:00
0.0128444,0.0128444,0.0128444,0.0128444,1631180640,2021-09-09T09:44:00
0.0129696,0.0129696,0.0129696,0.0129696,1631128260,2021-09-08T19:11:00
0.0124676,0.0126471,0.0124676,0.0126471,1631109120,2021-09-08T13:52:00
0.0129808,0.0129808,0.0129808,0.0129808,1631097180,2021-09-08T10:33:00
0.0129166,0.0129166,0.0129166,0.0129166,1631096580,2021-09-08T10:23:00
0.0128273,0.0128273,0.0128273,0.0128273,1631084700,2021-09-08T07:05:00
0.0130257,0.0130257,0.0130257,0.0130257,1631084520,2021-09-08T07:02:00
0.0131018,0.0131018,0.0131018,0.0131018,1631084220,2021-09-08T06:57:00
0.0132553,0.0132553,0.0132553,0.0132553,1631083260,2021-09-08T06:41:00
0.0138718,0.0138718,0.0138718,0.0138718,1631068380,2021-09-08T02:33:00
0.013411,0.013411,0.013411,0.013411,1631057400,2021-09-07T23:30:00
0.0131845,0.0131845,0.0131845,0.0131845,1631052240,2021-09-07T22:04:00
0.0133304,0.0133304,0.0133304,0.0133304,1631047980,2021-09-07T20:53:00
0.013745,0.013745,0.013745,0.013745,1631033820,2021-09-07T16:57:00
0.0134374,0.0134374,0.0134374,0.0134374,1631033040,2021-09-07T16:44:00
0.0133009,0.0133009,0.0133009,0.0133009,1631032740,2021-09-07T16:39:00
0.0133994,0.0133994,0.0133994,0.0133994,1631032560,2021-09-07T16:36:00
0.0133872,0.0133872,0.0133872,0.0133872,1631032320,2021-09-07T16:32:00
0.0145815,0.0145815,0.0145815,0.0145815,1631014380,2021-09-07T11:33:00
0.0147293,0.0147293,0.0146082,0.0146082,1631014080,2021-09-07T11:28:00
0.0150875,0.0150875,0.0150875,0.0150875,1631012340,2021-09-07T10:59:00
0.0151322,0.0151322,0.0151322,0.0151322,1631009220,2021-09-07T10:07:00
0.0154714,0.0154714,0.0154714,0.0154714,1631006460,2021-09-07T09:21:00
0.0160848,0.0160848,0.0160848,0.0160848,1631000340,2021-09-07T07:39:00
0.016083,0.016083,0.016083,0.016083,1631000220,2021-09-07T07:37:00
0.016069,0.016069,0.016069,0.016069,1631000040,2021-09-07T07:34:00
0.0160583,0.0160583,0.0160583,0.0160583,1630999980,2021-09-07T07:33:00
0.0159969,0.0159969,0.0159969,0.0159969,1630999680,2021-09-07T07:28:00
0.0160613,0.0161172,0.0160613,0.0161172,1630997820,2021-09-07T06:57:00
0.0161644,0.0161644,0.0161644,0.0161644,1630996500,2021-09-07T06:35:00
0.0164509,0.0164509,0.0164509,0.0164509,1630992900,2021-09-07T05:35:00
0.0163244,0.0163244,0.0163244,0.0163244,1630992360,2021-09-07T05:26:00
0.0161907,0.0161907,0.0161907,0.0161907,1630991520,2021-09-07T05:12:00
0.0161405,0.0161405,0.0161405,0.0161405,1630990440,2021-09-07T04:54:00
0.0159684,0.0159684,0.0159684,0.0159684,1630989000,2021-09-07T04:30:00
0.015869,0.015869,0.015869,0.015869,1630988760,2021-09-07T04:26:00
0.0157879,0.0157879,0.0157879,0.0157879,1630988640,2021-09-07T04:24:00
0.0157022,0.0157022,0.0157022,0.0157022,1630988520,2021-09-07T04:22:00
0.0156083,0.0156083,0.0156083,0.0156083,1630988400,2021-09-07T04:20:00
0.0154145,0.015505,0.0154145,0.015505,1630987080,2021-09-07T03:58:00
0.0152588,0.0152588,0.0152588,0.0152588,1630976160,2021-09-07T00:56:00
0.0153602,0.0153602,0.0153602,0.0153602,1630974180,2021-09-07T00:23:00
0.0153158,0.0153158,0.0153158,0.0153158,1630972920,2021-09-07T00:02:00
0.0154645,0.0154645,0.0154645,0.0154645,1630972860,2021-09-07T00:01:00
0.0157821,0.0157821,0.0157821,0.0157821,1630955460,2021-09-06T19:11:00
0.0157896,0.0157896,0.0157896,0.0157896,1630954080,2021-09-06T18:48:00
0.0158828,0.0158828,0.0158828,0.0158828,1630953420,2021-09-06T18:37:00
0.0156575,0.0156575,0.0156575,0.0156575,1630950420,2021-09-06T17:47:00
0.0155357,0.0155357,0.0155357,0.0155357,1630946940,2021-09-06T16:49:00
0.01572,0.01572,0.01572,0.01572,1630946820,2021-09-06T16:47:00
0.0157282,0.0157282,0.0157282,0.0157282,1630946520,2021-09-06T16:42:00
0.0159445,0.0159445,0.0159445,0.0159445,1630945920,2021-09-06T16:32:00
0.0159909,0.0159909,0.0159909,0.0159909,1630944900,2021-09-06T16:15:00
0.015942,0.015942,0.015942,0.015942,1630944780,2021-09-06T16:13:00
0.0158437,0.0158437,0.0158437,0.0158437,1630944720,2021-09-06T16:12:00
0.0156776,0.0156776,0.0156776,0.0156776,1630944600,2021-09-06T16:10:00
0.0155707,0.0155707,0.0155707,0.0155707,1630944540,2021-09-06T16:09:00
0.0154518,0.0154518,0.0154518,0.0154518,1630944420,2021-09-06T16:07:00
0.0153429,0.0153429,0.0153429,0.0153429,1630943460,2021-09-06T15:51:00
0.0153959,0.0153959,0.0153959,0.0153959,1630943400,2021-09-06T15:50:00
0.0152032,0.0152032,0.0152032,0.0152032,1630943220,2021-09-06T15:47:00
0.0150557,0.0150557,0.0150557,0.0150557,1630939020,2021-09-06T14:37:00
0.0148641,0.0150133,0.0148641,0.0150133,1630938480,2021-09-06T14:28:00
0.0147663,0.0147663,0.0147663,0.0147663,1630938180,2021-09-06T14:23:00
0.0146549,0.0146549,0.0146549,0.0146549,1630936020,2021-09-06T13:47:00
0.0148556,0.0148556,0.0148556,0.0148556,1630935960,2021-09-06T13:46:00
0.0138581,0.0138581,0.0138581,0.0138581,1630935720,2021-09-06T13:42:00
0.0136552,0.0136552,0.0136552,0.0136552,1630930200,2021-09-06T12:10:00
0.0137227,0.0137227,0.0137227,0.0137227,1630928940,2021-09-06T11:49:00
0.0137006,0.0137006,0.0137006,0.0137006,1630918680,2021-09-06T08:58:00
0.0134831,0.0134831,0.0134831,0.0134831,1630918260,2021-09-06T08:51:00
0.0134115,0.0134115,0.0134115,0.0134115,1630918140,2021-09-06T08:49:00
0.0130812,0.0130812,0.0130812,0.0130812,1630914900,2021-09-06T07:55:00
0.0129359,0.0129359,0.0129359,0.0129359,1630912980,2021-09-06T07:23:00
0.0128287,0.0128287,0.0128287,0.0128287,1630911480,2021-09-06T06:58:00
0.0126987,0.0126987,0.0126987,0.0126987,1630908060,2021-09-06T06:01:00
0.0126269,0.0126269,0.0126269,0.0126269,1630904340,2021-09-06T04:59:00
0.0127056,0.0127056,0.0127056,0.0127056,1630903260,2021-09-06T04:41:00
0.0128303,0.0128303,0.0128303,0.0128303,1630899000,2021-09-06T03:30:00
0.0130431,0.0130431,0.0130431,0.0130431,1630886220,2021-09-05T23:57:00
0.0131196,0.0131196,0.0131196,0.0131196,1630881240,2021-09-05T22:34:00
0.0130758,0.0130758,0.0130442,0.0130442,1630881180,2021-09-05T22:33:00
0.0129198,0.0129198,0.0129198,0.0129198,1630881060,2021-09-05T22:31:00
0.0126938,0.0126938,0.0126938,0.0126938,1630866720,2021-09-05T18:32:00
0.012602,0.012602,0.012602,0.012602,1630863360,2021-09-05T17:36:00
0.0124592,0.0126458,0.0124592,0.0126458,1630863300,2021-09-05T17:35:00
0.0122564,0.0122564,0.0122564,0.0122564,1630863240,2021-09-05T17:34:00
0.012072,0.012072,0.012072,0.012072,1630863120,2021-09-05T17:32:00
0.0119682,0.0119682,0.0119682,0.0119682,1630860780,2021-09-05T16:53:00
0.0120136,0.0120136,0.0120136,0.0120136,1630855620,2021-09-05T15:27:00
0.0122466,0.0122466,0.0122466,0.0122466,1630853760,2021-09-05T14:56:00
0.0116319,0.0116319,0.0116319,0.0116319,1630843860,2021-09-05T12:11:00
0.0118843,0.0118843,0.0118843,0.0118843,1630843260,2021-09-05T12:01:00
0.0120595,0.0120595,0.0120595,0.0120595,1630841160,2021-09-05T11:26:00
0.0120815,0.0120815,0.0120815,0.0120815,1630841040,2021-09-05T11:24:00
0.0119811,0.0119811,0.0119811,0.0119811,1630840740,2021-09-05T11:19:00
0.0118873,0.0118873,0.0118873,0.0118873,1630833360,2021-09-05T09:16:00
0.0116893,0.0116893,0.0116893,0.0116893,1630828260,2021-09-05T07:51:00
0.0117007,0.0117007,0.0117007,0.0117007,1630825620,2021-09-05T07:07:00
0.0117004,0.0117004,0.0117004,0.0117004,1630822020,2021-09-05T06:07:00
0.0119413,0.0119413,0.0119413,0.0119413,1630819920,2021-09-05T05:32:00
0.0123412,0.0123412,0.0123412,0.0123412,1630817520,2021-09-05T04:52:00
0.0124151,0.0124151,0.0124151,0.0124151,1630805940,2021-09-05T01:39:00
0.0124195,0.0124195,0.0124195,0.0124195,1630794540,2021-09-04T22:29:00
0.0125107,0.0125107,0.0125107,0.0125107,1630776720,2021-09-04T17:32:00
0.0126441,0.0126441,0.0126441,0.0126441,1630738740,2021-09-04T06:59:00
0.0127888,0.0127888,0.0127888,0.0127888,1630738620,2021-09-04T06:57:00
0.0130005,0.0130005,0.0130005,0.0130005,1630738500,2021-09-04T06:55:00
0.0124911,0.0124911,0.0124911,0.0124911,1630719180,2021-09-04T01:33:00
0.0125606,0.0125606,0.0125606,0.0125606,1630719060,2021-09-04T01:31:00
0.012384,0.012384,0.012384,0.012384,1630702020,2021-09-03T20:47:00
0.0123259,0.0123259,0.0123259,0.0123259,1630694940,2021-09-03T18:49:00
0.011771,0.011771,0.011771,0.011771,1630655340,2021-09-03T07:49:00
0.0118727,0.0118727,0.0118727,0.0118727,1630654560,2021-09-03T07:36:00
0.0118919,0.0118919,0.0118919,0.0118919,1630626480,2021-09-02T23:48:00
0.0117946,0.0117946,0.0117946,0.0117946,1630625880,2021-09-02T23:38:00
0.0118619,0.0118619,0.0118619,0.0118619,1630624800,2021-09-02T23:20:00
0.0117537,0.0117537,0.0117537,0.0117537,1630623900,2021-09-02T23:05:00
0.0116715,0.0116715,0.0116715,0.0116715,1630617960,2021-09-02T21:26:00
0.0115654,0.0115654,0.0115654,0.0115654,1630609320,2021-09-02T19:02:00
0.0116537,0.0116537,0.0116537,0.0116537,1630608120,2021-09-02T18:42:00
0.011725,0.011725,0.011725,0.011725,1630592280,2021-09-02T14:18:00
0.0116629,0.0116629,0.0116629,0.0116629,1630588680,2021-09-02T13:18:00
0.0114699,0.0114699,0.0114699,0.0114699,1630581900,2021-09-02T11:25:00
0.0115282,0.0115282,0.0115282,0.0115282,1630572240,2021-09-02T08:44:00
0.0114715,0.0114715,0.0114715,0.0114715,1630571580,2021-09-02T08:33:00
0.0114133,0.0114133,0.0114133,0.0114133,1630561500,2021-09-02T05:45:00
0.0113146,0.0113146,0.0113146,0.0113146,1630558260,2021-09-02T04:51:00
0.0113785,0.0113785,0.0113785,0.0113785,1630550640,2021-09-02T02:44:00
0.0114485,0.0114485,0.0114485,0.0114485,1630549500,2021-09-02T02:25:00
0.0114071,0.0114071,0.0114071,0.0114071,1630547880,2021-09-02T01:58:00
0.011266,0.011266,0.011266,0.011266,1630545360,2021-09-02T01:16:00
0.011524,0.011524,0.011524,0.011524,1630545300,2021-09-02T01:15:00
0.0117685,0.0117685,0.0117685,0.0117685,1630545240,2021-09-02T01:14:00
0.0113074,0.0113074,0.0113074,0.0113074,1630544400,2021-09-02T01:00:00
0.011099,0.011099,0.011099,0.011099,1630538460,2021-09-01T23:21:00
0.0111113,0.0111113,0.0111113,0.0111113,1630536180,2021-09-01T22:43:00
0.0111512,0.0111512,0.0111512,0.0111512,1630530480,2021-09-01T21:08:00
0.0111363,0.0111363,0.0111363,0.0111363,1630529640,2021-09-01T20:54:00
0.0110513,0.0110513,0.0110513,0.0110513,1630526340,2021-09-01T19:59:00
0.0113167,0.0113167,0.0113167,0.0113167,1630522800,2021-09-01T19:00:00
0.0113094,0.0113094,0.0113094,0.0113094,1630514280,2021-09-01T16:38:00
0.0110793,0.0110793,0.0110793,0.0110793,1630507320,2021-09-01T14:42:00
0.0110115,0.0110115,0.0110115,0.0110115,1630507200,2021-09-01T14:40:00
0.0109277,0.0109277,0.0109277,0.0109277,1630507020,2021-09-01T14:37:00
0.0108133,0.0108133,0.0108133,0.0108133,1630506660,2021-09-01T14:31:00
0.0105863,0.0105863,0.0105863,0.0105863,1630499760,2021-09-01T12:36:00
0.0104802,0.0104802,0.0104802,0.0104802,1630497300,2021-09-01T11:55:00
0.0104301,0.0104301,0.0104301,0.0104301,1630496220,2021-09-01T11:37:00
0.0103009,0.0103009,0.0103009,0.0103009,1630492860,2021-09-01T10:41:00
0.0102819,0.0102819,0.0102819,0.0102819,1630490880,2021-09-01T10:08:00
0.0102252,0.0102252,0.0102252,0.0102252,1630490520,2021-09-01T10:02:00
0.00996882,0.00996882,0.00996882,0.00996882,1630488180,2021-09-01T09:23:00
0.00989926,0.00989926,0.00989926,0.00989926,1630486380,2021-09-01T08:53:00
0.00975578,0.00975578,0.00975578,0.00975578,1630486260,2021-09-01T08:51:00
0.00969289,0.00969289,0.00969289,0.00969289,1630485180,2021-09-01T08:33:00
0.0097064,0.0097064,0.0097064,0.0097064,1630484940,2021-09-01T08:29:00
0.0095741,0.0095741,0.0095741,0.0095741,1630484220,2021-09-01T08:17:00
0.00953041,0.00953041,0.00953041,0.00953041,1630477800,2021-09-01T06:30:00
0.00931591,0.00931591,0.00931591,0.00931591,1630469820,2021-09-01T04:17:00
0.00924803,0.00924803,0.00924803,0.00924803,1630461000,2021-09-01T01:50:00
0.00939386,0.00939386,0.00939386,0.00939386,1630456320,2021-09-01T00:32:00
0.00947147,0.00947147,0.00947147,0.00947147,1630451280,2021-08-31T23:08:00
0.00959755,0.00959755,0.00959755,0.00959755,1630446300,2021-08-31T21:45:00
0.00960219,0.00960219,0.00960219,0.00960219,1630442940,2021-08-31T20:49:00
0.00973462,0.00973462,0.00973462,0.00973462,1630442340,2021-08-31T20:39:00
0.00960425,0.00960425,0.00960425,0.00960425,1630442220,2021-08-31T20:37:00
0.00950282,0.00950282,0.00950282,0.00950282,1630442160,2021-08-31T20:36:00
0.00946218,0.00946218,0.00946218,0.00946218,1630442040,2021-08-31T20:34:00
0.0093492,0.0093492,0.0093492,0.0093492,1630441980,2021-08-31T20:33:00
0.00928793,0.00928793,0.00928793,0.00928793,1630441920,2021-08-31T20:32:00
0.00922187,0.00922187,0.00922187,0.00922187,1630441740,2021-08-31T20:29:00
0.00913765,0.00913765,0.00913765,0.00913765,1630441680,2021-08-31T20:28:00
0.00904621,0.00904621,0.00904621,0.00904621,1630441620,2021-08-31T20:27:00
0.00895659,0.00895659,0.00895659,0.00895659,1630441080,2021-08-31T20:18:00
0.0088481,0.0088481,0.0088481,0.0088481,1630435800,2021-08-31T18:50:00
0.00881181,0.00881181,0.00881181,0.00881181,1630433400,2021-08-31T18:10:00
0.00879799,0.00879799,0.00879799,0.00879799,1630432800,2021-08-31T18:00:00
0.00879806,0.00879806,0.00879806,0.00879806,1630419900,2021-08-31T14:25:00
0.0087288,0.0087288,0.0087288,0.0087288,1630413360,2021-08-31T12:36:00
0.00884327,0.00884327,0.00884327,0.00884327,1630413120,2021-08-31T12:32:00
0.00873244,0.00873244,0.00873244,0.00873244,1630396200,2021-08-31T07:50:00
0.00854785,0.00854785,0.00854785,0.00854785,1630391340,2021-08-31T06:29:00
0.00853863,0.00853863,0.00853863,0.00853863,1630386000,2021-08-31T05:00:00
0.00846187,0.00846187,0.00846187,0.00846187,1630372020,2021-08-31T01:07:00
0.00839758,0.00839758,0.00839758,0.00839758,1630371600,2021-08-31T01:00:00
0.00849664,0.00849664,0.00849664,0.00849664,1630365540,2021-08-30T23:19:00
0.00848464,0.00848464,0.00848464,0.00848464,1630362300,2021-08-30T22:25:00
0.00840626,0.00840626,0.00840626,0.00840626,1630352940,2021-08-30T19:49:00
0.00833568,0.00833568,0.00833568,0.00833568,1630346520,2021-08-30T18:02:00
0.00810765,0.00810765,0.00810765,0.00810765,1630323840,2021-08-30T11:44:00
0.00805071,0.00805071,0.00805071,0.00805071,1630314360,2021-08-30T09:06:00
0.00803809,0.00803809,0.00803809,0.00803809,1630296360,2021-08-30T04:06:00
0.00805937,0.00805937,0.00805937,0.00805937,1630249200,2021-08-29T15:00:00
0.00810294,0.00810294,0.00810294,0.00810294,1630245000,2021-08-29T13:50:00
0.00818006,0.00818006,0.00818006,0.00818006,1630220760,2021-08-29T07:06:00
0.00823812,0.00823812,0.00823812,0.00823812,1630207800,2021-08-29T03:30:00
0.00824923,0.00824923,0.00824923,0.00824923,1630194840,2021-08-28T23:54:00
0.00819626,0.00819626,0.00819626,0.00819626,1630187460,2021-08-28T21:51:00
0.00823668,0.00823668,0.00823668,0.00823668,1630185780,2021-08-28T21:23:00
0.00824418,0.00824418,0.00824418,0.00824418,1630174500,2021-08-28T18:15:00
0.00818433,0.00818433,0.00818433,0.00818433,1630149780,2021-08-28T11:23:00
0.00817022,0.00817022,0.00817022,0.00817022,1630149720,2021-08-28T11:22:00
0.00829051,0.00829051,0.00829051,0.00829051,1630143900,2021-08-28T09:45:00
0.0082282,0.0082282,0.0082282,0.0082282,1630141920,2021-08-28T09:12:00
0.00816378,0.00816378,0.00816378,0.00816378,1630138800,2021-08-28T08:20:00
0.00800179,0.00800179,0.00800179,0.00800179,1630138740,2021-08-28T08:19:00
0.00882584,0.00882584,0.00882584,0.00882584,1630130340,2021-08-28T05:59:00
0.00883584,0.00883584,0.00883584,0.00883584,1630121340,2021-08-28T03:29:00
0.0088278,0.0088278,0.0088278,0.0088278,1630114560,2021-08-28T01:36:00
0.00887522,0.00887522,0.00887522,0.00887522,1630109820,2021-08-28T00:17:00
0.00880349,0.00880349,0.00880349,0.00880349,1630109160,2021-08-28T00:06:00
0.00871846,0.00871846,0.00871846,0.00871846,1630100700,2021-08-27T21:45:00
0.00822571,0.00822571,0.00822571,0.00822571,1630043340,2021-08-27T05:49:00
0.00822508,0.00822508,0.00822508,0.00822508,1630038600,2021-08-27T04:30:00
0.00823147,0.00823147,0.00823147,0.00823147,1630038300,2021-08-27T04:25:00
0.00819069,0.00819069,0.00819069,0.00819069,1630025280,2021-08-27T00:48:00
0.0081692,0.0081692,0.0081692,0.0081692,1630000140,2021-08-26T17:49:00
0.00819425,0.00819425,0.00819425,0.00819425,1629987540,2021-08-26T14:19:00
0.00821753,0.00821753,0.00821753,0.00821753,1629985920,2021-08-26T13:52:00
0.00826835,0.00826835,0.00826835,0.00826835,1629985380,2021-08-26T13:43:00
0.00833418,0.00833418,0.00833418,0.00833418,1629980940,2021-08-26T12:29:00
0.00847084,0.00847084,0.00847084,0.00847084,1629947340,2021-08-26T03:09:00
0.00848379,0.00848379,0.00848379,0.00848379,1629941700,2021-08-26T01:35:00
0.0083943,0.00840305,0.0083943,0.00840305,1629937560,2021-08-26T00:26:00
0.0085448,0.0085448,0.0085448,0.0085448,1629923760,2021-08-25T20:36:00
0.00862929,0.00862929,0.00862929,0.00862929,1629913680,2021-08-25T17:48:00
0.00868986,0.00868986,0.00868986,0.00868986,1629910200,2021-08-25T16:50:00
0.00854801,0.00854801,0.00854801,0.00854801,1629902160,2021-08-25T14:36:00
0.00856028,0.00856028,0.00856028,0.00856028,1629888540,2021-08-25T10:49:00
0.00856309,0.00856309,0.00856309,0.00856309,1629884880,2021-08-25T09:48:00
0.00822311,0.00822311,0.00822311,0.00822311,1629883560,2021-08-25T09:26:00
0.00829629,0.00829629,0.00829629,0.00829629,1629881040,2021-08-25T08:44:00
0.00828877,0.00828877,0.00828877,0.00828877,1629880920,2021-08-25T08:42:00
0.00835986,0.00835986,0.00835986,0.00835986,1629879840,2021-08-25T08:24:00
0.00843189,0.00843189,0.00843189,0.00843189,1629871860,2021-08-25T06:11:00
0.00837396,0.00837396,0.00837396,0.00837396,1629869940,2021-08-25T05:39:00
0.00838636,0.00838636,0.00838636,0.00838636,1629841440,2021-08-24T21:44:00
0.0083497,0.0083497,0.0083497,0.0083497,1629833820,2021-08-24T19:37:00
0.00844811,0.00844811,0.00844811,0.00844811,1629827100,2021-08-24T17:45:00
0.0083371,0.0083371,0.0083371,0.0083371,1629824280,2021-08-24T16:58:00
0.00849674,0.00849674,0.00849674,0.00849674,1629818520,2021-08-24T15:22:00
0.00887371,0.00887371,0.00887371,0.00887371,1629795720,2021-08-24T09:02:00
0.00894718,0.00894718,0.00894718,0.00894718,1629779460,2021-08-24T04:31:00
0.00889172,0.00889172,0.00889172,0.00889172,1629769080,2021-08-24T01:38:00
0.00899326,0.00899326,0.00899326,0.00899326,1629756240,2021-08-23T22:04:00
0.00907251,0.00907251,0.00907251,0.00907251,1629752280,2021-08-23T20:58:00
0.0090327,0.0090327,0.0090327,0.0090327,1629751320,2021-08-23T20:42:00
0.00908481,0.00908481,0.00908481,0.00908481,1629744360,2021-08-23T18:46:00
0.00911647,0.00911647,0.00911647,0.00911647,1629733500,2021-08-23T15:45:00
0.00913968,0.00913968,0.00913968,0.00913968,1629730980,2021-08-23T15:03:00
0.00914629,0.00914629,0.00914629,0.00914629,1629730380,2021-08-23T14:53:00
0.00912376,0.00912376,0.00912376,0.00912376,1629712020,2021-08-23T09:47:00
0.00904226,0.00904226,0.00904226,0.00904226,1629706020,2021-08-23T08:07:00
0.00903217,0.00903217,0.00903217,0.00903217,1629702900,2021-08-23T07:15:00
0.00915603,0.00915603,0.00915603,0.00915603,1629696480,2021-08-23T05:28:00
0.00919463,0.00919463,0.00919463,0.00919463,1629696060,2021-08-23T05:21:00
0.00916333,0.00916333,0.00916333,0.00916333,1629694620,2021-08-23T04:57:00
0.00921284,0.00921284,0.00921284,0.00921284,1629689760,2021-08-23T03:36:00
0.00913074,0.00913074,0.00913074,0.00913074,1629684540,2021-08-23T02:09:00
0.00905747,0.00905747,0.00905747,0.00905747,1629683820,2021-08-23T01:57:00
0.00905715,0.00905715,0.00905715,0.00905715,1629682320,2021-08-23T01:32:00
0.00902013,0.00902013,0.00902013,0.00902013,1629680100,2021-08-23T00:55:00
0.0087969,0.0087969,0.0087969,0.0087969,1629666300,2021-08-22T21:05:00
0.0088451,0.0088451,0.0088451,0.0088451,1629664380,2021-08-22T20:33:00
0.0089812,0.0089812,0.0089812,0.0089812,1629662100,2021-08-22T19:55:00
0.00900893,0.00900893,0.00900893,0.00900893,1629661020,2021-08-22T19:37:00
0.00899841,0.00899841,0.00899841,0.00899841,1629658860,2021-08-22T19:01:00
0.00902638,0.00902638,0.00902638,0.00902638,1629658560,2021-08-22T18:56:00
0.00900678,0.00900678,0.00900678,0.00900678,1629657300,2021-08-22T18:35:00
0.0089181,0.0089181,0.0089181,0.0089181,1629657180,2021-08-22T18:33:00
0.0091366,0.0091366,0.0091366,0.0091366,1629647160,2021-08-22T15:46:00
0.00929576,0.00929576,0.00929576,0.00929576,1629633120,2021-08-22T11:52:00
0.00930221,0.00930221,0.00925632,0.00925632,1629624420,2021-08-22T09:27:00
0.00920535,0.00920535,0.00920535,0.00920535,1629622920,2021-08-22T09:02:00
0.00920234,0.00920234,0.00920234,0.00920234,1629610320,2021-08-22T05:32:00
0.00915464,0.00915464,0.00915464,0.00915464,1629588420,2021-08-21T23:27:00
0.00909932,0.00909932,0.00909932,0.00909932,1629588060,2021-08-21T23:21:00
0.0090572,0.0090572,0.0090572,0.0090572,1629582240,2021-08-21T21:44:00
0.00897559,0.00897559,0.00897559,0.00897559,1629575580,2021-08-21T19:53:00
0.0091085,0.0091085,0.0091085,0.0091085,1629569280,2021-08-21T18:08:00
0.0090964,0.0090964,0.0090964,0.0090964,1629566940,2021-08-21T17:29:00
0.00897874,0.00906795,0.00897874,0.00904263,1629553500,2021-08-21T13:45:00
0.00892351,0.00892351,0.00892351,0.00892351,1629553140,2021-08-21T13:39:00
0.00883778,0.00883778,0.00883778,0.00883778,1629551880,2021-08-21T13:18:00
0.00882508,0.00882508,0.00882508,0.00882508,1629549840,2021-08-21T12:44:00
0.00882593,0.00882593,0.00882593,0.00882593,1629544860,2021-08-21T11:21:00
0.00879239,0.00879239,0.00879239,0.00879239,1629544020,2021-08-21T11:07:00
0.00882826,0.00882826,0.00882826,0.00882826,1629534300,2021-08-21T08:25:00
0.008821,0.008821,0.008821,0.008821,1629533040,2021-08-21T08:04:00
0.00893711,0.00893711,0.00893711,0.00893711,1629532920,2021-08-21T08:02:00
0.00857474,0.00857474,0.00857474,0.00857474,1629526260,2021-08-21T06:11:00
0.00850822,0.00850822,0.00850822,0.00850822,1629524940,2021-08-21T05:49:00
0.00856649,0.00856649,0.00856649,0.00856649,1629524340,2021-08-21T05:39:00
0.00849379,0.00849379,0.00849379,0.00849379,1629514680,2021-08-21T02:58:00
0.00845613,0.00845613,0.00845613,0.00845613,1629514620,2021-08-21T02:57:00
0.00837696,0.00837696,0.00837696,0.00837696,1629491580,2021-08-20T20:33:00
0.00838934,0.00838934,0.00838934,0.00838934,1629484380,2021-08-20T18:33:00
0.00839281,0.00839281,0.00839281,0.00839281,1629483360,2021-08-20T18:16:00
0.00821025,0.00821025,0.00821025,0.00821025,1629479100,2021-08-20T17:05:00
0.00836271,0.00836271,0.00836271,0.00836271,1629475620,2021-08-20T16:07:00
0.00837164,0.00837164,0.00837164,0.00837164,1629474600,2021-08-20T15:50:00
0.00827416,0.00827416,0.00827416,0.00827416,1629468480,2021-08-20T14:08:00
0.00816268,0.00816268,0.00816268,0.00816268,1629463320,2021-08-20T12:42:00
0.00821331,0.00821331,0.00821331,0.00821331,1629462420,2021-08-20T12:27:00
0.0082159,0.0082159,0.0082159,0.0082159,1629460200,2021-08-20T11:50:00
0.00828701,0.00828701,0.00828701,0.00828701,1629445740,2021-08-20T07:49:00
0.00825454,0.00825454,0.00825454,0.00825454,1629436080,2021-08-20T05:08:00
0.00816861,0.00816861,0.00816861,0.00816861,1629433380,2021-08-20T04:23:00
0.00818471,0.00818471,0.00818471,0.00818471,1629421440,2021-08-20T01:04:00
0.00816803,0.00816803,0.00816803,0.00816803,1629419100,2021-08-20T00:25:00
0.00819691,0.00819691,0.00819691,0.00819691,1629418380,2021-08-20T00:13:00
0.0081769,0.0081769,0.0081769,0.0081769,1629417900,2021-08-20T00:05:00
0.00816152,0.00816152,0.00816152,0.00816152,1629417840,2021-08-20T00:04:00
0.00820885,0.00820885,0.00820885,0.00820885,1629417540,2021-08-19T23:59:00
0.00820697,0.00820697,0.00820697,0.00820697,1629416220,2021-08-19T23:37:00
0.00831466,0.00831466,0.00831466,0.00831466,1629414180,2021-08-19T23:03:00
0.00832649,0.00832649,0.00832649,0.00832649,1629414120,2021-08-19T23:02:00
0.00818275,0.00818275,0.00818275,0.00818275,1629413760,2021-08-19T22:56:00
0.00824912,0.00824912,0.00824912,0.00824912,1629412740,2021-08-19T22:39:00
0.00847935,0.00847935,0.00847935,0.00847935,1629412500,2021-08-19T22:35:00
0.0085004,0.0085004,0.0085004,0.0085004,1629410700,2021-08-19T22:05:00
0.00857732,0.00857732,0.00857732,0.00857732,1629409080,2021-08-19T21:38:00
0.00855641,0.00855641,0.00855641,0.00855641,1629406200,2021-08-19T20:50:00
0.00866346,0.00866346,0.00866346,0.00866346,1629405420,2021-08-19T20:37:00
0.00861849,0.00861849,0.00861849,0.00861849,1629404160,2021-08-19T20:16:00
0.00865097,0.00865097,0.00865097,0.00865097,1629403080,2021-08-19T19:58:00
0.00870511,0.00870511,0.00870511,0.00870511,1629403020,2021-08-19T19:57:00
0.0086235,0.0086235,0.0086235,0.0086235,1629402900,2021-08-19T19:55:00
0.00847815,0.00847815,0.00847815,0.00847815,1629402840,2021-08-19T19:54:00
0.00835587,0.00835587,0.00835587,0.00835587,1629402780,2021-08-19T19:53:00
0.00828896,0.00832187,0.00828896,0.00832187,1629402720,2021-08-19T19:52:00
0.00814101,0.00814101,0.00814101,0.00814101,1629402660,2021-08-19T19:51:00
0.00886057,0.00886057,0.00787661,0.00787661,1629402600,2021-08-19T19:50:00
0.00885225,0.00885225,0.00885225,0.00885225,1629402180,2021-08-19T19:43:00
0.00888151,0.00888151,0.00888151,0.00888151,1629399540,2021-08-19T18:59:00
0.00865221,0.00865221,0.00865221,0.00865221,1629396960,2021-08-19T18:16:00
0.00855302,0.00855302,0.00855302,0.00855302,1629395880,2021-08-19T17:58:00
0.00858285,0.00858285,0.00858285,0.00858285,1629394260,2021-08-19T17:31:00
0.0085277,0.0085277,0.0085277,0.0085277,1629393540,2021-08-19T17:19:00
0.00838574,0.00838574,0.00838574,0.00838574,1629393000,2021-08-19T17:10:00
0.008367,0.008367,0.008367,0.008367,1629391920,2021-08-19T16:52:00
0.00826946,0.00826946,0.00826946,0.00826946,1629390840,2021-08-19T16:34:00
0.00822965,0.00822965,0.00822965,0.00822965,1629390180,2021-08-19T16:23:00
0.0081661,0.0081661,0.0081661,0.0081661,1629387300,2021-08-19T15:35:00
0.00812766,0.00812766,0.00812766,0.00812766,1629385800,2021-08-19T15:10:00
0.0079388,0.0079388,0.0079388,0.0079388,1629381540,2021-08-19T13:59:00
0.00788563,0.00788563,0.00788563,0.00788563,1629381360,2021-08-19T13:56:00
0.00785142,0.00785142,0.00785142,0.00785142,1629379860,2021-08-19T13:31:00
0.00784581,0.00784581,0.00784581,0.00784581,1629369300,2021-08-19T10:35:00
0.00791833,0.00791833,0.00791833,0.00791833,1629368880,2021-08-19T10:28:00
0.00799227,0.00799227,0.00799227,0.00799227,1629368280,2021-08-19T10:18:00
0.00798527,0.00798527,0.00798527,0.00798527,1629368100,2021-08-19T10:15:00
0.00792578,0.00792578,0.00792578,0.00792578,1629362520,2021-08-19T08:42:00
0.00784957,0.00784957,0.00784957,0.00784957,1629361500,2021-08-19T08:25:00
0.00785722,0.00785722,0.00785722,0.00785722,1629360180,2021-08-19T08:03:00
0.00788952,0.00788952,0.00788952,0.00788952,1629358620,2021-08-19T07:37:00
0.00788505,0.00788505,0.00788505,0.00788505,1629357720,2021-08-19T07:22:00
0.00792034,0.00792034,0.00792034,0.00792034,1629354120,2021-08-19T06:22:00
0.00800122,0.00800122,0.00800122,0.00800122,1629352320,2021-08-19T05:52:00
0.00802443,0.00802443,0.00802443,0.00802443,1629350880,2021-08-19T05:28:00
0.00808137,0.00808137,0.00808137,0.00808137,1629350160,2021-08-19T05:16:00
0.00804942,0.00804942,0.00804942,0.00804942,1629345660,2021-08-19T04:01:00
0.00807556,0.00807556,0.00807556,0.00807556,1629344340,2021-08-19T03:39:00
0.00827971,0.00827971,0.00827971,0.00827971,1629339240,2021-08-19T02:14:00
0.00822124,0.00822124,0.00822124,0.00822124,1629339180,2021-08-19T02:13:00
0.00823449,0.00823449,0.00823449,0.00823449,1629337560,2021-08-19T01:46:00
0.00810257,0.00810257,0.00810257,0.00810257,1629334140,2021-08-19T00:49:00
0.00880537,0.00880537,0.00880537,0.00880537,1629334080,2021-08-19T00:48:00
0.00872235,0.00872235,0.00872235,0.00872235,1629333000,2021-08-19T00:30:00
0.0088499,0.0088499,0.00879055,0.00879055,1629326760,2021-08-18T22:46:00
0.00887671,0.00887671,0.00887671,0.00887671,1629326340,2021-08-18T22:39:00
0.00879233,0.00879233,0.00879233,0.00879233,1629326160,2021-08-18T22:36:00
0.00881371,0.00881371,0.00881371,0.00881371,1629325980,2021-08-18T22:33:00
0.00870757,0.00870757,0.00870757,0.00870757,1629323820,2021-08-18T21:57:00
0.00870452,0.00870452,0.00870452,0.00870452,1629323040,2021-08-18T21:44:00
0.00876422,0.00876422,0.00876422,0.00876422,1629322740,2021-08-18T21:39:00
0.00874475,0.0088019,0.00874475,0.0088019,1629322320,2021-08-18T21:32:00
0.00865297,0.00865297,0.00865297,0.00865297,1629321960,2021-08-18T21:26:00
0.00852917,0.00852917,0.00852917,0.00852917,1629321840,2021-08-18T21:24:00
0.00857217,0.00857217,0.00857217,0.00857217,1629321720,2021-08-18T21:22:00
0.00845241,0.00845241,0.00845241,0.00845241,1629321600,2021-08-18T21:20:00
0.008326,0.008326,0.008326,0.008326,1629320580,2021-08-18T21:03:00
0.00828093,0.00828093,0.00828093,0.00828093,1629320040,2021-08-18T20:54:00
0.00823202,0.00823202,0.00823202,0.00823202,1629319620,2021-08-18T20:47:00
0.00821827,0.00821827,0.00821827,0.00821827,1629319560,2021-08-18T20:46:00
0.00802585,0.00810145,0.00800449,0.00810145,1629319200,2021-08-18T20:40:00
0.00816819,0.00816819,0.00816819,0.00816819,1629319080,2021-08-18T20:38:00
0.00815304,0.00815304,0.00815304,0.00815304,1629318720,2021-08-18T20:32:00
0.00823787,0.00823787,0.00823787,0.00823787,1629318120,2021-08-18T20:22:00
0.00817013,0.00817013,0.00817013,0.00817013,1629318060,2021-08-18T20:21:00
0.00797367,0.0080269,0.00797367,0.0080269,1629317820,2021-08-18T20:17:00
0.00791666,0.00791666,0.00791666,0.00791666,1629317760,2021-08-18T20:16:00
0.00786666,0.00786666,0.00786666,0.00786666,1629317640,2021-08-18T20:14:00
0.00781807,0.00781807,0.00781807,0.00781807,1629317520,2021-08-18T20:12:00
0.00786286,0.00786286,0.00786286,0.00786286,1629317460,2021-08-18T20:11:00
0.00758823,0.00758823,0.00758823,0.00758823,1629317400,2021-08-18T20:10:00
0.00757107,0.00757107,0.00757107,0.00757107,1629315480,2021-08-18T19:38:00
0.00763079,0.00763079,0.00763079,0.00763079,1629308640,2021-08-18T17:44:00
0.00742367,0.00742367,0.00742367,0.00742367,1629306720,2021-08-18T17:12:00
0.00726888,0.00726888,0.00726888,0.00726888,1629300240,2021-08-18T15:24:00
0.00723939,0.00723939,0.00723939,0.00723939,1629299820,2021-08-18T15:17:00
0.00728794,0.00728794,0.00728794,0.00728794,1629299760,2021-08-18T15:16:00
0.00722825,0.00722825,0.00722825,0.00722825,1629299520,2021-08-18T15:12:00
0.00712893,0.00712893,0.00712893,0.00712893,1629296220,2021-08-18T14:17:00
0.00705835,0.00705835,0.00705835,0.00705835,1629288240,2021-08-18T12:04:00
0.0070999,0.0070999,0.0070999,0.0070999,1629285540,2021-08-18T11:19:00
0.00705605,0.00705605,0.00705605,0.00705605,1629282420,2021-08-18T10:27:00
0.00701971,0.00701971,0.00701971,0.00701971,1629282360,2021-08-18T10:26:00
0.00701124,0.00701124,0.00701124,0.00701124,1629281400,2021-08-18T10:10:00
0.00691834,0.00691834,0.00691834,0.00691834,1629281220,2021-08-18T10:07:00
0.00685526,0.00685526,0.00685526,0.00685526,1629279540,2021-08-18T09:39:00
0.00678211,0.00678211,0.00678211,0.00678211,1629277080,2021-08-18T08:58:00
0.00680546,0.00680546,0.00680546,0.00680546,1629270120,2021-08-18T07:02:00
0.006765,0.006765,0.006765,0.006765,1629269520,2021-08-18T06:52:00
0.00671792,0.00671792,0.00671792,0.00671792,1629268260,2021-08-18T06:31:00
0.00667233,0.00667233,0.00667233,0.00667233,1629268200,2021-08-18T06:30:00
0.00670824,0.00670824,0.00670824,0.00670824,1629268140,2021-08-18T06:29:00
0.00667367,0.00667367,0.00667367,0.00667367,1629268020,2021-08-18T06:27:00
0.00660308,0.00660308,0.00660308,0.00660308,1629267960,2021-08-18T06:26:00
0.0065087,0.0065087,0.0065087,0.0065087,1629259980,2021-08-18T04:13:00
0.00644694,0.00644694,0.00644694,0.00644694,1629256140,2021-08-18T03:09:00
0.00637241,0.00637241,0.00637241,0.00637241,1629248280,2021-08-18T00:58:00
0.00671021,0.00671021,0.00671021,0.00671021,1629219240,2021-08-17T16:54:00
0.00678058,0.00678058,0.00678058,0.00678058,1629177600,2021-08-17T05:20:00
0.00681232,0.00681232,0.00681232,0.00681232,1629177540,2021-08-17T05:19:00
0.00677139,0.00677139,0.00677139,0.00677139,1629175560,2021-08-17T04:46:00
0.00665236,0.00665236,0.00665236,0.00665236,1629167460,2021-08-17T02:31:00
0.00656593,0.00656593,0.00656593,0.00656593,1629157920,2021-08-16T23:52:00
0.00663681,0.00663681,0.00663681,0.00663681,1629143340,2021-08-16T19:49:00
0.00662429,0.00662429,0.00662429,0.00662429,1629137160,2021-08-16T18:06:00
0.00664751,0.00664751,0.00664751,0.00664751,1629127200,2021-08-16T15:20:00
0.00664823,0.00664823,0.00664823,0.00664823,1629122520,2021-08-16T14:02:00
0.00680906,0.00680906,0.00680906,0.00680906,1629113760,2021-08-16T11:36:00
0.0066938,0.00675524,0.0066938,0.00675524,1629113700,2021-08-16T11:35:00
0.00662381,0.00662381,0.00662381,0.00662381,1629113580,2021-08-16T11:33:00
0.0068118,0.0068118,0.0068118,0.0068118,1629107700,2021-08-16T09:55:00
0.00671209,0.00671209,0.00671209,0.00671209,1629107640,2021-08-16T09:54:00
0.00698553,0.00698553,0.00698553,0.00698553,1629107460,2021-08-16T09:51:00
0.00692439,0.00692439,0.00692439,0.00692439,1629107400,2021-08-16T09:50:00
0.00714203,0.00714203,0.00709388,0.00709388,1629107040,2021-08-16T09:44:00
0.00728648,0.00728648,0.00728648,0.00728648,1629101580,2021-08-16T08:13:00
0.00714447,0.00721939,0.00714447,0.00721939,1629101520,2021-08-16T08:12:00
0.00738956,0.00738956,0.00738956,0.00738956,1629101220,2021-08-16T08:07:00
0.00746862,0.00746862,0.00746862,0.00746862,1629101100,2021-08-16T08:05:00
0.00755555,0.00755555,0.00755555,0.00755555,1629094380,2021-08-16T06:13:00
0.00753305,0.00753305,0.00753305,0.00753305,1629094140,2021-08-16T06:09:00
0.00749553,0.00749553,0.00749553,0.00749553,1629091200,2021-08-16T05:20:00
0.00746916,0.00746916,0.00746916,0.00746916,1629088440,2021-08-16T04:34:00
0.00741574,0.00741574,0.00741574,0.00741574,1629061440,2021-08-15T21:04:00
0.0074018,0.0074018,0.0074018,0.0074018,1629060900,2021-08-15T20:55:00
0.00710929,0.00710929,0.00710929,0.00710929,1629048660,2021-08-15T17:31:00
0.00713998,0.00713998,0.00713998,0.00713998,1629045060,2021-08-15T16:31:00
0.00708982,0.00708982,0.00708982,0.00708982,1629042300,2021-08-15T15:45:00
0.00705168,0.00705168,0.00705168,0.00705168,1629034200,2021-08-15T13:30:00
0.00712896,0.00712896,0.00712896,0.00712896,1629029940,2021-08-15T12:19:00
0.00709117,0.00709117,0.00709117,0.00709117,1629027120,2021-08-15T11:32:00
0.00706873,0.00706873,0.00706873,0.00706873,1629027060,2021-08-15T11:31:00
0.00722965,0.00722965,0.00722965,0.00722965,1629024000,2021-08-15T10:40:00
0.00724318,0.00724318,0.00724318,0.00724318,1629014880,2021-08-15T08:08:00
0.00749722,0.00749722,0.00749722,0.00749722,1629005400,2021-08-15T05:30:00
0.007556,0.007556,0.007556,0.007556,1629005280,2021-08-15T05:28:00
0.00758564,0.00758564,0.00758564,0.00758564,1629002640,2021-08-15T04:44:00
0.00766876,0.00766876,0.00766876,0.00766876,1628994300,2021-08-15T02:25:00
0.00769415,0.00769415,0.00769415,0.00769415,1628990340,2021-08-15T01:19:00
0.00764272,0.00764272,0.00764272,0.00764272,1628989200,2021-08-15T01:00:00
0.00762904,0.00762904,0.00762904,0.00762904,1628986680,2021-08-15T00:18:00
0.00760833,0.00760833,0.00760833,0.00760833,1628984820,2021-08-14T23:47:00
0.00759579,0.00759579,0.00759579,0.00759579,1628980620,2021-08-14T22:37:00
0.00752504,0.00752504,0.00752504,0.00752504,1628963580,2021-08-14T17:53:00
0.00750152,0.00750152,0.00750152,0.00750152,1628959860,2021-08-14T16:51:00
0.00749058,0.00749058,0.00749058,0.00749058,1628936160,2021-08-14T10:16:00
0.00762892,0.00762892,0.00762892,0.00762892,1628934780,2021-08-14T09:53:00
0.00753756,0.00753756,0.00753756,0.00753756,1628930820,2021-08-14T08:47:00
0.0075508,0.0075508,0.0075508,0.0075508,1628930760,2021-08-14T08:46:00
0.00743568,0.00743568,0.00743568,0.00743568,1628929500,2021-08-14T08:25:00
0.00736655,0.00736655,0.00736655,0.00736655,1628929080,2021-08-14T08:18:00
0.00733821,0.00733821,0.00733821,0.00733821,1628928000,2021-08-14T08:00:00
0.00729785,0.00729785,0.00729785,0.00729785,1628913600,2021-08-14T04:00:00
0.00727647,0.00727647,0.00727647,0.00727647,1628911320,2021-08-14T03:22:00
0.00723218,0.00723218,0.00723218,0.00723218,1628896440,2021-08-13T23:14:00
0.00719489,0.00719489,0.00719489,0.00719489,1628894460,2021-08-13T22:41:00
0.00718225,0.00718225,0.00718225,0.00718225,1628893260,2021-08-13T22:21:00
0.00706955,0.00706955,0.00706955,0.00706955,1628878500,2021-08-13T18:15:00
0.00701495,0.00701495,0.00701495,0.00701495,1628873280,2021-08-13T16:48:00
0.00694368,0.00694368,0.00694368,0.00694368,1628868180,2021-08-13T15:23:00
0.00709726,0.00709726,0.00709726,0.00709726,1628867520,2021-08-13T15:12:00
0.00709804,0.00709804,0.00709804,0.00709804,1628867400,2021-08-13T15:10:00
0.00709576,0.00709576,0.00709576,0.00709576,1628861220,2021-08-13T13:27:00
0.00709363,0.00709363,0.00709363,0.00709363,1628860620,2021-08-13T13:17:00
0.00662959,0.00662959,0.00662959,0.00662959,1628789460,2021-08-12T17:31:00
0.0065973,0.0065973,0.0065973,0.0065973,1628784120,2021-08-12T16:02:00
0.00661586,0.00661586,0.00661586,0.00661586,1628778600,2021-08-12T14:30:00
0.00692564,0.00692564,0.00692564,0.00692564,1628761680,2021-08-12T09:48:00
0.00660432,0.00660432,0.00660432,0.00660432,1628749920,2021-08-12T06:32:00
0.00658819,0.00658819,0.00658819,0.00658819,1628746440,2021-08-12T05:34:00
0.00674374,0.00674374,0.00674374,0.00674374,1628742540,2021-08-12T04:29:00
0.00689139,0.00689139,0.00689139,0.00689139,1628712060,2021-08-11T20:01:00
0.00682062,0.00682062,0.00682062,0.00682062,1628707320,2021-08-11T18:42:00
0.00686301,0.00686301,0.00686301,0.00686301,1628687160,2021-08-11T13:06:00
0.00693049,0.00693049,0.00693049,0.00693049,1628677920,2021-08-11T10:32:00
0.00700043,0.00700043,0.00700043,0.00700043,1628676900,2021-08-11T10:15:00
0.00706799,0.00706799,0.00706799,0.00706799,1628676780,2021-08-11T10:13:00
0.00711801,0.00711801,0.00711801,0.00711801,1628676720,2021-08-11T10:12:00
0.00718343,0.00718343,0.00718343,0.00718343,1628669400,2021-08-11T08:10:00
0.00715436,0.00715436,0.00715436,0.00715436,1628666880,2021-08-11T07:28:00
0.00696774,0.00696774,0.00696774,0.00696774,1628658300,2021-08-11T05:05:00
0.00694193,0.00694193,0.00694193,0.00694193,1628638740,2021-08-10T23:39:00
0.00692552,0.00692552,0.00692552,0.00692552,1628637480,2021-08-10T23:18:00
0.00697391,0.00697391,0.00697391,0.00697391,1628635500,2021-08-10T22:45:00
0.00695037,0.00695037,0.00695037,0.00695037,1628630760,2021-08-10T21:26:00
0.00698119,0.00698119,0.00698119,0.00698119,1628629620,2021-08-10T21:07:00
0.0069774,0.0069774,0.0069774,0.0069774,1628605800,2021-08-10T14:30:00
0.00701037,0.00701037,0.00701037,0.00701037,1628605740,2021-08-10T14:29:00
0.00707045,0.00707045,0.00707045,0.00707045,1628605680,2021-08-10T14:28:00
0.00716579,0.00716579,0.00716579,0.00716579,1628600520,2021-08-10T13:02:00
0.00709822,0.00709822,0.00709822,0.00709822,1628596320,2021-08-10T11:52:00
0.00714546,0.00714546,0.00714546,0.00714546,1628595600,2021-08-10T11:40:00
0.00715703,0.00715703,0.00715703,0.00715703,1628586840,2021-08-10T09:14:00
0.00709334,0.00709334,0.00709334,0.00709334,1628585280,2021-08-10T08:48:00
0.00701952,0.00701952,0.00701952,0.00701952,1628579700,2021-08-10T07:15:00
0.00701072,0.00701072,0.00701072,0.00701072,1628568060,2021-08-10T04:01:00
0.00708229,0.00708229,0.00708229,0.00708229,1628555700,2021-08-10T00:35:00
0.00714906,0.00714906,0.00714906,0.00714906,1628555580,2021-08-10T00:33:00
0.00682287,0.00682287,0.00682287,0.00682287,1628548200,2021-08-09T22:30:00
0.00684066,0.00684066,0.00684066,0.00684066,1628546040,2021-08-09T21:54:00
0.00691708,0.00691708,0.00691708,0.00691708,1628545740,2021-08-09T21:49:00
0.00692361,0.00692361,0.00692361,0.00692361,1628545080,2021-08-09T21:38:00
0.00693928,0.00693928,0.00693928,0.00693928,1628544900,2021-08-09T21:35:00
0.00701194,0.00701194,0.00701194,0.00701194,1628544780,2021-08-09T21:33:00
0.0072359,0.0072359,0.0072359,0.0072359,1628536860,2021-08-09T19:21:00
0.00725041,0.00725041,0.00725041,0.00725041,1628526060,2021-08-09T16:21:00
0.00715927,0.00715927,0.00715927,0.00715927,1628521500,2021-08-09T15:05:00
0.00717334,0.00717334,0.00717334,0.00717334,1628520000,2021-08-09T14:40:00
0.00703254,0.00703254,0.00703254,0.00703254,1628505780,2021-08-09T10:43:00
0.00695805,0.00695805,0.00695805,0.00695805,1628502300,2021-08-09T09:45:00
0.00682693,0.00682693,0.00682693,0.00682693,1628484360,2021-08-09T04:46:00
0.00677205,0.00677205,0.00677205,0.00677205,1628484180,2021-08-09T04:43:00
0.00668509,0.00668509,0.00668509,0.00668509,1628471280,2021-08-09T01:08:00
0.0067921,0.0067921,0.0067921,0.0067921,1628444400,2021-08-08T17:40:00
0.00681506,0.00681506,0.00681506,0.00681506,1628442240,2021-08-08T17:04:00
0.00690051,0.00690051,0.00686242,0.00686242,1628435220,2021-08-08T15:07:00
0.00707984,0.00707984,0.00707984,0.00707984,1628433780,2021-08-08T14:43:00
0.0071578,0.0071578,0.0071578,0.0071578,1628430840,2021-08-08T13:54:00
0.00733626,0.00733626,0.00733626,0.00733626,1628430720,2021-08-08T13:52:00
0.00728971,0.00728971,0.00728971,0.00728971,1628430600,2021-08-08T13:50:00
0.00734437,0.00734437,0.00734437,0.00734437,1628430540,2021-08-08T13:49:00
0.00729131,0.00729131,0.00729131,0.00729131,1628430480,2021-08-08T13:48:00
0.00723714,0.00723714,0.00723714,0.00723714,1628430360,2021-08-08T13:46:00
0.00727164,0.00727164,0.00727164,0.00727164,1628430240,2021-08-08T13:44:00
0.00721784,0.00721784,0.00721784,0.00721784,1628430000,2021-08-08T13:40:00
0.00726998,0.00726998,0.00726998,0.00726998,1628429940,2021-08-08T13:39:00
0.00715599,0.00715599,0.00715599,0.00715599,1628429400,2021-08-08T13:30:00
0.00710333,0.00710333,0.00710333,0.00710333,1628425920,2021-08-08T12:32:00
0.00707541,0.00707541,0.00707541,0.00707541,1628421360,2021-08-08T11:16:00
0.00703881,0.00703881,0.00703881,0.00703881,1628421300,2021-08-08T11:15:00
0.00707553,0.00707553,0.00707553,0.00707553,1628414940,2021-08-08T09:29:00
0.00702568,0.00702568,0.00702568,0.00702568,1628414880,2021-08-08T09:28:00
0.0069706,0.0069706,0.0069706,0.0069706,1628413980,2021-08-08T09:13:00
0.00702095,0.00702095,0.00702095,0.00702095,1628413860,2021-08-08T09:11:00
0.00706724,0.00706724,0.00706724,0.00706724,1628412540,2021-08-08T08:49:00
0.0070536,0.0070536,0.0070536,0.0070536,1628407920,2021-08-08T07:32:00
0.00701568,0.00701568,0.00701568,0.00701568,1628407740,2021-08-08T07:29:00
0.00681712,0.00681712,0.00681712,0.00681712,1628398740,2021-08-08T04:59:00
0.00677963,0.00677963,0.00677963,0.00677963,1628369580,2021-08-07T20:53:00
0.00670022,0.00670022,0.00670022,0.00670022,1628364120,2021-08-07T19:22:00
0.00667998,0.00667998,0.00667998,0.00667998,1628364000,2021-08-07T19:20:00
0.00669796,0.00669796,0.00669796,0.00669796,1628354580,2021-08-07T16:43:00
0.00652091,0.00652091,0.00652091,0.00652091,1628353260,2021-08-07T16:21:00
0.00661929,0.00661929,0.00661929,0.00661929,1628350080,2021-08-07T15:28:00
0.00659965,0.00659965,0.00659965,0.00659965,1628340420,2021-08-07T12:47:00
0.00662854,0.00662854,0.00662854,0.00662854,1628339100,2021-08-07T12:25:00
0.00635921,0.00635921,0.00635921,0.00635921,1628333400,2021-08-07T10:50:00
0.00650704,0.00650704,0.00650704,0.00650704,1628305320,2021-08-07T03:02:00
0.00645757,0.00645757,0.00645757,0.00645757,1628301480,2021-08-07T01:58:00
0.00644137,0.00644137,0.00644137,0.00644137,1628297280,2021-08-07T00:48:00
0.00650452,0.00650452,0.00650452,0.00650452,1628288820,2021-08-06T22:27:00
0.00649653,0.00649653,0.00649653,0.00649653,1628284920,2021-08-06T21:22:00
0.00654921,0.00654921,0.00654921,0.00654921,1628274660,2021-08-06T18:31:00
0.0065344,0.0065344,0.0065344,0.0065344,1628273280,2021-08-06T18:08:00
0.00651649,0.00651649,0.00651649,0.00651649,1628268000,2021-08-06T16:40:00
0.00639709,0.00639709,0.00639709,0.00639709,1628264640,2021-08-06T15:44:00
0.00640063,0.00640648,0.00640063,0.00640648,1628257680,2021-08-06T13:48:00
0.00648639,0.00648639,0.00648639,0.00648639,1628257620,2021-08-06T13:47:00
0.00654815,0.00654815,0.00654815,0.00654815,1628253840,2021-08-06T12:44:00
0.00660494,0.00660494,0.00660494,0.00660494,1628247840,2021-08-06T11:04:00
0.00656691,0.00656691,0.00656691,0.00656691,1628244600,2021-08-06T10:10:00
0.00628234,0.00628234,0.00628234,0.00628234,1628233440,2021-08-06T07:04:00
0.0105853,0.0105853,0.0105853,0.0105853,1628224740,2021-08-06T04:39:00
0.00695884,0.00695884,0.00695884,0.00695884,1628223900,2021-08-06T04:25:00
0.00696787,0.00696787,0.00696787,0.00696787,1628223600,2021-08-06T04:20:00
0.00753748,0.00753748,0.00753748,0.00753748,1628222100,2021-08-06T03:55:00
0.00700757,0.00700757,0.00700757,0.00700757,1628221740,2021-08-06T03:49:00
0.00690658,0.00690658,0.00690658,0.00690658,1628215740,2021-08-06T02:09:00
0.00693333,0.00693333,0.00693333,0.00693333,1628178900,2021-08-05T15:55:00
0.00716695,0.00716695,0.00716695,0.00716695,1628176020,2021-08-05T15:07:00
0.007042,0.007042,0.007042,0.007042,1628137380,2021-08-05T04:23:00
0.00701064,0.00701064,0.00701064,0.00701064,1628127900,2021-08-05T01:45:00
0.00698256,0.00698256,0.00698256,0.00698256,1628126160,2021-08-05T01:16:00
0.00703558,0.00703558,0.00703558,0.00703558,1628124120,2021-08-05T00:42:00
0.00702163,0.00702163,0.00702163,0.00702163,1628120220,2021-08-04T23:37:00
0.00707086,0.00707086,0.00707086,0.00707086,1628110620,2021-08-04T20:57:00
0.00715541,0.00715541,0.00715541,0.00715541,1628108580,2021-08-04T20:23:00
0.00700358,0.00700358,0.00700358,0.00700358,1628105220,2021-08-04T19:27:00
0.00699912,0.00701481,0.00699912,0.00701481,1628105100,2021-08-04T19:25:00
0.00687186,0.00687186,0.00687186,0.00687186,1628102100,2021-08-04T18:35:00
0.00674871,0.00674871,0.00674871,0.00674871,1628087820,2021-08-04T14:37:00
0.00681683,0.00681683,0.00681683,0.00681683,1628084400,2021-08-04T13:40:00
0.00672744,0.00672744,0.00672744,0.00672744,1628079180,2021-08-04T12:13:00
0.00651854,0.00651854,0.00651854,0.00651854,1628067540,2021-08-04T08:59:00
0.00662807,0.00662807,0.00662807,0.00662807,1628053860,2021-08-04T05:11:00
0.0066121,0.0066121,0.0066121,0.0066121,1628050320,2021-08-04T04:12:00
0.00661922,0.00661922,0.00661922,0.00661922,1628034120,2021-08-03T23:42:00
0.00655699,0.00655699,0.00655699,0.00655699,1628027880,2021-08-03T21:58:00
0.00647976,0.00647976,0.00647976,0.00647976,1628023860,2021-08-03T20:51:00
0.00645919,0.00645919,0.00645919,0.00645919,1628023740,2021-08-03T20:49:00
0.00640035,0.00640035,0.00640035,0.00640035,1628021400,2021-08-03T20:10:00
0.00667933,0.00667933,0.00667933,0.00667933,1628003460,2021-08-03T15:11:00
0.00667812,0.00667812,0.00667812,0.00667812,1628003400,2021-08-03T15:10:00
0.00677191,0.00677191,0.00677191,0.00677191,1628003220,2021-08-03T15:07:00
0.00681412,0.00681412,0.00681412,0.00681412,1628002980,2021-08-03T15:03:00
0.00683768,0.00683768,0.00683768,0.00683768,1628002680,2021-08-03T14:58:00
0.0069222,0.0069222,0.0069222,0.0069222,1628001720,2021-08-03T14:42:00
0.00687131,0.00687131,0.00687131,0.00687131,1627991340,2021-08-03T11:49:00
0.00692705,0.00692705,0.00692705,0.00692705,1627989240,2021-08-03T11:14:00
0.00682361,0.00682361,0.00682361,0.00682361,1627974060,2021-08-03T07:01:00
0.00715797,0.00715797,0.00715797,0.00715797,1627953720,2021-08-03T01:22:00
0.00720284,0.00720284,0.00720284,0.00720284,1627947360,2021-08-02T23:36:00
0.00723124,0.00723124,0.00723124,0.00723124,1627929360,2021-08-02T18:36:00
0.00717742,0.00717742,0.00717742,0.00717742,1627928880,2021-08-02T18:28:00
0.0071506,0.0071506,0.0071506,0.0071506,1627927200,2021-08-02T18:00:00
0.00692785,0.00692785,0.00692785,0.00692785,1627907580,2021-08-02T12:33:00
0.00706187,0.00706187,0.00706187,0.00706187,1627890480,2021-08-02T07:48:00
0.0072436,0.0072436,0.0072436,0.0072436,1627855620,2021-08-01T22:07:00
0.00724792,0.00724792,0.00724792,0.00724792,1627851840,2021-08-01T21:04:00
0.00729464,0.00729464,0.00729464,0.00729464,1627850640,2021-08-01T20:44:00
0.00714707,0.00714707,0.00714707,0.00714707,1627808700,2021-08-01T09:05:00
0.00731759,0.00731759,0.00731759,0.00731759,1627799460,2021-08-01T06:31:00
0.00720649,0.00720649,0.00720649,0.00720649,1627799280,2021-08-01T06:28:00
0.00727391,0.00727391,0.00727391,0.00727391,1627797000,2021-08-01T05:50:00
0.00731948,0.00731948,0.00731948,0.00731948,1627795920,2021-08-01T05:32:00
0.00726124,0.00726124,0.00726124,0.00726124,1627787100,2021-08-01T03:05:00
0.00722249,0.00722249,0.00722249,0.00722249,1627782420,2021-08-01T01:47:00
0.00715361,0.00715361,0.00713964,0.00713964,1627768680,2021-07-31T21:58:00
0.00718451,0.00718451,0.00718451,0.00718451,1627768500,2021-07-31T21:55:00
0.00711009,0.00711009,0.00711009,0.00711009,1627763940,2021-07-31T20:39:00
0.00702937,0.00702937,0.00702937,0.00702937,1627732620,2021-07-31T11:57:00
0.00704805,0.00704805,0.00704805,0.00704805,1627724760,2021-07-31T09:46:00
0.00706437,0.00706437,0.00706437,0.00706437,1627723860,2021-07-31T09:31:00
0.00715451,0.00715451,0.00715451,0.00715451,1627723740,2021-07-31T09:29:00
0.00711185,0.00711185,0.00711185,0.00711185,1627723260,2021-07-31T09:21:00
0.00706566,0.00706566,0.00706566,0.00706566,1627719060,2021-07-31T08:11:00
0.00710539,0.00710539,0.00710539,0.00710539,1627716180,2021-07-31T07:23:00
0.00706103,0.00706103,0.00706103,0.00706103,1627714560,2021-07-31T06:56:00
0.00689751,0.00689751,0.00689751,0.00689751,1627674180,2021-07-30T19:43:00
0.00689583,0.00689583,0.00689583,0.00689583,1627669260,2021-07-30T18:21:00
0.00693754,0.00693754,0.00693754,0.00693754,1627668120,2021-07-30T18:02:00
0.00696713,0.00696713,0.00696713,0.00696713,1627658400,2021-07-30T15:20:00
0.00707212,0.00707212,0.00707212,0.00707212,1627656420,2021-07-30T14:47:00
0.00705434,0.00705434,0.00705434,0.00705434,1627655700,2021-07-30T14:35:00
0.00709841,0.00709841,0.00709841,0.00709841,1627654440,2021-07-30T14:14:00
0.00726299,0.00726299,0.00726299,0.00726299,1627634220,2021-07-30T08:37:00
0.00741349,0.00741349,0.00741349,0.00741349,1627609980,2021-07-30T01:53:00
0.00744117,0.00744117,0.00744117,0.00744117,1627609860,2021-07-30T01:51:00
0.00730335,0.00730335,0.00730335,0.00730335,1627602240,2021-07-29T23:44:00
0.00716683,0.00716683,0.00716683,0.00716683,1627581480,2021-07-29T17:58:00
0.00725545,0.00725545,0.00725545,0.00725545,1627575480,2021-07-29T16:18:00
0.00731436,0.00731436,0.00731436,0.00731436,1627573740,2021-07-29T15:49:00
0.00738739,0.00738739,0.00738739,0.00738739,1627571640,2021-07-29T15:14:00
0.00743065,0.00743065,0.00743065,0.00743065,1627570500,2021-07-29T14:55:00
0.00738497,0.00738497,0.00738497,0.00738497,1627559040,2021-07-29T11:44:00
0.00735881,0.00735881,0.00735881,0.00735881,1627541040,2021-07-29T06:44:00
0.00729853,0.00729853,0.00729853,0.00729853,1627540560,2021-07-29T06:36:00
0.0073464,0.0073464,0.0073464,0.0073464,1627537860,2021-07-29T05:51:00
0.0073214,0.0073214,0.0073214,0.0073214,1627533420,2021-07-29T04:37:00
0.00734549,0.00734549,0.00734549,0.00734549,1627520700,2021-07-29T01:05:00
0.00740278,0.00740278,0.00740278,0.00740278,1627515600,2021-07-28T23:40:00
0.00730149,0.00730149,0.00730149,0.00730149,1627495740,2021-07-28T18:09:00
0.00734641,0.00734641,0.00734641,0.00734641,1627486620,2021-07-28T15:37:00
0.00737154,0.00737154,0.00737154,0.00737154,1627484820,2021-07-28T15:07:00
0.00733057,0.00733057,0.00733057,0.00733057,1627484760,2021-07-28T15:06:00
0.0072673,0.0072673,0.0072673,0.0072673,1627479180,2021-07-28T13:33:00
0.00734463,0.00734463,0.00734463,0.00734463,1627466940,2021-07-28T10:09:00
0.00727028,0.00727028,0.00727028,0.00727028,1627463760,2021-07-28T09:16:00
0.0072019,0.0072019,0.0072019,0.0072019,1627454580,2021-07-28T06:43:00
0.0072378,0.0072378,0.0072378,0.0072378,1627450680,2021-07-28T05:38:00
0.00728629,0.00728629,0.00728629,0.00728629,1627449540,2021-07-28T05:19:00
0.00721707,0.00723245,0.00721707,0.00723245,1627446240,2021-07-28T04:24:00
0.00732132,0.00732132,0.00732132,0.00732132,1627441920,2021-07-28T03:12:00
0.00738058,0.00738058,0.00738058,0.00738058,1627429620,2021-07-27T23:47:00
0.00743586,0.00743586,0.00743586,0.00743586,1627427460,2021-07-27T23:11:00
0.0074706,0.0074706,0.0074706,0.0074706,1627423020,2021-07-27T21:57:00
0.00738873,0.00738873,0.00738873,0.00738873,1627413120,2021-07-27T19:12:00
0.00733914,0.00733914,0.00733914,0.00733914,1627408980,2021-07-27T18:03:00
0.00760926,0.00760926,0.00760926,0.00760926,1627392900,2021-07-27T13:35:00
0.00767381,0.00767381,0.00767381,0.00767381,1627390680,2021-07-27T12:58:00
0.00767352,0.00767352,0.00767352,0.00767352,1627390020,2021-07-27T12:47:00
0.00740772,0.00740772,0.00740772,0.00740772,1627372980,2021-07-27T08:03:00
0.00743065,0.00743065,0.00743065,0.00743065,1627368060,2021-07-27T06:41:00
0.00748881,0.00748881,0.00748881,0.00748881,1627349040,2021-07-27T01:24:00
0.00749818,0.00749818,0.00749818,0.00749818,1627348680,2021-07-27T01:18:00
0.0076811,0.0076811,0.0076811,0.0076811,1627331760,2021-07-26T20:36:00
0.00806489,0.00806489,0.00803374,0.00803374,1627328640,2021-07-26T19:44:00
0.00808567,0.00808567,0.00808567,0.00808567,1627321320,2021-07-26T17:42:00
0.00817658,0.00817658,0.00817658,0.00817658,1627314840,2021-07-26T15:54:00
0.00820807,0.00820807,0.00820807,0.00820807,1627312620,2021-07-26T15:17:00
0.00822721,0.00822721,0.00822721,0.00822721,1627304160,2021-07-26T12:56:00
0.00819464,0.00819464,0.00819464,0.00819464,1627290480,2021-07-26T09:08:00
0.00815881,0.00815881,0.00815881,0.00815881,1627286880,2021-07-26T08:08:00
0.00826924,0.00826924,0.00826924,0.00826924,1627285080,2021-07-26T07:38:00
0.00842853,0.00842853,0.00842853,0.00842853,1627281180,2021-07-26T06:33:00
0.00819678,0.00819678,0.00819678,0.00819678,1627270740,2021-07-26T03:39:00
0.0081967,0.0081967,0.0081967,0.0081967,1627266180,2021-07-26T02:23:00
0.00766583,0.00766583,0.00766583,0.00766583,1627252380,2021-07-25T22:33:00
0.0076838,0.0076838,0.0076838,0.0076838,1627238880,2021-07-25T18:48:00
0.00766574,0.00766574,0.00763426,0.00763426,1627237380,2021-07-25T18:23:00
0.00746223,0.00746223,0.00746223,0.00746223,1627224600,2021-07-25T14:50:00
0.0074652,0.0074652,0.0074652,0.0074652,1627221960,2021-07-25T14:06:00
0.00754836,0.00754836,0.00754836,0.00754836,1627214460,2021-07-25T12:01:00
0.00755064,0.00755064,0.00755064,0.00755064,1627210320,2021-07-25T10:52:00
0.00753901,0.00753901,0.00753901,0.00753901,1627204080,2021-07-25T09:08:00
0.00745066,0.00745066,0.00745066,0.00745066,1627178160,2021-07-25T01:56:00
0.00757642,0.00757642,0.00757642,0.00757642,1627173060,2021-07-25T00:31:00
0.00753486,0.00753486,0.00753486,0.00753486,1627155660,2021-07-24T19:41:00
0.00753397,0.00753397,0.00753397,0.00753397,1627150260,2021-07-24T18:11:00
0.00753767,0.00753767,0.00753767,0.00753767,1627148820,2021-07-24T17:47:00
0.00744862,0.00744862,0.00744862,0.00744862,1627137120,2021-07-24T14:32:00
0.00750046,0.00750046,0.00750046,0.00750046,1627131300,2021-07-24T12:55:00
0.00745727,0.00745727,0.00745727,0.00745727,1627129500,2021-07-24T12:25:00
0.00753252,0.00753252,0.00753252,0.00753252,1627125660,2021-07-24T11:21:00
0.00766794,0.00766794,0.00766794,0.00766794,1627124280,2021-07-24T10:58:00
0.00732831,0.00732831,0.00732831,0.00732831,1627112880,2021-07-24T07:48:00
0.00733011,0.00733011,0.00733011,0.00733011,1627094580,2021-07-24T02:43:00
0.00731244,0.00731244,0.00731244,0.00731244,1627091460,2021-07-24T01:51:00
0.0073538,0.0073538,0.0073538,0.0073538,1627088340,2021-07-24T00:59:00
0.00735377,0.00735377,0.00735377,0.00735377,1627087740,2021-07-24T00:49:00
0.00729329,0.00729329,0.00729329,0.00729329,1627083780,2021-07-23T23:43:00
0.00723042,0.00723042,0.00723042,0.00723042,1627080540,2021-07-23T22:49:00
0.00704361,0.00704361,0.00704361,0.00704361,1627073220,2021-07-23T20:47:00
0.00696309,0.00696309,0.00696309,0.00696309,1627068120,2021-07-23T19:22:00
0.00696844,0.00696844,0.00696844,0.00696844,1627061580,2021-07-23T17:33:00
0.0071622,0.0071622,0.0071622,0.0071622,1627053660,2021-07-23T15:21:00
0.00721136,0.00721136,0.00721136,0.00721136,1627045080,2021-07-23T12:58:00
0.00719449,0.00719449,0.00719449,0.00719449,1627045020,2021-07-23T12:57:00
0.00721229,0.00721229,0.00721229,0.00721229,1627041780,2021-07-23T12:03:00
0.00725282,0.00725282,0.00725282,0.00725282,1627034460,2021-07-23T10:01:00
0.00728875,0.00728875,0.00728875,0.00728875,1627027020,2021-07-23T07:57:00
0.00729145,0.00729145,0.00729145,0.00729145,1627025700,2021-07-23T07:35:00
0.00724802,0.00724802,0.00724802,0.00724802,1627005480,2021-07-23T01:58:00
0.0071715,0.0071715,0.0071715,0.0071715,1627003920,2021-07-23T01:32:00
0.00712407,0.00712407,0.00712407,0.00712407,1626993420,2021-07-22T22:37:00
0.00717852,0.00717852,0.00717852,0.00717852,1626975120,2021-07-22T17:32:00
0.0069368,0.0069368,0.0069368,0.0069368,1626957600,2021-07-22T12:40:00
0.00700201,0.00700201,0.00700201,0.00700201,1626952440,2021-07-22T11:14:00
0.00703243,0.00703243,0.00703243,0.00703243,1626946680,2021-07-22T09:38:00
0.00717065,0.00717065,0.00717065,0.00717065,1626944280,2021-07-22T08:58:00
0.00711969,0.00711969,0.00711969,0.00711969,1626931320,2021-07-22T05:22:00
0.0070702,0.0070702,0.0070702,0.0070702,1626926400,2021-07-22T04:00:00
0.00704933,0.00704933,0.00704933,0.00704933,1626921780,2021-07-22T02:43:00
0.00704041,0.00704041,0.00704041,0.00704041,1626919620,2021-07-22T02:07:00
0.00707633,0.00707633,0.00707633,0.00707633,1626913200,2021-07-22T00:20:00
0.00703056,0.00703056,0.00703056,0.00703056,1626912300,2021-07-22T00:05:00
0.00705674,0.00705674,0.00705674,0.00705674,1626911400,2021-07-21T23:50:00
0.00694939,0.00694939,0.00694939,0.00694939,1626903540,2021-07-21T21:39:00
0.00705284,0.00705284,0.00705284,0.00705284,1626902220,2021-07-21T21:17:00
0.00715217,0.00715217,0.00715217,0.00715217,1626881100,2021-07-21T15:25:00
0.00700423,0.00700423,0.00700423,0.00700423,1626874320,2021-07-21T13:32:00
0.00694366,0.00694366,0.00694366,0.00694366,1626852360,2021-07-21T07:26:00
0.00695003,0.00695003,0.00695003,0.00695003,1626846900,2021-07-21T05:55:00
0.00692652,0.00692652,0.00692652,0.00692652,1626845280,2021-07-21T05:28:00
0.00684087,0.00684087,0.00684087,0.00684087,1626841200,2021-07-21T04:20:00
0.00668414,0.00668414,0.00668414,0.00668414,1626833220,2021-07-21T02:07:00
0.00671197,0.00671197,0.00671197,0.00671197,1626832440,2021-07-21T01:54:00
0.00669722,0.00669722,0.00667167,0.00667167,1626831300,2021-07-21T01:35:00
0.00648344,0.00648344,0.00648344,0.00648344,1626830340,2021-07-21T01:19:00
0.00656168,0.00656168,0.00656168,0.00656168,1626816480,2021-07-20T21:28:00
0.00655724,0.00655724,0.00655724,0.00655724,1626816180,2021-07-20T21:23:00
0.00664212,0.00664212,0.00664212,0.00664212,1626806400,2021-07-20T18:40:00
0.00669743,0.00669743,0.00669743,0.00669743,1626805500,2021-07-20T18:25:00
0.00669497,0.00669497,0.00669497,0.00669497,1626804420,2021-07-20T18:07:00
0.0068167,0.0068167,0.00677403,0.00677403,1626800040,2021-07-20T16:54:00
0.00685129,0.00685129,0.00685129,0.00685129,1626799920,2021-07-20T16:52:00
0.00675457,0.00675457,0.00675457,0.00675457,1626786360,2021-07-20T13:06:00
0.00674181,0.00674181,0.00674181,0.00674181,1626779160,2021-07-20T11:06:00
0.00667874,0.00667874,0.00667874,0.00667874,1626778260,2021-07-20T10:51:00
0.0066501,0.0066501,0.0066501,0.0066501,1626773460,2021-07-20T09:31:00
0.00665535,0.00665535,0.00665535,0.00665535,1626773100,2021-07-20T09:25:00
0.00661671,0.00661671,0.00661671,0.00661671,1626770100,2021-07-20T08:35:00
0.00657763,0.00657763,0.00657763,0.00657763,1626769440,2021-07-20T08:24:00
0.00641145,0.00641145,0.00641145,0.00641145,1626755700,2021-07-20T04:35:00
0.0066652,0.0066652,0.0066652,0.0066652,1626744360,2021-07-20T01:26:00
0.00666364,0.00666364,0.00666364,0.00666364,1626743760,2021-07-20T01:16:00
0.00682137,0.00682137,0.00682137,0.00682137,1626726720,2021-07-19T20:32:00
0.00685742,0.00685742,0.00685742,0.00685742,1626725820,2021-07-19T20:17:00
0.00683699,0.00683699,0.00683699,0.00683699,1626720960,2021-07-19T18:56:00
0.0068384,0.0068384,0.0068384,0.0068384,1626716460,2021-07-19T17:41:00
0.00673762,0.00673762,0.00673762,0.00673762,1626705540,2021-07-19T14:39:00
0.0067891,0.0067891,0.0067891,0.0067891,1626705120,2021-07-19T14:32:00
0.00684569,0.00684569,0.00684569,0.00684569,1626700500,2021-07-19T13:15:00
0.00676848,0.00676848,0.00676848,0.00676848,1626699960,2021-07-19T13:06:00
0.00683804,0.00683804,0.00683804,0.00683804,1626698220,2021-07-19T12:37:00
0.00689908,0.00689908,0.00689908,0.00689908,1626697800,2021-07-19T12:30:00
0.00696737,0.00696737,0.00696737,0.00696737,1626695220,2021-07-19T11:47:00
0.00691049,0.00691049,0.00691049,0.00691049,1626692340,2021-07-19T10:59:00
0.00694254,0.00694254,0.00694254,0.00694254,1626692040,2021-07-19T10:54:00
0.00701709,0.00701709,0.00701709,0.00701709,1626689700,2021-07-19T10:15:00
0.00704615,0.00704615,0.00704615,0.00704615,1626686580,2021-07-19T09:23:00
0.00710121,0.00710121,0.00710121,0.00710121,1626678900,2021-07-19T07:15:00
0.00710621,0.00710621,0.00710621,0.00710621,1626678720,2021-07-19T07:12:00
0.00709226,0.00709226,0.00709226,0.00709226,1626676560,2021-07-19T06:36:00
0.00708404,0.00708404,0.00708404,0.00708404,1626672660,2021-07-19T05:31:00
0.0070332,0.0070332,0.0070332,0.0070332,1626657540,2021-07-19T01:19:00
0.00706571,0.00706571,0.00706571,0.00706571,1626651420,2021-07-18T23:37:00
0.0070484,0.0070484,0.0070484,0.0070484,1626650940,2021-07-18T23:29:00
0.00708424,0.00708424,0.00708424,0.00708424,1626648000,2021-07-18T22:40:00
0.00704875,0.00704875,0.00704875,0.00704875,1626639720,2021-07-18T20:22:00
0.00706728,0.00706728,0.00706728,0.00706728,1626631140,2021-07-18T17:59:00
0.00713687,0.00713687,0.00713687,0.00713687,1626621840,2021-07-18T15:24:00
0.00726844,0.00726844,0.00726844,0.00726844,1626595740,2021-07-18T08:09:00
0.00726987,0.00726987,0.00726987,0.00726987,1626593940,2021-07-18T07:39:00
0.00728724,0.00728724,0.00728724,0.00728724,1626592260,2021-07-18T07:11:00
0.00740586,0.00740586,0.00736807,0.00736807,1626584280,2021-07-18T04:58:00
0.00737203,0.00737203,0.00737203,0.00737203,1626579420,2021-07-18T03:37:00
0.00733734,0.00733734,0.00733734,0.00733734,1626571740,2021-07-18T01:29:00
0.00732814,0.00732814,0.00732814,0.00732814,1626570360,2021-07-18T01:06:00
0.00695409,0.00695409,0.00695409,0.00695409,1626559740,2021-07-17T22:09:00
0.0070388,0.0070388,0.0070388,0.0070388,1626552420,2021-07-17T20:07:00
0.00702344,0.00702344,0.00702344,0.00702344,1626552300,2021-07-17T20:05:00
0.00703519,0.00703519,0.00703519,0.00703519,1626551220,2021-07-17T19:47:00
0.00708965,0.00708965,0.00708965,0.00708965,1626547500,2021-07-17T18:45:00
0.00690636,0.00690636,0.00690636,0.00690636,1626532320,2021-07-17T14:32:00
0.00692728,0.00692728,0.00692728,0.00692728,1626527520,2021-07-17T13:12:00
0.00690757,0.00690757,0.00690757,0.00690757,1626517320,2021-07-17T10:22:00
0.00694328,0.00694328,0.00694328,0.00694328,1626516480,2021-07-17T10:08:00
0.00694166,0.00694166,0.00694166,0.00694166,1626516300,2021-07-17T10:05:00
0.00692313,0.00692313,0.00692313,0.00692313,1626506640,2021-07-17T07:24:00
0.00686809,0.00686809,0.00686809,0.00686809,1626476700,2021-07-16T23:05:00
0.00685614,0.00685614,0.00685614,0.00685614,1626475320,2021-07-16T22:42:00
0.0067655,0.0067655,0.0067655,0.0067655,1626432960,2021-07-16T10:56:00
0.00674016,0.00674016,0.00674016,0.00674016,1626432600,2021-07-16T10:50:00
0.00701301,0.00701301,0.00701301,0.00701301,1626415560,2021-07-16T06:06:00
0.00712325,0.00712325,0.00712325,0.00712325,1626409080,2021-07-16T04:18:00
0.00716516,0.00716516,0.00716516,0.00716516,1626406860,2021-07-16T03:41:00
0.00713254,0.00713254,0.00713254,0.00713254,1626401760,2021-07-16T02:16:00
0.00716425,0.00716425,0.00716425,0.00716425,1626401400,2021-07-16T02:10:00
0.00701556,0.00701556,0.00701556,0.00701556,1626399840,2021-07-16T01:44:00
0.00698425,0.00698425,0.00698425,0.00698425,1626399780,2021-07-16T01:43:00
0.00695816,0.00695816,0.00695816,0.00695816,1626399720,2021-07-16T01:42:00
0.00696246,0.00696246,0.00696246,0.00696246,1626385980,2021-07-15T21:53:00
0.0068832,0.0068832,0.0068832,0.0068832,1626375600,2021-07-15T19:00:00
0.00693718,0.00693718,0.00693718,0.00693718,1626360060,2021-07-15T14:41:00
0.00687669,0.00687669,0.00687669,0.00687669,1626352920,2021-07-15T12:42:00
0.00708313,0.00708313,0.00708313,0.00708313,1626352740,2021-07-15T12:39:00
0.00715542,0.00715542,0.00715542,0.00715542,1626351120,2021-07-15T12:12:00
0.00730777,0.00730777,0.00730777,0.00730777,1626339240,2021-07-15T08:54:00
0.00736333,0.00736333,0.00736333,0.00736333,1626333780,2021-07-15T07:23:00
0.00737376,0.00737376,0.00737376,0.00737376,1626329580,2021-07-15T06:13:00
0.00741562,0.00741562,0.00741562,0.00741562,1626328200,2021-07-15T05:50:00
0.00760139,0.00760139,0.00760139,0.00760139,1626316440,2021-07-15T02:34:00
0.00773873,0.00773873,0.00773873,0.00773873,1626311520,2021-07-15T01:12:00
0.00757811,0.00757811,0.00757811,0.00757811,1626280980,2021-07-14T16:43:00
0.00762434,0.00762434,0.00762434,0.00762434,1626272100,2021-07-14T14:15:00
0.00705545,0.00705545,0.00705545,0.00705545,1626244140,2021-07-14T06:29:00
0.00713003,0.00713003,0.00713003,0.00713003,1626237300,2021-07-14T04:35:00
0.00741461,0.00741461,0.00741461,0.00741461,1626235020,2021-07-14T03:57:00
0.00764087,0.00764087,0.00764087,0.00764087,1626228540,2021-07-14T02:09:00
0.00759484,0.00759484,0.00759484,0.00759484,1626225240,2021-07-14T01:14:00
0.00761792,0.00761792,0.00761792,0.00761792,1626223560,2021-07-14T00:46:00
0.00778551,0.00778551,0.00778551,0.00778551,1626220140,2021-07-13T23:49:00
0.00777942,0.00777942,0.00777942,0.00777942,1626213480,2021-07-13T21:58:00
0.00801409,0.00801409,0.00801409,0.00801409,1626200520,2021-07-13T18:22:00
0.00799335,0.00799335,0.00799335,0.00799335,1626193740,2021-07-13T16:29:00
0.00793768,0.00793768,0.00793768,0.00793768,1626182220,2021-07-13T13:17:00
0.00798063,0.00798063,0.00798063,0.00798063,1626180180,2021-07-13T12:43:00
0.00803173,0.00803173,0.00803173,0.00803173,1626178380,2021-07-13T12:13:00
0.00797727,0.00797727,0.00797727,0.00797727,1626167580,2021-07-13T09:13:00
0.00811999,0.00811999,0.00811999,0.00811999,1626140580,2021-07-13T01:43:00
0.00814055,0.00814055,0.00814055,0.00814055,1626126660,2021-07-12T21:51:00
0.00842746,0.00842746,0.00842746,0.00842746,1626100560,2021-07-12T14:36:00
0.00862574,0.00862574,0.00862574,0.00862574,1626066120,2021-07-12T05:02:00
0.00863036,0.00863036,0.00863036,0.00863036,1626055980,2021-07-12T02:13:00
0.00861333,0.00861333,0.00861333,0.00861333,1626051840,2021-07-12T01:04:00
0.00857812,0.00857812,0.00857812,0.00857812,1626051780,2021-07-12T01:03:00
0.00854019,0.00854019,0.00854019,0.00854019,1626051660,2021-07-12T01:01:00
0.00849951,0.00849951,0.00849951,0.00849951,1626051600,2021-07-12T01:00:00
0.00847558,0.00847558,0.00847558,0.00847558,1626038640,2021-07-11T21:24:00
0.00849227,0.00849227,0.00849227,0.00849227,1626034740,2021-07-11T20:19:00
0.00855163,0.00855163,0.00855163,0.00855163,1626031680,2021-07-11T19:28:00
0.00850054,0.00850054,0.00850054,0.00850054,1626026280,2021-07-11T17:58:00
0.00851362,0.00851362,0.00851362,0.00851362,1626025200,2021-07-11T17:40:00
0.00845832,0.00845832,0.00845832,0.00845832,1626012960,2021-07-11T14:16:00
0.00848088,0.00848088,0.00848088,0.00848088,1625996700,2021-07-11T09:45:00
0.00842327,0.00842327,0.00842327,0.00842327,1625994360,2021-07-11T09:06:00
0.00848967,0.00848967,0.00848967,0.00848967,1625992320,2021-07-11T08:32:00
0.00851008,0.00851008,0.00851008,0.00851008,1625991840,2021-07-11T08:24:00
0.00854122,0.00854122,0.00854122,0.00854122,1625986080,2021-07-11T06:48:00
0.00860751,0.00860751,0.00860751,0.00860751,1625970600,2021-07-11T02:30:00
0.00851644,0.00851644,0.00851644,0.00851644,1625964120,2021-07-11T00:42:00
0.0085724,0.0085724,0.0085724,0.0085724,1625958420,2021-07-10T23:07:00
0.00857526,0.00857526,0.00857526,0.00857526,1625954400,2021-07-10T22:00:00
0.00863245,0.00863245,0.00863245,0.00863245,1625943180,2021-07-10T18:53:00
0.00862754,0.00862754,0.00862754,0.00862754,1625943060,2021-07-10T18:51:00
0.00862176,0.00862176,0.00862176,0.00862176,1625942880,2021-07-10T18:48:00
0.00858096,0.00858096,0.00858096,0.00858096,1625937900,2021-07-10T17:25:00
0.00869501,0.00869501,0.00869501,0.00869501,1625928060,2021-07-10T14:41:00
0.00869975,0.00869975,0.00869975,0.00869975,1625921160,2021-07-10T12:46:00
0.00876535,0.00876535,0.00876535,0.00876535,1625908560,2021-07-10T09:16:00
0.00871849,0.00871849,0.00871849,0.00871849,1625900580,2021-07-10T07:03:00
0.00885647,0.00885647,0.00885647,0.00885647,1625874840,2021-07-09T23:54:00
0.00884734,0.00884734,0.00884734,0.00884734,1625872440,2021-07-09T23:14:00
0.00890897,0.00890897,0.00890897,0.00890897,1625871540,2021-07-09T22:59:00
0.00886362,0.00886362,0.00886362,0.00886362,1625871480,2021-07-09T22:58:00
0.00883549,0.00883549,0.00883549,0.00883549,1625871420,2021-07-09T22:57:00
0.00867706,0.00867706,0.00867706,0.00867706,1625818920,2021-07-09T08:22:00
0.00878649,0.00878649,0.00878649,0.00878649,1625816220,2021-07-09T07:37:00
0.00880971,0.00880971,0.00880971,0.00880971,1625814480,2021-07-09T07:08:00
0.00870264,0.00870264,0.00870264,0.00870264,1625798220,2021-07-09T02:37:00
0.00868713,0.00868713,0.00868713,0.00868713,1625782680,2021-07-08T22:18:00
0.00881904,0.00881904,0.00881904,0.00881904,1625769300,2021-07-08T18:35:00
0.00881101,0.00881101,0.00881101,0.00881101,1625754120,2021-07-08T14:22:00
0.0088756,0.0088756,0.0088756,0.0088756,1625751180,2021-07-08T13:33:00
0.0089526,0.0089526,0.0089526,0.0089526,1625733120,2021-07-08T08:32:00
0.00924753,0.00924753,0.00924753,0.00924753,1625723340,2021-07-08T05:49:00
0.00925979,0.00925979,0.00925979,0.00925979,1625717040,2021-07-08T04:04:00
0.00941824,0.00941824,0.00941824,0.00941824,1625709000,2021-07-08T01:50:00
0.0095797,0.0095797,0.0095797,0.0095797,1625700060,2021-07-07T23:21:00
0.0096325,0.0096325,0.0096325,0.0096325,1625699280,2021-07-07T23:08:00
0.00977233,0.00977233,0.00977233,0.00977233,1625689620,2021-07-07T20:27:00
0.00975265,0.00975265,0.00975265,0.00975265,1625689440,2021-07-07T20:24:00
0.00985526,0.00985526,0.00985526,0.00985526,1625688720,2021-07-07T20:12:00
0.00981056,0.00981056,0.00981056,0.00981056,1625686440,2021-07-07T19:34:00
0.00973027,0.00973027,0.00973027,0.00973027,1625685840,2021-07-07T19:24:00
0.00977525,0.00977525,0.00977525,0.00977525,1625685780,2021-07-07T19:23:00
0.00972693,0.00972693,0.00972693,0.00972693,1625683980,2021-07-07T18:53:00
0.00961406,0.00961406,0.00961406,0.00961406,1625680800,2021-07-07T18:00:00
0.00955266,0.00955266,0.00955266,0.00955266,1625671620,2021-07-07T15:27:00
0.00963663,0.00963663,0.00963663,0.00963663,1625644860,2021-07-07T08:01:00
0.00961488,0.00961488,0.00961488,0.00961488,1625642100,2021-07-07T07:15:00
0.00935011,0.00935011,0.00935011,0.00935011,1625624460,2021-07-07T02:21:00
0.00939342,0.00939342,0.00939342,0.00939342,1625616300,2021-07-07T00:05:00
0.00942594,0.00942594,0.00942594,0.00942594,1625616180,2021-07-07T00:03:00
0.00951871,0.00951871,0.00951871,0.00951871,1625613540,2021-07-06T23:19:00
0.00954902,0.00954902,0.00954902,0.00954902,1625609700,2021-07-06T22:15:00
0.0096123,0.0096123,0.0096123,0.0096123,1625600940,2021-07-06T19:49:00
0.00951088,0.00951088,0.00951088,0.00951088,1625588940,2021-07-06T16:29:00
0.00958585,0.00958585,0.00958585,0.00958585,1625579280,2021-07-06T13:48:00
0.00949874,0.00949874,0.00949874,0.00949874,1625572320,2021-07-06T11:52:00
0.00970177,0.00970177,0.00970177,0.00970177,1625556180,2021-07-06T07:23:00
0.00965288,0.00965288,0.00965288,0.00965288,1625556000,2021-07-06T07:20:00
0.00968519,0.00968519,0.00968519,0.00968519,1625550060,2021-07-06T05:41:00
0.00932877,0.00932877,0.00932877,0.00932877,1625541780,2021-07-06T03:23:00
0.00936412,0.00936412,0.00936412,0.00936412,1625537040,2021-07-06T02:04:00
0.00938004,0.00938004,0.00938004,0.00938004,1625520000,2021-07-05T21:20:00
0.00930912,0.00930912,0.00926542,0.00926542,1625517600,2021-07-05T20:40:00
0.00936159,0.00936159,0.00936159,0.00936159,1625517540,2021-07-05T20:39:00
0.00945209,0.00945209,0.00945209,0.00945209,1625517120,2021-07-05T20:32:00
0.0093943,0.0093943,0.0093943,0.0093943,1625517060,2021-07-05T20:31:00
0.00931573,0.00940158,0.00931573,0.00940158,1625517000,2021-07-05T20:30:00
0.0093013,0.0093013,0.0093013,0.0093013,1625515260,2021-07-05T20:01:00
0.00931731,0.00931947,0.00931731,0.00931947,1625514360,2021-07-05T19:46:00
0.00918023,0.00918023,0.00918023,0.00918023,1625513640,2021-07-05T19:34:00
0.00909118,0.00909118,0.00909118,0.00909118,1625512560,2021-07-05T19:16:00
0.00898283,0.00898283,0.00898283,0.00898283,1625511840,2021-07-05T19:04:00
0.00900677,0.00900677,0.00900677,0.00900677,1625511300,2021-07-05T18:55:00
0.0089191,0.0089191,0.0089191,0.0089191,1625511000,2021-07-05T18:50:00
0.00896861,0.00896861,0.00896861,0.00896861,1625510940,2021-07-05T18:49:00
0.00894497,0.00894497,0.00894497,0.00894497,1625510820,2021-07-05T18:47:00
0.00890957,0.00890957,0.00890957,0.00890957,1625510700,2021-07-05T18:45:00
0.00865358,0.00865358,0.00865358,0.00865358,1625507280,2021-07-05T17:48:00
0.00882082,0.00882082,0.00882082,0.00882082,1625496060,2021-07-05T14:41:00
0.00902751,0.00902751,0.00902751,0.00902751,1625479320,2021-07-05T10:02:00
0.00902709,0.00902709,0.00902709,0.00902709,1625478000,2021-07-05T09:40:00
0.00899402,0.00899402,0.00899402,0.00899402,1625464320,2021-07-05T05:52:00
0.00892824,0.00895934,0.00892824,0.00895934,1625458620,2021-07-05T04:17:00
0.00901538,0.00901538,0.00901538,0.00901538,1625458380,2021-07-05T04:13:00
0.00911692,0.00911692,0.00911692,0.00911692,1625451900,2021-07-05T02:25:00
0.00911127,0.00911127,0.00911127,0.00911127,1625449800,2021-07-05T01:50:00
0.00921191,0.00921191,0.00921191,0.00921191,1625447100,2021-07-05T01:05:00
0.00946048,0.00946048,0.00946048,0.00946048,1625438640,2021-07-04T22:44:00
0.009469,0.009469,0.009469,0.009469,1625435400,2021-07-04T21:50:00
0.00950969,0.00950969,0.00950969,0.00950969,1625432520,2021-07-04T21:02:00
0.00943182,0.00943182,0.00943182,0.00943182,1625424900,2021-07-04T18:55:00
0.00948973,0.00948973,0.00948973,0.00948973,1625423400,2021-07-04T18:30:00
0.00946073,0.00946073,0.00946073,0.00946073,1625423340,2021-07-04T18:29:00
0.00952131,0.00952131,0.00952131,0.00952131,1625421660,2021-07-04T18:01:00
0.00951972,0.00951972,0.00951972,0.00951972,1625420580,2021-07-04T17:43:00
0.00952809,0.00952809,0.00952809,0.00952809,1625419980,2021-07-04T17:33:00
0.00955594,0.00955594,0.00955594,0.00955594,1625419080,2021-07-04T17:18:00
0.00951437,0.00951437,0.00951437,0.00951437,1625418960,2021-07-04T17:16:00
0.00945528,0.00945528,0.00945528,0.00945528,1625416740,2021-07-04T16:39:00
0.00949231,0.00949231,0.00949231,0.00949231,1625416140,2021-07-04T16:29:00
0.00995496,0.00995496,0.00995496,0.00995496,1625415960,2021-07-04T16:26:00
0.00986977,0.00986977,0.00986977,0.00986977,1625414220,2021-07-04T15:57:00
0.00977682,0.00977682,0.00977682,0.00977682,1625413560,2021-07-04T15:46:00
0.00982581,0.00982581,0.00982581,0.00982581,1625412540,2021-07-04T15:29:00
0.0097818,0.0097818,0.0097818,0.0097818,1625411820,2021-07-04T15:17:00
0.00973323,0.00973323,0.00973323,0.00973323,1625411520,2021-07-04T15:12:00
0.00979939,0.00979939,0.00979939,0.00979939,1625411040,2021-07-04T15:04:00
0.00975469,0.00975469,0.00975469,0.00975469,1625410860,2021-07-04T15:01:00
0.00974501,0.00974501,0.00974501,0.00974501,1625410740,2021-07-04T14:59:00
0.00968562,0.00968562,0.00968562,0.00968562,1625410260,2021-07-04T14:51:00
0.00963892,0.00963892,0.00959829,0.00959829,1625410080,2021-07-04T14:48:00
0.00960377,0.00960377,0.00960377,0.00960377,1625409960,2021-07-04T14:46:00
0.00956973,0.00956973,0.00956973,0.00956973,1625409900,2021-07-04T14:45:00
0.00953146,0.00953146,0.00953146,0.00953146,1625409840,2021-07-04T14:44:00
0.00947201,0.00947201,0.00947201,0.00947201,1625409720,2021-07-04T14:42:00
0.00958569,0.00958569,0.00945589,0.00945589,1625409360,2021-07-04T14:36:00
0.00951945,0.00954544,0.00939194,0.00954544,1625409240,2021-07-04T14:34:00
0.00921002,0.00931451,0.00921002,0.00930082,1625409120,2021-07-04T14:32:00
0.00915771,0.00915771,0.00915771,0.00915771,1625409060,2021-07-04T14:31:00
0.0091306,0.0091306,0.0091306,0.0091306,1625402280,2021-07-04T12:38:00
0.0091728,0.0091728,0.0091728,0.0091728,1625401920,2021-07-04T12:32:00
0.00910992,0.00910992,0.00910992,0.00910992,1625399400,2021-07-04T11:50:00
0.0090939,0.0090939,0.0090939,0.0090939,1625398440,2021-07-04T11:34:00
0.00904144,0.00904144,0.00904144,0.00904144,1625382660,2021-07-04T07:11:00
0.00895239,0.00895239,0.00895239,0.00895239,1625381280,2021-07-04T06:48:00
0.00896953,0.00896953,0.00896953,0.00896953,1625379900,2021-07-04T06:25:00
0.00870887,0.00870887,0.00870887,0.00870887,1625372940,2021-07-04T04:29:00
0.00866786,0.00866786,0.00866786,0.00866786,1625362860,2021-07-04T01:41:00
0.00870367,0.00870367,0.00870367,0.00870367,1625358180,2021-07-04T00:23:00
0.00870769,0.00870769,0.00870769,0.00870769,1625348880,2021-07-03T21:48:00
0.00875527,0.00875527,0.00875527,0.00875527,1625347320,2021-07-03T21:22:00
0.00887308,0.00887308,0.00887308,0.00887308,1625346960,2021-07-03T21:16:00
0.00884563,0.00884563,0.00881827,0.00881827,1625346840,2021-07-03T21:14:00
0.00861306,0.00866104,0.00861306,0.00866104,1625346780,2021-07-03T21:13:00
0.0084489,0.0084489,0.0084489,0.0084489,1625346540,2021-07-03T21:09:00
0.00821174,0.00821174,0.00821174,0.00821174,1625338740,2021-07-03T18:59:00
0.00824016,0.00824016,0.00824016,0.00824016,1625337600,2021-07-03T18:40:00
0.00822893,0.00822893,0.00822893,0.00822893,1625318580,2021-07-03T13:23:00
0.00817616,0.00817616,0.00817616,0.00817616,1625312700,2021-07-03T11:45:00
0.00824522,0.00824522,0.00824522,0.00824522,1625309880,2021-07-03T10:58:00
0.00829206,0.00829206,0.00829206,0.00829206,1625308620,2021-07-03T10:37:00
0.00818558,0.00818558,0.00818558,0.00818558,1625299200,2021-07-03T08:00:00
0.00800315,0.00800315,0.00800315,0.00800315,1625296080,2021-07-03T07:08:00
0.00807716,0.00807716,0.00807716,0.00807716,1625295060,2021-07-03T06:51:00
0.00812386,0.00812386,0.00812386,0.00812386,1625282280,2021-07-03T03:18:00
0.00812331,0.00812331,0.00812331,0.00812331,1625281440,2021-07-03T03:04:00
0.00815525,0.00815525,0.00814998,0.00814998,1625277540,2021-07-03T01:59:00
0.00826027,0.00826027,0.00826027,0.00826027,1625273400,2021-07-03T00:50:00
0.00838921,0.00838921,0.00838921,0.00838921,1625267580,2021-07-02T23:13:00
0.00836796,0.00836796,0.00836796,0.00836796,1625267340,2021-07-02T23:09:00
0.00829136,0.00829136,0.00829136,0.00829136,1625266140,2021-07-02T22:49:00
0.00819889,0.00819889,0.00819889,0.00819889,1625265060,2021-07-02T22:31:00
0.00816535,0.00816535,0.00816535,0.00816535,1625262120,2021-07-02T21:42:00
0.00813022,0.00813022,0.00813022,0.00813022,1625261400,2021-07-02T21:30:00
0.00812611,0.00812611,0.00812611,0.00812611,1625260200,2021-07-02T21:10:00
0.00814891,0.00814891,0.00814891,0.00814891,1625256360,2021-07-02T20:06:00
0.00816353,0.00816353,0.00816353,0.00816353,1625256300,2021-07-02T20:05:00
0.00820377,0.00820377,0.00818825,0.00818825,1625256180,2021-07-02T20:03:00
0.00811894,0.00811894,0.00811894,0.00811894,1625254860,2021-07-02T19:41:00
0.00810592,0.00810592,0.00810592,0.00810592,1625252880,2021-07-02T19:08:00
0.00804862,0.00804862,0.00804862,0.00804862,1625250600,2021-07-02T18:30:00
0.00806123,0.00806123,0.00806123,0.00806123,1625250420,2021-07-02T18:27:00
0.00810423,0.00810423,0.00810423,0.00810423,1625250360,2021-07-02T18:26:00
0.00806543,0.00806543,0.00806543,0.00806543,1625241060,2021-07-02T15:51:00
0.00801119,0.00801119,0.00801119,0.00801119,1625240940,2021-07-02T15:49:00
0.00786202,0.00786202,0.00786202,0.00786202,1625235840,2021-07-02T14:24:00
0.00780094,0.00780094,0.00780094,0.00780094,1625235240,2021-07-02T14:14:00
0.00777586,0.00777586,0.00773865,0.00773865,1625229600,2021-07-02T12:40:00
0.00774435,0.00774435,0.00774435,0.00774435,1625229120,2021-07-02T12:32:00
0.00772187,0.00772187,0.00772187,0.00772187,1625226300,2021-07-02T11:45:00
0.00771905,0.00771905,0.00771905,0.00771905,1625224920,2021-07-02T11:22:00
0.00775319,0.00775319,0.00775319,0.00775319,1625223960,2021-07-02T11:06:00
0.00767915,0.00770315,0.00764303,0.00770315,1625222580,2021-07-02T10:43:00
0.00762641,0.00765666,0.00762641,0.00765666,1625222520,2021-07-02T10:42:00
0.00756524,0.00756524,0.00756524,0.00756524,1625222280,2021-07-02T10:38:00
0.00768906,0.00768906,0.00768906,0.00768906,1625219520,2021-07-02T09:52:00
0.00768564,0.00768564,0.00768564,0.00768564,1625218440,2021-07-02T09:34:00
0.00771318,0.00771318,0.00771318,0.00771318,1625215620,2021-07-02T08:47:00
0.00777419,0.00777419,0.00777419,0.00777419,1625215320,2021-07-02T08:42:00
0.00766207,0.00766207,0.00762681,0.00762681,1625202420,2021-07-02T05:07:00
0.00762654,0.00762654,0.00762654,0.00762654,1625202180,2021-07-02T05:03:00
0.0075521,0.0075521,0.0075521,0.0075521,1625198100,2021-07-02T03:55:00
0.00753517,0.00753517,0.00753517,0.00753517,1625197860,2021-07-02T03:51:00
0.0076822,0.0076822,0.0076822,0.0076822,1625192460,2021-07-02T02:21:00
0.00764907,0.00764907,0.00764907,0.00764907,1625191680,2021-07-02T02:08:00
0.00769495,0.00769495,0.00769495,0.00769495,1625184180,2021-07-02T00:03:00
0.00779345,0.00779345,0.00779345,0.00779345,1625180340,2021-07-01T22:59:00
0.00785261,0.00785261,0.00785261,0.00785261,1625176260,2021-07-01T21:51:00
0.00791892,0.00791892,0.00791892,0.00791892,1625176020,2021-07-01T21:47:00
0.00788784,0.00788784,0.00788784,0.00788784,1625175960,2021-07-01T21:46:00
0.0078262,0.0078262,0.0078262,0.0078262,1625175840,2021-07-01T21:44:00
0.00773162,0.00773162,0.00773162,0.00773162,1625175720,2021-07-01T21:42:00
0.00769124,0.00769124,0.00769124,0.00769124,1625175600,2021-07-01T21:40:00
0.00763571,0.00763571,0.00763571,0.00763571,1625173380,2021-07-01T21:03:00
0.00782279,0.00782279,0.00782279,0.00782279,1625172600,2021-07-01T20:50:00
0.00787189,0.00790685,0.00782984,0.00790685,1625172420,2021-07-01T20:47:00
0.00792965,0.00792965,0.00792965,0.00792965,1625172240,2021-07-01T20:44:00
0.0076817,0.0076817,0.0076817,0.0076817,1625172060,2021-07-01T20:41:00
0.00763777,0.00763777,0.00763777,0.00763777,1625172000,2021-07-01T20:40:00
0.00751678,0.00751678,0.00750604,0.00750604,1625171940,2021-07-01T20:39:00
0.0073044,0.00749512,0.0073044,0.00749512,1625171820,2021-07-01T20:37:00
0.00725411,0.00725411,0.00725411,0.00725411,1625171760,2021-07-01T20:36:00
0.00723748,0.00723748,0.00723748,0.00723748,1625171580,2021-07-01T20:33:00
0.00723369,0.00723369,0.00723369,0.00723369,1625171520,2021-07-01T20:32:00
0.00715627,0.00715627,0.00715627,0.00715627,1625171400,2021-07-01T20:30:00
0.00719368,0.00719368,0.00719368,0.00719368,1625171340,2021-07-01T20:29:00
0.00711482,0.00711482,0.00711482,0.00711482,1625171280,2021-07-01T20:28:00
0.00692258,0.00692258,0.00692258,0.00692258,1625169120,2021-07-01T19:52:00
0.00699794,0.00699794,0.00699794,0.00699794,1625167260,2021-07-01T19:21:00
0.00693607,0.00693607,0.00693607,0.00693607,1625160000,2021-07-01T17:20:00
0.00697349,0.00697349,0.00697349,0.00697349,1625155200,2021-07-01T16:00:00
0.0069861,0.0069861,0.0069861,0.0069861,1625151840,2021-07-01T15:04:00
0.0069343,0.0069343,0.0069343,0.0069343,1625149320,2021-07-01T14:22:00
0.00695798,0.00695798,0.00695798,0.00695798,1625147280,2021-07-01T13:48:00
0.00699587,0.00699587,0.00699587,0.00699587,1625146920,2021-07-01T13:42:00
0.00737507,0.00737507,0.00737507,0.00737507,1625120040,2021-07-01T06:14:00
0.00734081,0.00734081,0.00734081,0.00734081,1625119320,2021-07-01T06:02:00
0.00733284,0.00733284,0.00733284,0.00733284,1625119020,2021-07-01T05:57:00
0.00732249,0.00732249,0.00732249,0.00732249,1625118780,2021-07-01T05:53:00
0.00698648,0.00698648,0.00698648,0.00698648,1625070720,2021-06-30T16:32:00
0.00702487,0.00702487,0.00702487,0.00702487,1625060520,2021-06-30T13:42:00
0.00697402,0.00697402,0.00697402,0.00697402,1625048880,2021-06-30T10:28:00
0.00701337,0.00701337,0.00701337,0.00701337,1625032860,2021-06-30T06:01:00
0.00723018,0.00723018,0.00723018,0.00723018,1625002560,2021-06-29T21:36:00
0.00723125,0.00723125,0.00723125,0.00723125,1624997340,2021-06-29T20:09:00
0.00723906,0.00723906,0.00723906,0.00723906,1624993800,2021-06-29T19:10:00
0.00722476,0.00722476,0.00722476,0.00722476,1624992000,2021-06-29T18:40:00
0.00730823,0.00730823,0.00730823,0.00730823,1624990920,2021-06-29T18:22:00
0.00725422,0.00725422,0.00725422,0.00725422,1624984680,2021-06-29T16:38:00
0.00729815,0.00729815,0.00729815,0.00729815,1624983960,2021-06-29T16:26:00
0.00721432,0.00721432,0.00721432,0.00721432,1624969500,2021-06-29T12:25:00
0.00709355,0.00709355,0.00709355,0.00709355,1624962120,2021-06-29T10:22:00
0.00705641,0.00705641,0.00705641,0.00705641,1624961580,2021-06-29T10:13:00
0.0070028,0.0070028,0.0070028,0.0070028,1624956780,2021-06-29T08:53:00
0.00691603,0.00691603,0.00691603,0.00691603,1624947120,2021-06-29T06:12:00
0.00693922,0.00693922,0.00693922,0.00693922,1624944480,2021-06-29T05:28:00
0.00695011,0.00695011,0.00695011,0.00695011,1624943580,2021-06-29T05:13:00
0.00701654,0.00701654,0.00701654,0.00701654,1624942740,2021-06-29T04:59:00
0.00704375,0.00704375,0.00704375,0.00704375,1624941960,2021-06-29T04:46:00
0.00707434,0.00707434,0.00707434,0.00707434,1624941540,2021-06-29T04:39:00
0.00711444,0.00711444,0.00706129,0.00706129,1624941180,2021-06-29T04:33:00
0.00708933,0.00708933,0.00708933,0.00708933,1624940580,2021-06-29T04:23:00
0.00709474,0.00709474,0.00709474,0.00709474,1624937940,2021-06-29T03:39:00
0.00711273,0.00711273,0.00711273,0.00711273,1624936320,2021-06-29T03:12:00
0.00714119,0.00714119,0.00714119,0.00714119,1624933740,2021-06-29T02:29:00
0.00719571,0.00719571,0.00719571,0.00719571,1624930500,2021-06-29T01:35:00
0.00707044,0.00707044,0.00707044,0.00707044,1624923000,2021-06-28T23:30:00
0.0070609,0.0070609,0.0070609,0.0070609,1624922940,2021-06-28T23:29:00
0.00722481,0.00722481,0.00719419,0.00719419,1624915320,2021-06-28T21:22:00
0.00716925,0.00716925,0.00716925,0.00716925,1624902180,2021-06-28T17:43:00
0.00730232,0.00730232,0.00730232,0.00730232,1624896000,2021-06-28T16:00:00
0.00719996,0.00719996,0.00719996,0.00719996,1624893120,2021-06-28T15:12:00
0.00707067,0.00707067,0.00707067,0.00707067,1624890360,2021-06-28T14:26:00
0.00698011,0.00698011,0.00698011,0.00698011,1624879440,2021-06-28T11:24:00
0.00701761,0.00701761,0.00701761,0.00701761,1624878000,2021-06-28T11:00:00
0.007086,0.007086,0.007086,0.007086,1624874940,2021-06-28T10:09:00
0.00718098,0.00718098,0.00718098,0.00718098,1624874100,2021-06-28T09:55:00
0.00721271,0.00721271,0.00721271,0.00721271,1624869420,2021-06-28T08:37:00
0.00695586,0.00695586,0.00695586,0.00695586,1624862640,2021-06-28T06:44:00
0.00700552,0.00700552,0.00700552,0.00700552,1624860600,2021-06-28T06:10:00
0.00701929,0.00701929,0.00701929,0.00701929,1624860240,2021-06-28T06:04:00
0.00707517,0.00707517,0.00707517,0.00707517,1624858620,2021-06-28T05:37:00
0.00711264,0.00711264,0.00711264,0.00711264,1624858020,2021-06-28T05:27:00
0.00712679,0.00712679,0.00712679,0.00712679,1624856760,2021-06-28T05:06:00
0.00715333,0.00715333,0.00715333,0.00715333,1624856340,2021-06-28T04:59:00
0.00717617,0.0072094,0.00717617,0.0072094,1624855920,2021-06-28T04:52:00
0.00722068,0.00722068,0.00722068,0.00722068,1624855140,2021-06-28T04:39:00
0.00730231,0.00730231,0.00730231,0.00730231,1624853940,2021-06-28T04:19:00
0.00735028,0.00735918,0.00735028,0.00735918,1624853580,2021-06-28T04:13:00
0.00739552,0.00739552,0.00739552,0.00739552,1624848840,2021-06-28T02:54:00
0.00747284,0.00747284,0.00747284,0.00747284,1624842720,2021-06-28T01:12:00
0.00746477,0.00746477,0.00746477,0.00746477,1624842600,2021-06-28T01:10:00
0.00742956,0.00742956,0.00742956,0.00742956,1624838460,2021-06-28T00:01:00
0.00733973,0.00733973,0.00733973,0.00733973,1624837020,2021-06-27T23:37:00
0.00729583,0.00729583,0.00729583,0.00729583,1624833180,2021-06-27T22:33:00
0.00695604,0.00695604,0.00695604,0.00695604,1624805040,2021-06-27T14:44:00
0.00711193,0.00711193,0.00711193,0.00711193,1624780500,2021-06-27T07:55:00
0.00714326,0.00714326,0.00714326,0.00714326,1624768500,2021-06-27T04:35:00
0.0071494,0.0071494,0.0071494,0.0071494,1624766880,2021-06-27T04:08:00
0.00706236,0.00706236,0.00706236,0.00706236,1624757580,2021-06-27T01:33:00
0.00669056,0.00669056,0.00669056,0.00669056,1624739100,2021-06-26T20:25:00
0.0067169,0.00676662,0.0067169,0.00676662,1624738380,2021-06-26T20:13:00
0.00671364,0.00676261,0.00671364,0.00676261,1624738260,2021-06-26T20:11:00
0.00666407,0.00666407,0.00666407,0.00666407,1624738200,2021-06-26T20:10:00
0.00671109,0.00671109,0.00671109,0.00671109,1624734900,2021-06-26T19:15:00
0.00654917,0.00654917,0.00654917,0.00654917,1624718040,2021-06-26T14:34:00
0.00656486,0.00656486,0.00656486,0.00656486,1624717920,2021-06-26T14:32:00
0.00667801,0.00667801,0.00667801,0.00667801,1624705380,2021-06-26T11:03:00
0.0066929,0.0066929,0.0066929,0.0066929,1624703340,2021-06-26T10:29:00
0.00658185,0.00658185,0.00658185,0.00658185,1624695840,2021-06-26T08:24:00
0.00663229,0.00663229,0.00663229,0.00663229,1624693260,2021-06-26T07:41:00
0.00695123,0.00695123,0.00695123,0.00695123,1624689660,2021-06-26T06:41:00
0.00694133,0.00694133,0.00694133,0.00694133,1624686660,2021-06-26T05:51:00
0.00691138,0.00691138,0.00691138,0.00691138,1624686120,2021-06-26T05:42:00
0.00691913,0.00691913,0.00689205,0.00689205,1624686060,2021-06-26T05:41:00
0.00704698,0.00704698,0.00704698,0.00704698,1624685880,2021-06-26T05:38:00
0.00697757,0.00697757,0.00697757,0.00697757,1624677540,2021-06-26T03:19:00
0.00696982,0.00696982,0.00696982,0.00696982,1624676280,2021-06-26T02:58:00
0.00691968,0.00691968,0.00691968,0.00691968,1624676220,2021-06-26T02:57:00
0.00692462,0.00692462,0.00692462,0.00692462,1624672740,2021-06-26T01:59:00
0.00692701,0.00692701,0.00692701,0.00692701,1624670100,2021-06-26T01:15:00
0.00702609,0.00702609,0.00702609,0.00702609,1624660800,2021-06-25T22:40:00
0.00708316,0.00708316,0.00708316,0.00708316,1624660140,2021-06-25T22:29:00
0.00712982,0.00712982,0.00712982,0.00712982,1624655100,2021-06-25T21:05:00
0.00705044,0.00705044,0.00705044,0.00705044,1624649640,2021-06-25T19:34:00
0.00709531,0.00709531,0.00709531,0.00709531,1624649520,2021-06-25T19:32:00
0.00702257,0.00702257,0.00702257,0.00702257,1624646640,2021-06-25T18:44:00
0.00705583,0.00705583,0.00705583,0.00705583,1624646280,2021-06-25T18:38:00
0.00682747,0.00682747,0.00682747,0.00682747,1624638300,2021-06-25T16:25:00
0.00690816,0.00690816,0.00690816,0.00690816,1624636440,2021-06-25T15:54:00
0.00682665,0.00682665,0.00682665,0.00682665,1624634940,2021-06-25T15:29:00
0.00684679,0.00684679,0.00684679,0.00684679,1624632420,2021-06-25T14:47:00
0.00710002,0.00710002,0.00710002,0.00710002,1624618560,2021-06-25T10:56:00
0.00723971,0.00723971,0.00723971,0.00723971,1624614420,2021-06-25T09:47:00
0.00728525,0.00728525,0.00728525,0.00728525,1624611540,2021-06-25T08:59:00
0.00725526,0.00725526,0.00725526,0.00725526,1624610400,2021-06-25T08:40:00
0.00723705,0.00723705,0.00723705,0.00723705,1624609260,2021-06-25T08:21:00
0.00727383,0.00727383,0.00727383,0.00727383,1624607160,2021-06-25T07:46:00
0.00738916,0.00738916,0.00738916,0.00738916,1624601640,2021-06-25T06:14:00
0.00736575,0.00736575,0.00736575,0.00736575,1624599780,2021-06-25T05:43:00
0.00738258,0.00738258,0.00738258,0.00738258,1624599720,2021-06-25T05:42:00
0.00757407,0.00757407,0.00757407,0.00757407,1624593840,2021-06-25T04:04:00
0.00760148,0.00760148,0.00760148,0.00760148,1624591440,2021-06-25T03:24:00
0.00750765,0.00750765,0.00750765,0.00750765,1624585860,2021-06-25T01:51:00
0.00750341,0.00750341,0.00750341,0.00750341,1624585740,2021-06-25T01:49:00
0.0075368,0.0075368,0.0075368,0.0075368,1624578000,2021-06-24T23:40:00
0.00751736,0.00751736,0.00751736,0.00751736,1624574220,2021-06-24T22:37:00
0.00753466,0.00753466,0.00753466,0.00753466,1624573680,2021-06-24T22:28:00
0.00756297,0.00756297,0.00756297,0.00756297,1624571100,2021-06-24T21:45:00
0.00760356,0.00760356,0.00760356,0.00760356,1624559220,2021-06-24T18:27:00
0.00764092,0.00764092,0.00764092,0.00764092,1624555620,2021-06-24T17:27:00
0.00765497,0.00765497,0.00765497,0.00765497,1624555560,2021-06-24T17:26:00
0.00768128,0.00768128,0.00768128,0.00768128,1624554000,2021-06-24T17:00:00
0.00756412,0.00756412,0.00756412,0.00756412,1624551360,2021-06-24T16:16:00
0.00755016,0.00755016,0.00755016,0.00755016,1624551300,2021-06-24T16:15:00
0.00752466,0.00752466,0.00752466,0.00752466,1624551180,2021-06-24T16:13:00
0.00762094,0.00762094,0.00762094,0.00762094,1624549980,2021-06-24T15:53:00
0.0076047,0.0076047,0.0076047,0.0076047,1624543980,2021-06-24T14:13:00
0.00758313,0.00758313,0.00758313,0.00758313,1624543860,2021-06-24T14:11:00
0.00758339,0.00758339,0.00758339,0.00758339,1624541280,2021-06-24T13:28:00
0.00757779,0.00757779,0.00757779,0.00757779,1624540920,2021-06-24T13:22:00
0.00748586,0.00748586,0.00748586,0.00748586,1624528980,2021-06-24T10:03:00
0.00738524,0.00738524,0.00738524,0.00738524,1624522680,2021-06-24T08:18:00
0.00741425,0.00741425,0.00741425,0.00741425,1624521480,2021-06-24T07:58:00
0.00738901,0.00738901,0.00738901,0.00738901,1624515060,2021-06-24T06:11:00
0.00738106,0.00738106,0.00738106,0.00738106,1624515000,2021-06-24T06:10:00
0.00737174,0.00737174,0.00737174,0.00737174,1624506660,2021-06-24T03:51:00
0.00731205,0.00731205,0.00731205,0.00731205,1624502580,2021-06-24T02:43:00
0.00738353,0.00738353,0.00738353,0.00738353,1624501920,2021-06-24T02:32:00
0.00752765,0.00752765,0.00752765,0.00752765,1624497960,2021-06-24T01:26:00
0.00751782,0.00751782,0.00751782,0.00751782,1624497420,2021-06-24T01:17:00
0.00748039,0.00748039,0.00748039,0.00748039,1624496640,2021-06-24T01:04:00
0.00759303,0.00759303,0.00759303,0.00759303,1624494780,2021-06-24T00:33:00
0.00754544,0.00754544,0.00754544,0.00754544,1624493040,2021-06-24T00:04:00
0.00767355,0.00767355,0.00767355,0.00767355,1624492500,2021-06-23T23:55:00
0.00766601,0.00766601,0.00766601,0.00766601,1624487040,2021-06-23T22:24:00
0.00760235,0.00760235,0.00760235,0.00760235,1624486020,2021-06-23T22:07:00
0.0076415,0.0076415,0.0076415,0.0076415,1624484760,2021-06-23T21:46:00
0.0076036,0.0076036,0.0076036,0.0076036,1624481280,2021-06-23T20:48:00
0.00754207,0.00754207,0.00754207,0.00754207,1624479420,2021-06-23T20:17:00
0.00758345,0.00758345,0.00758345,0.00758345,1624478280,2021-06-23T19:58:00
0.00757171,0.00757171,0.00757171,0.00757171,1624477980,2021-06-23T19:53:00
0.00763493,0.00763493,0.00763493,0.00763493,1624477620,2021-06-23T19:47:00
0.00765873,0.00765873,0.00765873,0.00765873,1624475100,2021-06-23T19:05:00
0.00768379,0.00768379,0.00768379,0.00768379,1624474980,2021-06-23T19:03:00
0.00766382,0.00766382,0.00766382,0.00766382,1624474680,2021-06-23T18:58:00
0.00775546,0.00775546,0.00775546,0.00775546,1624466400,2021-06-23T16:40:00
0.00774551,0.00774551,0.00771459,0.00771459,1624464660,2021-06-23T16:11:00
0.0075377,0.0075377,0.0075377,0.0075377,1624463280,2021-06-23T15:48:00
0.00770298,0.00770298,0.00770298,0.00770298,1624454940,2021-06-23T13:29:00
0.00774678,0.00774678,0.00774678,0.00774678,1624454820,2021-06-23T13:27:00
0.0075393,0.0075393,0.0075393,0.0075393,1624451280,2021-06-23T12:28:00
0.00747344,0.00747344,0.00747344,0.00747344,1624435860,2021-06-23T08:11:00
0.0075534,0.0075534,0.0075534,0.0075534,1624433700,2021-06-23T07:35:00
0.00758837,0.00758837,0.00758837,0.00758837,1624431000,2021-06-23T06:50:00
0.00752083,0.00752083,0.00752083,0.00752083,1624425780,2021-06-23T05:23:00
0.00755777,0.00755777,0.00755777,0.00755777,1624422240,2021-06-23T04:24:00
0.00759158,0.00760977,0.00759158,0.00760977,1624421460,2021-06-23T04:11:00
0.00743867,0.00743867,0.00743867,0.00743867,1624420320,2021-06-23T03:52:00
0.00743982,0.00743982,0.00743982,0.00743982,1624420080,2021-06-23T03:48:00
0.00715356,0.00715356,0.00715356,0.00715356,1624394340,2021-06-22T20:39:00
0.00703865,0.00703865,0.00703865,0.00703865,1624384560,2021-06-22T17:56:00
0.00691891,0.00691891,0.00691891,0.00691891,1624377540,2021-06-22T15:59:00
0.00643497,0.00643497,0.00643497,0.00643497,1624366440,2021-06-22T12:54:00
0.00673451,0.00673451,0.00673451,0.00673451,1624364580,2021-06-22T12:23:00
0.00688289,0.00688289,0.00688289,0.00688289,1624361280,2021-06-22T11:28:00
0.00690587,0.00690587,0.00690587,0.00690587,1624354440,2021-06-22T09:34:00
0.0069474,0.0069474,0.0069474,0.0069474,1624354320,2021-06-22T09:32:00
0.00700967,0.00700967,0.00700967,0.00700967,1624354140,2021-06-22T09:29:00
0.00690306,0.00690306,0.00690306,0.00690306,1624353960,2021-06-22T09:26:00
0.00692323,0.00696752,0.00692323,0.00696752,1624353600,2021-06-22T09:20:00
0.00694546,0.00694546,0.00694546,0.00694546,1624353480,2021-06-22T09:18:00
0.00685874,0.00685874,0.00685874,0.00685874,1624353300,2021-06-22T09:15:00
0.00702406,0.00702406,0.00702406,0.00702406,1624345800,2021-06-22T07:10:00
0.0070228,0.0070228,0.0070228,0.0070228,1624335120,2021-06-22T04:12:00
0.00697646,0.00697646,0.00697646,0.00697646,1624334040,2021-06-22T03:54:00
0.00685459,0.00685459,0.00685459,0.00685459,1624332360,2021-06-22T03:26:00
0.00689628,0.00689628,0.00689628,0.00689628,1624331100,2021-06-22T03:05:00
0.00690481,0.00690481,0.00690481,0.00690481,1624329840,2021-06-22T02:44:00
0.00693638,0.00697345,0.00693638,0.00697345,1624327560,2021-06-22T02:06:00
0.00692715,0.00692715,0.00692715,0.00692715,1624325100,2021-06-22T01:25:00
0.00671007,0.00671007,0.00671007,0.00671007,1624318140,2021-06-21T23:29:00
0.0066154,0.0066154,0.0066154,0.0066154,1624316160,2021-06-21T22:56:00
0.00669415,0.00669415,0.00669415,0.00669415,1624315560,2021-06-21T22:46:00
0.00672784,0.00672784,0.00672784,0.00672784,1624314900,2021-06-21T22:35:00
0.00688885,0.00688885,0.00688885,0.00688885,1624310460,2021-06-21T21:21:00
0.00692102,0.00692102,0.00692102,0.00692102,1624309680,2021-06-21T21:08:00
0.0069922,0.0069922,0.0069922,0.0069922,1624309560,2021-06-21T21:06:00
0.00697239,0.00697239,0.00697239,0.00697239,1624296300,2021-06-21T17:25:00
0.00702767,0.00702767,0.00702767,0.00702767,1624294260,2021-06-21T16:51:00
0.00723255,0.00723255,0.00723255,0.00723255,1624291320,2021-06-21T16:02:00
0.00733354,0.00733354,0.00733354,0.00733354,1624285560,2021-06-21T14:26:00
0.00710774,0.00710774,0.00710774,0.00710774,1624280640,2021-06-21T13:04:00
0.00712135,0.00712135,0.00712135,0.00712135,1624280580,2021-06-21T13:03:00
0.00712687,0.00712687,0.00712687,0.00712687,1624279860,2021-06-21T12:51:00
0.00707954,0.00707954,0.00707954,0.00707954,1624277820,2021-06-21T12:17:00
0.00697182,0.00697182,0.00697182,0.00697182,1624273800,2021-06-21T11:10:00
0.00734006,0.00734006,0.00734006,0.00734006,1624266180,2021-06-21T09:03:00
0.00742754,0.00742754,0.00742754,0.00742754,1624258680,2021-06-21T06:58:00
0.00739143,0.00739143,0.00739143,0.00739143,1624258320,2021-06-21T06:52:00
0.00751493,0.00751493,0.00751493,0.00751493,1624257660,2021-06-21T06:41:00
0.00753329,0.00757227,0.00753329,0.00757227,1624257180,2021-06-21T06:33:00
0.00772309,0.00772309,0.00772309,0.00772309,1624256760,2021-06-21T06:26:00
0.00772277,0.00772277,0.00772277,0.00772277,1624256400,2021-06-21T06:20:00
0.00773519,0.00773519,0.00773519,0.00773519,1624252500,2021-06-21T05:15:00
0.00796793,0.00796793,0.00796793,0.00796793,1624248360,2021-06-21T04:06:00
0.00836093,0.00836093,0.00836093,0.00836093,1624239480,2021-06-21T01:38:00
0.00846448,0.00846448,0.00846448,0.00846448,1624238040,2021-06-21T01:14:00
0.00854574,0.00854574,0.00854574,0.00854574,1624233720,2021-06-21T00:02:00
0.0084824,0.0084824,0.0084824,0.0084824,1624233480,2021-06-20T23:58:00
0.00855688,0.00855688,0.00855688,0.00855688,1624230720,2021-06-20T23:12:00
0.00849968,0.00849968,0.00849968,0.00849968,1624223880,2021-06-20T21:18:00
0.00850094,0.00850094,0.00850094,0.00850094,1624223580,2021-06-20T21:13:00
0.00828103,0.00828103,0.00828103,0.00828103,1624217820,2021-06-20T19:37:00
0.00819396,0.00819396,0.00819396,0.00819396,1624217040,2021-06-20T19:24:00
0.0081047,0.0081047,0.00806452,0.00806452,1624213620,2021-06-20T18:27:00
0.00820481,0.00820481,0.00820481,0.00820481,1624212900,2021-06-20T18:15:00
0.00822489,0.00822489,0.00822489,0.00822489,1624212540,2021-06-20T18:09:00
0.00829022,0.00829022,0.00829022,0.00829022,1624212480,2021-06-20T18:08:00
0.00808262,0.00808262,0.00808262,0.00808262,1624212360,2021-06-20T18:06:00
0.00807633,0.00807633,0.00807633,0.00807633,1624212180,2021-06-20T18:03:00
0.00799346,0.00799346,0.00799346,0.00799346,1624208880,2021-06-20T17:08:00
0.00797869,0.00797869,0.00797869,0.00797869,1624203960,2021-06-20T15:46:00
0.00803378,0.00803378,0.00803378,0.00803378,1624202580,2021-06-20T15:23:00
0.00796411,0.00796411,0.00796411,0.00796411,1624200720,2021-06-20T14:52:00
0.00793702,0.00793702,0.00793702,0.00793702,1624200480,2021-06-20T14:48:00
0.00787057,0.00787057,0.00787057,0.00787057,1624196040,2021-06-20T13:34:00
0.00828285,0.00828285,0.00828285,0.00828285,1624178760,2021-06-20T08:46:00
0.00840382,0.00840382,0.00840382,0.00840382,1624177740,2021-06-20T08:29:00
0.0084115,0.0084115,0.0084115,0.0084115,1624174200,2021-06-20T07:30:00
0.00843502,0.00843502,0.00843502,0.00843502,1624171260,2021-06-20T06:41:00
0.00840786,0.00840786,0.00840786,0.00840786,1624168980,2021-06-20T06:03:00
0.00845232,0.00845232,0.00845232,0.00845232,1624168440,2021-06-20T05:54:00
0.0084417,0.0084417,0.0084417,0.0084417,1624167900,2021-06-20T05:45:00
0.00871652,0.00871652,0.00871652,0.00871652,1624167300,2021-06-20T05:35:00
0.00841568,0.00841568,0.00841568,0.00841568,1624165680,2021-06-20T05:08:00
0.00837159,0.00837159,0.00837159,0.00837159,1624165260,2021-06-20T05:01:00
0.0083773,0.0083773,0.0083773,0.0083773,1624165200,2021-06-20T05:00:00
0.00831218,0.00831218,0.00831218,0.00831218,1624165080,2021-06-20T04:58:00
0.00828437,0.00828437,0.00828437,0.00828437,1624164180,2021-06-20T04:43:00
0.00819656,0.00819656,0.00819656,0.00819656,1624162320,2021-06-20T04:12:00
0.00823273,0.00823273,0.00823273,0.00823273,1624162200,2021-06-20T04:10:00
0.00825564,0.00825564,0.00825564,0.00825564,1624161900,2021-06-20T04:05:00
0.00823539,0.00823539,0.00823539,0.00823539,1624161840,2021-06-20T04:04:00
0.00819847,0.00819847,0.00819847,0.00819847,1624161780,2021-06-20T04:03:00
0.00817488,0.00817488,0.00817488,0.00817488,1624159680,2021-06-20T03:28:00
0.00814223,0.00814223,0.00814223,0.00814223,1624159560,2021-06-20T03:26:00
0.00812558,0.00812558,0.00812558,0.00812558,1624157520,2021-06-20T02:52:00
0.00820368,0.00820368,0.00820368,0.00820368,1624151460,2021-06-20T01:11:00
0.00814787,0.00814787,0.00814787,0.00814787,1624149540,2021-06-20T00:39:00
0.00809204,0.00809204,0.00809204,0.00809204,1624148820,2021-06-20T00:27:00
0.00814882,0.00814882,0.00814882,0.00814882,1624148040,2021-06-20T00:14:00
0.00824839,0.00824839,0.00824839,0.00824839,1624147140,2021-06-19T23:59:00
0.00822648,0.00822648,0.00822648,0.00822648,1624143900,2021-06-19T23:05:00
0.00823696,0.00823696,0.00823696,0.00823696,1624143780,2021-06-19T23:03:00
0.00844645,0.00844645,0.00844645,0.00844645,1624140780,2021-06-19T22:13:00
0.00850225,0.00850225,0.00850225,0.00850225,1624139220,2021-06-19T21:47:00
0.00842027,0.00842027,0.00842027,0.00842027,1624139040,2021-06-19T21:44:00
0.00850428,0.00850428,0.00850428,0.00850428,1624137840,2021-06-19T21:24:00
0.00855861,0.00855861,0.00855861,0.00855861,1624137300,2021-06-19T21:15:00
0.00861245,0.00861245,0.00861245,0.00861245,1624134300,2021-06-19T20:25:00
0.00856576,0.00856576,0.00856576,0.00856576,1624134180,2021-06-19T20:23:00
0.008607,0.008607,0.008607,0.008607,1624130940,2021-06-19T19:29:00
0.00872786,0.00872786,0.00872786,0.00872786,1624130880,2021-06-19T19:28:00
0.00868102,0.00868102,0.00868102,0.00868102,1624130760,2021-06-19T19:26:00
0.00871762,0.00871762,0.00871762,0.00871762,1624130460,2021-06-19T19:21:00
0.00869003,0.00869003,0.00869003,0.00869003,1624130280,2021-06-19T19:18:00
0.0087075,0.0087075,0.0087075,0.0087075,1624129920,2021-06-19T19:12:00
0.00858981,0.00858981,0.00858981,0.00858981,1624129260,2021-06-19T19:01:00
0.00870286,0.00870286,0.00870286,0.00870286,1624126680,2021-06-19T18:18:00
0.0086482,0.0086482,0.0086482,0.0086482,1624126320,2021-06-19T18:12:00
0.00860128,0.00860128,0.00860128,0.00860128,1624126200,2021-06-19T18:10:00
0.00875808,0.00875808,0.00875808,0.00875808,1624125060,2021-06-19T17:51:00
0.0088539,0.0088539,0.0088539,0.0088539,1624123500,2021-06-19T17:25:00
0.00884196,0.00884196,0.00884196,0.00884196,1624121640,2021-06-19T16:54:00
0.00891114,0.00891114,0.00891114,0.00891114,1624119240,2021-06-19T16:14:00
0.00896704,0.00896704,0.00896704,0.00896704,1624118580,2021-06-19T16:03:00
0.00903426,0.00903426,0.00903426,0.00903426,1624115700,2021-06-19T15:15:00
0.00907738,0.00907738,0.00907738,0.00907738,1624115400,2021-06-19T15:10:00
0.00897168,0.00904739,0.00897168,0.00904739,1624115280,2021-06-19T15:08:00
0.00876214,0.0088667,0.00876214,0.0088667,1624115160,2021-06-19T15:06:00
0.00864655,0.00864655,0.00864655,0.00864655,1624114560,2021-06-19T14:56:00
0.00869824,0.00869824,0.00869824,0.00869824,1624114500,2021-06-19T14:55:00
0.00876,0.00876,0.00876,0.00876,1624114320,2021-06-19T14:52:00
0.008755,0.008755,0.008755,0.008755,1624113060,2021-06-19T14:31:00
0.00870291,0.00870291,0.00870291,0.00870291,1624112760,2021-06-19T14:26:00
0.00871849,0.00871849,0.00871849,0.00871849,1624110300,2021-06-19T13:45:00
0.00874886,0.00874886,0.00874886,0.00874886,1624110120,2021-06-19T13:42:00
0.0088824,0.0088824,0.00879494,0.00879494,1624109940,2021-06-19T13:39:00
0.00892381,0.00892381,0.00892381,0.00892381,1624106160,2021-06-19T12:36:00
0.00885863,0.00890598,0.00885863,0.00890598,1624105980,2021-06-19T12:33:00
0.00878973,0.0088561,0.00878973,0.0088561,1624105920,2021-06-19T12:32:00
0.00868478,0.00871972,0.00868478,0.00871972,1624105860,2021-06-19T12:31:00
0.00863477,0.00863477,0.00863477,0.00863477,1624105500,2021-06-19T12:25:00
0.00867851,0.00867851,0.00867851,0.00867851,1624104780,2021-06-19T12:13:00
0.0086152,0.0086152,0.0086152,0.0086152,1624104600,2021-06-19T12:10:00
0.00861258,0.00861258,0.00861258,0.00861258,1624103940,2021-06-19T11:59:00
0.00865209,0.00865209,0.00865209,0.00865209,1624103820,2021-06-19T11:57:00
0.00873679,0.00873679,0.00873679,0.00873679,1624101180,2021-06-19T11:13:00
0.00863674,0.00863674,0.00863674,0.00863674,1624100400,2021-06-19T11:00:00
0.00856781,0.00856781,0.00856781,0.00856781,1624100280,2021-06-19T10:58:00
0.00856859,0.00860858,0.00856859,0.00860858,1624100220,2021-06-19T10:57:00
0.00853605,0.00853605,0.00853605,0.00853605,1624100160,2021-06-19T10:56:00
0.008432,0.00850928,0.008432,0.00850928,1624099860,2021-06-19T10:51:00
0.00838479,0.00838479,0.00838479,0.00838479,1624098360,2021-06-19T10:26:00
0.00839683,0.00839683,0.00839683,0.00839683,1624098240,2021-06-19T10:24:00
0.00849864,0.00849864,0.00849864,0.00849864,1624097940,2021-06-19T10:19:00
0.00853183,0.00853183,0.00853183,0.00853183,1624097820,2021-06-19T10:17:00
0.00835676,0.00835676,0.00835676,0.00835676,1624097640,2021-06-19T10:14:00
0.00842383,0.00842383,0.00832678,0.00832678,1624097580,2021-06-19T10:13:00
0.0082114,0.0082114,0.0082114,0.0082114,1624097520,2021-06-19T10:12:00
0.00821409,0.00821409,0.00821409,0.00821409,1624097460,2021-06-19T10:11:00
0.00801882,0.00811682,0.00801882,0.00811682,1624097400,2021-06-19T10:10:00
0.00798949,0.00798949,0.00798949,0.00798949,1624097340,2021-06-19T10:09:00
0.00787105,0.00787105,0.00787105,0.00787105,1624072560,2021-06-19T03:16:00
0.00792157,0.00792157,0.00792157,0.00792157,1624071540,2021-06-19T02:59:00
0.00791947,0.00791947,0.00791947,0.00791947,1624070700,2021-06-19T02:45:00
0.00791055,0.00791055,0.00791055,0.00791055,1624070280,2021-06-19T02:38:00
0.00795269,0.00795269,0.00795269,0.00795269,1624067100,2021-06-19T01:45:00
0.0079576,0.0079576,0.0079576,0.0079576,1624065900,2021-06-19T01:25:00
0.00795976,0.00795976,0.00795976,0.00795976,1624063980,2021-06-19T00:53:00
0.00778902,0.00778902,0.00778902,0.00778902,1624048440,2021-06-18T20:34:00
0.00767835,0.00767835,0.00767835,0.00767835,1624047060,2021-06-18T20:11:00
0.00765116,0.00765116,0.00765116,0.00765116,1624045620,2021-06-18T19:47:00
0.00790471,0.00790471,0.00790471,0.00790471,1624045380,2021-06-18T19:43:00
0.0078972,0.0078972,0.0078972,0.0078972,1624045320,2021-06-18T19:42:00
0.00798517,0.00798517,0.00798517,0.00798517,1624041960,2021-06-18T18:46:00
0.00824281,0.00824281,0.00824281,0.00824281,1624039860,2021-06-18T18:11:00
0.0082482,0.0082482,0.0082482,0.0082482,1624039680,2021-06-18T18:08:00
0.00821127,0.00821127,0.00821127,0.00821127,1624038780,2021-06-18T17:53:00
0.00815127,0.00815127,0.00815127,0.00815127,1624038720,2021-06-18T17:52:00
0.00828401,0.00828401,0.00828401,0.00828401,1624037640,2021-06-18T17:34:00
0.00826746,0.00826746,0.00826746,0.00826746,1624037520,2021-06-18T17:32:00
0.00833653,0.00833653,0.00833653,0.00833653,1624037460,2021-06-18T17:31:00
0.00839122,0.00839122,0.00839122,0.00839122,1624037340,2021-06-18T17:29:00
0.00858889,0.00858889,0.00858889,0.00858889,1624037280,2021-06-18T17:28:00
0.00682997,0.00682997,0.00682997,0.00682997,1624036800,2021-06-18T17:20:00
0.00681075,0.00681075,0.00681075,0.00681075,1624036140,2021-06-18T17:09:00
0.00682122,0.00682122,0.00682122,0.00682122,1624034160,2021-06-18T16:36:00
0.00678392,0.00678392,0.00678392,0.00678392,1624031040,2021-06-18T15:44:00
0.00682042,0.00682042,0.00682042,0.00682042,1624030620,2021-06-18T15:37:00
0.00685639,0.00685639,0.00685639,0.00685639,1624030140,2021-06-18T15:29:00
0.00697689,0.00697689,0.00697689,0.00697689,1624029240,2021-06-18T15:14:00
0.00694886,0.00694886,0.00694886,0.00694886,1624028160,2021-06-18T14:56:00
0.00701144,0.00701144,0.00701144,0.00701144,1624022040,2021-06-18T13:14:00
0.00701008,0.00701008,0.00701008,0.00701008,1624020180,2021-06-18T12:43:00
0.00708488,0.00708488,0.00708488,0.00708488,1624016220,2021-06-18T11:37:00
0.00707955,0.00707955,0.00707955,0.00707955,1624010400,2021-06-18T10:00:00
0.00714124,0.00714124,0.00714124,0.00714124,1624008480,2021-06-18T09:28:00
0.0071409,0.0071409,0.0071409,0.0071409,1623998160,2021-06-18T06:36:00
0.00717992,0.00717992,0.00717992,0.00717992,1623994380,2021-06-18T05:33:00
0.00713547,0.00713547,0.00713547,0.00713547,1623985920,2021-06-18T03:12:00
0.00725948,0.00725948,0.00725948,0.00725948,1623977520,2021-06-18T00:52:00
0.00720117,0.00720117,0.00720117,0.00720117,1623973200,2021-06-17T23:40:00
0.0072477,0.0072477,0.0072477,0.0072477,1623972300,2021-06-17T23:25:00
0.00730836,0.00730836,0.00730836,0.00730836,1623971820,2021-06-17T23:17:00
0.00722248,0.00722248,0.00722248,0.00722248,1623969480,2021-06-17T22:38:00
0.00720234,0.00720234,0.00720234,0.00720234,1623965580,2021-06-17T21:33:00
0.00714448,0.00714448,0.00714448,0.00714448,1623959640,2021-06-17T19:54:00
0.00757808,0.00757808,0.00757808,0.00757808,1623950460,2021-06-17T17:21:00
0.00782421,0.00782421,0.00782421,0.00782421,1623948000,2021-06-17T16:40:00
0.00788129,0.00788129,0.00788129,0.00788129,1623945300,2021-06-17T15:55:00
0.00783336,0.00783336,0.00783336,0.00783336,1623939000,2021-06-17T14:10:00
0.00800556,0.00800556,0.00800556,0.00800556,1623931800,2021-06-17T12:10:00
0.00798724,0.00798724,0.00798724,0.00798724,1623929100,2021-06-17T11:25:00
0.00801078,0.00801078,0.00801078,0.00801078,1623925800,2021-06-17T10:30:00
0.00804821,0.00804821,0.00804821,0.00804821,1623923100,2021-06-17T09:45:00
0.00803742,0.00803742,0.00803742,0.00803742,1623919980,2021-06-17T08:53:00
0.00803658,0.00803658,0.00803658,0.00803658,1623919200,2021-06-17T08:40:00
0.00799684,0.00799684,0.00799684,0.00799684,1623918540,2021-06-17T08:29:00
0.00799786,0.00799786,0.00799786,0.00799786,1623916680,2021-06-17T07:58:00
0.00799783,0.00799783,0.00799783,0.00799783,1623914040,2021-06-17T07:14:00
0.007867,0.007867,0.007867,0.007867,1623908940,2021-06-17T05:49:00
0.00789643,0.00789643,0.00789643,0.00789643,1623907980,2021-06-17T05:33:00
0.0079473,0.0079473,0.0079473,0.0079473,1623906780,2021-06-17T05:13:00
0.00770593,0.00770593,0.00770593,0.00770593,1623906480,2021-06-17T05:08:00
0.00761317,0.00761317,0.00761317,0.00761317,1623891780,2021-06-17T01:03:00
0.00759424,0.00759424,0.00759424,0.00759424,1623890940,2021-06-17T00:49:00
0.00758014,0.00758014,0.00756478,0.00756478,1623889800,2021-06-17T00:30:00
0.00780549,0.00780549,0.00780549,0.00780549,1623866580,2021-06-16T18:03:00
0.00778576,0.00778576,0.00778576,0.00778576,1623861840,2021-06-16T16:44:00
0.00773572,0.00773572,0.00773572,0.00773572,1623861480,2021-06-16T16:38:00
0.0078932,0.0078932,0.0078932,0.0078932,1623860820,2021-06-16T16:27:00
0.00762226,0.00762226,0.00762226,0.00762226,1623857460,2021-06-16T15:31:00
0.00782481,0.00782481,0.00782481,0.00782481,1623846180,2021-06-16T12:23:00
0.00787521,0.00787521,0.00787521,0.00787521,1623844620,2021-06-16T11:57:00
0.00804326,0.00804326,0.00804326,0.00804326,1623835560,2021-06-16T09:26:00
0.00808764,0.00808764,0.00808764,0.00808764,1623815280,2021-06-16T03:48:00
0.00808114,0.00808114,0.00808114,0.00808114,1623808980,2021-06-16T02:03:00
0.00809122,0.00809122,0.00809122,0.00809122,1623805380,2021-06-16T01:03:00
0.00809635,0.00809635,0.00809635,0.00809635,1623802980,2021-06-16T00:23:00
0.00809092,0.00809092,0.00809092,0.00809092,1623799620,2021-06-15T23:27:00
0.00806347,0.00806347,0.00806347,0.00806347,1623785220,2021-06-15T19:27:00
0.00801653,0.00801653,0.00801653,0.00801653,1623778080,2021-06-15T17:28:00
0.00798442,0.00798442,0.00798442,0.00798442,1623772860,2021-06-15T16:01:00
0.00803127,0.00803127,0.00803127,0.00803127,1623769200,2021-06-15T15:00:00
0.00805301,0.00805301,0.00805301,0.00805301,1623766320,2021-06-15T14:12:00
0.00810268,0.00810268,0.00810268,0.00810268,1623764700,2021-06-15T13:45:00
0.00813454,0.00813454,0.00813454,0.00813454,1623756840,2021-06-15T11:34:00
0.00829495,0.00829495,0.00829495,0.00829495,1623746160,2021-06-15T08:36:00
0.00831339,0.00831339,0.00831339,0.00831339,1623735000,2021-06-15T05:30:00
0.0083331,0.0083331,0.0083331,0.0083331,1623734040,2021-06-15T05:14:00
0.00841782,0.00841782,0.00841782,0.00841782,1623733560,2021-06-15T05:06:00
0.00842317,0.00842317,0.00842317,0.00842317,1623733500,2021-06-15T05:05:00
0.00815538,0.00815538,0.00815538,0.00815538,1623723600,2021-06-15T02:20:00
0.00808663,0.00808663,0.00808663,0.00808663,1623723180,2021-06-15T02:13:00
0.00809609,0.00809609,0.00809609,0.00809609,1623723120,2021-06-15T02:12:00
0.00829768,0.00829768,0.00829768,0.00829768,1623718560,2021-06-15T00:56:00
0.00796405,0.00796405,0.00796405,0.00796405,1623715680,2021-06-15T00:08:00
0.00772792,0.00772792,0.00772792,0.00772792,1623703560,2021-06-14T20:46:00
0.0077765,0.0077765,0.0077765,0.0077765,1623702960,2021-06-14T20:36:00
0.00773298,0.00773298,0.00773298,0.00773298,1623699900,2021-06-14T19:45:00
0.00777033,0.00777033,0.00777033,0.00777033,1623698700,2021-06-14T19:25:00
0.00777692,0.00777692,0.00777692,0.00777692,1623697320,2021-06-14T19:02:00
0.00780722,0.00780722,0.00775743,0.00775743,1623696780,2021-06-14T18:53:00
0.00806418,0.00806418,0.00806418,0.00806418,1623695820,2021-06-14T18:37:00
0.00794749,0.00794749,0.00794749,0.00794749,1623679860,2021-06-14T14:11:00
0.00778534,0.00778534,0.00778534,0.00778534,1623667080,2021-06-14T10:38:00
0.00777013,0.00777013,0.00777013,0.00777013,1623658860,2021-06-14T08:21:00
0.00778151,0.00778151,0.00778151,0.00778151,1623648060,2021-06-14T05:21:00
0.00778332,0.00778332,0.00778332,0.00778332,1623642180,2021-06-14T03:43:00
0.00784432,0.00784432,0.00784432,0.00784432,1623639960,2021-06-14T03:06:00
0.00778274,0.00778274,0.00778274,0.00778274,1623630120,2021-06-14T00:22:00
0.00783267,0.00783267,0.00783267,0.00783267,1623629640,2021-06-14T00:14:00
0.00780532,0.00780532,0.00780532,0.00780532,1623629580,2021-06-14T00:13:00
0.00781209,0.00781209,0.00781209,0.00781209,1623629520,2021-06-14T00:12:00
0.00795225,0.00795225,0.00795225,0.00795225,1623628500,2021-06-13T23:55:00
0.00794815,0.00794815,0.00794815,0.00794815,1623628380,2021-06-13T23:53:00
0.00804032,0.00804032,0.00804032,0.00804032,1623626760,2021-06-13T23:26:00
0.00813193,0.00813193,0.00813193,0.00813193,1623622860,2021-06-13T22:21:00
0.00809783,0.00809783,0.00809783,0.00809783,1623618360,2021-06-13T21:06:00
0.00804114,0.00804114,0.00804114,0.00804114,1623617400,2021-06-13T20:50:00
0.00802492,0.00802492,0.00802492,0.00802492,1623617160,2021-06-13T20:46:00
0.00800094,0.00800094,0.00800094,0.00800094,1623615660,2021-06-13T20:21:00
0.00785056,0.00785056,0.00785056,0.00785056,1623613980,2021-06-13T19:53:00
0.00784969,0.00784969,0.00784969,0.00784969,1623611580,2021-06-13T19:13:00
0.00751816,0.00751816,0.00751816,0.00751816,1623596160,2021-06-13T14:56:00
0.00764406,0.00764406,0.00764406,0.00764406,1623582360,2021-06-13T11:06:00
0.00759655,0.00759655,0.00758699,0.00758699,1623578700,2021-06-13T10:05:00
0.00767825,0.00767825,0.00767825,0.00767825,1623578520,2021-06-13T10:02:00
0.00793385,0.00793385,0.00793385,0.00793385,1623572640,2021-06-13T08:24:00
0.00789803,0.00789803,0.00789803,0.00789803,1623566520,2021-06-13T06:42:00
0.00784354,0.00784354,0.00784354,0.00784354,1623565620,2021-06-13T06:27:00
0.00773389,0.00773389,0.00773389,0.00773389,1623564840,2021-06-13T06:14:00
0.00769701,0.00769701,0.00769701,0.00769701,1623564780,2021-06-13T06:13:00
0.0077262,0.0077262,0.0077262,0.0077262,1623556620,2021-06-13T03:57:00
0.00773511,0.00773511,0.00773511,0.00773511,1623555420,2021-06-13T03:37:00
0.00802944,0.00802944,0.00802944,0.00802944,1623546960,2021-06-13T01:16:00
0.00785611,0.00785611,0.00785611,0.00785611,1623543540,2021-06-13T00:19:00
0.00792583,0.00792583,0.00792583,0.00792583,1623541560,2021-06-12T23:46:00
0.00797365,0.00797365,0.00797365,0.00797365,1623537300,2021-06-12T22:35:00
0.00802227,0.00802227,0.00802227,0.00802227,1623527580,2021-06-12T19:53:00
0.00802721,0.00802721,0.00802721,0.00802721,1623523500,2021-06-12T18:45:00
0.00800749,0.00800749,0.00800749,0.00800749,1623519660,2021-06-12T17:41:00
0.00782974,0.00782974,0.00782974,0.00782974,1623514320,2021-06-12T16:12:00
0.0080254,0.0080254,0.0080254,0.0080254,1623511740,2021-06-12T15:29:00
0.0080299,0.0080299,0.0080299,0.0080299,1623507840,2021-06-12T14:24:00
0.0080518,0.0080518,0.0080518,0.0080518,1623501360,2021-06-12T12:36:00
0.00804203,0.00804203,0.00804203,0.00804203,1623501000,2021-06-12T12:30:00
0.0079416,0.0079416,0.0079416,0.0079416,1623500520,2021-06-12T12:22:00
0.00792109,0.00792109,0.00792109,0.00792109,1623496020,2021-06-12T11:07:00
0.00792104,0.00792104,0.00792104,0.00792104,1623495960,2021-06-12T11:06:00
0.00791328,0.00791328,0.00791328,0.00791328,1623495780,2021-06-12T11:03:00
0.00786543,0.00786543,0.00786543,0.00786543,1623494580,2021-06-12T10:43:00
0.00773748,0.00773748,0.00773748,0.00773748,1623491460,2021-06-12T09:51:00
0.00757706,0.00757706,0.00757706,0.00757706,1623464820,2021-06-12T02:27:00
0.00774199,0.00774199,0.00774199,0.00774199,1623460860,2021-06-12T01:21:00
0.00778736,0.00778736,0.00778736,0.00778736,1623455220,2021-06-11T23:47:00
0.00802109,0.00802109,0.00802109,0.00802109,1623437100,2021-06-11T18:45:00
0.00827017,0.00827017,0.00827017,0.00827017,1623402000,2021-06-11T09:00:00
0.00831528,0.00831528,0.00831528,0.00831528,1623399360,2021-06-11T08:16:00
0.00810544,0.00810544,0.00810544,0.00810544,1623396300,2021-06-11T07:25:00
0.00816686,0.00816686,0.00816686,0.00816686,1623392700,2021-06-11T06:25:00
0.00822185,0.00822185,0.00822185,0.00822185,1623387300,2021-06-11T04:55:00
0.0082193,0.0082193,0.0082193,0.0082193,1623368340,2021-06-10T23:39:00
0.00821908,0.00821908,0.00821908,0.00821908,1623360480,2021-06-10T21:28:00
0.00840359,0.00840359,0.00840359,0.00840359,1623338160,2021-06-10T15:16:00
0.00838841,0.00838841,0.00838841,0.00838841,1623335160,2021-06-10T14:26:00
0.00853204,0.00853204,0.00853204,0.00853204,1623323400,2021-06-10T11:10:00
0.00857927,0.00857927,0.00857927,0.00857927,1623322200,2021-06-10T10:50:00
0.00828855,0.00828855,0.00828855,0.00828855,1623316020,2021-06-10T09:07:00
0.00831211,0.00831211,0.00831211,0.00831211,1623308340,2021-06-10T06:59:00
0.0083766,0.0083766,0.0083766,0.0083766,1623307260,2021-06-10T06:41:00
0.00835814,0.00835814,0.00835814,0.00835814,1623300360,2021-06-10T04:46:00
0.00844374,0.00844374,0.00844374,0.00844374,1623299040,2021-06-10T04:24:00
0.00843002,0.00843002,0.00843002,0.00843002,1623297660,2021-06-10T04:01:00
0.00846397,0.00846397,0.00846397,0.00846397,1623289500,2021-06-10T01:45:00
0.00871777,0.00871777,0.00871777,0.00871777,1623283980,2021-06-10T00:13:00
0.00872946,0.00872946,0.00872946,0.00872946,1623278580,2021-06-09T22:43:00
0.00860185,0.00860185,0.00860185,0.00860185,1623276780,2021-06-09T22:13:00
0.00861505,0.00861505,0.00861505,0.00861505,1623275400,2021-06-09T21:50:00
0.00848376,0.00848376,0.00848376,0.00848376,1623272280,2021-06-09T20:58:00
0.00855994,0.00855994,0.00855994,0.00855994,1623265140,2021-06-09T18:59:00
0.00856468,0.00856468,0.00856468,0.00856468,1623264840,2021-06-09T18:54:00
0.0086308,0.0086308,0.0086308,0.0086308,1623257400,2021-06-09T16:50:00
0.00859623,0.00859623,0.00859623,0.00859623,1623256500,2021-06-09T16:35:00
0.00835112,0.00835112,0.00835112,0.00835112,1623252420,2021-06-09T15:27:00
0.00827421,0.00827421,0.00827421,0.00827421,1623245940,2021-06-09T13:39:00
0.00809875,0.00809875,0.00809875,0.00809875,1623228720,2021-06-09T08:52:00
0.00799403,0.00799403,0.00799403,0.00799403,1623207180,2021-06-09T02:53:00
0.00806407,0.00806407,0.00806407,0.00806407,1623200160,2021-06-09T00:56:00
0.00819942,0.00819942,0.00819942,0.00819942,1623200100,2021-06-09T00:55:00
0.00824448,0.00824448,0.00824448,0.00824448,1623198780,2021-06-09T00:33:00
0.00833884,0.00833884,0.00833884,0.00833884,1623193320,2021-06-08T23:02:00
0.00836033,0.00836033,0.00836033,0.00836033,1623191160,2021-06-08T22:26:00
0.00846189,0.00846189,0.00839807,0.00839807,1623190920,2021-06-08T22:22:00
0.00804169,0.00804169,0.00804169,0.00804169,1623189300,2021-06-08T21:55:00
0.00817656,0.00817656,0.00817656,0.00817656,1623187320,2021-06-08T21:22:00
0.00761219,0.00761219,0.00761219,0.00761219,1623169500,2021-06-08T16:25:00
0.00744426,0.00744426,0.00744426,0.00744426,1623168060,2021-06-08T16:01:00
0.00743501,0.00743501,0.00743501,0.00743501,1623167880,2021-06-08T15:58:00
0.00729277,0.00729277,0.00729277,0.00729277,1623165840,2021-06-08T15:24:00
0.0075065,0.0075065,0.0075065,0.0075065,1623163500,2021-06-08T14:45:00
0.00750324,0.00750324,0.00750324,0.00750324,1623162360,2021-06-08T14:26:00
0.00756936,0.00756936,0.00756936,0.00756936,1623162120,2021-06-08T14:22:00
0.00760091,0.00760091,0.00760091,0.00760091,1623161640,2021-06-08T14:14:00
0.00784467,0.00784467,0.00784467,0.00784467,1623156060,2021-06-08T12:41:00
0.00786875,0.00786875,0.00786875,0.00786875,1623151740,2021-06-08T11:29:00
0.00793119,0.00793119,0.00793119,0.00793119,1623142440,2021-06-08T08:54:00
0.00795596,0.00795596,0.00795596,0.00795596,1623142380,2021-06-08T08:53:00
0.00796944,0.00796944,0.00796944,0.00796944,1623137400,2021-06-08T07:30:00
0.00790827,0.00790827,0.00790827,0.00790827,1623134040,2021-06-08T06:34:00
0.00798065,0.00798065,0.00798065,0.00798065,1623133620,2021-06-08T06:27:00
0.00777816,0.00777816,0.00777816,0.00777816,1623133560,2021-06-08T06:26:00
0.00780349,0.00780349,0.00780349,0.00780349,1623131340,2021-06-08T05:49:00
0.00775426,0.00775426,0.00775426,0.00775426,1623130980,2021-06-08T05:43:00
0.00783601,0.00783601,0.00783601,0.00783601,1623130260,2021-06-08T05:31:00
0.00791652,0.00791652,0.00791652,0.00791652,1623126300,2021-06-08T04:25:00
0.00785345,0.00785345,0.00785345,0.00785345,1623121500,2021-06-08T03:05:00
0.0078191,0.0078191,0.0078191,0.0078191,1623121020,2021-06-08T02:57:00
0.0080585,0.0080585,0.0080585,0.0080585,1623120240,2021-06-08T02:44:00
0.00813875,0.00813875,0.00813875,0.00813875,1623117360,2021-06-08T01:56:00
0.00807222,0.00807222,0.00807222,0.00807222,1623116940,2021-06-08T01:49:00
0.00809449,0.00809449,0.00809449,0.00809449,1623115440,2021-06-08T01:24:00
0.00812352,0.00812352,0.00812352,0.00812352,1623115140,2021-06-08T01:19:00
0.00811459,0.00811459,0.00811459,0.00811459,1623112620,2021-06-08T00:37:00
0.0081744,0.0081744,0.0081744,0.0081744,1623110220,2021-06-07T23:57:00
0.00826672,0.00826672,0.00822403,0.00822403,1623107400,2021-06-07T23:10:00
0.00808153,0.00808153,0.00808153,0.00808153,1623106020,2021-06-07T22:47:00
0.008081,0.008081,0.008081,0.008081,1623103200,2021-06-07T22:00:00
0.00808604,0.00808604,0.00808604,0.00808604,1623102900,2021-06-07T21:55:00
0.0080939,0.0080939,0.0080939,0.0080939,1623102780,2021-06-07T21:53:00
0.0079492,0.0079492,0.0079492,0.0079492,1623102660,2021-06-07T21:51:00
0.00782424,0.00790743,0.00782424,0.00790743,1623102480,2021-06-07T21:48:00
0.00830349,0.00830349,0.00830349,0.00830349,1623101820,2021-06-07T21:37:00
0.00866205,0.00866205,0.00866205,0.00866205,1623098460,2021-06-07T20:41:00
0.00866888,0.00866888,0.00866888,0.00866888,1623098220,2021-06-07T20:37:00
0.00866821,0.00866821,0.00866821,0.00866821,1623097320,2021-06-07T20:22:00
0.00868203,0.00868203,0.00868203,0.00868203,1623097260,2021-06-07T20:21:00
0.00868523,0.00868523,0.00868523,0.00868523,1623096840,2021-06-07T20:14:00
0.0087176,0.0087176,0.0087176,0.0087176,1623090780,2021-06-07T18:33:00
0.00883913,0.00883913,0.00883913,0.00883913,1623085860,2021-06-07T17:11:00
0.00902517,0.00902517,0.00902517,0.00902517,1623080160,2021-06-07T15:36:00
0.00908076,0.00908076,0.00908076,0.00908076,1623075900,2021-06-07T14:25:00
0.00913001,0.00913001,0.00913001,0.00913001,1623075540,2021-06-07T14:19:00
0.00918131,0.00918131,0.00918131,0.00918131,1623075480,2021-06-07T14:18:00
0.00931866,0.00931866,0.00931866,0.00931866,1623073380,2021-06-07T13:43:00
0.00931384,0.00931384,0.00931384,0.00931384,1623073260,2021-06-07T13:41:00
0.00949196,0.00949196,0.00949196,0.00949196,1623071160,2021-06-07T13:06:00
0.00947456,0.00947456,0.00947456,0.00947456,1623069600,2021-06-07T12:40:00
0.00944958,0.00944958,0.00944958,0.00944958,1623068280,2021-06-07T12:18:00
0.00946822,0.00946822,0.00946822,0.00946822,1623067500,2021-06-07T12:05:00
0.00945533,0.00945533,0.00945533,0.00945533,1623060600,2021-06-07T10:10:00
0.00945707,0.00945707,0.00945707,0.00945707,1623045480,2021-06-07T05:58:00
0.00943744,0.00943744,0.00943744,0.00943744,1623045060,2021-06-07T05:51:00
0.00941963,0.00941963,0.00941963,0.00941963,1623041280,2021-06-07T04:48:00
0.00936215,0.00936215,0.00936215,0.00936215,1623039300,2021-06-07T04:15:00
0.00935376,0.00935376,0.00935376,0.00935376,1623038580,2021-06-07T04:03:00
0.00936202,0.00936202,0.00936202,0.00936202,1623031140,2021-06-07T01:59:00
0.00914324,0.00914324,0.00914324,0.00914324,1623026280,2021-06-07T00:38:00
0.00918622,0.00918622,0.00918622,0.00918622,1623026100,2021-06-07T00:35:00
0.00923097,0.00923097,0.00923097,0.00923097,1623026040,2021-06-07T00:34:00
0.00921974,0.00921974,0.00921974,0.00921974,1623024900,2021-06-07T00:15:00
0.00913028,0.00913028,0.00913028,0.00913028,1623022800,2021-06-06T23:40:00
0.00916174,0.00916174,0.00916174,0.00916174,1623020160,2021-06-06T22:56:00
0.00916142,0.00916142,0.00916142,0.00916142,1623019500,2021-06-06T22:45:00
0.00925063,0.00925063,0.00918597,0.00918597,1623017040,2021-06-06T22:04:00
0.00922565,0.00922565,0.00922565,0.00922565,1623000420,2021-06-06T17:27:00
0.00925102,0.00925102,0.00925102,0.00925102,1623000240,2021-06-06T17:24:00
0.00927267,0.00927267,0.00927267,0.00927267,1622997420,2021-06-06T16:37:00
0.00915989,0.00915989,0.00915989,0.00915989,1622991540,2021-06-06T14:59:00
0.00907809,0.00907809,0.00907809,0.00907809,1622989860,2021-06-06T14:31:00
0.00908763,0.00908763,0.00908763,0.00908763,1622989200,2021-06-06T14:20:00
0.00906156,0.00906156,0.00906156,0.00906156,1622988420,2021-06-06T14:07:00
0.00908778,0.00908778,0.00908778,0.00908778,1622987280,2021-06-06T13:48:00
0.00908422,0.00908422,0.00908422,0.00908422,1622985900,2021-06-06T13:25:00
0.00916033,0.00916033,0.00916033,0.00916033,1622983860,2021-06-06T12:51:00
0.00912135,0.00912135,0.00912135,0.00912135,1622983800,2021-06-06T12:50:00
0.00920124,0.00920124,0.00920124,0.00920124,1622982420,2021-06-06T12:27:00
0.00919005,0.00919005,0.00919005,0.00919005,1622982180,2021-06-06T12:23:00
0.00918709,0.00918709,0.00918709,0.00918709,1622981580,2021-06-06T12:13:00
0.00918287,0.00918287,0.00918287,0.00918287,1622979180,2021-06-06T11:33:00
0.00922249,0.00922249,0.00922249,0.00922249,1622974980,2021-06-06T10:23:00
0.00922253,0.00922253,0.00922253,0.00922253,1622972700,2021-06-06T09:45:00
0.00920804,0.00920804,0.00920804,0.00920804,1622968320,2021-06-06T08:32:00
0.009205,0.009205,0.009205,0.009205,1622968080,2021-06-06T08:28:00
0.00921737,0.00921737,0.00921737,0.00921737,1622967840,2021-06-06T08:24:00
0.00920285,0.00920285,0.00920285,0.00920285,1622967240,2021-06-06T08:14:00
0.00921943,0.00921943,0.00921943,0.00921943,1622966580,2021-06-06T08:03:00
0.00912444,0.00912444,0.00912444,0.00912444,1622966280,2021-06-06T07:58:00
0.00914279,0.00914279,0.00914279,0.00914279,1622957040,2021-06-06T05:24:00
0.00920294,0.00920294,0.00920294,0.00920294,1622955480,2021-06-06T04:58:00
0.00923217,0.00923217,0.00923217,0.00923217,1622955300,2021-06-06T04:55:00
0.00917782,0.00917782,0.00917782,0.00917782,1622955240,2021-06-06T04:54:00
0.00916639,0.00916639,0.00916639,0.00916639,1622953380,2021-06-06T04:23:00
0.00910092,0.00910092,0.00910092,0.00910092,1622953320,2021-06-06T04:22:00
0.00919262,0.00919262,0.00919262,0.00919262,1622952660,2021-06-06T04:11:00
0.00917844,0.00917844,0.00917844,0.00917844,1622951460,2021-06-06T03:51:00
0.00916461,0.00916461,0.00916461,0.00916461,1622950020,2021-06-06T03:27:00
0.00919689,0.00919689,0.00919689,0.00919689,1622948160,2021-06-06T02:56:00
0.00925138,0.00925138,0.00925138,0.00925138,1622945700,2021-06-06T02:15:00
0.00910073,0.00910073,0.00910073,0.00910073,1622944380,2021-06-06T01:53:00
0.00916175,0.00916175,0.00916175,0.00916175,1622944200,2021-06-06T01:50:00
0.00913911,0.00913911,0.00913911,0.00913911,1622942700,2021-06-06T01:25:00
0.00905016,0.00905016,0.00905016,0.00905016,1622941920,2021-06-06T01:12:00
0.00902269,0.00902269,0.00902269,0.00902269,1622940000,2021-06-06T00:40:00
0.00892651,0.00892651,0.00892651,0.00892651,1622936580,2021-06-05T23:43:00
0.00893004,0.00893004,0.00893004,0.00893004,1622933820,2021-06-05T22:57:00
0.0091351,0.0091351,0.0091351,0.0091351,1622929140,2021-06-05T21:39:00
0.00936364,0.00936364,0.00936364,0.00936364,1622922420,2021-06-05T19:47:00
0.00928579,0.00931702,0.00928579,0.00931702,1622922240,2021-06-05T19:44:00
0.00925339,0.00925339,0.00925339,0.00925339,1622921700,2021-06-05T19:35:00
0.00917129,0.00917129,0.00917129,0.00917129,1622920860,2021-06-05T19:21:00
0.00922741,0.00922741,0.00922741,0.00922741,1622920260,2021-06-05T19:11:00
0.00918676,0.00918676,0.00918676,0.00918676,1622920200,2021-06-05T19:10:00
0.00912788,0.00912788,0.00908593,0.00908593,1622912580,2021-06-05T17:03:00
0.00897852,0.00897852,0.00897852,0.00897852,1622911260,2021-06-05T16:41:00
0.00897807,0.00897807,0.00897807,0.00897807,1622911140,2021-06-05T16:39:00
0.00906635,0.00906635,0.00906635,0.00906635,1622911080,2021-06-05T16:38:00
0.00843297,0.00843297,0.00843297,0.00843297,1622909760,2021-06-05T16:16:00
0.00839263,0.00839263,0.00839263,0.00839263,1622908560,2021-06-05T15:56:00
0.00833258,0.00833258,0.00833258,0.00833258,1622902500,2021-06-05T14:15:00
0.00837456,0.00837456,0.00837456,0.00837456,1622895360,2021-06-05T12:16:00
0.00884135,0.00884135,0.00884135,0.00884135,1622883600,2021-06-05T09:00:00
0.00886887,0.00886887,0.00886887,0.00886887,1622882280,2021-06-05T08:38:00
0.00889292,0.00889292,0.00889292,0.00889292,1622875140,2021-06-05T06:39:00
0.00887944,0.00887944,0.00887944,0.00887944,1622868960,2021-06-05T04:56:00
0.00875338,0.00875338,0.00875338,0.00875338,1622859840,2021-06-05T02:24:00
0.00868917,0.00868917,0.00868917,0.00868917,1622856600,2021-06-05T01:30:00
0.00868748,0.00868748,0.00868748,0.00868748,1622856540,2021-06-05T01:29:00
0.00876136,0.00876136,0.00876136,0.00876136,1622854860,2021-06-05T01:01:00
0.00852182,0.00852182,0.00852182,0.00852182,1622848980,2021-06-04T23:23:00
0.00859918,0.00859918,0.00859918,0.00859918,1622848140,2021-06-04T23:09:00
0.00864127,0.00864127,0.00864127,0.00864127,1622847300,2021-06-04T22:55:00
0.00861577,0.00861577,0.00861577,0.00861577,1622840400,2021-06-04T21:00:00
0.00855358,0.00855358,0.00855358,0.00855358,1622833260,2021-06-04T19:01:00
0.00846212,0.00846212,0.00846212,0.00846212,1622826180,2021-06-04T17:03:00
0.00848288,0.00848288,0.00848288,0.00848288,1622822520,2021-06-04T16:02:00
0.00842741,0.00842741,0.00842741,0.00842741,1622822100,2021-06-04T15:55:00
0.0084201,0.0084201,0.0084201,0.0084201,1622820780,2021-06-04T15:33:00
0.00842428,0.00842428,0.00842428,0.00842428,1622817780,2021-06-04T14:43:00
0.00839717,0.00839717,0.00839717,0.00839717,1622817000,2021-06-04T14:30:00
0.00851759,0.00851759,0.00851759,0.00851759,1622811180,2021-06-04T12:53:00
0.00852015,0.00852015,0.00852015,0.00852015,1622789640,2021-06-04T06:54:00
0.00887578,0.00887578,0.00887578,0.00887578,1622788860,2021-06-04T06:41:00
0.00887193,0.00888809,0.00887193,0.00888809,1622786400,2021-06-04T06:00:00
0.00886477,0.00886477,0.00886477,0.00886477,1622785500,2021-06-04T05:45:00
0.00911904,0.00911904,0.00908645,0.00908645,1622778180,2021-06-04T03:43:00
0.00908934,0.00908934,0.00908934,0.00908934,1622776620,2021-06-04T03:17:00
0.00922875,0.00922875,0.00922875,0.00922875,1622775660,2021-06-04T03:01:00
0.00931673,0.00931673,0.00931673,0.00931673,1622769720,2021-06-04T01:22:00
0.00947373,0.00947373,0.00947373,0.00947373,1622768280,2021-06-04T00:58:00
0.00956505,0.00956505,0.00956505,0.00956505,1622765880,2021-06-04T00:18:00
0.00937245,0.00937245,0.00937245,0.00937245,1622749560,2021-06-03T19:46:00
0.00946273,0.00946273,0.00946273,0.00946273,1622744520,2021-06-03T18:22:00
0.00940874,0.00940874,0.00940874,0.00940874,1622743020,2021-06-03T17:57:00
0.00949921,0.00949921,0.00949921,0.00949921,1622739300,2021-06-03T16:55:00
0.0094026,0.0094026,0.0094026,0.0094026,1622736540,2021-06-03T16:09:00
0.00962644,0.00962644,0.00962644,0.00962644,1622721720,2021-06-03T12:02:00
0.00965451,0.00965451,0.00965451,0.00965451,1622708580,2021-06-03T08:23:00
0.00960243,0.00960243,0.00960243,0.00960243,1622708400,2021-06-03T08:20:00
0.00952859,0.00952859,0.00952859,0.00952859,1622707740,2021-06-03T08:09:00
0.00965259,0.00965259,0.00965259,0.00965259,1622707140,2021-06-03T07:59:00
0.00971188,0.00971188,0.00971188,0.00971188,1622706540,2021-06-03T07:49:00
0.00967229,0.00967229,0.00967229,0.00967229,1622702820,2021-06-03T06:47:00
0.00955973,0.00955973,0.00955973,0.00955973,1622698620,2021-06-03T05:37:00
0.00960352,0.00960352,0.00960352,0.00960352,1622693280,2021-06-03T04:08:00
0.00948298,0.00948298,0.00948298,0.00948298,1622686320,2021-06-03T02:12:00
0.00952194,0.00952194,0.00952194,0.00952194,1622680440,2021-06-03T00:34:00
0.00951061,0.00951061,0.00951061,0.00951061,1622680260,2021-06-03T00:31:00
0.00970419,0.00970419,0.00970419,0.00970419,1622668440,2021-06-02T21:14:00
0.00961329,0.00961329,0.00961329,0.00961329,1622667300,2021-06-02T20:55:00
0.00969174,0.00969174,0.00969174,0.00969174,1622666700,2021-06-02T20:45:00
0.00968091,0.00968091,0.00968091,0.00968091,1622665920,2021-06-02T20:32:00
0.00975923,0.00975923,0.00975923,0.00975923,1622665620,2021-06-02T20:27:00
0.00982983,0.00982983,0.00982983,0.00982983,1622664060,2021-06-02T20:01:00
0.00953848,0.00957458,0.00950541,0.00957458,1622662980,2021-06-02T19:43:00
0.0097132,0.0097132,0.0097132,0.0097132,1622652660,2021-06-02T16:51:00
0.00975164,0.00975164,0.00975164,0.00975164,1622649060,2021-06-02T15:51:00
0.00972252,0.00972252,0.00972252,0.00972252,1622648160,2021-06-02T15:36:00
0.00979915,0.00979915,0.00979915,0.00979915,1622647440,2021-06-02T15:24:00
0.00957147,0.00957147,0.00957147,0.00957147,1622638620,2021-06-02T12:57:00
0.00959735,0.00959735,0.00959735,0.00959735,1622638200,2021-06-02T12:50:00
0.00955801,0.00955801,0.00955801,0.00955801,1622634900,2021-06-02T11:55:00
0.00955214,0.00955214,0.00955214,0.00955214,1622631420,2021-06-02T10:57:00
0.00962692,0.00962692,0.00962692,0.00962692,1622625420,2021-06-02T09:17:00
0.00960386,0.00960386,0.00960386,0.00960386,1622625360,2021-06-02T09:16:00
0.0096911,0.0096911,0.0096911,0.0096911,1622624760,2021-06-02T09:06:00
0.00963996,0.00963996,0.00963996,0.00963996,1622624700,2021-06-02T09:05:00
0.00964442,0.00964442,0.00958983,0.00958983,1622624580,2021-06-02T09:03:00
0.00959772,0.00959772,0.00959772,0.00959772,1622624460,2021-06-02T09:01:00
0.00948196,0.00948196,0.00948196,0.00948196,1622621340,2021-06-02T08:09:00
0.0093753,0.0093753,0.0093753,0.0093753,1622619120,2021-06-02T07:32:00
0.0092705,0.0092705,0.0092705,0.0092705,1622615520,2021-06-02T06:32:00
0.00922144,0.00922144,0.00922144,0.00922144,1622615160,2021-06-02T06:26:00
0.00920288,0.00920288,0.00920288,0.00920288,1622615100,2021-06-02T06:25:00
0.00920033,0.00920033,0.00920033,0.00920033,1622604720,2021-06-02T03:32:00
0.00925941,0.00925941,0.00925941,0.00925941,1622604000,2021-06-02T03:20:00
0.00923015,0.00923015,0.00923015,0.00923015,1622603940,2021-06-02T03:19:00
0.00921311,0.00921311,0.00916069,0.00916069,1622603700,2021-06-02T03:15:00
0.00915295,0.00915295,0.00915295,0.00915295,1622603280,2021-06-02T03:08:00
0.00901884,0.00901884,0.00901884,0.00901884,1622600040,2021-06-02T02:14:00
0.00904178,0.00904178,0.00904178,0.00904178,1622587320,2021-06-01T22:42:00
0.0089997,0.0089997,0.0089997,0.0089997,1622584440,2021-06-01T21:54:00
0.00876858,0.00876858,0.00876858,0.00876858,1622582220,2021-06-01T21:17:00
0.00876667,0.00876667,0.00876667,0.00876667,1622571420,2021-06-01T18:17:00
0.00877078,0.00877078,0.00877078,0.00877078,1622571060,2021-06-01T18:11:00
0.00886394,0.00886394,0.00886394,0.00886394,1622559360,2021-06-01T14:56:00
0.00904113,0.00904113,0.00904113,0.00904113,1622554980,2021-06-01T13:43:00
0.00883093,0.00883093,0.00883093,0.00883093,1622553300,2021-06-01T13:15:00
0.00899568,0.00899568,0.00899568,0.00899568,1622545500,2021-06-01T11:05:00
0.00913018,0.00913018,0.00913018,0.00913018,1622532660,2021-06-01T07:31:00
0.00916571,0.00916571,0.00916571,0.00916571,1622530380,2021-06-01T06:53:00
0.00925652,0.00925652,0.00925652,0.00925652,1622526120,2021-06-01T05:42:00
0.00919408,0.00919408,0.00919408,0.00919408,1622525340,2021-06-01T05:29:00
0.00939127,0.00939127,0.00939127,0.00939127,1622520480,2021-06-01T04:08:00
0.00934758,0.00934758,0.00934758,0.00934758,1622515920,2021-06-01T02:52:00
0.00938161,0.00938161,0.00938161,0.00938161,1622513880,2021-06-01T02:18:00
0.00944768,0.00944768,0.00944768,0.00944768,1622512680,2021-06-01T01:58:00
0.00959768,0.00959768,0.00959768,0.00959768,1622510220,2021-06-01T01:17:00
0.0095043,0.0095043,0.0095043,0.0095043,1622504700,2021-05-31T23:45:00
0.00916756,0.00916756,0.00916756,0.00916756,1622488860,2021-05-31T19:21:00
0.00942682,0.00942682,0.00942682,0.00942682,1622486400,2021-05-31T18:40:00
0.00944252,0.00944252,0.00944252,0.00944252,1622486280,2021-05-31T18:38:00
0.00941782,0.00941782,0.00941782,0.00941782,1622485620,2021-05-31T18:27:00
0.00932174,0.00932174,0.00932174,0.00932174,1622485260,2021-05-31T18:21:00
0.00941908,0.00941908,0.00941908,0.00941908,1622480100,2021-05-31T16:55:00
0.00938397,0.00938397,0.00938397,0.00938397,1622477940,2021-05-31T16:19:00
0.00912434,0.00912434,0.00912434,0.00912434,1622473680,2021-05-31T15:08:00
0.00900051,0.00900051,0.00900051,0.00900051,1622471940,2021-05-31T14:39:00
0.00894219,0.00894219,0.00894219,0.00894219,1622471520,2021-05-31T14:32:00
0.00902888,0.00902888,0.00902888,0.00902888,1622471460,2021-05-31T14:31:00
0.0092492,0.0092492,0.0092492,0.0092492,1622458200,2021-05-31T10:50:00
0.00908599,0.00908599,0.00908599,0.00908599,1622452860,2021-05-31T09:21:00
0.00855552,0.00855552,0.00855552,0.00855552,1622441220,2021-05-31T06:07:00
0.00855157,0.00855157,0.00855157,0.00855157,1622437620,2021-05-31T05:07:00
0.00855605,0.00855605,0.00855605,0.00855605,1622437260,2021-05-31T05:01:00
0.00856513,0.00856513,0.00856513,0.00856513,1622425500,2021-05-31T01:45:00
0.00890826,0.00890826,0.00890826,0.00890826,1622415780,2021-05-30T23:03:00
0.00888071,0.00888071,0.00888071,0.00888071,1622414400,2021-05-30T22:40:00
0.00894565,0.00894565,0.00894565,0.00894565,1622413320,2021-05-30T22:22:00
0.00891318,0.00891318,0.00891318,0.00891318,1622411580,2021-05-30T21:53:00
0.0089783,0.0089783,0.0089783,0.0089783,1622400960,2021-05-30T18:56:00
0.00898356,0.00898356,0.00898356,0.00898356,1622400300,2021-05-30T18:45:00
0.00884411,0.00884411,0.00884411,0.00884411,1622397420,2021-05-30T17:57:00
0.00875211,0.00875211,0.00875211,0.00875211,1622391780,2021-05-30T16:23:00
0.00870157,0.00870157,0.00870157,0.00870157,1622390400,2021-05-30T16:00:00
0.00861563,0.00861563,0.00861563,0.00861563,1622388540,2021-05-30T15:29:00
0.00858547,0.00858547,0.00858547,0.00858547,1622387460,2021-05-30T15:11:00
0.00869,0.00869,0.00869,0.00869,1622386260,2021-05-30T14:51:00
0.0085819,0.0085819,0.0085819,0.0085819,1622385240,2021-05-30T14:34:00
0.00856379,0.00856379,0.00856379,0.00856379,1622385060,2021-05-30T14:31:00
0.00865007,0.00865007,0.00865007,0.00865007,1622384040,2021-05-30T14:14:00
0.00867874,0.00867874,0.00867874,0.00867874,1622383140,2021-05-30T13:59:00
0.00871226,0.00871226,0.00871226,0.00871226,1622381940,2021-05-30T13:39:00
0.00877765,0.00877765,0.00877765,0.00877765,1622381460,2021-05-30T13:31:00
0.00881415,0.00881415,0.00881415,0.00881415,1622379120,2021-05-30T12:52:00
0.00893892,0.00893892,0.00893892,0.00893892,1622378100,2021-05-30T12:35:00
0.00894638,0.00894638,0.00894638,0.00894638,1622371800,2021-05-30T10:50:00
0.0088907,0.0088907,0.0088907,0.0088907,1622371140,2021-05-30T10:39:00
0.00896104,0.00896104,0.00896104,0.00896104,1622366040,2021-05-30T09:14:00
0.0089943,0.0089943,0.0089943,0.0089943,1622363940,2021-05-30T08:39:00
0.00896753,0.00896753,0.00896753,0.00896753,1622362500,2021-05-30T08:15:00
0.00895769,0.00895769,0.00895769,0.00895769,1622361540,2021-05-30T07:59:00
0.00888434,0.00888434,0.00888434,0.00888434,1622359260,2021-05-30T07:21:00
0.00883148,0.00883148,0.00883148,0.00883148,1622358660,2021-05-30T07:11:00
0.00867912,0.00867912,0.00867912,0.00867912,1622355360,2021-05-30T06:16:00
0.0086525,0.0086525,0.0086525,0.0086525,1622355000,2021-05-30T06:10:00
0.00822689,0.00822689,0.00822689,0.00822689,1622346120,2021-05-30T03:42:00
0.00823406,0.00823406,0.00823406,0.00823406,1622329740,2021-05-29T23:09:00
0.00821902,0.00821902,0.00821902,0.00821902,1622328300,2021-05-29T22:45:00
0.00816645,0.00816645,0.00816645,0.00816645,1622324580,2021-05-29T21:43:00
0.00809217,0.00809217,0.00809217,0.00809217,1622321160,2021-05-29T20:46:00
0.00815718,0.00821505,0.00815718,0.00821505,1622319000,2021-05-29T20:10:00
0.00810448,0.00810448,0.00810448,0.00810448,1622318820,2021-05-29T20:07:00
0.00803605,0.00803605,0.00803605,0.00803605,1622317140,2021-05-29T19:39:00
0.00847346,0.00847346,0.00847346,0.00847346,1622307060,2021-05-29T16:51:00
0.00839384,0.00839384,0.00839384,0.00839384,1622303640,2021-05-29T15:54:00
0.00855284,0.00855284,0.00855284,0.00855284,1622300700,2021-05-29T15:05:00
0.00895776,0.00895776,0.00895776,0.00895776,1622277600,2021-05-29T08:40:00
0.00896735,0.00896735,0.00896735,0.00896735,1622277060,2021-05-29T08:31:00
0.00893942,0.00893942,0.00893942,0.00893942,1622276100,2021-05-29T08:15:00
0.0091533,0.0091533,0.00910867,0.00910867,1622270040,2021-05-29T06:34:00
0.00892637,0.00892637,0.00892637,0.00892637,1622266200,2021-05-29T05:30:00
0.00897616,0.00897616,0.00892883,0.00892883,1622265960,2021-05-29T05:26:00
0.00856092,0.00856092,0.00856092,0.00856092,1622264100,2021-05-29T04:55:00
0.00859678,0.00859678,0.00859678,0.00859678,1622261040,2021-05-29T04:04:00
0.00856067,0.00856067,0.00856067,0.00856067,1622260080,2021-05-29T03:48:00
0.00860445,0.00860445,0.00860445,0.00860445,1622259060,2021-05-29T03:31:00
0.00861089,0.00861089,0.00861089,0.00861089,1622258940,2021-05-29T03:29:00
0.00870479,0.00870479,0.00870479,0.00870479,1622251920,2021-05-29T01:32:00
0.00833167,0.00833167,0.00833167,0.00833167,1622245320,2021-05-28T23:42:00
0.00820834,0.00820834,0.00820834,0.00820834,1622243100,2021-05-28T23:05:00
0.00816387,0.00816387,0.00816387,0.00816387,1622241360,2021-05-28T22:36:00
0.00834252,0.00834252,0.00834252,0.00834252,1622240640,2021-05-28T22:24:00
0.00841183,0.00841183,0.00841183,0.00841183,1622239740,2021-05-28T22:09:00
0.00838787,0.00838787,0.00838787,0.00838787,1622239680,2021-05-28T22:08:00
0.00834433,0.00834433,0.00834433,0.00834433,1622239200,2021-05-28T22:00:00
0.00827982,0.00827982,0.00827982,0.00827982,1622238600,2021-05-28T21:50:00
0.00825389,0.0082729,0.00825389,0.0082729,1622238480,2021-05-28T21:48:00
0.00884837,0.00884837,0.00884837,0.00884837,1622233980,2021-05-28T20:33:00
0.00883007,0.00883007,0.00883007,0.00883007,1622230080,2021-05-28T19:28:00
0.00889656,0.00889656,0.00889656,0.00889656,1622228520,2021-05-28T19:02:00
0.00889984,0.00889984,0.00889984,0.00889984,1622228340,2021-05-28T18:59:00
0.00885237,0.00885237,0.00879284,0.00879284,1622226540,2021-05-28T18:29:00
0.00900607,0.00900607,0.00900607,0.00900607,1622224140,2021-05-28T17:49:00
0.00902582,0.00902582,0.00902582,0.00902582,1622221560,2021-05-28T17:06:00
0.00912377,0.00912377,0.00907403,0.00907403,1622219100,2021-05-28T16:25:00
0.00949855,0.00949855,0.00949855,0.00949855,1622217540,2021-05-28T15:59:00
0.00949938,0.00949938,0.00949938,0.00949938,1622217060,2021-05-28T15:51:00
0.00946937,0.00946937,0.00946937,0.00946937,1622215560,2021-05-28T15:26:00
0.00945187,0.00945187,0.00945187,0.00945187,1622214720,2021-05-28T15:12:00
0.00950394,0.00950394,0.00950394,0.00950394,1622211420,2021-05-28T14:17:00
0.00957367,0.00957367,0.00957367,0.00957367,1622209380,2021-05-28T13:43:00
0.00954929,0.00954929,0.00954929,0.00954929,1622207700,2021-05-28T13:15:00
0.00913255,0.00913255,0.00913255,0.00913255,1622201760,2021-05-28T11:36:00
0.00912967,0.00912967,0.00912967,0.00912967,1622201280,2021-05-28T11:28:00
0.00921058,0.00921058,0.00921058,0.00921058,1622201100,2021-05-28T11:25:00
0.00922882,0.00922882,0.00922882,0.00922882,1622197800,2021-05-28T10:30:00
0.00920021,0.00920021,0.00920021,0.00920021,1622197680,2021-05-28T10:28:00
0.0092135,0.0092135,0.0092135,0.0092135,1622196420,2021-05-28T10:07:00
0.00956722,0.00956722,0.00956722,0.00956722,1622189640,2021-05-28T08:14:00
0.00964843,0.00964843,0.00964843,0.00964843,1622184480,2021-05-28T06:48:00
0.00952414,0.00952414,0.00952414,0.00952414,1622184240,2021-05-28T06:44:00
0.00964604,0.00964604,0.00964604,0.00964604,1622183340,2021-05-28T06:29:00
0.00975734,0.00975734,0.00975734,0.00975734,1622180940,2021-05-28T05:49:00
0.00973734,0.00973734,0.00973734,0.00973734,1622180820,2021-05-28T05:47:00
0.0103788,0.0103788,0.0103788,0.0103788,1622180100,2021-05-28T05:35:00
0.010373,0.010373,0.010373,0.010373,1622179560,2021-05-28T05:26:00
0.010296,0.010296,0.010296,0.010296,1622178600,2021-05-28T05:10:00
0.0103978,0.0103978,0.0103978,0.0103978,1622171580,2021-05-28T03:13:00
0.0104333,0.0104333,0.0104333,0.0104333,1622170140,2021-05-28T02:49:00
0.010419,0.010419,0.010419,0.010419,1622168160,2021-05-28T02:16:00
0.0105512,0.0105512,0.0105512,0.0105512,1622163000,2021-05-28T00:50:00
0.0105264,0.0105264,0.0105264,0.0105264,1622162940,2021-05-28T00:49:00
0.0105668,0.0105668,0.0105668,0.0105668,1622162100,2021-05-28T00:35:00
0.0107694,0.0107694,0.0107694,0.0107694,1622161020,2021-05-28T00:17:00
0.0107335,0.0107335,0.0107335,0.0107335,1622160660,2021-05-28T00:11:00
0.0106825,0.0106825,0.0106825,0.0106825,1622160120,2021-05-28T00:02:00
0.0107536,0.0107536,0.0107536,0.0107536,1622155380,2021-05-27T22:43:00
0.0106803,0.0106803,0.0106803,0.0106803,1622148540,2021-05-27T20:49:00
0.0107541,0.0107541,0.0107541,0.0107541,1622147580,2021-05-27T20:33:00
0.0107626,0.0107626,0.0107626,0.0107626,1622146440,2021-05-27T20:14:00
0.0107135,0.0107269,0.0107135,0.0107269,1622144520,2021-05-27T19:42:00
0.010891,0.010891,0.010891,0.010891,1622144100,2021-05-27T19:35:00
0.0109184,0.0109184,0.0109184,0.0109184,1622142960,2021-05-27T19:16:00
0.0109967,0.0109967,0.0109967,0.0109967,1622141640,2021-05-27T18:54:00
0.0110025,0.0110025,0.0110025,0.0110025,1622141580,2021-05-27T18:53:00
0.0109253,0.0109253,0.0109253,0.0109253,1622140620,2021-05-27T18:37:00
0.0109886,0.0109886,0.0109886,0.0109886,1622140500,2021-05-27T18:35:00
0.010991,0.010991,0.010991,0.010991,1622140260,2021-05-27T18:31:00
0.0109898,0.0109898,0.0109898,0.0109898,1622139480,2021-05-27T18:18:00
0.0109232,0.0109232,0.0109232,0.0109232,1622136420,2021-05-27T17:27:00
0.0109973,0.0109973,0.0109973,0.0109973,1622136120,2021-05-27T17:22:00
0.0109778,0.0109778,0.0109778,0.0109778,1622136060,2021-05-27T17:21:00
0.0109507,0.0109507,0.0109507,0.0109507,1622135520,2021-05-27T17:12:00
0.0110332,0.0110332,0.0110332,0.0110332,1622132400,2021-05-27T16:20:00
0.0110671,0.0110671,0.0110671,0.0110671,1622131680,2021-05-27T16:08:00
0.0111394,0.0111394,0.0111394,0.0111394,1622130300,2021-05-27T15:45:00
0.0108417,0.0108417,0.0108417,0.0108417,1622129100,2021-05-27T15:25:00
0.0109464,0.0109464,0.0109464,0.0109464,1622127600,2021-05-27T15:00:00
0.0106673,0.0106673,0.0106673,0.0106673,1622123880,2021-05-27T13:58:00
0.0105566,0.0105566,0.0105566,0.0105566,1622123820,2021-05-27T13:57:00
0.0103331,0.0103331,0.0103331,0.0103331,1622122920,2021-05-27T13:42:00
0.0100978,0.0100978,0.0100978,0.0100978,1622119920,2021-05-27T12:52:00
0.0102301,0.0102301,0.0102301,0.0102301,1622117700,2021-05-27T12:15:00
0.0102356,0.0102356,0.0102356,0.0102356,1622117040,2021-05-27T12:04:00
0.0102518,0.0102518,0.0102518,0.0102518,1622116980,2021-05-27T12:03:00
0.0102206,0.0102206,0.0102206,0.0102206,1622114460,2021-05-27T11:21:00
0.0100466,0.0100466,0.0100466,0.0100466,1622106240,2021-05-27T09:04:00
0.0100567,0.0100567,0.0100567,0.0100567,1622105760,2021-05-27T08:56:00
0.0100009,0.0100009,0.0100009,0.0100009,1622105160,2021-05-27T08:46:00
0.00979487,0.00979487,0.00979487,0.00979487,1622089440,2021-05-27T04:24:00
0.0097066,0.00972485,0.0097066,0.00972485,1622086080,2021-05-27T03:28:00
0.00984673,0.00984673,0.00984673,0.00984673,1622086020,2021-05-27T03:27:00
0.0101122,0.0101122,0.0101122,0.0101122,1622081160,2021-05-27T02:06:00
0.0101422,0.0101422,0.0101422,0.0101422,1622080140,2021-05-27T01:49:00
0.0103521,0.0103521,0.0103521,0.0103521,1622077320,2021-05-27T01:02:00
0.0103271,0.0103271,0.0103271,0.0103271,1622076900,2021-05-27T00:55:00
0.0103188,0.0103188,0.0103188,0.0103188,1622076540,2021-05-27T00:49:00
0.0103062,0.0103062,0.0103062,0.0103062,1622075520,2021-05-27T00:32:00
0.0102968,0.0102968,0.0102968,0.0102968,1622075040,2021-05-27T00:24:00
0.0104285,0.0104285,0.0104285,0.0104285,1622073120,2021-05-26T23:52:00
0.0104404,0.0104404,0.0104404,0.0104404,1622072700,2021-05-26T23:45:00
0.010408,0.0104729,0.010408,0.0104729,1622071800,2021-05-26T23:30:00
0.00990084,0.00990084,0.00990084,0.00990084,1622057940,2021-05-26T19:39:00
0.00997987,0.00997987,0.00997987,0.00997987,1622046900,2021-05-26T16:35:00
0.00997907,0.00997907,0.00997907,0.00997907,1622045640,2021-05-26T16:14:00
0.00988409,0.00988409,0.00988409,0.00988409,1622044500,2021-05-26T15:55:00
0.00989757,0.00989757,0.00989757,0.00989757,1622039040,2021-05-26T14:24:00
0.00983116,0.00983116,0.00983116,0.00983116,1622037180,2021-05-26T13:53:00
0.00993988,0.00993988,0.00993988,0.00993988,1622035620,2021-05-26T13:27:00
0.00995405,0.00995405,0.00992716,0.00992716,1622035560,2021-05-26T13:26:00
0.00996749,0.00996749,0.00996749,0.00996749,1622035320,2021-05-26T13:22:00
0.0101764,0.0101764,0.0101764,0.0101764,1622033640,2021-05-26T12:54:00
0.0101669,0.0101669,0.0101669,0.0101669,1622033580,2021-05-26T12:53:00
0.0101133,0.0101133,0.0101133,0.0101133,1622030640,2021-05-26T12:04:00
0.0102501,0.0102501,0.0102501,0.0102501,1622020620,2021-05-26T09:17:00
0.0101747,0.0101747,0.0101747,0.0101747,1622017680,2021-05-26T08:28:00
0.0103745,0.0103745,0.0103745,0.0103745,1622016120,2021-05-26T08:02:00
0.0103844,0.0103844,0.0103844,0.0103844,1622014080,2021-05-26T07:28:00
0.0103269,0.0103269,0.0103269,0.0103269,1622012760,2021-05-26T07:06:00
0.0104322,0.0104322,0.0104322,0.0104322,1622011500,2021-05-26T06:45:00
0.0101764,0.0101764,0.0101764,0.0101764,1622007840,2021-05-26T05:44:00
0.0100828,0.0100828,0.0100828,0.0100828,1622002200,2021-05-26T04:10:00
0.0101861,0.0101861,0.0101861,0.0101861,1622001540,2021-05-26T03:59:00
0.0100478,0.0100478,0.0100478,0.0100478,1621998240,2021-05-26T03:04:00
0.0100476,0.0100476,0.0100476,0.0100476,1621997640,2021-05-26T02:54:00
0.0101913,0.0101913,0.0101913,0.0101913,1621996260,2021-05-26T02:31:00
0.0100461,0.0100461,0.0100461,0.0100461,1621995840,2021-05-26T02:24:00
0.00995498,0.00995498,0.00992176,0.00992176,1621994820,2021-05-26T02:07:00
0.00946878,0.00946878,0.00946878,0.00946878,1621990080,2021-05-26T00:48:00
0.00958026,0.00958026,0.00958026,0.00958026,1621987860,2021-05-26T00:11:00
0.00939525,0.00939525,0.00939525,0.00939525,1621986240,2021-05-25T23:44:00
0.00941968,0.00941968,0.00941968,0.00941968,1621986120,2021-05-25T23:42:00
0.00933305,0.00933305,0.00933305,0.00933305,1621983960,2021-05-25T23:06:00
0.00922297,0.00922297,0.00922297,0.00922297,1621981980,2021-05-25T22:33:00
0.00884071,0.00884071,0.00884071,0.00884071,1621973460,2021-05-25T20:11:00
0.00891525,0.00891525,0.00891525,0.00891525,1621971180,2021-05-25T19:33:00
0.00884567,0.00884567,0.00884567,0.00884567,1621970400,2021-05-25T19:20:00
0.0088278,0.0088278,0.0088278,0.0088278,1621958760,2021-05-25T16:06:00
0.00869651,0.00869651,0.00869651,0.00869651,1621956660,2021-05-25T15:31:00
0.0088133,0.0088133,0.0088133,0.0088133,1621954440,2021-05-25T14:54:00
0.00862732,0.00862732,0.00862732,0.00862732,1621951380,2021-05-25T14:03:00
0.00845298,0.00845298,0.00845298,0.00845298,1621947420,2021-05-25T12:57:00
0.00834519,0.00834519,0.00834519,0.00834519,1621940640,2021-05-25T11:04:00
0.0081266,0.0081266,0.0081266,0.0081266,1621939440,2021-05-25T10:44:00
0.0081414,0.0081414,0.0081414,0.0081414,1621938780,2021-05-25T10:33:00
0.00896632,0.00896632,0.00896632,0.00896632,1621937340,2021-05-25T10:09:00
0.00939195,0.00939195,0.00939195,0.00939195,1621932480,2021-05-25T08:48:00
0.00947166,0.00947166,0.00947166,0.00947166,1621929060,2021-05-25T07:51:00
0.00963999,0.00963999,0.00963999,0.00963999,1621927680,2021-05-25T07:28:00
0.00977661,0.00977661,0.00977661,0.00977661,1621927320,2021-05-25T07:22:00
0.00959508,0.00959508,0.00959508,0.00959508,1621920120,2021-05-25T05:22:00
0.00956415,0.00956415,0.00956415,0.00956415,1621919700,2021-05-25T05:15:00
0.00943817,0.00943817,0.00943817,0.00943817,1621917540,2021-05-25T04:39:00
0.00938577,0.00938577,0.00938577,0.00938577,1621916820,2021-05-25T04:27:00
0.00945415,0.00945415,0.00945415,0.00945415,1621912860,2021-05-25T03:21:00
0.00942348,0.00942348,0.00942348,0.00942348,1621911300,2021-05-25T02:55:00
0.0102288,0.0102288,0.0102288,0.0102288,1621909740,2021-05-25T02:29:00
0.010704,0.010704,0.010704,0.010704,1621904820,2021-05-25T01:07:00
0.0107466,0.0107466,0.0107466,0.0107466,1621902840,2021-05-25T00:34:00
0.0107247,0.0107247,0.0107247,0.0107247,1621902240,2021-05-25T00:24:00
0.0101976,0.0101976,0.0101976,0.0101976,1621899120,2021-05-24T23:32:00
0.0102129,0.0102129,0.0102129,0.0102129,1621898340,2021-05-24T23:19:00
0.0103973,0.0103973,0.0103973,0.0103973,1621895400,2021-05-24T22:30:00
0.010404,0.010404,0.010404,0.010404,1621890900,2021-05-24T21:15:00
0.0104294,0.0104294,0.0104294,0.0104294,1621887180,2021-05-24T20:13:00
0.010062,0.010062,0.010062,0.010062,1621882500,2021-05-24T18:55:00
0.00978704,0.00978704,0.00978704,0.00978704,1621879320,2021-05-24T18:02:00
0.00960152,0.00960152,0.00960152,0.00960152,1621876860,2021-05-24T17:21:00
0.00953908,0.00953908,0.00953908,0.00953908,1621875840,2021-05-24T17:04:00
0.00970297,0.00970297,0.00970297,0.00970297,1621874640,2021-05-24T16:44:00
0.00975415,0.00975415,0.00975415,0.00975415,1621873800,2021-05-24T16:30:00
0.00971979,0.00971979,0.00971979,0.00971979,1621873380,2021-05-24T16:23:00
0.0096076,0.0096076,0.0096076,0.0096076,1621873140,2021-05-24T16:19:00
0.00966778,0.00966778,0.00966778,0.00966778,1621871760,2021-05-24T15:56:00
0.00956411,0.00956411,0.00956411,0.00956411,1621871640,2021-05-24T15:54:00
0.00945948,0.00945948,0.00945948,0.00945948,1621871460,2021-05-24T15:51:00
0.00914146,0.00914146,0.00914146,0.00914146,1621867560,2021-05-24T14:46:00
0.00912568,0.00912568,0.00912568,0.00912568,1621863600,2021-05-24T13:40:00
0.00910402,0.00910402,0.00910402,0.00910402,1621862340,2021-05-24T13:19:00
0.00907693,0.00907693,0.00907693,0.00907693,1621862220,2021-05-24T13:17:00
0.00905372,0.00905372,0.00905372,0.00905372,1621861920,2021-05-24T13:12:00
0.00903834,0.00903834,0.00903834,0.00903834,1621861620,2021-05-24T13:07:00
0.00904463,0.00904463,0.00904463,0.00904463,1621861500,2021-05-24T13:05:00
0.00897721,0.00897721,0.00897721,0.00897721,1621861080,2021-05-24T12:58:00
0.00867945,0.00867945,0.00867945,0.00867945,1621856820,2021-05-24T11:47:00
0.00850669,0.00850669,0.00850669,0.00850669,1621855080,2021-05-24T11:18:00
0.00827332,0.00827332,0.00827332,0.00827332,1621855020,2021-05-24T11:17:00
0.00819075,0.00819075,0.00819075,0.00819075,1621854540,2021-05-24T11:09:00
0.00864261,0.00864261,0.00864261,0.00864261,1621850340,2021-05-24T09:59:00
0.00865091,0.00865091,0.00865091,0.00865091,1621845540,2021-05-24T08:39:00
0.00864877,0.00864877,0.00864877,0.00864877,1621843980,2021-05-24T08:13:00
0.00864534,0.00864534,0.00864534,0.00864534,1621842720,2021-05-24T07:52:00
0.00846034,0.00846034,0.00846034,0.00846034,1621841100,2021-05-24T07:25:00
0.00827054,0.00827054,0.00827054,0.00827054,1621839660,2021-05-24T07:01:00
0.00815478,0.00815478,0.00815478,0.00815478,1621833300,2021-05-24T05:15:00
0.0081326,0.0081326,0.0081326,0.0081326,1621830540,2021-05-24T04:29:00
0.0082012,0.0082012,0.0082012,0.0082012,1621823940,2021-05-24T02:39:00
0.00812936,0.00812936,0.00812936,0.00812936,1621823040,2021-05-24T02:24:00
0.00798103,0.00798103,0.00798103,0.00798103,1621819200,2021-05-24T01:20:00
0.00804576,0.00804576,0.00804576,0.00804576,1621818540,2021-05-24T01:09:00
0.00787135,0.00787135,0.00787135,0.00787135,1621809840,2021-05-23T22:44:00
0.0078566,0.0078566,0.0078566,0.0078566,1621808880,2021-05-23T22:28:00
0.00774095,0.00774095,0.00774095,0.00774095,1621808460,2021-05-23T22:21:00
0.0075048,0.0075048,0.0075048,0.0075048,1621806660,2021-05-23T21:51:00
0.00757199,0.00757199,0.00757199,0.00757199,1621805880,2021-05-23T21:38:00
0.00741045,0.00741045,0.00741045,0.00741045,1621803000,2021-05-23T20:50:00
0.00705283,0.00705283,0.00705283,0.00705283,1621797840,2021-05-23T19:24:00
0.00677147,0.00677147,0.00677147,0.00677147,1621793700,2021-05-23T18:15:00
0.00666201,0.00666201,0.00666201,0.00666201,1621786440,2021-05-23T16:14:00
0.00681359,0.00681359,0.00681359,0.00681359,1621786320,2021-05-23T16:12:00
0.00724522,0.00724522,0.00724522,0.00724522,1621782300,2021-05-23T15:05:00
0.00721271,0.00721271,0.00721271,0.00721271,1621778340,2021-05-23T13:59:00
0.00690429,0.00690429,0.00690429,0.00690429,1621777380,2021-05-23T13:43:00
0.00682756,0.00682756,0.00682756,0.00682756,1621775220,2021-05-23T13:07:00
0.00757174,0.00757174,0.00757174,0.00757174,1621771800,2021-05-23T12:10:00
0.00762185,0.00762185,0.00762185,0.00762185,1621771080,2021-05-23T11:58:00
0.00768003,0.00768003,0.00768003,0.00768003,1621770000,2021-05-23T11:40:00
0.00761992,0.00761992,0.00761992,0.00761992,1621769160,2021-05-23T11:26:00
0.0077345,0.0077345,0.0077345,0.0077345,1621766640,2021-05-23T10:44:00
0.00781918,0.00781918,0.00781918,0.00781918,1621756260,2021-05-23T07:51:00
0.00792069,0.00792069,0.00792069,0.00792069,1621753080,2021-05-23T06:58:00
0.00800316,0.00800316,0.00800316,0.00800316,1621751160,2021-05-23T06:26:00
0.00803554,0.00803554,0.00803554,0.00803554,1621750860,2021-05-23T06:21:00
0.00809986,0.00809986,0.00809986,0.00809986,1621750800,2021-05-23T06:20:00
0.00842761,0.00842761,0.00842761,0.00842761,1621740420,2021-05-23T03:27:00
0.00842285,0.00842285,0.00842285,0.00842285,1621740000,2021-05-23T03:20:00
0.00853933,0.00853933,0.00853933,0.00853933,1621736460,2021-05-23T02:21:00
0.00854547,0.00854547,0.00854547,0.00854547,1621736280,2021-05-23T02:18:00
0.0084602,0.0084602,0.0084602,0.0084602,1621727100,2021-05-22T23:45:00
0.00850967,0.00850967,0.00850967,0.00850967,1621722600,2021-05-22T22:30:00
0.00852965,0.00852965,0.00852965,0.00852965,1621719180,2021-05-22T21:33:00
0.00858666,0.00858666,0.00858666,0.00858666,1621718880,2021-05-22T21:28:00
0.0085283,0.0085283,0.0085283,0.0085283,1621717740,2021-05-22T21:09:00
0.00853699,0.00853699,0.00853699,0.00853699,1621717560,2021-05-22T21:06:00
0.0084599,0.0084599,0.0084599,0.0084599,1621715940,2021-05-22T20:39:00
0.00853559,0.00853559,0.00853559,0.00853559,1621715880,2021-05-22T20:38:00
0.0084792,0.0084792,0.0084792,0.0084792,1621714800,2021-05-22T20:20:00
0.00842757,0.00842757,0.00842757,0.00842757,1621714260,2021-05-22T20:11:00
0.00835287,0.00835287,0.00835287,0.00835287,1621709640,2021-05-22T18:54:00
0.00835218,0.00835218,0.00835218,0.00835218,1621707900,2021-05-22T18:25:00
0.00837371,0.00837371,0.00837371,0.00837371,1621704900,2021-05-22T17:35:00
0.008544,0.008544,0.008544,0.008544,1621701600,2021-05-22T16:40:00
0.00866253,0.00866253,0.00866253,0.00866253,1621701240,2021-05-22T16:34:00
0.00868086,0.00868086,0.00868086,0.00868086,1621694580,2021-05-22T14:43:00
0.008766,0.008766,0.008766,0.008766,1621688580,2021-05-22T13:03:00
0.00880796,0.00880796,0.00880796,0.00880796,1621686960,2021-05-22T12:36:00
0.0087761,0.0087761,0.0087761,0.0087761,1621686840,2021-05-22T12:34:00
0.00871777,0.00871777,0.00871777,0.00871777,1621686540,2021-05-22T12:29:00
0.00848662,0.00848662,0.00848662,0.00848662,1621679880,2021-05-22T10:38:00
0.00840673,0.00840673,0.00840673,0.00840673,1621679280,2021-05-22T10:28:00
0.00844378,0.00844378,0.00844378,0.00844378,1621678620,2021-05-22T10:17:00
0.00848777,0.00848777,0.00848777,0.00848777,1621678200,2021-05-22T10:10:00
0.00847291,0.00847291,0.00847291,0.00847291,1621678140,2021-05-22T10:09:00
0.00823045,0.00838194,0.00823045,0.00838194,1621678080,2021-05-22T10:08:00
0.00828847,0.00828847,0.00828847,0.00828847,1621677960,2021-05-22T10:06:00
0.00847512,0.00847512,0.00847512,0.00847512,1621677840,2021-05-22T10:04:00
0.00824705,0.00824705,0.00824705,0.00824705,1621677780,2021-05-22T10:03:00
0.00822037,0.00822037,0.00822037,0.00822037,1621677420,2021-05-22T09:57:00
0.00818454,0.00818454,0.00818454,0.00818454,1621674960,2021-05-22T09:16:00
0.00789614,0.00789614,0.00789614,0.00789614,1621670940,2021-05-22T08:09:00
0.00775147,0.00775147,0.00775147,0.00775147,1621670040,2021-05-22T07:54:00
0.0076141,0.0076141,0.0076141,0.0076141,1621668600,2021-05-22T07:30:00
0.00748745,0.00748745,0.00748745,0.00748745,1621664640,2021-05-22T06:24:00
0.00763502,0.00763502,0.00763502,0.00763502,1621660680,2021-05-22T05:18:00
0.00779238,0.00779238,0.00779238,0.00779238,1621658700,2021-05-22T04:45:00
0.00780144,0.00796111,0.00780144,0.00796111,1621657920,2021-05-22T04:32:00
0.00769464,0.00769464,0.00769464,0.00769464,1621657800,2021-05-22T04:30:00
0.00852262,0.00852262,0.00852262,0.00852262,1621657020,2021-05-22T04:17:00
0.00864016,0.00864016,0.00864016,0.00864016,1621655280,2021-05-22T03:48:00
0.00868101,0.00868101,0.00868101,0.00868101,1621654140,2021-05-22T03:29:00
0.00877078,0.00877078,0.00877078,0.00877078,1621652760,2021-05-22T03:06:00
0.00884942,0.00884942,0.00884942,0.00884942,1621645500,2021-05-22T01:05:00
0.00881199,0.00881199,0.00881199,0.00881199,1621645260,2021-05-22T01:01:00
0.00873147,0.00873147,0.00873147,0.00873147,1621638840,2021-05-21T23:14:00
0.00850912,0.00850912,0.00850912,0.00850912,1621634400,2021-05-21T22:00:00
0.00850626,0.00850626,0.00850626,0.00850626,1621633980,2021-05-21T21:53:00
0.00838546,0.00838546,0.00838546,0.00838546,1621632780,2021-05-21T21:33:00
0.00898327,0.00898327,0.00898327,0.00898327,1621626600,2021-05-21T19:50:00
0.00918535,0.00918535,0.00918535,0.00918535,1621626060,2021-05-21T19:41:00
0.00948243,0.00948243,0.00948097,0.00948097,1621624680,2021-05-21T19:18:00
0.00950141,0.00950141,0.00950141,0.00950141,1621623000,2021-05-21T18:50:00
0.00953397,0.00953397,0.00953397,0.00953397,1621615920,2021-05-21T16:52:00
0.00933675,0.00939359,0.00933675,0.00939359,1621612740,2021-05-21T15:59:00
0.00949524,0.00949524,0.00949524,0.00949524,1621612440,2021-05-21T15:54:00
0.0098392,0.0098392,0.0098392,0.0098392,1621609200,2021-05-21T15:00:00
0.0102304,0.0102304,0.0102304,0.0102304,1621606920,2021-05-21T14:22:00
0.0103098,0.0103098,0.0103098,0.0103098,1621606740,2021-05-21T14:19:00
0.0108484,0.0108484,0.0108484,0.0108484,1621606140,2021-05-21T14:09:00
0.0109674,0.0109674,0.0109674,0.0109674,1621599360,2021-05-21T12:16:00
0.0108869,0.0108869,0.0108869,0.0108869,1621598940,2021-05-21T12:09:00
0.0107447,0.0107447,0.0107447,0.0107447,1621596660,2021-05-21T11:31:00
0.0109098,0.0109098,0.0109098,0.0109098,1621595820,2021-05-21T11:17:00
0.0108448,0.0108448,0.0108448,0.0108448,1621586100,2021-05-21T08:35:00
0.0108469,0.0108469,0.0108469,0.0108469,1621585140,2021-05-21T08:19:00
0.0107619,0.0107619,0.0107619,0.0107619,1621585020,2021-05-21T08:17:00
0.0108765,0.0108765,0.0108765,0.0108765,1621584660,2021-05-21T08:11:00
0.0114052,0.0114052,0.0114052,0.0114052,1621580640,2021-05-21T07:04:00
0.0115195,0.0115195,0.0115195,0.0115195,1621579200,2021-05-21T06:40:00
0.011631,0.011631,0.011631,0.011631,1621578120,2021-05-21T06:22:00
0.0118,0.0118,0.0118,0.0118,1621572060,2021-05-21T04:41:00
0.0118444,0.0118444,0.0118444,0.0118444,1621571940,2021-05-21T04:39:00
0.011969,0.011969,0.011969,0.011969,1621570260,2021-05-21T04:11:00
0.011866,0.011866,0.011866,0.011866,1621570200,2021-05-21T04:10:00
0.0118181,0.0118181,0.0118181,0.0118181,1621569960,2021-05-21T04:06:00
0.0122438,0.0122438,0.0122438,0.0122438,1621569660,2021-05-21T04:01:00
0.0122415,0.0122415,0.0122415,0.0122415,1621569060,2021-05-21T03:51:00
0.0121953,0.0121953,0.0121953,0.0121953,1621568880,2021-05-21T03:48:00
0.0121078,0.0121078,0.0121078,0.0121078,1621568760,2021-05-21T03:46:00
0.0125844,0.0125844,0.0125844,0.0125844,1621568160,2021-05-21T03:36:00
0.0129385,0.0129385,0.0129385,0.0129385,1621565040,2021-05-21T02:44:00
0.0129663,0.0129663,0.0129663,0.0129663,1621562340,2021-05-21T01:59:00
0.0125688,0.0125688,0.0125688,0.0125688,1621555680,2021-05-21T00:08:00
0.0124789,0.0124789,0.0124789,0.0124789,1621555380,2021-05-21T00:03:00
0.0125957,0.0125957,0.0125957,0.0125957,1621555320,2021-05-21T00:02:00
0.0127453,0.0127453,0.0127453,0.0127453,1621549560,2021-05-20T22:26:00
0.0127577,0.0127577,0.0127577,0.0127577,1621548900,2021-05-20T22:15:00
0.0127527,0.0127527,0.0127527,0.0127527,1621546980,2021-05-20T21:43:00
0.012521,0.012521,0.012521,0.012521,1621545840,2021-05-20T21:24:00
0.0125121,0.0125121,0.0125121,0.0125121,1621545420,2021-05-20T21:17:00
0.012115,0.012115,0.012115,0.012115,1621543080,2021-05-20T20:38:00
0.0120008,0.0120603,0.0120008,0.0120603,1621543020,2021-05-20T20:37:00
0.0118339,0.0118339,0.0118339,0.0118339,1621542900,2021-05-20T20:35:00
0.0117338,0.0117338,0.0117338,0.0117338,1621541640,2021-05-20T20:14:00
0.0117602,0.0117602,0.0117602,0.0117602,1621540380,2021-05-20T19:53:00
0.0115377,0.0115377,0.0115377,0.0115377,1621531440,2021-05-20T17:24:00
0.0123132,0.0123132,0.0123132,0.0123132,1621524000,2021-05-20T15:20:00
0.0122157,0.0122157,0.0122157,0.0122157,1621523820,2021-05-20T15:17:00
0.0118043,0.0118043,0.0118043,0.0118043,1621520820,2021-05-20T14:27:00
0.0120138,0.0120138,0.0120138,0.0120138,1621519920,2021-05-20T14:12:00
0.0119504,0.0119504,0.0119109,0.0119109,1621518960,2021-05-20T13:56:00
0.0120227,0.0120227,0.0120227,0.0120227,1621517400,2021-05-20T13:30:00
0.0117938,0.0117938,0.0117938,0.0117938,1621516500,2021-05-20T13:15:00
0.0115137,0.0115137,0.0115137,0.0115137,1621515120,2021-05-20T12:52:00
0.0109491,0.0109491,0.0109491,0.0109491,1621513740,2021-05-20T12:29:00
0.0108342,0.0108342,0.0108342,0.0108342,1621512720,2021-05-20T12:12:00
0.0106018,0.0106018,0.0106018,0.0106018,1621509600,2021-05-20T11:20:00
0.0104735,0.0104735,0.0104735,0.0104735,1621506360,2021-05-20T10:26:00
0.0104748,0.0104748,0.0104748,0.0104748,1621505340,2021-05-20T10:09:00
0.0103536,0.0103536,0.0103536,0.0103536,1621505100,2021-05-20T10:05:00
0.0103818,0.0103818,0.0103818,0.0103818,1621498500,2021-05-20T08:15:00
0.0104452,0.0104452,0.0104452,0.0104452,1621498140,2021-05-20T08:09:00
0.0104469,0.0104469,0.0104469,0.0104469,1621496820,2021-05-20T07:47:00
0.0102663,0.0102663,0.0102663,0.0102663,1621494180,2021-05-20T07:03:00
0.0102249,0.0102249,0.0102249,0.0102249,1621493280,2021-05-20T06:48:00
0.00986869,0.00986869,0.00986869,0.00986869,1621486740,2021-05-20T04:59:00
0.00985788,0.00985788,0.00985788,0.00985788,1621484760,2021-05-20T04:26:00
0.00988169,0.00988169,0.00988169,0.00988169,1621484580,2021-05-20T04:23:00
0.00967628,0.00967628,0.00967628,0.00967628,1621483680,2021-05-20T04:08:00
0.0093845,0.0093845,0.0093845,0.0093845,1621479780,2021-05-20T03:03:00
0.00969709,0.00969709,0.00954429,0.00954429,1621479600,2021-05-20T03:00:00
0.00896834,0.00896834,0.00896834,0.00896834,1621478580,2021-05-20T02:43:00
0.00885739,0.00885739,0.00885739,0.00885739,1621477200,2021-05-20T02:20:00
0.00843753,0.00843753,0.00843753,0.00843753,1621475400,2021-05-20T01:50:00
0.0087231,0.0087231,0.0087231,0.0087231,1621475220,2021-05-20T01:47:00
0.00887234,0.00887234,0.00887234,0.00887234,1621473900,2021-05-20T01:25:00
0.00871208,0.00871208,0.00871208,0.00871208,1621472340,2021-05-20T00:59:00
0.00981862,0.00981862,0.00981862,0.00981862,1621470480,2021-05-20T00:28:00
0.0101519,0.0101519,0.0101519,0.0101519,1621469820,2021-05-20T00:17:00
0.0100992,0.0100992,0.0100992,0.0100992,1621469760,2021-05-20T00:16:00
0.00995544,0.00995544,0.00995544,0.00995544,1621469460,2021-05-20T00:11:00
0.00988062,0.00988062,0.00988062,0.00988062,1621469400,2021-05-20T00:10:00
0.00989783,0.00989783,0.00989783,0.00989783,1621468020,2021-05-19T23:47:00
0.010224,0.010224,0.010224,0.010224,1621466940,2021-05-19T23:29:00
0.0104437,0.0104437,0.0104437,0.0104437,1621464660,2021-05-19T22:51:00
0.0103056,0.0103056,0.0103056,0.0103056,1621463700,2021-05-19T22:35:00
0.00978514,0.00978514,0.00978514,0.00978514,1621460040,2021-05-19T21:34:00
0.00997322,0.00997322,0.00997322,0.00997322,1621458840,2021-05-19T21:14:00
0.0102245,0.0102245,0.0102245,0.0102245,1621456440,2021-05-19T20:34:00
0.00986474,0.00986474,0.00986474,0.00986474,1621454160,2021-05-19T19:56:00
0.00974899,0.00974899,0.00974899,0.00974899,1621454040,2021-05-19T19:54:00
0.00972117,0.00972117,0.00972117,0.00972117,1621453680,2021-05-19T19:48:00
0.00973061,0.00973061,0.00973061,0.00973061,1621453620,2021-05-19T19:47:00
0.00982345,0.00982345,0.00982345,0.00982345,1621452960,2021-05-19T19:36:00
0.00982131,0.00982131,0.00982131,0.00982131,1621450260,2021-05-19T18:51:00
0.00999689,0.00999689,0.00999689,0.00999689,1621448880,2021-05-19T18:28:00
0.0109695,0.0109695,0.0109695,0.0109695,1621444620,2021-05-19T17:17:00
0.010814,0.010814,0.010814,0.010814,1621442340,2021-05-19T16:39:00
0.0101919,0.0101919,0.0101919,0.0101919,1621437600,2021-05-19T15:20:00
0.00988895,0.00988895,0.00988895,0.00988895,1621437420,2021-05-19T15:17:00
0.00980649,0.00981764,0.00980649,0.00981764,1621437300,2021-05-19T15:15:00
0.00909397,0.00909397,0.00909397,0.00909397,1621435020,2021-05-19T14:37:00
0.0100209,0.0100209,0.0100209,0.0100209,1621427220,2021-05-19T12:27:00
0.0100187,0.0100187,0.0100187,0.0100187,1621425000,2021-05-19T11:50:00
0.00988741,0.00988741,0.00988741,0.00988741,1621424760,2021-05-19T11:46:00
0.00985643,0.00985643,0.00961331,0.00961331,1621424700,2021-05-19T11:45:00
0.0113687,0.0113687,0.0113687,0.0113687,1621419900,2021-05-19T10:25:00
0.0115478,0.0115478,0.0115478,0.0115478,1621416540,2021-05-19T09:29:00
0.0121229,0.0121229,0.0121229,0.0121229,1621415100,2021-05-19T09:05:00
0.0122262,0.0122262,0.0122262,0.0122262,1621414320,2021-05-19T08:52:00
0.0120132,0.0120132,0.0120132,0.0120132,1621409760,2021-05-19T07:36:00
0.0121747,0.0121747,0.0121747,0.0121747,1621403760,2021-05-19T05:56:00
0.0131069,0.0131069,0.0131069,0.0131069,1621393200,2021-05-19T03:00:00
0.0132335,0.0132335,0.0132335,0.0132335,1621391640,2021-05-19T02:34:00
0.0133592,0.0133592,0.0133592,0.0133592,1621388640,2021-05-19T01:44:00
0.0137805,0.0137805,0.0137805,0.0137805,1621386480,2021-05-19T01:08:00
0.013839,0.013839,0.013839,0.013839,1621384620,2021-05-19T00:37:00
0.0138049,0.0138049,0.0138049,0.0138049,1621379520,2021-05-18T23:12:00
0.0140032,0.0140032,0.0140032,0.0140032,1621377780,2021-05-18T22:43:00
0.014059,0.014059,0.014059,0.014059,1621373220,2021-05-18T21:27:00
0.0139123,0.0139123,0.0139123,0.0139123,1621369860,2021-05-18T20:31:00
0.0135877,0.0135877,0.0135877,0.0135877,1621369380,2021-05-18T20:23:00
0.0133742,0.0133742,0.0133742,0.0133742,1621363860,2021-05-18T18:51:00
0.0134138,0.0134138,0.0134138,0.0134138,1621362660,2021-05-18T18:31:00
0.0135472,0.0135472,0.0135472,0.0135472,1621360920,2021-05-18T18:02:00
0.0135804,0.0135804,0.0135804,0.0135804,1621360560,2021-05-18T17:56:00
0.0136256,0.0136256,0.0136256,0.0136256,1621357620,2021-05-18T17:07:00
0.0137147,0.0137147,0.0137147,0.0137147,1621357200,2021-05-18T17:00:00
0.0136954,0.0136954,0.0136954,0.0136954,1621356060,2021-05-18T16:41:00
0.0136054,0.0136054,0.0136054,0.0136054,1621353180,2021-05-18T15:53:00
0.0136096,0.0136096,0.0136096,0.0136096,1621353060,2021-05-18T15:51:00
0.0137303,0.0137303,0.0137303,0.0137303,1621352100,2021-05-18T15:35:00
0.0136933,0.0136933,0.0136933,0.0136933,1621352040,2021-05-18T15:34:00
0.0138171,0.0138171,0.0138171,0.0138171,1621351980,2021-05-18T15:33:00
0.0137873,0.0137873,0.0137873,0.0137873,1621351740,2021-05-18T15:29:00
0.0137031,0.0137031,0.0137031,0.0137031,1621347420,2021-05-18T14:17:00
0.0140847,0.0140847,0.0140847,0.0140847,1621346160,2021-05-18T13:56:00
0.0139685,0.0139685,0.0139685,0.0139685,1621346100,2021-05-18T13:55:00
0.0138878,0.0138878,0.0138878,0.0138878,1621345920,2021-05-18T13:52:00
0.014158,0.014158,0.014158,0.014158,1621345200,2021-05-18T13:40:00
0.0142119,0.0142119,0.0142119,0.0142119,1621345020,2021-05-18T13:37:00
0.0140421,0.0140421,0.0140421,0.0140421,1621344960,2021-05-18T13:36:00
0.0139738,0.0139738,0.0139738,0.0139738,1621343760,2021-05-18T13:16:00
0.0142795,0.0142795,0.0142795,0.0142795,1621342560,2021-05-18T12:56:00
0.0146469,0.0146469,0.0146469,0.0146469,1621341600,2021-05-18T12:40:00
0.0148375,0.0148375,0.0148375,0.0148375,1621337700,2021-05-18T11:35:00
0.0150031,0.0150031,0.0150031,0.0150031,1621335180,2021-05-18T10:53:00
0.0145027,0.0145027,0.0145027,0.0145027,1621331820,2021-05-18T09:57:00
0.0145866,0.0145866,0.0145866,0.0145866,1621331580,2021-05-18T09:53:00
0.014481,0.014481,0.014481,0.014481,1621331400,2021-05-18T09:50:00
0.014391,0.014391,0.014391,0.014391,1621331160,2021-05-18T09:46:00
0.0143542,0.0143542,0.0143542,0.0143542,1621329240,2021-05-18T09:14:00
0.0144491,0.0144491,0.0144491,0.0144491,1621328640,2021-05-18T09:04:00
0.0143408,0.0143408,0.0143408,0.0143408,1621328520,2021-05-18T09:02:00
0.0141285,0.0141285,0.0141285,0.0141285,1621325160,2021-05-18T08:06:00
0.0139039,0.0139039,0.0139039,0.0139039,1621318560,2021-05-18T06:16:00
0.013723,0.013723,0.013723,0.013723,1621315680,2021-05-18T05:28:00
0.0160843,0.0160843,0.0160843,0.0160843,1621309920,2021-05-18T03:52:00
0.0143502,0.0143502,0.0143502,0.0143502,1621308240,2021-05-18T03:24:00
0.0144323,0.0144323,0.0144323,0.0144323,1621303920,2021-05-18T02:12:00
0.0150565,0.0150565,0.0150565,0.0150565,1621302540,2021-05-18T01:49:00
0.0184213,0.0184213,0.0184213,0.0184213,1621298040,2021-05-18T00:34:00
0.0187762,0.0187762,0.0187762,0.0187762,1621294920,2021-05-17T23:42:00
0.0185434,0.0185434,0.0185434,0.0185434,1621292940,2021-05-17T23:09:00
0.0186274,0.0186274,0.0186274,0.0186274,1621292700,2021-05-17T23:05:00
0.0137833,0.0137833,0.0137833,0.0137833,1621291200,2021-05-17T22:40:00
0.0140655,0.0140655,0.0140655,0.0140655,1621289400,2021-05-17T22:10:00
0.0151184,0.0151184,0.0151184,0.0151184,1621287960,2021-05-17T21:46:00
0.0173317,0.0173317,0.0173317,0.0173317,1621286940,2021-05-17T21:29:00
0.0180013,0.0180013,0.0180013,0.0180013,1621286280,2021-05-17T21:18:00
0.0194714,0.0194714,0.0194714,0.0194714,1621286040,2021-05-17T21:14:00
0.0152829,0.0152829,0.0152829,0.0152829,1621282800,2021-05-17T20:20:00
0.0137696,0.0137696,0.0137696,0.0137696,1621279680,2021-05-17T19:28:00
0.0130378,0.0130378,0.0130378,0.0130378,1621276140,2021-05-17T18:29:00
0.0124658,0.0124658,0.0124658,0.0124658,1621272240,2021-05-17T17:24:00
0.0130621,0.0130621,0.0130621,0.0130621,1621269000,2021-05-17T16:30:00
0.0130303,0.0130303,0.0130303,0.0130303,1621267500,2021-05-17T16:05:00
0.013755,0.013755,0.013755,0.013755,1621266360,2021-05-17T15:46:00
0.0135984,0.0135984,0.0135984,0.0135984,1621265220,2021-05-17T15:27:00
0.0133549,0.0133549,0.0133549,0.0133549,1621264440,2021-05-17T15:14:00
0.013605,0.013605,0.013605,0.013605,1621262040,2021-05-17T14:34:00
0.0137648,0.0137648,0.0137648,0.0137648,1621259460,2021-05-17T13:51:00
0.014005,0.014005,0.014005,0.014005,1621256820,2021-05-17T13:07:00
0.0137172,0.0137172,0.0137172,0.0137172,1621256760,2021-05-17T13:06:00
0.0150305,0.0150305,0.0150305,0.0150305,1621250220,2021-05-17T11:17:00
0.0146027,0.0146027,0.0146027,0.0146027,1621242960,2021-05-17T09:16:00
0.0146701,0.0146701,0.0146701,0.0146701,1621242780,2021-05-17T09:13:00
0.014811,0.014811,0.014811,0.014811,1621242540,2021-05-17T09:09:00
0.0146685,0.0146685,0.0146685,0.0146685,1621240020,2021-05-17T08:27:00
0.0141052,0.0141052,0.0141052,0.0141052,1621239360,2021-05-17T08:16:00
0.0142383,0.0142383,0.0142383,0.0142383,1621238760,2021-05-17T08:06:00
0.014314,0.014314,0.014314,0.014314,1621238580,2021-05-17T08:03:00
0.0142145,0.0142145,0.0142145,0.0142145,1621237080,2021-05-17T07:38:00
0.0135498,0.0135498,0.0135498,0.0135498,1621230180,2021-05-17T05:43:00
0.0135111,0.0135111,0.0135111,0.0135111,1621228620,2021-05-17T05:17:00
0.013391,0.013391,0.013391,0.013391,1621225680,2021-05-17T04:28:00
0.0135473,0.0135473,0.0135473,0.0135473,1621223760,2021-05-17T03:56:00
0.0139983,0.0139983,0.0139983,0.0139983,1621219800,2021-05-17T02:50:00
0.0141336,0.0141336,0.0141336,0.0141336,1621218660,2021-05-17T02:31:00
0.0140665,0.0140665,0.0140665,0.0140665,1621217460,2021-05-17T02:11:00
0.0146121,0.0146121,0.0146121,0.0146121,1621207740,2021-05-16T23:29:00
0.0141896,0.0141896,0.0141896,0.0141896,1621197120,2021-05-16T20:32:00
0.0145263,0.0145263,0.0145263,0.0145263,1621196280,2021-05-16T20:18:00
0.0145215,0.0145215,0.0145215,0.0145215,1621192800,2021-05-16T19:20:00
0.0146217,0.0146217,0.0146217,0.0146217,1621192380,2021-05-16T19:13:00
0.015263,0.015263,0.015263,0.015263,1621183440,2021-05-16T16:44:00
0.0152089,0.0152089,0.0152089,0.0152089,1621183200,2021-05-16T16:40:00
0.015764,0.015764,0.015764,0.015764,1621179240,2021-05-16T15:34:00
0.0160623,0.0160623,0.0160623,0.0160623,1621179060,2021-05-16T15:31:00
0.0156483,0.0156483,0.0156483,0.0156483,1621178100,2021-05-16T15:15:00
0.0156921,0.0156921,0.0156921,0.0156921,1621176660,2021-05-16T14:51:00
0.0156021,0.0156021,0.0156021,0.0156021,1621176060,2021-05-16T14:41:00
0.015666,0.015666,0.015666,0.015666,1621170420,2021-05-16T13:07:00
0.0159177,0.0159177,0.0159177,0.0159177,1621169040,2021-05-16T12:44:00
0.0158953,0.0158953,0.0158953,0.0158953,1621167420,2021-05-16T12:17:00
0.0161151,0.0161151,0.0161151,0.0161151,1621164720,2021-05-16T11:32:00
0.0160635,0.0160635,0.0160635,0.0160635,1621164360,2021-05-16T11:26:00
0.0159696,0.0159696,0.0159696,0.0159696,1621161720,2021-05-16T10:42:00
0.0159466,0.0159466,0.0159466,0.0159466,1621159620,2021-05-16T10:07:00
0.0159327,0.0159327,0.0159327,0.0159327,1621158600,2021-05-16T09:50:00
0.0160603,0.0160603,0.0160603,0.0160603,1621158480,2021-05-16T09:48:00
0.0161834,0.0161834,0.0161834,0.0161834,1621139460,2021-05-16T04:31:00
0.0162844,0.0162844,0.0162844,0.0162844,1621139100,2021-05-16T04:25:00
0.0161297,0.0161297,0.0161297,0.0161297,1621138500,2021-05-16T04:15:00
0.0160883,0.0160883,0.0160883,0.0160883,1621137060,2021-05-16T03:51:00
0.015994,0.015994,0.015994,0.015994,1621136100,2021-05-16T03:35:00
0.0159409,0.0159409,0.0159409,0.0159409,1621135680,2021-05-16T03:28:00
0.0159827,0.0159827,0.0159827,0.0159827,1621132740,2021-05-16T02:39:00
0.0167669,0.0167669,0.0167669,0.0167669,1621130700,2021-05-16T02:05:00
0.0161951,0.0161951,0.0161951,0.0161951,1621122360,2021-05-15T23:46:00
0.0161652,0.0161652,0.0161652,0.0161652,1621122000,2021-05-15T23:40:00
0.0162286,0.0162286,0.0162286,0.0162286,1621121220,2021-05-15T23:27:00
0.0161907,0.0161907,0.0161907,0.0161907,1621121160,2021-05-15T23:26:00
0.0163659,0.0163659,0.0163659,0.0163659,1621118520,2021-05-15T22:42:00
0.0163796,0.0163796,0.0163796,0.0163796,1621117500,2021-05-15T22:25:00
0.0164775,0.0164775,0.0164775,0.0164775,1621113420,2021-05-15T21:17:00
0.0162963,0.0162963,0.0162963,0.0162963,1621110000,2021-05-15T20:20:00
0.0162441,0.0162441,0.0162441,0.0162441,1621105380,2021-05-15T19:03:00
0.0163651,0.0163651,0.0163651,0.0163651,1621100280,2021-05-15T17:38:00
0.0169624,0.0169624,0.0169624,0.0169624,1621094160,2021-05-15T15:56:00
0.0168382,0.0168382,0.0168382,0.0168382,1621093560,2021-05-15T15:46:00
0.016804,0.016804,0.016804,0.016804,1621092720,2021-05-15T15:32:00
0.0167218,0.0167218,0.0167218,0.0167218,1621085760,2021-05-15T13:36:00
0.0169461,0.0169572,0.0169461,0.0169572,1621084620,2021-05-15T13:17:00
0.0168692,0.0168692,0.0168692,0.0168692,1621082640,2021-05-15T12:44:00
0.0166059,0.0166059,0.0166059,0.0166059,1621078440,2021-05-15T11:34:00
0.0167453,0.0167453,0.0167453,0.0167453,1621078200,2021-05-15T11:30:00
0.0165592,0.0165592,0.0165592,0.0165592,1621077960,2021-05-15T11:26:00
0.016597,0.016597,0.016597,0.016597,1621077840,2021-05-15T11:24:00
0.0164319,0.0164319,0.0164319,0.0164319,1621077360,2021-05-15T11:16:00
0.0166281,0.0166281,0.0166281,0.0166281,1621072740,2021-05-15T09:59:00
0.0165903,0.0165903,0.0165903,0.0165903,1621072560,2021-05-15T09:56:00
0.0166466,0.0166466,0.0166466,0.0166466,1621070700,2021-05-15T09:25:00
0.0165769,0.0165769,0.0165769,0.0165769,1621070580,2021-05-15T09:23:00
0.0163408,0.0163408,0.0163408,0.0163408,1621068960,2021-05-15T08:56:00
0.0160747,0.0160747,0.0160747,0.0160747,1621068420,2021-05-15T08:47:00
0.0164,0.0164,0.0164,0.0164,1621068060,2021-05-15T08:41:00
0.016335,0.016335,0.016335,0.016335,1621067820,2021-05-15T08:37:00
0.0164268,0.0164268,0.0164268,0.0164268,1621066140,2021-05-15T08:09:00
0.0163249,0.0163249,0.0163249,0.0163249,1621066080,2021-05-15T08:08:00
0.0166171,0.0166171,0.0160451,0.0163246,1621066020,2021-05-15T08:07:00
0.0176429,0.0176429,0.0176429,0.0176429,1621065120,2021-05-15T07:52:00
0.0179907,0.0179907,0.0179907,0.0179907,1621057200,2021-05-15T05:40:00
0.0182157,0.0182157,0.0182157,0.0182157,1621054740,2021-05-15T04:59:00
0.0184834,0.0184834,0.0184834,0.0184834,1621046100,2021-05-15T02:35:00
0.0185411,0.0185411,0.0185411,0.0185411,1621044360,2021-05-15T02:06:00
0.0187441,0.0187441,0.0187441,0.0187441,1621044300,2021-05-15T02:05:00
0.0190559,0.0190559,0.0190559,0.0190559,1621043160,2021-05-15T01:46:00
0.0190123,0.0190123,0.0190123,0.0190123,1621033860,2021-05-14T23:11:00
0.0191907,0.0191907,0.0191907,0.0191907,1621033560,2021-05-14T23:06:00
0.0191781,0.0191781,0.0191781,0.0191781,1621032120,2021-05-14T22:42:00
0.0195035,0.0195035,0.0195035,0.0195035,1621032000,2021-05-14T22:40:00
0.019406,0.019406,0.019406,0.019406,1621031940,2021-05-14T22:39:00
0.0194928,0.0194928,0.0194928,0.0194928,1621029960,2021-05-14T22:06:00
0.0195222,0.0195222,0.0195222,0.0195222,1621027020,2021-05-14T21:17:00
0.0197105,0.0197105,0.0197105,0.0197105,1621025460,2021-05-14T20:51:00
0.0198394,0.0198394,0.0198394,0.0198394,1621025220,2021-05-14T20:47:00
0.0199158,0.0199158,0.0199158,0.0199158,1621025100,2021-05-14T20:45:00
0.0199193,0.0199193,0.0199193,0.0199193,1621024680,2021-05-14T20:38:00
0.0202465,0.0202465,0.0202465,0.0202465,1621024080,2021-05-14T20:28:00
0.0201473,0.0201473,0.0201473,0.0201473,1621019820,2021-05-14T19:17:00
0.0203634,0.0203634,0.0203634,0.0203634,1621018260,2021-05-14T18:51:00
0.0203276,0.0203276,0.0203276,0.0203276,1621017480,2021-05-14T18:38:00
0.0202611,0.0202611,0.0202611,0.0202611,1621017000,2021-05-14T18:30:00
0.0204926,0.0204926,0.0204926,0.0204926,1621014540,2021-05-14T17:49:00
0.0206714,0.0206714,0.0206714,0.0206714,1621009140,2021-05-14T16:19:00
0.0205054,0.0205054,0.0205054,0.0205054,1621006920,2021-05-14T15:42:00
0.0199391,0.0199391,0.0199391,0.0199391,1620999900,2021-05-14T13:45:00
0.0197781,0.0197781,0.0197781,0.0197781,1620998100,2021-05-14T13:15:00
0.0196317,0.0196317,0.0196317,0.0196317,1620994140,2021-05-14T12:09:00
0.0192122,0.0195506,0.0192122,0.0195506,1620994080,2021-05-14T12:08:00
0.0208858,0.0208858,0.0208858,0.0208858,1620993900,2021-05-14T12:05:00
0.0208072,0.0208072,0.0208072,0.0208072,1620990900,2021-05-14T11:15:00
0.0204939,0.0204939,0.0204939,0.0204939,1620988560,2021-05-14T10:36:00
0.0205338,0.0205338,0.0205338,0.0205338,1620984720,2021-05-14T09:32:00
0.020476,0.020476,0.020476,0.020476,1620984360,2021-05-14T09:26:00
0.0201571,0.0201571,0.0201571,0.0201571,1620982140,2021-05-14T08:49:00
0.0200088,0.0200088,0.0200088,0.0200088,1620981960,2021-05-14T08:46:00
0.0198512,0.0198512,0.0198512,0.0198512,1620981900,2021-05-14T08:45:00
0.0213139,0.0213139,0.0196291,0.0196291,1620981840,2021-05-14T08:44:00
0.0208341,0.0208341,0.0208341,0.0208341,1620977160,2021-05-14T07:26:00
0.0207541,0.0207541,0.0207541,0.0207541,1620975660,2021-05-14T07:01:00
0.021465,0.021465,0.021465,0.021465,1620972900,2021-05-14T06:15:00
0.0205734,0.0205734,0.0205734,0.0205734,1620968580,2021-05-14T05:03:00
0.0207064,0.0207064,0.0207064,0.0207064,1620968400,2021-05-14T05:00:00
0.0206552,0.0207664,0.0206552,0.0207664,1620966720,2021-05-14T04:32:00
0.0207591,0.0207591,0.0207591,0.0207591,1620966420,2021-05-14T04:27:00
0.0207716,0.0207716,0.0207716,0.0207716,1620965580,2021-05-14T04:13:00
0.0208619,0.0208619,0.0208619,0.0208619,1620962340,2021-05-14T03:19:00
0.021117,0.021117,0.021117,0.021117,1620961980,2021-05-14T03:13:00
0.0211193,0.0211193,0.0211193,0.0211193,1620960420,2021-05-14T02:47:00
0.0210086,0.0210086,0.0210086,0.0210086,1620960000,2021-05-14T02:40:00
0.021157,0.021157,0.021157,0.021157,1620959880,2021-05-14T02:38:00
0.0212759,0.0212759,0.0212759,0.0212759,1620955200,2021-05-14T01:20:00
0.0211867,0.0211867,0.0211867,0.0211867,1620954960,2021-05-14T01:16:00
0.0210089,0.0210089,0.0210089,0.0210089,1620954360,2021-05-14T01:06:00
0.0208863,0.0208863,0.0208863,0.0208863,1620953520,2021-05-14T00:52:00
0.0207106,0.0207106,0.0207106,0.0207106,1620952800,2021-05-14T00:40:00
0.0208081,0.0208081,0.0208081,0.0208081,1620951720,2021-05-14T00:22:00
0.0208198,0.0208198,0.0208198,0.0208198,1620950940,2021-05-14T00:09:00
0.0207664,0.0207664,0.0207664,0.0207664,1620950280,2021-05-13T23:58:00
0.0207425,0.0207425,0.0207425,0.0207425,1620950220,2021-05-13T23:57:00
0.0206588,0.0206588,0.0206588,0.0206588,1620948900,2021-05-13T23:35:00
0.0213584,0.0213584,0.0213584,0.0213584,1620942840,2021-05-13T21:54:00
0.0216858,0.0216858,0.0216858,0.0216858,1620941100,2021-05-13T21:25:00
0.0215254,0.0215254,0.0215254,0.0215254,1620941040,2021-05-13T21:24:00
0.0217459,0.0217459,0.0217459,0.0217459,1620940980,2021-05-13T21:23:00
0.021713,0.021713,0.021713,0.021713,1620940920,2021-05-13T21:22:00
0.021878,0.021878,0.021878,0.021878,1620940740,2021-05-13T21:19:00
0.0216767,0.0216767,0.0216767,0.0216767,1620940380,2021-05-13T21:13:00
0.0215169,0.0215169,0.0215169,0.0215169,1620939780,2021-05-13T21:03:00
0.0213968,0.0213968,0.0213968,0.0213968,1620938640,2021-05-13T20:44:00
0.0214841,0.0214841,0.0214841,0.0214841,1620938520,2021-05-13T20:42:00
0.0211471,0.0211471,0.0211471,0.0211471,1620932940,2021-05-13T19:09:00
0.0212855,0.0212855,0.0212855,0.0212855,1620931680,2021-05-13T18:48:00
0.0217525,0.0217525,0.0217525,0.0217525,1620928620,2021-05-13T17:57:00
0.0216238,0.0216238,0.0216238,0.0216238,1620928260,2021-05-13T17:51:00
0.0214386,0.0214386,0.0214386,0.0214386,1620928140,2021-05-13T17:49:00
0.0213474,0.0213474,0.0213474,0.0213474,1620927000,2021-05-13T17:30:00
0.0221065,0.0221065,0.0221065,0.0221065,1620926460,2021-05-13T17:21:00
0.0224971,0.0224971,0.0224971,0.0224971,1620925140,2021-05-13T16:59:00
0.0230618,0.0230618,0.0230618,0.0230618,1620923760,2021-05-13T16:36:00
0.023173,0.023173,0.023173,0.023173,1620923640,2021-05-13T16:34:00
0.0232912,0.0232912,0.0232912,0.0232912,1620923520,2021-05-13T16:32:00
0.0230444,0.0230444,0.0230444,0.0230444,1620921360,2021-05-13T15:56:00
0.0231781,0.0231781,0.0231781,0.0231781,1620921180,2021-05-13T15:53:00
0.023432,0.023432,0.023432,0.023432,1620920460,2021-05-13T15:41:00
0.023411,0.023411,0.023411,0.023411,1620919080,2021-05-13T15:18:00
0.0234794,0.0234794,0.0234794,0.0234794,1620917580,2021-05-13T14:53:00
0.0236068,0.0236068,0.0236068,0.0236068,1620914400,2021-05-13T14:00:00
0.0234909,0.0234909,0.0234909,0.0234909,1620913980,2021-05-13T13:53:00
0.0236733,0.0236733,0.0236733,0.0236733,1620913800,2021-05-13T13:50:00
0.0236551,0.0236551,0.0236551,0.0236551,1620913620,2021-05-13T13:47:00
0.0240082,0.0240082,0.0240082,0.0240082,1620913320,2021-05-13T13:42:00
0.0233691,0.0233691,0.0233691,0.0233691,1620913200,2021-05-13T13:40:00
0.0234606,0.0234606,0.0234606,0.0234606,1620913020,2021-05-13T13:37:00
0.0229827,0.0232961,0.0229827,0.0232961,1620912960,2021-05-13T13:36:00
0.0226758,0.0226758,0.0226758,0.0226758,1620912840,2021-05-13T13:34:00
0.0224923,0.0224923,0.0224923,0.0224923,1620912780,2021-05-13T13:33:00
0.0222448,0.0222448,0.0222448,0.0222448,1620912000,2021-05-13T13:20:00
0.0217979,0.0217979,0.0217979,0.0217979,1620908220,2021-05-13T12:17:00
0.0217707,0.0217707,0.021514,0.0216177,1620905160,2021-05-13T11:26:00
0.0220412,0.0220412,0.0220412,0.0220412,1620904980,2021-05-13T11:23:00
0.0224504,0.0224504,0.0224504,0.0224504,1620901920,2021-05-13T10:32:00
0.0223601,0.0223601,0.0223601,0.0223601,1620901860,2021-05-13T10:31:00
0.0226524,0.0226524,0.0226524,0.0226524,1620900600,2021-05-13T10:10:00
0.0225463,0.0225463,0.0225463,0.0225463,1620900360,2021-05-13T10:06:00
0.0225335,0.0225335,0.0225335,0.0225335,1620899520,2021-05-13T09:52:00
0.0233845,0.0233845,0.0233845,0.0233845,1620898920,2021-05-13T09:42:00
0.023652,0.023652,0.023652,0.023652,1620896040,2021-05-13T08:54:00
0.0243548,0.0243548,0.0241975,0.0241975,1620895080,2021-05-13T08:38:00
0.0245003,0.0245003,0.0245003,0.0245003,1620893520,2021-05-13T08:12:00
0.0244789,0.0244789,0.0244789,0.0244789,1620893040,2021-05-13T08:04:00
0.0246658,0.0246658,0.0246658,0.0246658,1620891660,2021-05-13T07:41:00
0.0248241,0.0248241,0.0248241,0.0248241,1620888780,2021-05-13T06:53:00
0.0250288,0.0250288,0.0250288,0.0250288,1620888660,2021-05-13T06:51:00
0.0248763,0.0248763,0.0248763,0.0248763,1620888600,2021-05-13T06:50:00
0.0243185,0.0243185,0.0243185,0.0243185,1620884520,2021-05-13T05:42:00
0.0242285,0.0242285,0.0242285,0.0242285,1620884040,2021-05-13T05:34:00
0.0243822,0.0243822,0.0243822,0.0243822,1620883980,2021-05-13T05:33:00
0.0233642,0.0233642,0.0233642,0.0233642,1620883620,2021-05-13T05:27:00
0.0230821,0.0230821,0.0230821,0.0230821,1620882420,2021-05-13T05:07:00
0.0231298,0.0231298,0.0231298,0.0231298,1620881100,2021-05-13T04:45:00
0.022697,0.022697,0.022697,0.022697,1620880380,2021-05-13T04:33:00
0.0219227,0.0219227,0.0219227,0.0219227,1620880140,2021-05-13T04:29:00
0.0217287,0.0217287,0.0217287,0.0217287,1620880080,2021-05-13T04:28:00
0.0216132,0.0216132,0.0216132,0.0216132,1620879720,2021-05-13T04:22:00
0.0213093,0.0213093,0.0213093,0.0213093,1620877260,2021-05-13T03:41:00
0.0213986,0.0213986,0.0213986,0.0213986,1620876420,2021-05-13T03:27:00
0.021563,0.021563,0.021563,0.021563,1620874500,2021-05-13T02:55:00
0.0214718,0.0214718,0.0214718,0.0214718,1620874440,2021-05-13T02:54:00
0.0212219,0.0212219,0.0212219,0.0212219,1620873960,2021-05-13T02:46:00
0.0210952,0.0210952,0.0210952,0.0210952,1620873720,2021-05-13T02:42:00
0.0211816,0.0211816,0.0211816,0.0211816,1620871920,2021-05-13T02:12:00
0.0212541,0.0212541,0.0212541,0.0212541,1620871080,2021-05-13T01:58:00
0.0215566,0.0215566,0.0215566,0.0215566,1620869460,2021-05-13T01:31:00
0.0215094,0.0215094,0.0215094,0.0215094,1620869400,2021-05-13T01:30:00
0.0211674,0.0211674,0.0211674,0.0211674,1620868380,2021-05-13T01:13:00
0.0209449,0.0209449,0.0209449,0.0209449,1620868080,2021-05-13T01:08:00
0.020846,0.020846,0.020846,0.020846,1620868020,2021-05-13T01:07:00
0.0211579,0.0211579,0.0211579,0.0211579,1620867240,2021-05-13T00:54:00
0.0215026,0.0215026,0.0215026,0.0215026,1620863760,2021-05-12T23:56:00
0.0222722,0.0222722,0.0222722,0.0222722,1620863460,2021-05-12T23:51:00
0.0222083,0.0222083,0.0222083,0.0222083,1620862800,2021-05-12T23:40:00
0.0230434,0.0230434,0.0230434,0.0230434,1620861180,2021-05-12T23:13:00
0.0231059,0.0231059,0.0231059,0.0231059,1620861120,2021-05-12T23:12:00
0.023187,0.0232113,0.023187,0.0232113,1620860040,2021-05-12T22:54:00
0.0231711,0.0231711,0.0231711,0.0231711,1620859620,2021-05-12T22:47:00
0.023441,0.023441,0.023441,0.023441,1620858600,2021-05-12T22:30:00
0.0235265,0.0235265,0.0235265,0.0235265,1620858060,2021-05-12T22:21:00
0.0237144,0.0237144,0.0237144,0.0237144,1620857940,2021-05-12T22:19:00
0.0237229,0.0240888,0.0237229,0.0240888,1620857820,2021-05-12T22:17:00
0.0244838,0.0244838,0.0244838,0.0244838,1620855300,2021-05-12T21:35:00
0.0244718,0.0244718,0.0244718,0.0244718,1620850680,2021-05-12T20:18:00
0.0247421,0.0247421,0.0247421,0.0247421,1620850440,2021-05-12T20:14:00
0.0240693,0.0240693,0.0240693,0.0240693,1620846900,2021-05-12T19:15:00
0.0243105,0.0243105,0.0243105,0.0243105,1620846780,2021-05-12T19:13:00
0.0245041,0.0245041,0.0245041,0.0245041,1620846660,2021-05-12T19:11:00
0.026034,0.026034,0.026034,0.026034,1620846540,2021-05-12T19:09:00
0.0250209,0.0250209,0.0250209,0.0250209,1620846300,2021-05-12T19:05:00
0.0251828,0.0251828,0.0251828,0.0251828,1620846120,2021-05-12T19:02:00
0.0249842,0.0249842,0.0249842,0.0249842,1620845640,2021-05-12T18:54:00
0.0251495,0.0251495,0.0251495,0.0251495,1620845580,2021-05-12T18:53:00
0.0263894,0.0263894,0.0263894,0.0263894,1620842400,2021-05-12T18:00:00
0.0267055,0.0267055,0.0267055,0.0267055,1620839940,2021-05-12T17:19:00
0.0268868,0.0268868,0.0268868,0.0268868,1620838680,2021-05-12T16:58:00
0.0267229,0.0267229,0.0267229,0.0267229,1620838200,2021-05-12T16:50:00
0.0272536,0.0272536,0.0272536,0.0272536,1620836400,2021-05-12T16:20:00
0.0279047,0.0279047,0.0279047,0.0279047,1620835860,2021-05-12T16:11:00
0.0282552,0.0282552,0.0282552,0.0282552,1620835680,2021-05-12T16:08:00
0.0283347,0.0283347,0.0283347,0.0283347,1620835320,2021-05-12T16:02:00
0.0287219,0.0287219,0.0287219,0.0287219,1620835260,2021-05-12T16:01:00
0.0292771,0.029308,0.0292771,0.029308,1620833460,2021-05-12T15:31:00
0.0297061,0.0297061,0.0297061,0.0297061,1620831540,2021-05-12T14:59:00
0.0296836,0.0296836,0.0296836,0.0296836,1620830760,2021-05-12T14:46:00
0.0293351,0.0293351,0.0293351,0.0293351,1620828960,2021-05-12T14:16:00
0.0293962,0.0293962,0.0293962,0.0293962,1620828300,2021-05-12T14:05:00
0.029114,0.029114,0.029114,0.029114,1620827760,2021-05-12T13:56:00
0.0292933,0.0292933,0.0292933,0.0292933,1620827400,2021-05-12T13:50:00
0.0291463,0.0291463,0.0291463,0.0291463,1620825180,2021-05-12T13:13:00
0.0294128,0.0294128,0.0294128,0.0294128,1620825060,2021-05-12T13:11:00
0.0296923,0.0296923,0.0296923,0.0296923,1620824520,2021-05-12T13:02:00
0.0294932,0.0294932,0.0294932,0.0294932,1620824160,2021-05-12T12:56:00
0.0302298,0.0302298,0.0302298,0.0302298,1620822060,2021-05-12T12:21:00
0.0290025,0.0290025,0.0290025,0.0290025,1620819900,2021-05-12T11:45:00
0.0292014,0.0292014,0.0292014,0.0292014,1620819780,2021-05-12T11:43:00
0.0293645,0.0293645,0.0293645,0.0293645,1620819480,2021-05-12T11:38:00
0.0296406,0.0296406,0.0296406,0.0296406,1620819360,2021-05-12T11:36:00
0.0301196,0.0301196,0.0301196,0.0301196,1620817680,2021-05-12T11:08:00
0.0300786,0.0300786,0.0300786,0.0300786,1620815280,2021-05-12T10:28:00
0.0299343,0.0299343,0.0299343,0.0299343,1620815160,2021-05-12T10:26:00
0.0301241,0.0301241,0.0301241,0.0301241,1620815040,2021-05-12T10:24:00
0.0303415,0.0303415,0.0303415,0.0303415,1620814620,2021-05-12T10:17:00
0.0302993,0.0302993,0.0302993,0.0302993,1620814560,2021-05-12T10:16:00
0.0304292,0.0304292,0.0304292,0.0304292,1620814500,2021-05-12T10:15:00
0.03066,0.03066,0.03066,0.03066,1620814320,2021-05-12T10:12:00
0.0310113,0.0310113,0.0310113,0.0310113,1620813780,2021-05-12T10:03:00
0.0316314,0.0316314,0.0316314,0.0316314,1620812760,2021-05-12T09:46:00
0.031871,0.0320502,0.031871,0.0320502,1620812580,2021-05-12T09:43:00
0.0322071,0.0322071,0.0322071,0.0322071,1620812520,2021-05-12T09:42:00
0.0321732,0.0321732,0.0321732,0.0321732,1620810600,2021-05-12T09:10:00
0.0325023,0.0325023,0.0325023,0.0325023,1620810360,2021-05-12T09:06:00
0.0327934,0.0327934,0.0327934,0.0327934,1620810240,2021-05-12T09:04:00
0.0330072,0.0330072,0.0330072,0.0330072,1620810180,2021-05-12T09:03:00
0.0333722,0.0333722,0.033005,0.033005,1620810120,2021-05-12T09:02:00
0.0335411,0.0335411,0.0335411,0.0335411,1620809940,2021-05-12T08:59:00
0.0339528,0.0339528,0.0339528,0.0339528,1620809340,2021-05-12T08:49:00
0.0341268,0.0342291,0.0341268,0.0342291,1620807480,2021-05-12T08:18:00
0.0344713,0.0344713,0.0344713,0.0344713,1620806340,2021-05-12T07:59:00
0.0347585,0.0347585,0.0347585,0.0347585,1620805380,2021-05-12T07:43:00
0.0348336,0.0350168,0.0348336,0.0350168,1620805320,2021-05-12T07:42:00
0.0351845,0.0351845,0.0351845,0.0351845,1620805200,2021-05-12T07:40:00
0.0356943,0.0356943,0.0356943,0.0356943,1620805080,2021-05-12T07:38:00
0.0359304,0.0359304,0.0359304,0.0359304,1620804900,2021-05-12T07:35:00
0.0362859,0.0362859,0.0362859,0.0362859,1620804120,2021-05-12T07:22:00
0.0361785,0.0361785,0.0361785,0.0361785,1620803460,2021-05-12T07:11:00
0.0361876,0.0361876,0.0361814,0.0361814,1620803160,2021-05-12T07:06:00
0.03597,0.03597,0.03597,0.03597,1620802740,2021-05-12T06:59:00
0.0365684,0.0365684,0.0357689,0.0357689,1620802680,2021-05-12T06:58:00
0.0363999,0.0363999,0.0363999,0.0363999,1620802380,2021-05-12T06:53:00
0.036241,0.036241,0.036241,0.036241,1620802260,2021-05-12T06:51:00
0.0359647,0.0359647,0.0359647,0.0359647,1620801840,2021-05-12T06:44:00
0.0355747,0.0355747,0.0355747,0.0355747,1620801360,2021-05-12T06:36:00
0.0354157,0.0354157,0.0354157,0.0354157,1620800760,2021-05-12T06:26:00
0.0352068,0.0352068,0.0352068,0.0352068,1620800700,2021-05-12T06:25:00
0.0481819,0.0481819,0.0481819,0.0481819,1620797340,2021-05-12T05:29:00
0.0359961,0.0359961,0.0359961,0.0359961,1620797100,2021-05-12T05:25:00
0.035824,0.035824,0.035824,0.035824,1620796800,2021-05-12T05:20:00
0.0353618,0.0353618,0.0353618,0.0353618,1620795720,2021-05-12T05:02:00
0.0347316,0.0347316,0.0347316,0.0347316,1620795360,2021-05-12T04:56:00
0.0345705,0.0345705,0.0345705,0.0345705,1620795240,2021-05-12T04:54:00
0.0340967,0.0343383,0.0340967,0.0343383,1620794640,2021-05-12T04:44:00
0.0338492,0.0338492,0.0338492,0.0338492,1620794340,2021-05-12T04:39:00
0.0333991,0.0333991,0.0333991,0.0333991,1620794160,2021-05-12T04:36:00
0.033608,0.033608,0.033608,0.033608,1620794040,2021-05-12T04:34:00
0.0335613,0.0335613,0.0335613,0.0335613,1620793500,2021-05-12T04:25:00
0.032997,0.032997,0.032997,0.032997,1620793440,2021-05-12T04:24:00
0.035235,0.035235,0.035235,0.035235,1620791880,2021-05-12T03:58:00
0.032135,0.032135,0.032135,0.032135,1620789840,2021-05-12T03:24:00
0.0321617,0.0321617,0.0321617,0.0321617,1620784920,2021-05-12T02:02:00
0.040042,0.040042,0.040042,0.040042,1620784740,2021-05-12T01:59:00
0.0371556,0.0371556,0.0371556,0.0371556,1620784200,2021-05-12T01:50:00
0.0316661,0.0316661,0.0316661,0.0316661,1620783660,2021-05-12T01:41:00
0.0312297,0.0312297,0.0312297,0.0312297,1620783180,2021-05-12T01:33:00
0.030972,0.030972,0.030972,0.030972,1620782400,2021-05-12T01:20:00
0.0305144,0.0305144,0.0305144,0.0305144,1620782340,2021-05-12T01:19:00
0.0304346,0.0304346,0.0304346,0.0304346,1620782220,2021-05-12T01:17:00
0.0298071,0.0298071,0.0298071,0.0298071,1620780060,2021-05-12T00:41:00
0.0296406,0.0296406,0.0296406,0.0296406,1620780000,2021-05-12T00:40:00
0.0299106,0.0299106,0.0299106,0.0299106,1620777060,2021-05-11T23:51:00
0.0304415,0.0304415,0.0304415,0.0304415,1620776160,2021-05-11T23:36:00
0.0397442,0.0397442,0.0397442,0.0397442,1620775620,2021-05-11T23:27:00
0.0368718,0.0368718,0.0368718,0.0368718,1620775140,2021-05-11T23:19:00
0.0306257,0.0306257,0.0306257,0.0306257,1620775020,2021-05-11T23:17:00
0.0641034,0.0641034,0.0641034,0.0641034,1620774960,2021-05-11T23:16:00
0.0303171,0.0303171,0.0303171,0.0303171,1620774660,2021-05-11T23:11:00
0.0314363,0.0314363,0.0314363,0.0314363,1620773640,2021-05-11T22:54:00
0.0321258,0.0321258,0.0321258,0.0321258,1620772920,2021-05-11T22:42:00
0.0339914,0.0339914,0.0339914,0.0339914,1620770460,2021-05-11T22:01:00
0.0305324,0.0305324,0.0305324,0.0305324,1620770340,2021-05-11T21:59:00
0.0313052,0.0313052,0.0313052,0.0313052,1620769500,2021-05-11T21:45:00
0.0489451,0.0489451,0.0489451,0.0489451,1620768660,2021-05-11T21:31:00
0.0303567,0.0303567,0.0303567,0.0303567,1620767160,2021-05-11T21:06:00
0.0299426,0.0299426,0.0299426,0.0299426,1620766980,2021-05-11T21:03:00
0.0295031,0.0295031,0.0295031,0.0295031,1620766800,2021-05-11T21:00:00
0.0293287,0.0293287,0.0293287,0.0293287,1620766440,2021-05-11T20:54:00
0.0288646,0.0288646,0.0288646,0.0288646,1620765840,2021-05-11T20:44:00
0.028489,0.03461,0.028489,0.03461,1620763320,2021-05-11T20:02:00
0.0282284,0.0282284,0.0282284,0.0282284,1620762840,2021-05-11T19:54:00
0.028995,0.028995,0.028995,0.028995,1620762780,2021-05-11T19:53:00
0.0289744,0.0289744,0.0289744,0.0289744,1620762720,2021-05-11T19:52:00
0.0294748,0.0294748,0.0294748,0.0294748,1620762360,2021-05-11T19:46:00
0.0307506,0.0307506,0.0307506,0.0307506,1620758760,2021-05-11T18:46:00
0.0497304,0.0497304,0.0497304,0.0497304,1620757560,2021-05-11T18:26:00
0.0300913,0.0300913,0.0300913,0.0300913,1620757320,2021-05-11T18:22:00
0.0307035,0.0307035,0.0307035,0.0307035,1620756480,2021-05-11T18:08:00
0.0306441,0.0307273,0.0306441,0.0307273,1620755880,2021-05-11T17:58:00
0.0303519,0.0303519,0.0303519,0.0303519,1620755760,2021-05-11T17:56:00
0.0308935,0.0308935,0.0308935,0.0308935,1620755700,2021-05-11T17:55:00
0.0311577,0.0311577,0.0311577,0.0311577,1620755640,2021-05-11T17:54:00
0.0306932,0.030916,0.0306932,0.030916,1620755580,2021-05-11T17:53:00
0.031293,0.031293,0.031293,0.031293,1620755460,2021-05-11T17:51:00
0.0320317,0.0320317,0.0320317,0.0320317,1620755400,2021-05-11T17:50:00
0.0320706,0.0320706,0.0320706,0.0320706,1620755340,2021-05-11T17:49:00
0.0339083,0.0339083,0.0339083,0.0339083,1620754920,2021-05-11T17:42:00
0.0323071,0.0323071,0.0323071,0.0323071,1620754500,2021-05-11T17:35:00
0.0425783,0.0425783,0.0425783,0.0425783,1620753840,2021-05-11T17:24:00
0.0361722,0.0361722,0.0361722,0.0361722,1620752640,2021-05-11T17:04:00
0.0327435,0.0327435,0.0327435,0.0327435,1620752340,2021-05-11T16:59:00
0.0328787,0.0328787,0.0328787,0.0328787,1620752220,2021-05-11T16:57:00
0.033341,0.033341,0.033341,0.033341,1620752160,2021-05-11T16:56:00
0.0339078,0.0339078,0.0339078,0.0339078,1620751800,2021-05-11T16:50:00
0.0341973,0.0341973,0.0341973,0.0341973,1620751320,2021-05-11T16:42:00
0.0420019,0.0420019,0.0420019,0.0420019,1620750420,2021-05-11T16:27:00
0.0358374,0.0358374,0.0358374,0.0358374,1620750300,2021-05-11T16:25:00
0.0350461,0.0350461,0.0350461,0.0350461,1620750240,2021-05-11T16:24:00
0.0348379,0.0348379,0.0348379,0.0348379,1620749700,2021-05-11T16:15:00
0.0390889,0.0390889,0.0390889,0.0390889,1620749460,2021-05-11T16:11:00
0.0349918,0.0349918,0.0349653,0.0349653,1620748860,2021-05-11T16:01:00
0.0373767,0.0373767,0.0373767,0.0373767,1620748680,2021-05-11T15:58:00
0.0362676,0.0362676,0.0362676,0.0362676,1620748140,2021-05-11T15:49:00
0.0534001,0.0534001,0.0534001,0.0534001,1620747780,2021-05-11T15:43:00
0.0331144,0.0331144,0.0331144,0.0331144,1620747720,2021-05-11T15:42:00
0.0341109,0.0341109,0.033278,0.033278,1620747420,2021-05-11T15:37:00
0.033926,0.033926,0.033926,0.033926,1620747240,2021-05-11T15:34:00
0.0345995,0.0345995,0.0345995,0.0345995,1620746580,2021-05-11T15:23:00
0.034763,0.034763,0.034763,0.034763,1620746520,2021-05-11T15:22:00
0.0353002,0.0353002,0.0353002,0.0353002,1620746340,2021-05-11T15:19:00
0.0360574,0.0360574,0.0360574,0.0360574,1620745860,2021-05-11T15:11:00
0.0369421,0.0369421,0.0369421,0.0369421,1620745680,2021-05-11T15:08:00
0.0349557,0.0359224,0.0349557,0.0359224,1620745440,2021-05-11T15:04:00
0.0330733,0.0340432,0.0330733,0.0340432,1620744720,2021-05-11T14:52:00
0.0325119,0.0325119,0.0325119,0.0325119,1620744660,2021-05-11T14:51:00
0.0309139,0.0323319,0.0309139,0.0323319,1620744540,2021-05-11T14:49:00
0.0303735,0.0303735,0.0303735,0.0303735,1620744480,2021-05-11T14:48:00
0.029627,0.0327093,0.029627,0.0327093,1620744360,2021-05-11T14:46:00
0.0293895,0.0293895,0.0293895,0.0293895,1620744300,2021-05-11T14:45:00
0.0286472,0.0286472,0.0286472,0.0286472,1620744120,2021-05-11T14:42:00
0.0283343,0.0283343,0.0283343,0.0283343,1620743460,2021-05-11T14:31:00
0.0283182,0.0289974,0.0283182,0.0289974,1620743340,2021-05-11T14:29:00
0.027265,0.027265,0.027265,0.027265,1620743220,2021-05-11T14:27:00
0.0277205,0.0277205,0.0277205,0.0277205,1620743100,2021-05-11T14:25:00
0.0270199,0.0270199,0.0270199,0.0270199,1620743040,2021-05-11T14:24:00
0.0302846,0.0302846,0.0302846,0.0302846,1620742980,2021-05-11T14:23:00
0.0269817,0.0269817,0.0269817,0.0269817,1620742200,2021-05-11T14:10:00
0.0265736,0.0265736,0.0265736,0.0265736,1620740880,2021-05-11T13:48:00
0.0265859,0.0265859,0.0265859,0.0265859,1620740760,2021-05-11T13:46:00
0.0259686,0.0259686,0.0259686,0.0259686,1620740520,2021-05-11T13:42:00
0.0258794,0.0258794,0.0258794,0.0258794,1620740280,2021-05-11T13:38:00
0.0256694,0.0256694,0.0256694,0.0256694,1620740040,2021-05-11T13:34:00
0.0260744,0.0260744,0.0260744,0.0260744,1620739860,2021-05-11T13:31:00
0.0257318,0.0257318,0.0254377,0.0254377,1620739260,2021-05-11T13:21:00
0.0253021,0.0253021,0.0253021,0.0253021,1620739020,2021-05-11T13:17:00
0.0243987,0.0243987,0.0243987,0.0243987,1620738900,2021-05-11T13:15:00
0.0243638,0.0243638,0.0243638,0.0243638,1620738720,2021-05-11T13:12:00
0.0242919,0.0242919,0.0242919,0.0242919,1620738360,2021-05-11T13:06:00
0.0238906,0.0238906,0.0238906,0.0238906,1620737640,2021-05-11T12:54:00
0.0245521,0.0245521,0.0245521,0.0245521,1620737400,2021-05-11T12:50:00
0.0249016,0.0249016,0.0249016,0.0249016,1620737340,2021-05-11T12:49:00
0.0242807,0.0242807,0.0242807,0.0242807,1620736800,2021-05-11T12:40:00
0.0234592,0.0234592,0.0234592,0.0234592,1620736500,2021-05-11T12:35:00
0.0235119,0.0235119,0.0235119,0.0235119,1620736200,2021-05-11T12:30:00
0.0234075,0.0234075,0.0234075,0.0234075,1620736140,2021-05-11T12:29:00
0.0231072,0.0231072,0.0231072,0.0231072,1620735900,2021-05-11T12:25:00
0.0239155,0.0239155,0.0239155,0.0239155,1620730860,2021-05-11T11:01:00
0.0276683,0.0276683,0.0276683,0.0276683,1620730260,2021-05-11T10:51:00
0.0235705,0.0235705,0.0235705,0.0235705,1620730020,2021-05-11T10:47:00
0.0240417,0.0240417,0.0236382,0.0236382,1620727920,2021-05-11T10:12:00
0.0239059,0.0239059,0.0239059,0.0239059,1620727260,2021-05-11T10:01:00
0.0249389,0.0249389,0.0249389,0.0249389,1620727140,2021-05-11T09:59:00
0.0241032,0.0241032,0.0241032,0.0241032,1620725580,2021-05-11T09:33:00
0.02448,0.02448,0.02448,0.02448,1620724980,2021-05-11T09:23:00
0.0253961,0.0253961,0.0253961,0.0253961,1620722700,2021-05-11T08:45:00
0.0252743,0.0252743,0.0252743,0.0252743,1620721500,2021-05-11T08:25:00
0.0238706,0.0238706,0.0238706,0.0238706,1620720780,2021-05-11T08:13:00
0.023756,0.023756,0.023756,0.023756,1620720480,2021-05-11T08:08:00
0.0238373,0.0238373,0.0238373,0.0238373,1620720000,2021-05-11T08:00:00
0.0397704,0.0397704,0.0397704,0.0397704,1620717660,2021-05-11T07:21:00
0.0244401,0.0244401,0.0244401,0.0244401,1620717300,2021-05-11T07:15:00
0.0246115,0.0246115,0.0246115,0.0246115,1620716640,2021-05-11T07:04:00
0.0246777,0.0246777,0.0246777,0.0246777,1620716160,2021-05-11T06:56:00
0.0247481,0.0247481,0.0247481,0.0247481,1620715260,2021-05-11T06:41:00
0.0246506,0.0246506,0.0246506,0.0246506,1620714120,2021-05-11T06:22:00
0.0289104,0.0289104,0.0289104,0.0289104,1620712380,2021-05-11T05:53:00
0.0396966,0.0396966,0.0396966,0.0396966,1620711720,2021-05-11T05:42:00
0.0296897,0.0296897,0.0296897,0.0296897,1620711660,2021-05-11T05:41:00
0.0346722,0.0346722,0.0346722,0.0346722,1620710760,2021-05-11T05:26:00
0.0246949,0.0246949,0.0246949,0.0246949,1620710040,2021-05-11T05:14:00
0.0251392,0.0251392,0.0251392,0.0251392,1620706140,2021-05-11T04:09:00
0.0301735,0.0301735,0.0301735,0.0301735,1620705360,2021-05-11T03:56:00
0.0237629,0.0237629,0.0237629,0.0237629,1620704160,2021-05-11T03:36:00
0.0237545,0.0237545,0.0237545,0.0237545,1620704040,2021-05-11T03:34:00
0.022969,0.022969,0.022969,0.022969,1620703920,2021-05-11T03:32:00
0.0232312,0.0232312,0.0232312,0.0232312,1620703860,2021-05-11T03:31:00
0.0237295,0.0237295,0.0237295,0.0237295,1620703740,2021-05-11T03:29:00
0.0239587,0.0239587,0.0239587,0.0239587,1620703560,2021-05-11T03:26:00
0.0245313,0.0245313,0.0245313,0.0245313,1620702240,2021-05-11T03:04:00
0.0251242,0.0251242,0.0251242,0.0251242,1620700260,2021-05-11T02:31:00
0.0250141,0.0250141,0.0250141,0.0250141,1620700140,2021-05-11T02:29:00
0.0248878,0.0248878,0.0248878,0.0248878,1620700020,2021-05-11T02:27:00
0.0245445,0.0245445,0.0245445,0.0245445,1620699660,2021-05-11T02:21:00
0.0241656,0.0241656,0.0241656,0.0241656,1620699540,2021-05-11T02:19:00
0.0239789,0.0239789,0.0239789,0.0239789,1620699360,2021-05-11T02:16:00
0.0237391,0.0237391,0.0237391,0.0237391,1620699000,2021-05-11T02:10:00
0.0236839,0.0236839,0.0236839,0.0236839,1620697980,2021-05-11T01:53:00
0.0237085,0.0237085,0.0237085,0.0237085,1620697020,2021-05-11T01:37:00
0.0236727,0.0236727,0.0236727,0.0236727,1620696780,2021-05-11T01:33:00
0.0234261,0.0234261,0.0234261,0.0234261,1620696600,2021-05-11T01:30:00
0.0226898,0.0226898,0.0226898,0.0226898,1620695940,2021-05-11T01:19:00
0.0226485,0.0226485,0.0226485,0.0226485,1620695880,2021-05-11T01:18:00
0.0222809,0.0222809,0.0222809,0.0222809,1620695700,2021-05-11T01:15:00
0.0223308,0.0223308,0.0223308,0.0223308,1620695580,2021-05-11T01:13:00
0.0221885,0.0221885,0.0221885,0.0221885,1620695280,2021-05-11T01:08:00
0.0227178,0.0227178,0.0227178,0.0227178,1620694500,2021-05-11T00:55:00
0.0224345,0.0225793,0.0224345,0.0225793,1620694200,2021-05-11T00:50:00
0.0219712,0.022129,0.0219712,0.022129,1620693900,2021-05-11T00:45:00
0.022005,0.022005,0.022005,0.022005,1620693720,2021-05-11T00:42:00
0.0218416,0.0218416,0.0218416,0.0218416,1620693540,2021-05-11T00:39:00
0.0218378,0.0218378,0.0218378,0.0218378,1620692160,2021-05-11T00:16:00
0.0215123,0.0215123,0.0215123,0.0215123,1620691560,2021-05-11T00:06:00
0.0218347,0.0218347,0.0218347,0.0218347,1620691500,2021-05-11T00:05:00
0.023015,0.023015,0.023015,0.023015,1620689340,2021-05-10T23:29:00
0.0222824,0.0222824,0.0222824,0.0222824,1620688500,2021-05-10T23:15:00
0.0224555,0.0224555,0.0224555,0.0224555,1620688260,2021-05-10T23:11:00
0.0216126,0.0216126,0.0216126,0.0216126,1620688020,2021-05-10T23:07:00
0.0213921,0.0213921,0.0213921,0.0213921,1620687780,2021-05-10T23:03:00
0.0210381,0.0210381,0.0210381,0.0210381,1620687300,2021-05-10T22:55:00
0.0209023,0.0209023,0.0209023,0.0209023,1620686940,2021-05-10T22:49:00
0.0206905,0.0206905,0.0206859,0.0206859,1620686700,2021-05-10T22:45:00
0.0205194,0.0205194,0.0205194,0.0205194,1620685260,2021-05-10T22:21:00
0.0204003,0.0204003,0.0204003,0.0204003,1620685200,2021-05-10T22:20:00
0.0207266,0.0207266,0.0205762,0.0205762,1620684960,2021-05-10T22:16:00
0.0205036,0.0205036,0.0205036,0.0205036,1620684900,2021-05-10T22:15:00
0.0207093,0.0207093,0.0207093,0.0207093,1620684540,2021-05-10T22:09:00
0.020252,0.020383,0.020252,0.020383,1620683700,2021-05-10T21:55:00
0.0199833,0.0201512,0.0199833,0.0201512,1620683580,2021-05-10T21:53:00
0.0197805,0.0197805,0.0197805,0.0197805,1620682140,2021-05-10T21:29:00
0.0194988,0.0194988,0.0194988,0.0194988,1620681900,2021-05-10T21:25:00
0.0192866,0.0192866,0.0192866,0.0192866,1620681780,2021-05-10T21:23:00
0.0190958,0.0190958,0.0190958,0.0190958,1620681540,2021-05-10T21:19:00
0.0184256,0.0184256,0.0184256,0.0184256,1620680100,2021-05-10T20:55:00
0.0182619,0.0182619,0.0182619,0.0182619,1620679980,2021-05-10T20:53:00
0.0184052,0.0185448,0.0183689,0.0185448,1620679260,2021-05-10T20:41:00
0.0182498,0.0182498,0.0182498,0.0182498,1620679140,2021-05-10T20:39:00
0.0179911,0.0179911,0.0179911,0.0179911,1620679080,2021-05-10T20:38:00
0.0175742,0.0175742,0.0175742,0.0175742,1620679020,2021-05-10T20:37:00
0.0203027,0.0203027,0.0203027,0.0203027,1620678300,2021-05-10T20:25:00
0.0201034,0.0201034,0.0201034,0.0201034,1620678120,2021-05-10T20:22:00
0.0207103,0.0207103,0.0207103,0.0207103,1620677700,2021-05-10T20:15:00
0.0221289,0.0221289,0.0221289,0.0221289,1620676920,2021-05-10T20:02:00
0.0226343,0.0226343,0.0226343,0.0226343,1620676560,2021-05-10T19:56:00
0.0225169,0.0225169,0.0225169,0.0225169,1620676440,2021-05-10T19:54:00
0.0224986,0.0224986,0.0224986,0.0224986,1620676320,2021-05-10T19:52:00
0.0226972,0.0226972,0.0226972,0.0226972,1620676260,2021-05-10T19:51:00
0.022526,0.022526,0.022526,0.022526,1620676140,2021-05-10T19:49:00
0.0223379,0.0223379,0.0223379,0.0223379,1620675960,2021-05-10T19:46:00
0.022194,0.0222758,0.022194,0.0222758,1620675900,2021-05-10T19:45:00
0.0218837,0.0224607,0.0218837,0.0224607,1620675840,2021-05-10T19:44:00
0.0220276,0.0220276,0.0220276,0.0220276,1620675180,2021-05-10T19:33:00
0.0215445,0.0215445,0.0215445,0.0215445,1620674880,2021-05-10T19:28:00
0.0207452,0.0209832,0.0207452,0.0209832,1620674220,2021-05-10T19:17:00
0.0209715,0.0209715,0.0209715,0.0209715,1620674160,2021-05-10T19:16:00
0.0210763,0.0210763,0.0210763,0.0210763,1620673500,2021-05-10T19:05:00
0.0208223,0.0208223,0.0208223,0.0208223,1620673440,2021-05-10T19:04:00
0.0204131,0.0209565,0.0204131,0.0209565,1620673380,2021-05-10T19:03:00
0.0201536,0.0201536,0.0201536,0.0201536,1620673320,2021-05-10T19:02:00
0.0198987,0.0198987,0.0198987,0.0198987,1620673260,2021-05-10T19:01:00
0.0193828,0.0193828,0.0193828,0.0193828,1620673080,2021-05-10T18:58:00
0.0192889,0.0192889,0.0192889,0.0192889,1620673020,2021-05-10T18:57:00
0.0190546,0.0190546,0.0190546,0.0190546,1620672900,2021-05-10T18:55:00
0.0186996,0.0186996,0.0186996,0.0186996,1620672840,2021-05-10T18:54:00
0.0184984,0.0184984,0.0184984,0.0184984,1620672000,2021-05-10T18:40:00
0.0187982,0.0187982,0.0187982,0.0187982,1620670320,2021-05-10T18:12:00
0.0185476,0.0190641,0.0185476,0.0190641,1620669780,2021-05-10T18:03:00
0.0182953,0.0182953,0.0182953,0.0182953,1620669600,2021-05-10T18:00:00
0.0181593,0.0181593,0.0181593,0.0181593,1620669300,2021-05-10T17:55:00
0.0177181,0.0180075,0.0177181,0.0180075,1620669180,2021-05-10T17:53:00
0.0172007,0.017465,0.0172007,0.017465,1620668940,2021-05-10T17:49:00
0.0167984,0.0169427,0.0167984,0.0169427,1620668880,2021-05-10T17:48:00
0.0166118,0.0166118,0.0166118,0.0166118,1620668820,2021-05-10T17:47:00
0.0164184,0.0164184,0.0164184,0.0164184,1620668760,2021-05-10T17:46:00
0.016333,0.016333,0.016333,0.016333,1620668700,2021-05-10T17:45:00
0.0162106,0.0162106,0.0162106,0.0162106,1620668580,2021-05-10T17:43:00
0.0160622,0.0160622,0.0160622,0.0160622,1620668520,2021-05-10T17:42:00
0.0159634,0.0159634,0.0159634,0.0159634,1620668340,2021-05-10T17:39:00
0.015995,0.015995,0.015995,0.015995,1620668100,2021-05-10T17:35:00
0.0157626,0.0157626,0.0157626,0.0157626,1620667980,2021-05-10T17:33:00
0.0155893,0.0155893,0.0155893,0.0155893,1620667800,2021-05-10T17:30:00
0.015423,0.015423,0.015423,0.015423,1620667560,2021-05-10T17:26:00
0.0154721,0.0154721,0.0154721,0.0154721,1620667500,2021-05-10T17:25:00
0.0152338,0.0152338,0.0152338,0.0152338,1620667380,2021-05-10T17:23:00
0.0150168,0.0150168,0.0150168,0.0150168,1620666960,2021-05-10T17:16:00
0.0148387,0.0148387,0.0148387,0.0148387,1620666840,2021-05-10T17:14:00
0.0146931,0.0146931,0.0146931,0.0146931,1620666360,2021-05-10T17:06:00
0.0144616,0.0144616,0.0144616,0.0144616,1620663960,2021-05-10T16:26:00
0.014237,0.014237,0.014237,0.014237,1620663720,2021-05-10T16:22:00
0.0140737,0.0140737,0.0140737,0.0140737,1620662940,2021-05-10T16:09:00
0.0136781,0.0138376,0.0136781,0.0138376,1620662640,2021-05-10T16:04:00
0.0132749,0.0132749,0.0132749,0.0132749,1620659160,2021-05-10T15:06:00
0.0144621,0.0144621,0.0141565,0.0141565,1620654600,2021-05-10T13:50:00
0.0150623,0.0150623,0.0150623,0.0150623,1620654420,2021-05-10T13:47:00
0.0152548,0.0152548,0.0152548,0.0152548,1620653280,2021-05-10T13:28:00
0.0154754,0.0154754,0.0154754,0.0154754,1620651540,2021-05-10T12:59:00
0.0155937,0.0155937,0.0155937,0.0155937,1620650700,2021-05-10T12:45:00
0.0154665,0.0154665,0.0154665,0.0154665,1620646080,2021-05-10T11:28:00
0.0159743,0.0159743,0.0159743,0.0159743,1620642840,2021-05-10T10:34:00
0.016187,0.016187,0.016187,0.016187,1620636840,2021-05-10T08:54:00
0.0159153,0.0159153,0.0159153,0.0159153,1620633720,2021-05-10T08:02:00
0.0153972,0.0153972,0.0153972,0.0153972,1620632940,2021-05-10T07:49:00
0.0153201,0.0153201,0.0153201,0.0153201,1620632460,2021-05-10T07:41:00
0.0152525,0.0152525,0.0152525,0.0152525,1620632100,2021-05-10T07:35:00
0.0151684,0.0151684,0.0151684,0.0151684,1620632040,2021-05-10T07:34:00
0.0150699,0.0150699,0.0150699,0.0150699,1620631440,2021-05-10T07:24:00
0.0151522,0.0151522,0.0151366,0.0151366,1620631200,2021-05-10T07:20:00
0.0149117,0.0149117,0.0149117,0.0149117,1620628920,2021-05-10T06:42:00
0.0147661,0.0147661,0.0147661,0.0147661,1620627840,2021-05-10T06:24:00
0.014676,0.014676,0.014676,0.014676,1620626760,2021-05-10T06:06:00
0.0147431,0.0147431,0.0147431,0.0147431,1620626700,2021-05-10T06:05:00
0.0149816,0.0149816,0.0149816,0.0149816,1620625980,2021-05-10T05:53:00
0.0144285,0.0144285,0.0144285,0.0144285,1620625500,2021-05-10T05:45:00
0.0143565,0.0143565,0.0143565,0.0143565,1620625260,2021-05-10T05:41:00
0.0143275,0.0143275,0.0143275,0.0143275,1620625020,2021-05-10T05:37:00
0.0142927,0.0142927,0.0142927,0.0142927,1620624960,2021-05-10T05:36:00
0.0142113,0.0142113,0.0142113,0.0142113,1620624720,2021-05-10T05:32:00
0.0141453,0.0141453,0.0141453,0.0141453,1620623040,2021-05-10T05:04:00
0.0146879,0.0146879,0.0146879,0.0146879,1620622320,2021-05-10T04:52:00
0.0143853,0.0143853,0.0143853,0.0143853,1620616740,2021-05-10T03:19:00
0.0142657,0.0142657,0.0142657,0.0142657,1620615600,2021-05-10T03:00:00
0.014156,0.014156,0.014156,0.014156,1620612360,2021-05-10T02:06:00
0.0141248,0.0141248,0.0141248,0.0141248,1620612300,2021-05-10T02:05:00
0.0141858,0.0141858,0.0141858,0.0141858,1620611580,2021-05-10T01:53:00
0.0140827,0.0140827,0.0140827,0.0140827,1620611220,2021-05-10T01:47:00
0.0140888,0.0140888,0.0140888,0.0140888,1620609720,2021-05-10T01:22:00
0.0141035,0.0141035,0.0141035,0.0141035,1620608400,2021-05-10T01:00:00
0.0140557,0.0140557,0.0140557,0.0140557,1620608340,2021-05-10T00:59:00
0.0139673,0.0139673,0.0139673,0.0139673,1620607500,2021-05-10T00:45:00
0.0139158,0.0139158,0.0139158,0.0139158,1620606780,2021-05-10T00:33:00
0.0140221,0.0140221,0.0140221,0.0140221,1620606720,2021-05-10T00:32:00
0.0140608,0.0140608,0.0140608,0.0140608,1620603420,2021-05-09T23:37:00
0.0141233,0.0141233,0.0141233,0.0141233,1620602220,2021-05-09T23:17:00
0.0140422,0.0140422,0.0140422,0.0140422,1620601440,2021-05-09T23:04:00
0.0139176,0.0139176,0.0139176,0.0139176,1620597600,2021-05-09T22:00:00
0.0138312,0.0138312,0.0138312,0.0138312,1620597420,2021-05-09T21:57:00
0.0138147,0.0138147,0.0138147,0.0138147,1620595560,2021-05-09T21:26:00
0.013766,0.013766,0.013766,0.013766,1620594960,2021-05-09T21:16:00
0.0139033,0.0139033,0.0136753,0.0136753,1620594900,2021-05-09T21:15:00
0.0141134,0.0141134,0.0141134,0.0141134,1620588240,2021-05-09T19:24:00
0.0140543,0.0140543,0.0140543,0.0140543,1620586800,2021-05-09T19:00:00
0.0140627,0.0140627,0.0140627,0.0140627,1620585240,2021-05-09T18:34:00
0.0141534,0.0141534,0.0141534,0.0141534,1620583080,2021-05-09T17:58:00
0.013856,0.013856,0.013856,0.013856,1620579780,2021-05-09T17:03:00
0.0135316,0.0135316,0.0135316,0.0135316,1620579480,2021-05-09T16:58:00
0.0134405,0.0134405,0.0134405,0.0134405,1620577020,2021-05-09T16:17:00
0.0134136,0.0134136,0.0134136,0.0134136,1620576780,2021-05-09T16:13:00
0.0130931,0.0130931,0.0130931,0.0130931,1620573180,2021-05-09T15:13:00
0.0131222,0.0131222,0.0131222,0.0131222,1620568680,2021-05-09T13:58:00
0.013325,0.013325,0.013325,0.013325,1620557940,2021-05-09T10:59:00
0.0131752,0.0131752,0.0131752,0.0131752,1620556020,2021-05-09T10:27:00
0.01344,0.01344,0.01344,0.01344,1620552000,2021-05-09T09:20:00
0.013611,0.013611,0.013611,0.013611,1620543600,2021-05-09T07:00:00
0.0136103,0.0136103,0.0136103,0.0136103,1620543000,2021-05-09T06:50:00
0.0134687,0.0134687,0.0134687,0.0134687,1620542460,2021-05-09T06:41:00
0.0135717,0.0135717,0.0135717,0.0135717,1620542280,2021-05-09T06:38:00
0.013546,0.013546,0.013546,0.013546,1620541980,2021-05-09T06:33:00
0.0134699,0.0134699,0.0134699,0.0134699,1620539460,2021-05-09T05:51:00
0.0134217,0.0134217,0.0134217,0.0134217,1620538140,2021-05-09T05:29:00
0.0133716,0.0133716,0.0133716,0.0133716,1620535380,2021-05-09T04:43:00
0.0133774,0.0133774,0.0133774,0.0133774,1620524820,2021-05-09T01:47:00
0.0133997,0.0133997,0.0133997,0.0133997,1620523440,2021-05-09T01:24:00
0.0133609,0.0133609,0.0133609,0.0133609,1620523380,2021-05-09T01:23:00
0.0134944,0.0134944,0.0134944,0.0134944,1620523200,2021-05-09T01:20:00
0.0128874,0.0128874,0.0128874,0.0128874,1620520080,2021-05-09T00:28:00
0.0129722,0.0129722,0.0129722,0.0129722,1620514140,2021-05-08T22:49:00
0.0128557,0.0128557,0.0128557,0.0128557,1620513300,2021-05-08T22:35:00
0.0128301,0.0128301,0.0128301,0.0128301,1620510660,2021-05-08T21:51:00
0.0129843,0.0129843,0.0129843,0.0129843,1620509160,2021-05-08T21:26:00
0.0130183,0.0130183,0.0130183,0.0130183,1620506760,2021-05-08T20:46:00
0.0128292,0.0128292,0.0128292,0.0128292,1620502200,2021-05-08T19:30:00
0.0129612,0.0129612,0.0129612,0.0129612,1620499680,2021-05-08T18:48:00
0.012923,0.012923,0.012923,0.012923,1620498480,2021-05-08T18:28:00
0.0130637,0.0130637,0.0130637,0.0130637,1620498000,2021-05-08T18:20:00
0.0132422,0.0132422,0.0132422,0.0132422,1620495000,2021-05-08T17:30:00
0.0128909,0.0128909,0.0128909,0.0128909,1620487380,2021-05-08T15:23:00
0.0124655,0.0124655,0.0124655,0.0124655,1620475560,2021-05-08T12:06:00
0.0125783,0.0125783,0.0125783,0.0125783,1620470820,2021-05-08T10:47:00
0.0125092,0.0125092,0.0125092,0.0125092,1620470700,2021-05-08T10:45:00
0.0126715,0.0126715,0.0126715,0.0126715,1620469080,2021-05-08T10:18:00
0.0125437,0.0125437,0.0125437,0.0125437,1620463440,2021-05-08T08:44:00
0.0125131,0.0125131,0.0125131,0.0125131,1620459300,2021-05-08T07:35:00
0.0124704,0.0124704,0.0124704,0.0124704,1620459120,2021-05-08T07:32:00
0.01252,0.01252,0.01252,0.01252,1620458040,2021-05-08T07:14:00
0.0126724,0.0126724,0.0126724,0.0126724,1620450960,2021-05-08T05:16:00
0.0126535,0.0126535,0.0126535,0.0126535,1620448980,2021-05-08T04:43:00
0.0124095,0.0124095,0.0124095,0.0124095,1620441960,2021-05-08T02:46:00
0.0124236,0.0124236,0.0124236,0.0124236,1620441120,2021-05-08T02:32:00
0.0122277,0.0122277,0.0122277,0.0122277,1620434160,2021-05-08T00:36:00
0.0122576,0.0122576,0.0122576,0.0122576,1620426060,2021-05-07T22:21:00
0.0123044,0.0123044,0.0123044,0.0123044,1620425220,2021-05-07T22:07:00
0.0123187,0.0123187,0.0123187,0.0123187,1620423780,2021-05-07T21:43:00
0.0124261,0.0124261,0.0124261,0.0124261,1620422040,2021-05-07T21:14:00
0.0124672,0.0124672,0.0124672,0.0124672,1620419880,2021-05-07T20:38:00
0.0125108,0.0125108,0.0125108,0.0125108,1620419520,2021-05-07T20:32:00
0.0125291,0.0125291,0.0125291,0.0125291,1620419160,2021-05-07T20:26:00
0.0124611,0.0124611,0.0124611,0.0124611,1620416940,2021-05-07T19:49:00
0.0124363,0.0124363,0.0124363,0.0124363,1620415980,2021-05-07T19:33:00
0.0125238,0.0125238,0.0125238,0.0125238,1620415620,2021-05-07T19:27:00
0.0125371,0.0125371,0.0125371,0.0125371,1620413640,2021-05-07T18:54:00
0.0124241,0.0124241,0.0124241,0.0124241,1620413400,2021-05-07T18:50:00
0.0122966,0.0122966,0.0122966,0.0122966,1620413340,2021-05-07T18:49:00
0.0122265,0.0122265,0.0122265,0.0122265,1620413280,2021-05-07T18:48:00
0.0121171,0.0121171,0.0121171,0.0121171,1620413220,2021-05-07T18:47:00
0.01228,0.01228,0.0119541,0.0119541,1620413160,2021-05-07T18:46:00
0.0127665,0.0127665,0.0127665,0.0127665,1620411960,2021-05-07T18:26:00
0.0127694,0.0127694,0.0127694,0.0127694,1620411600,2021-05-07T18:20:00
0.0128204,0.0128204,0.0128204,0.0128204,1620411000,2021-05-07T18:10:00
0.0127155,0.0127155,0.0127155,0.0127155,1620410640,2021-05-07T18:04:00
0.0127701,0.0127701,0.0127701,0.0127701,1620407820,2021-05-07T17:17:00
0.0127452,0.0127452,0.0127452,0.0127452,1620407400,2021-05-07T17:10:00
0.0128025,0.0128025,0.0128025,0.0128025,1620407340,2021-05-07T17:09:00
0.0126786,0.0126786,0.0126786,0.0126786,1620407160,2021-05-07T17:06:00
0.0127019,0.0127019,0.0127019,0.0127019,1620406860,2021-05-07T17:01:00
0.01273,0.01273,0.01273,0.01273,1620406740,2021-05-07T16:59:00
0.0129351,0.0129351,0.0129351,0.0129351,1620406080,2021-05-07T16:48:00
0.0129637,0.0129637,0.0129637,0.0129637,1620405360,2021-05-07T16:36:00
0.013068,0.013068,0.013068,0.013068,1620404580,2021-05-07T16:23:00
0.0128579,0.0128579,0.0128579,0.0128579,1620400980,2021-05-07T15:23:00
0.0128544,0.0128544,0.0128544,0.0128544,1620400560,2021-05-07T15:16:00
0.0128659,0.0128659,0.0128659,0.0128659,1620399120,2021-05-07T14:52:00
0.012915,0.012915,0.012915,0.012915,1620399060,2021-05-07T14:51:00
0.0129338,0.0129338,0.0129338,0.0129338,1620399000,2021-05-07T14:50:00
0.0129277,0.0129277,0.0129277,0.0129277,1620397860,2021-05-07T14:31:00
0.0128983,0.0128983,0.0128983,0.0128983,1620391320,2021-05-07T12:42:00
0.0129286,0.0129286,0.0129286,0.0129286,1620390060,2021-05-07T12:21:00
0.0130809,0.0130809,0.0130809,0.0130809,1620387480,2021-05-07T11:38:00
0.0130962,0.0130962,0.0130962,0.0130962,1620386280,2021-05-07T11:18:00
0.0130896,0.0130896,0.0130896,0.0130896,1620385980,2021-05-07T11:13:00
0.0130325,0.0130325,0.0130325,0.0130325,1620384840,2021-05-07T10:54:00
0.0130801,0.0130801,0.0130801,0.0130801,1620382500,2021-05-07T10:15:00
0.0131556,0.0131556,0.0131556,0.0131556,1620382440,2021-05-07T10:14:00
0.0131603,0.0131603,0.0131603,0.0131603,1620382320,2021-05-07T10:12:00
0.0132183,0.0132183,0.0132183,0.0132183,1620381240,2021-05-07T09:54:00
0.0132636,0.0132636,0.0132636,0.0132636,1620380940,2021-05-07T09:49:00
0.0132859,0.0132859,0.0132859,0.0132859,1620379920,2021-05-07T09:32:00
0.0133148,0.0133148,0.0133148,0.0133148,1620375840,2021-05-07T08:24:00
0.0133069,0.0133069,0.0133069,0.0133069,1620375420,2021-05-07T08:17:00
0.0133213,0.0133213,0.0133213,0.0133213,1620374820,2021-05-07T08:07:00
0.0134536,0.0134536,0.0134536,0.0134536,1620371760,2021-05-07T07:16:00
0.0133611,0.0133611,0.0133611,0.0133611,1620368640,2021-05-07T06:24:00
0.0132709,0.0132709,0.0132709,0.0132709,1620363960,2021-05-07T05:06:00
0.0132579,0.0132579,0.0132579,0.0132579,1620363720,2021-05-07T05:02:00
0.0132254,0.0132254,0.0132254,0.0132254,1620363240,2021-05-07T04:54:00
0.0132354,0.0132354,0.0132354,0.0132354,1620362940,2021-05-07T04:49:00
0.0132324,0.0132324,0.0132324,0.0132324,1620361500,2021-05-07T04:25:00
0.0133001,0.0133001,0.0133001,0.0133001,1620360120,2021-05-07T04:02:00
0.0135337,0.0135337,0.0135337,0.0135337,1620360060,2021-05-07T04:01:00
0.013565,0.013565,0.013565,0.013565,1620358680,2021-05-07T03:38:00
0.0135779,0.0135779,0.0135779,0.0135779,1620358320,2021-05-07T03:32:00
0.0136508,0.0136508,0.0136508,0.0136508,1620357900,2021-05-07T03:25:00
0.0136639,0.0136639,0.0136639,0.0136639,1620355560,2021-05-07T02:46:00
0.0137366,0.0137366,0.0137366,0.0137366,1620351360,2021-05-07T01:36:00
0.0139873,0.0139873,0.0139873,0.0139873,1620351060,2021-05-07T01:31:00
0.0138609,0.0138609,0.0138609,0.0138609,1620351000,2021-05-07T01:30:00
0.0136576,0.0136576,0.0136576,0.0136576,1620347460,2021-05-07T00:31:00
0.0135925,0.0135925,0.0135925,0.0135925,1620346860,2021-05-07T00:21:00
0.0138524,0.0138524,0.0138524,0.0138524,1620345360,2021-05-06T23:56:00
0.0138847,0.0138847,0.0138847,0.0138847,1620343140,2021-05-06T23:19:00
0.013908,0.013908,0.013908,0.013908,1620342300,2021-05-06T23:05:00
0.0138107,0.0138107,0.0138107,0.0138107,1620340920,2021-05-06T22:42:00
0.013865,0.013865,0.013865,0.013865,1620340080,2021-05-06T22:28:00
0.0137555,0.0137555,0.0137555,0.0137555,1620338520,2021-05-06T22:02:00
0.0138232,0.0138232,0.0138232,0.0138232,1620338400,2021-05-06T22:00:00
0.0137837,0.0137837,0.0137837,0.0137837,1620337920,2021-05-06T21:52:00
0.0137401,0.0137401,0.0137401,0.0137401,1620337740,2021-05-06T21:49:00
0.013821,0.013821,0.013821,0.013821,1620337620,2021-05-06T21:47:00
0.01378,0.01378,0.01378,0.01378,1620336840,2021-05-06T21:34:00
0.0137325,0.0137325,0.0137325,0.0137325,1620336240,2021-05-06T21:24:00
0.0136586,0.0136586,0.0136586,0.0136586,1620335940,2021-05-06T21:19:00
0.0137266,0.0137266,0.0137266,0.0137266,1620335820,2021-05-06T21:17:00
0.0136409,0.0136409,0.0136409,0.0136409,1620334680,2021-05-06T20:58:00
0.0137228,0.0137228,0.0137228,0.0137228,1620334440,2021-05-06T20:54:00
0.0136307,0.0136307,0.0136307,0.0136307,1620333840,2021-05-06T20:44:00
0.0137172,0.0137172,0.0137172,0.0137172,1620332940,2021-05-06T20:29:00
0.01357,0.01357,0.01357,0.01357,1620329460,2021-05-06T19:31:00
0.0137177,0.0137177,0.0137177,0.0137177,1620328020,2021-05-06T19:07:00
0.0137008,0.0137008,0.0137008,0.0137008,1620327900,2021-05-06T19:05:00
0.0136268,0.0136268,0.0136268,0.0136268,1620327420,2021-05-06T18:57:00
0.0136635,0.0136635,0.0136635,0.0136635,1620326820,2021-05-06T18:47:00
0.0138987,0.0138987,0.0138987,0.0138987,1620325440,2021-05-06T18:24:00
0.0138708,0.0138708,0.0138708,0.0138708,1620324600,2021-05-06T18:10:00
0.0138416,0.0138416,0.0138416,0.0138416,1620323280,2021-05-06T17:48:00
0.0140238,0.0140238,0.0136326,0.0136326,1620323220,2021-05-06T17:47:00
0.014632,0.014632,0.014632,0.014632,1620320340,2021-05-06T16:59:00
0.0146465,0.0146465,0.0146465,0.0146465,1620319260,2021-05-06T16:41:00
0.0145717,0.0145717,0.0145717,0.0145717,1620316020,2021-05-06T15:47:00
0.0144447,0.0144447,0.0144447,0.0144447,1620314880,2021-05-06T15:28:00
0.014802,0.014802,0.0143653,0.0143653,1620314160,2021-05-06T15:16:00
0.0153719,0.0153719,0.0153719,0.0153719,1620312900,2021-05-06T14:55:00
0.0155689,0.0155689,0.0155689,0.0155689,1620312840,2021-05-06T14:54:00
0.0154766,0.0154766,0.0154766,0.0154766,1620312360,2021-05-06T14:46:00
0.0154988,0.0155275,0.0154988,0.0155275,1620312240,2021-05-06T14:44:00
0.0157302,0.0157302,0.0157302,0.0157302,1620311640,2021-05-06T14:34:00
0.0156428,0.0156428,0.0156428,0.0156428,1620311100,2021-05-06T14:25:00
0.0157566,0.0157566,0.0157566,0.0157566,1620310560,2021-05-06T14:16:00
0.0161079,0.0161079,0.0161079,0.0161079,1620310380,2021-05-06T14:13:00
0.0163426,0.0163426,0.0163426,0.0163426,1620308820,2021-05-06T13:47:00
0.0163419,0.0163419,0.0163419,0.0163419,1620308520,2021-05-06T13:42:00
0.0163045,0.0163045,0.0163045,0.0163045,1620307800,2021-05-06T13:30:00
0.0162583,0.0162583,0.0162583,0.0162583,1620307680,2021-05-06T13:28:00
0.016272,0.016272,0.016272,0.016272,1620307260,2021-05-06T13:21:00
0.0164648,0.0164648,0.0164648,0.0164648,1620306060,2021-05-06T13:01:00
0.016462,0.016462,0.016462,0.016462,1620305460,2021-05-06T12:51:00
0.0164697,0.0164697,0.0164697,0.0164697,1620304320,2021-05-06T12:32:00
0.0164689,0.0164689,0.0164689,0.0164689,1620304020,2021-05-06T12:27:00
0.0164652,0.0164652,0.0164652,0.0164652,1620303360,2021-05-06T12:16:00
0.0164339,0.0164339,0.0164339,0.0164339,1620302640,2021-05-06T12:04:00
0.0165059,0.0165059,0.0165059,0.0165059,1620301680,2021-05-06T11:48:00
0.0164237,0.0164237,0.0164237,0.0164237,1620301500,2021-05-06T11:45:00
0.0164624,0.0164624,0.0164624,0.0164624,1620301440,2021-05-06T11:44:00
0.0164667,0.0164667,0.0164667,0.0164667,1620300900,2021-05-06T11:35:00
0.0165827,0.0165827,0.0165827,0.0165827,1620300720,2021-05-06T11:32:00
0.0166168,0.0166168,0.016549,0.016549,1620300660,2021-05-06T11:31:00
0.01688,0.01688,0.01688,0.01688,1620300600,2021-05-06T11:30:00
0.0168677,0.0168677,0.0168677,0.0168677,1620300540,2021-05-06T11:29:00
0.0170167,0.0170167,0.016848,0.016848,1620300480,2021-05-06T11:28:00
0.0173261,0.0173261,0.0173261,0.0173261,1620300240,2021-05-06T11:24:00
0.0174482,0.0174482,0.0174482,0.0174482,1620300000,2021-05-06T11:20:00
0.0177334,0.0177334,0.0177334,0.0177334,1620299520,2021-05-06T11:12:00
0.0178991,0.0178991,0.0178991,0.0178991,1620299040,2021-05-06T11:04:00
0.0179177,0.0179177,0.0179177,0.0179177,1620298260,2021-05-06T10:51:00
0.0178948,0.0178948,0.0178948,0.0178948,1620298020,2021-05-06T10:47:00
0.0176628,0.0176628,0.0176628,0.0176628,1620297420,2021-05-06T10:37:00
0.0176313,0.0176313,0.0176313,0.0176313,1620297000,2021-05-06T10:30:00
0.0176586,0.0176586,0.0176586,0.0176586,1620296520,2021-05-06T10:22:00
0.0177664,0.0177664,0.0177664,0.0177664,1620295380,2021-05-06T10:03:00
0.0177357,0.0177357,0.0177357,0.0177357,1620295200,2021-05-06T10:00:00
0.0176568,0.0176568,0.0176568,0.0176568,1620294480,2021-05-06T09:48:00
0.0175404,0.0175404,0.0175404,0.0175404,1620294360,2021-05-06T09:46:00
0.0175095,0.0175095,0.0175095,0.0175095,1620294000,2021-05-06T09:40:00
0.0174483,0.0174483,0.0174483,0.0174483,1620293880,2021-05-06T09:38:00
0.0173646,0.0174406,0.0173646,0.0174406,1620293700,2021-05-06T09:35:00
0.0175356,0.0175356,0.0175356,0.0175356,1620293580,2021-05-06T09:33:00
0.0175106,0.0175418,0.0175106,0.0175418,1620293520,2021-05-06T09:32:00
0.0174627,0.0174627,0.0174627,0.0174627,1620293460,2021-05-06T09:31:00
0.0174528,0.0174528,0.0174528,0.0174528,1620293400,2021-05-06T09:30:00
0.017441,0.017441,0.017441,0.017441,1620293340,2021-05-06T09:29:00
0.0173284,0.0173284,0.0173284,0.0173284,1620293100,2021-05-06T09:25:00
0.0173066,0.0173066,0.0173066,0.0173066,1620292680,2021-05-06T09:18:00
0.0171869,0.0171869,0.0171869,0.0171869,1620292320,2021-05-06T09:12:00
0.0171651,0.0171651,0.0171651,0.0171651,1620292260,2021-05-06T09:11:00
0.0171456,0.0171456,0.0171456,0.0171456,1620291960,2021-05-06T09:06:00
0.0170575,0.0170575,0.0170575,0.0170575,1620291780,2021-05-06T09:03:00
0.016837,0.016964,0.016837,0.016964,1620291540,2021-05-06T08:59:00
0.0166537,0.0166537,0.0166537,0.0166537,1620291480,2021-05-06T08:58:00
0.016911,0.016911,0.016911,0.016911,1620290880,2021-05-06T08:48:00
0.0168895,0.0168895,0.0168895,0.0168895,1620290640,2021-05-06T08:44:00
0.0168183,0.0168183,0.0168183,0.0168183,1620290580,2021-05-06T08:43:00
0.0165247,0.0165247,0.0165247,0.0165247,1620290520,2021-05-06T08:42:00
0.0164941,0.0164974,0.0164941,0.0164974,1620290160,2021-05-06T08:36:00
0.0166507,0.0166507,0.0166507,0.0166507,1620289800,2021-05-06T08:30:00
0.0168017,0.0168017,0.0168017,0.0168017,1620289440,2021-05-06T08:24:00
0.0167886,0.0167886,0.0167886,0.0167886,1620288960,2021-05-06T08:16:00
0.0168806,0.0168806,0.0166984,0.0166984,1620288660,2021-05-06T08:11:00
0.0178958,0.0178958,0.0175347,0.0175347,1620288480,2021-05-06T08:08:00
0.0178416,0.0178416,0.0178416,0.0178416,1620287460,2021-05-06T07:51:00
0.0177046,0.0177434,0.0177046,0.0177434,1620286500,2021-05-06T07:35:00
0.0175958,0.0175958,0.0175958,0.0175958,1620285600,2021-05-06T07:20:00
0.0175765,0.0175765,0.0175765,0.0175765,1620285480,2021-05-06T07:18:00
0.0175014,0.0175014,0.0175014,0.0175014,1620285240,2021-05-06T07:14:00
0.0174012,0.0174012,0.0174012,0.0174012,1620285180,2021-05-06T07:13:00
0.0172564,0.0172564,0.0172564,0.0172564,1620284940,2021-05-06T07:09:00
0.0171476,0.0171476,0.0171476,0.0171476,1620284880,2021-05-06T07:08:00
0.017207,0.017207,0.017207,0.017207,1620284700,2021-05-06T07:05:00
0.0170359,0.0170359,0.0170359,0.0170359,1620284580,2021-05-06T07:03:00
0.0170033,0.0170033,0.0170033,0.0170033,1620284460,2021-05-06T07:01:00
0.0170222,0.0170222,0.0170222,0.0170222,1620284280,2021-05-06T06:58:00
0.0173763,0.0173763,0.0168625,0.0168625,1620284160,2021-05-06T06:56:00
0.0182866,0.0182866,0.0182866,0.0182866,1620284040,2021-05-06T06:54:00
0.0185968,0.0185968,0.0185968,0.0185968,1620283980,2021-05-06T06:53:00
0.0189389,0.0189389,0.0189389,0.0189389,1620283920,2021-05-06T06:52:00
0.0191749,0.0191749,0.0191749,0.0191749,1620283440,2021-05-06T06:44:00
0.0190867,0.0190867,0.0190867,0.0190867,1620283320,2021-05-06T06:42:00
0.0192812,0.0192812,0.0192812,0.0192812,1620283140,2021-05-06T06:39:00
0.0192842,0.0192842,0.0192842,0.0192842,1620283080,2021-05-06T06:38:00
0.0192888,0.0192888,0.0192888,0.0192888,1620282840,2021-05-06T06:34:00
0.0191863,0.0191863,0.0191863,0.0191863,1620282780,2021-05-06T06:33:00
0.0193596,0.0193596,0.0193596,0.0193596,1620282600,2021-05-06T06:30:00
0.0193683,0.0193683,0.0193683,0.0193683,1620282060,2021-05-06T06:21:00
0.019372,0.019372,0.019372,0.019372,1620281820,2021-05-06T06:17:00
0.0193761,0.0193761,0.0193761,0.0193761,1620281700,2021-05-06T06:15:00
0.0192725,0.0192725,0.0192725,0.0192725,1620281340,2021-05-06T06:09:00
0.0191802,0.0191802,0.0191802,0.0191802,1620281220,2021-05-06T06:07:00
0.0189684,0.0189684,0.0189684,0.0189684,1620281040,2021-05-06T06:04:00
0.0189778,0.0189778,0.0189778,0.0189778,1620280920,2021-05-06T06:02:00
0.0190841,0.0190841,0.0190841,0.0190841,1620280680,2021-05-06T05:58:00
0.019118,0.019118,0.019118,0.019118,1620279900,2021-05-06T05:45:00
0.0185724,0.0185724,0.0185724,0.0185724,1620279840,2021-05-06T05:44:00
0.0186305,0.0186305,0.0186305,0.0186305,1620279660,2021-05-06T05:41:00
0.0185611,0.0185657,0.0185611,0.0185657,1620279540,2021-05-06T05:39:00
0.0185479,0.0185479,0.0185479,0.0185479,1620279480,2021-05-06T05:38:00
0.0185217,0.0185217,0.0185217,0.0185217,1620279360,2021-05-06T05:36:00
0.0185206,0.0185206,0.0185206,0.0185206,1620279300,2021-05-06T05:35:00
0.0185154,0.0185154,0.0185143,0.0185143,1620279180,2021-05-06T05:33:00
0.0188022,0.0188022,0.0188022,0.0188022,1620279120,2021-05-06T05:32:00
0.0187745,0.0187745,0.0187745,0.0187745,1620279000,2021-05-06T05:30:00
0.0182506,0.0191912,0.0182506,0.0191912,1620278760,2021-05-06T05:26:00
0.0182377,0.0182377,0.0182377,0.0182377,1620278640,2021-05-06T05:24:00
0.0181711,0.0181761,0.0181711,0.0181761,1620278280,2021-05-06T05:18:00
0.0181893,0.0181893,0.0181893,0.0181893,1620278100,2021-05-06T05:15:00
0.018189,0.018189,0.0181854,0.0181854,1620277980,2021-05-06T05:13:00
0.0182002,0.0182002,0.0182002,0.0182002,1620277740,2021-05-06T05:09:00
0.0181605,0.0181672,0.0181605,0.0181672,1620277680,2021-05-06T05:08:00
0.018124,0.018124,0.018124,0.018124,1620277560,2021-05-06T05:06:00
0.0181193,0.0181193,0.0181193,0.0181193,1620277260,2021-05-06T05:01:00
0.0180817,0.0181184,0.0180817,0.0181184,1620277080,2021-05-06T04:58:00
0.0181576,0.0181576,0.0181576,0.0181576,1620277020,2021-05-06T04:57:00
0.0184824,0.0184824,0.0184824,0.0184824,1620276480,2021-05-06T04:48:00
0.0186666,0.018698,0.0186666,0.018698,1620276360,2021-05-06T04:46:00
0.018673,0.018673,0.018673,0.018673,1620276180,2021-05-06T04:43:00
0.0186741,0.0186741,0.0186741,0.0186741,1620276060,2021-05-06T04:41:00
0.0186465,0.0186465,0.0186465,0.0186465,1620275940,2021-05-06T04:39:00
0.0186223,0.0186223,0.0186223,0.0186223,1620275880,2021-05-06T04:38:00
0.018625,0.018625,0.018625,0.018625,1620275820,2021-05-06T04:37:00
0.0186191,0.0186191,0.0186191,0.0186191,1620275760,2021-05-06T04:36:00
0.018642,0.018642,0.018642,0.018642,1620275580,2021-05-06T04:33:00
0.0186449,0.0186449,0.0186449,0.0186449,1620275460,2021-05-06T04:31:00
0.0186328,0.0186328,0.0186328,0.0186328,1620275400,2021-05-06T04:30:00
0.0186401,0.0186401,0.0186401,0.0186401,1620275280,2021-05-06T04:28:00
0.0186389,0.0186389,0.0186389,0.0186389,1620275160,2021-05-06T04:26:00
0.0185197,0.0185197,0.0185197,0.0185197,1620274980,2021-05-06T04:23:00
0.0185913,0.0185913,0.0185913,0.0185913,1620274920,2021-05-06T04:22:00
0.0185537,0.0185537,0.0185537,0.0185537,1620274860,2021-05-06T04:21:00
0.0185317,0.0185317,0.0185317,0.0185317,1620274800,2021-05-06T04:20:00
0.01845,0.01845,0.01845,0.01845,1620274740,2021-05-06T04:19:00
0.0181508,0.0181508,0.0181508,0.0181508,1620274680,2021-05-06T04:18:00
0.0181384,0.0181572,0.0180077,0.0181572,1620274560,2021-05-06T04:16:00
0.0178457,0.0179896,0.0178457,0.0179896,1620274440,2021-05-06T04:14:00
0.0182625,0.0182625,0.0179564,0.0179564,1620274380,2021-05-06T04:13:00
0.018316,0.0185024,0.018316,0.0185024,1620274320,2021-05-06T04:12:00
0.018458,0.0186051,0.018458,0.0186051,1620274260,2021-05-06T04:11:00
0.0183947,0.0184174,0.0183297,0.0184174,1620274200,2021-05-06T04:10:00
0.0178698,0.0178698,0.0178698,0.0178698,1620274140,2021-05-06T04:09:00
0.0176723,0.0176723,0.0176723,0.0176723,1620274080,2021-05-06T04:08:00
0.0174323,0.0176909,0.0173945,0.0176909,1620274020,2021-05-06T04:07:00
0.0167925,0.0171226,0.0167925,0.0171226,1620273960,2021-05-06T04:06:00
0.0166768,0.0166768,0.0166768,0.0166768,1620273900,2021-05-06T04:05:00
0.0164568,0.0164742,0.0164568,0.0164742,1620273840,2021-05-06T04:04:00
0.0158018,0.0158018,0.0158018,0.0158018,1620273780,2021-05-06T04:03:00
0.0154717,0.015695,0.0154717,0.0155903,1620273720,2021-05-06T04:02:00
0.0147843,0.014895,0.0147843,0.014895,1620273660,2021-05-06T04:01:00
0.0146926,0.0146926,0.0146926,0.0146926,1620273000,2021-05-06T03:50:00
0.0146687,0.0146687,0.0146687,0.0146687,1620272100,2021-05-06T03:35:00
0.0146005,0.0146005,0.0146005,0.0146005,1620271980,2021-05-06T03:33:00
0.014527,0.014527,0.014527,0.014527,1620271440,2021-05-06T03:24:00
0.0144175,0.0144175,0.0144175,0.0144175,1620271260,2021-05-06T03:21:00
0.0143659,0.0143659,0.0143659,0.0143659,1620270720,2021-05-06T03:12:00
0.014313,0.014313,0.014313,0.014313,1620270300,2021-05-06T03:05:00
0.014354,0.014354,0.014354,0.014354,1620268260,2021-05-06T02:31:00
0.0142813,0.0142813,0.0142813,0.0142813,1620268080,2021-05-06T02:28:00
0.0142685,0.0142685,0.0142685,0.0142685,1620266160,2021-05-06T01:56:00
0.0143282,0.0143282,0.0143282,0.0143282,1620263160,2021-05-06T01:06:00
0.0143825,0.0143825,0.0143825,0.0143825,1620260880,2021-05-06T00:28:00
0.0144469,0.0144469,0.0144469,0.0144469,1620257220,2021-05-05T23:27:00
0.0144594,0.0144594,0.0144594,0.0144594,1620256200,2021-05-05T23:10:00
0.01407,0.01407,0.01407,0.01407,1620252240,2021-05-05T22:04:00
0.013936,0.013936,0.013936,0.013936,1620250920,2021-05-05T21:42:00
0.013817,0.013817,0.013817,0.013817,1620248640,2021-05-05T21:04:00
0.0139447,0.0139447,0.0139447,0.0139447,1620248580,2021-05-05T21:03:00
0.0139275,0.0139275,0.0139275,0.0139275,1620248400,2021-05-05T21:00:00
0.0140806,0.0140806,0.0140014,0.0140014,1620247860,2021-05-05T20:51:00
0.0142015,0.0142015,0.0142015,0.0142015,1620247080,2021-05-05T20:38:00
0.0144812,0.0144812,0.0144812,0.0144812,1620246840,2021-05-05T20:34:00
0.0145138,0.0145138,0.0145138,0.0145138,1620245400,2021-05-05T20:10:00
0.0144505,0.0144505,0.0144505,0.0144505,1620244680,2021-05-05T19:58:00
0.0147612,0.0147612,0.0147612,0.0147612,1620244140,2021-05-05T19:49:00
0.0149407,0.0149407,0.0149407,0.0149407,1620243240,2021-05-05T19:34:00
0.0147612,0.0147612,0.0147612,0.0147612,1620238080,2021-05-05T18:08:00
0.0148602,0.0148602,0.0148602,0.0148602,1620237480,2021-05-05T17:58:00
0.0148453,0.0148453,0.0148453,0.0148453,1620237120,2021-05-05T17:52:00
0.014889,0.014889,0.014889,0.014889,1620236520,2021-05-05T17:42:00
0.0145235,0.0145235,0.0145235,0.0145235,1620230040,2021-05-05T15:54:00
0.0146316,0.0146316,0.0146316,0.0146316,1620224940,2021-05-05T14:29:00
0.0147446,0.0147446,0.0147446,0.0147446,1620222660,2021-05-05T13:51:00
0.0147367,0.0147367,0.0147367,0.0147367,1620220800,2021-05-05T13:20:00
0.0147345,0.0147345,0.0147345,0.0147345,1620217080,2021-05-05T12:18:00
0.0146098,0.0146098,0.0146098,0.0146098,1620216540,2021-05-05T12:09:00
0.0146275,0.0146275,0.0146275,0.0146275,1620216180,2021-05-05T12:03:00
0.0146093,0.0146093,0.0146093,0.0146093,1620216000,2021-05-05T12:00:00
0.0146053,0.0146053,0.0146053,0.0146053,1620215280,2021-05-05T11:48:00
0.0147351,0.0147351,0.0147351,0.0147351,1620214800,2021-05-05T11:40:00
0.0146666,0.0146666,0.0146666,0.0146666,1620213840,2021-05-05T11:24:00
0.0146996,0.0146996,0.0146996,0.0146996,1620205020,2021-05-05T08:57:00
0.0146479,0.0146479,0.0146479,0.0146479,1620203040,2021-05-05T08:24:00
0.0147439,0.0147439,0.0147439,0.0147439,1620202620,2021-05-05T08:17:00
0.0146839,0.0146839,0.0146839,0.0146839,1620201360,2021-05-05T07:56:00
0.014268,0.014268,0.014268,0.014268,1620197400,2021-05-05T06:50:00
0.014328,0.014328,0.014328,0.014328,1620195300,2021-05-05T06:15:00
0.0144129,0.0144129,0.0144129,0.0144129,1620194220,2021-05-05T05:57:00
0.0143836,0.0143836,0.0143836,0.0143836,1620186840,2021-05-05T03:54:00
0.0145654,0.0145654,0.0145654,0.0145654,1620184920,2021-05-05T03:22:00
0.0144616,0.0144616,0.0144616,0.0144616,1620184680,2021-05-05T03:18:00
0.0145537,0.0145537,0.0145537,0.0145537,1620184620,2021-05-05T03:17:00
0.0145668,0.0145668,0.0145668,0.0145668,1620184380,2021-05-05T03:13:00
0.014641,0.014641,0.014641,0.014641,1620184140,2021-05-05T03:09:00
0.0145764,0.0145764,0.0145764,0.0145764,1620182880,2021-05-05T02:48:00
0.0147552,0.0147552,0.0147552,0.0147552,1620182160,2021-05-05T02:36:00
0.0148855,0.0148855,0.0148855,0.0148855,1620181500,2021-05-05T02:25:00
0.0148869,0.0148869,0.0148869,0.0148869,1620180600,2021-05-05T02:10:00
0.014924,0.014924,0.014924,0.014924,1620180120,2021-05-05T02:02:00
0.0148913,0.0148913,0.0148913,0.0148913,1620179400,2021-05-05T01:50:00
0.0148259,0.0148259,0.0148259,0.0148259,1620177780,2021-05-05T01:23:00
0.0147957,0.0147957,0.0147957,0.0147957,1620177300,2021-05-05T01:15:00
0.0148578,0.0148578,0.0148578,0.0148578,1620177180,2021-05-05T01:13:00
0.0147247,0.0147247,0.0147247,0.0147247,1620174960,2021-05-05T00:36:00
0.0145042,0.0145042,0.0145042,0.0145042,1620172320,2021-05-04T23:52:00
0.014652,0.014652,0.014652,0.014652,1620172140,2021-05-04T23:49:00
0.0150608,0.0150608,0.0150608,0.0150608,1620171060,2021-05-04T23:31:00
0.0151869,0.0151869,0.0151869,0.0151869,1620165480,2021-05-04T21:58:00
0.0147855,0.0147855,0.0147855,0.0147855,1620160380,2021-05-04T20:33:00
0.014878,0.014878,0.014878,0.014878,1620158640,2021-05-04T20:04:00
0.0148635,0.0148635,0.0148635,0.0148635,1620157920,2021-05-04T19:52:00
0.0147738,0.0147738,0.0147738,0.0147738,1620155400,2021-05-04T19:10:00
0.0147436,0.0147436,0.0147436,0.0147436,1620155100,2021-05-04T19:05:00
0.0144181,0.0144181,0.0144181,0.0144181,1620153900,2021-05-04T18:45:00
0.0142896,0.0142896,0.0142896,0.0142896,1620148080,2021-05-04T17:08:00
0.0142963,0.0142963,0.0142963,0.0142963,1620142620,2021-05-04T15:37:00
0.014805,0.0150251,0.014805,0.0150251,1620138960,2021-05-04T14:36:00
0.0151495,0.0151495,0.0151495,0.0151495,1620138360,2021-05-04T14:26:00
0.0152187,0.0152187,0.0152187,0.0152187,1620134040,2021-05-04T13:14:00
0.0152608,0.0152608,0.0152608,0.0152608,1620132600,2021-05-04T12:50:00
0.0151557,0.0151557,0.0151557,0.0151557,1620132540,2021-05-04T12:49:00
0.0150248,0.0150248,0.0150248,0.0150248,1620130800,2021-05-04T12:20:00
0.0150217,0.0150217,0.0150217,0.0150217,1620128520,2021-05-04T11:42:00
0.0148937,0.0148937,0.0148937,0.0148937,1620127980,2021-05-04T11:33:00
0.0148452,0.0148452,0.0148452,0.0148452,1620126540,2021-05-04T11:09:00
0.0147789,0.0147789,0.0147789,0.0147789,1620125520,2021-05-04T10:52:00
0.0147613,0.0147613,0.0147613,0.0147613,1620123840,2021-05-04T10:24:00
0.0145075,0.0145075,0.0145075,0.0145075,1620123120,2021-05-04T10:12:00
0.0144725,0.0144725,0.0144725,0.0144725,1620122460,2021-05-04T10:01:00
0.0146101,0.0146101,0.0146101,0.0146101,1620121680,2021-05-04T09:48:00
0.0145686,0.0145686,0.0145686,0.0145686,1620119820,2021-05-04T09:17:00
0.0145754,0.0145754,0.0145754,0.0145754,1620119760,2021-05-04T09:16:00
0.0144286,0.0144286,0.0144286,0.0144286,1620118500,2021-05-04T08:55:00
0.0145452,0.0145452,0.0145452,0.0145452,1620118200,2021-05-04T08:50:00
0.0146127,0.0146127,0.0146127,0.0146127,1620116520,2021-05-04T08:22:00
0.0147766,0.0147766,0.0147766,0.0147766,1620111780,2021-05-04T07:03:00
0.014704,0.014704,0.014704,0.014704,1620111480,2021-05-04T06:58:00
0.0148406,0.0148406,0.0148406,0.0148406,1620111180,2021-05-04T06:53:00
0.0148613,0.0148613,0.0148613,0.0148613,1620109860,2021-05-04T06:31:00
0.0149698,0.0149698,0.0149698,0.0149698,1620108660,2021-05-04T06:11:00
0.0148672,0.0148672,0.0148672,0.0148672,1620106860,2021-05-04T05:41:00
0.0148046,0.0148046,0.0148046,0.0148046,1620106440,2021-05-04T05:34:00
0.0145687,0.0145687,0.0145687,0.0145687,1620102960,2021-05-04T04:36:00
0.0144284,0.0144284,0.0144284,0.0144284,1620102120,2021-05-04T04:22:00
0.014307,0.014307,0.014307,0.014307,1620101100,2021-05-04T04:05:00
0.0144302,0.0144302,0.0144302,0.0144302,1620099960,2021-05-04T03:46:00
0.0143366,0.0143366,0.0143366,0.0143366,1620098640,2021-05-04T03:24:00
0.0146049,0.0146049,0.0146049,0.0146049,1620096120,2021-05-04T02:42:00
0.0146829,0.0146829,0.0146829,0.0146829,1620094560,2021-05-04T02:16:00
0.0147279,0.0147279,0.0147279,0.0147279,1620094080,2021-05-04T02:08:00
0.0147069,0.0147069,0.0147069,0.0147069,1620092820,2021-05-04T01:47:00
0.0146449,0.0146449,0.0146449,0.0146449,1620091620,2021-05-04T01:27:00
0.0147509,0.0147509,0.0147509,0.0147509,1620091560,2021-05-04T01:26:00
0.0147192,0.0147192,0.0147192,0.0147192,1620091140,2021-05-04T01:19:00
0.0149427,0.0149427,0.0149427,0.0149427,1620088500,2021-05-04T00:35:00
0.0149089,0.0149089,0.0149089,0.0149089,1620087840,2021-05-04T00:24:00
0.0150929,0.0150929,0.0150929,0.0150929,1620086760,2021-05-04T00:06:00
0.0153375,0.0153375,0.0153375,0.0153375,1620086040,2021-05-03T23:54:00
0.0155463,0.0155463,0.0155463,0.0155463,1620085140,2021-05-03T23:39:00
0.0154722,0.0154722,0.0154722,0.0154722,1620084420,2021-05-03T23:27:00
0.0154225,0.0154225,0.0154225,0.0154225,1620082500,2021-05-03T22:55:00
0.0148748,0.0148748,0.0148748,0.0148748,1620081660,2021-05-03T22:41:00
0.0144586,0.0144586,0.0144586,0.0144586,1620081360,2021-05-03T22:36:00
0.0142144,0.0142144,0.0142144,0.0142144,1620079980,2021-05-03T22:13:00
0.0138405,0.0138405,0.0138405,0.0138405,1620079140,2021-05-03T21:59:00
0.0137794,0.0137794,0.0137794,0.0137794,1620073080,2021-05-03T20:18:00
0.013529,0.013529,0.013529,0.013529,1620072000,2021-05-03T20:00:00
0.0132864,0.0132864,0.0132864,0.0132864,1620071820,2021-05-03T19:57:00
0.0133022,0.0133022,0.0133022,0.0133022,1620071460,2021-05-03T19:51:00
0.01339,0.01339,0.01339,0.01339,1620068280,2021-05-03T18:58:00
0.0133108,0.0133108,0.0133108,0.0133108,1620066660,2021-05-03T18:31:00
0.0132137,0.0132137,0.0132137,0.0132137,1620060420,2021-05-03T16:47:00
0.0129095,0.0129095,0.0129095,0.0129095,1620058920,2021-05-03T16:22:00
0.0130306,0.0130306,0.0130306,0.0130306,1620058020,2021-05-03T16:07:00
0.0129681,0.0129681,0.0129681,0.0129681,1620057420,2021-05-03T15:57:00
0.0130444,0.0130444,0.0130444,0.0130444,1620056280,2021-05-03T15:38:00
0.0130893,0.0130893,0.0130893,0.0130893,1620055980,2021-05-03T15:33:00
0.0130336,0.0130336,0.0130336,0.0130336,1620053400,2021-05-03T14:50:00
0.0129729,0.0129729,0.0129729,0.0129729,1620052560,2021-05-03T14:36:00
0.0129171,0.0129171,0.0129171,0.0129171,1620051000,2021-05-03T14:10:00
0.0129615,0.0129615,0.0129615,0.0129615,1620050820,2021-05-03T14:07:00
0.0131829,0.0131829,0.0131829,0.0131829,1620049440,2021-05-03T13:44:00
0.0130819,0.0130819,0.0130819,0.0130819,1620048480,2021-05-03T13:28:00
0.0131213,0.0131213,0.0131213,0.0131213,1620045720,2021-05-03T12:42:00
0.0131664,0.0131664,0.0131664,0.0131664,1620045540,2021-05-03T12:39:00
0.0133265,0.0133265,0.0133265,0.0133265,1620045480,2021-05-03T12:38:00
0.0134949,0.0134949,0.0134949,0.0134949,1620042420,2021-05-03T11:47:00
0.0134023,0.0134023,0.0134023,0.0134023,1620040260,2021-05-03T11:11:00
0.0133615,0.0133615,0.0133615,0.0133615,1620038940,2021-05-03T10:49:00
0.0134723,0.0134723,0.0134723,0.0134723,1620038400,2021-05-03T10:40:00
0.0134664,0.0134664,0.0134664,0.0134664,1620037740,2021-05-03T10:29:00
0.0135149,0.0135149,0.0135149,0.0135149,1620034620,2021-05-03T09:37:00
0.013446,0.013446,0.013446,0.013446,1620034440,2021-05-03T09:34:00
0.0134649,0.0134649,0.0134649,0.0134649,1620034380,2021-05-03T09:33:00
0.0134684,0.0134684,0.0134684,0.0134684,1620033960,2021-05-03T09:26:00
0.0134932,0.0134932,0.0134932,0.0134932,1620031140,2021-05-03T08:39:00
0.0134628,0.0134628,0.0134628,0.0134628,1620030240,2021-05-03T08:24:00
0.0132207,0.0132207,0.0132207,0.0132207,1620028500,2021-05-03T07:55:00
0.0130645,0.0130645,0.0130645,0.0130645,1620025800,2021-05-03T07:10:00
0.0129727,0.0129727,0.0129727,0.0129727,1620025440,2021-05-03T07:04:00
0.0129297,0.0129297,0.0129297,0.0129297,1620024960,2021-05-03T06:56:00
0.0128657,0.0128657,0.0128657,0.0128657,1620024180,2021-05-03T06:43:00
0.0128904,0.0128904,0.0128904,0.0128904,1620023340,2021-05-03T06:29:00
0.0128286,0.0128286,0.0128286,0.0128286,1620023160,2021-05-03T06:26:00
0.0126739,0.0127198,0.0126739,0.0127198,1620022740,2021-05-03T06:19:00
0.0126348,0.0126348,0.0126348,0.0126348,1620022680,2021-05-03T06:18:00
0.0127165,0.0127165,0.0127165,0.0127165,1620021480,2021-05-03T05:58:00
0.0126889,0.0126889,0.0126889,0.0126889,1620019380,2021-05-03T05:23:00
0.0126668,0.0126668,0.0126668,0.0126668,1620019320,2021-05-03T05:22:00
0.012652,0.012652,0.012652,0.012652,1620018360,2021-05-03T05:06:00
0.0126661,0.0127372,0.0126661,0.0127372,1620018120,2021-05-03T05:02:00
0.0127452,0.0127452,0.0127452,0.0127452,1620018060,2021-05-03T05:01:00
0.0127394,0.0127394,0.0127394,0.0127394,1620017400,2021-05-03T04:50:00
0.0126569,0.0126569,0.0126569,0.0126569,1620016320,2021-05-03T04:32:00
0.0126896,0.0126896,0.0126896,0.0126896,1620016140,2021-05-03T04:29:00
0.0128324,0.0128324,0.0128324,0.0128324,1620016080,2021-05-03T04:28:00
0.0127847,0.0127847,0.0127847,0.0127847,1620015660,2021-05-03T04:21:00
0.0127779,0.0127779,0.0127779,0.0127779,1620015480,2021-05-03T04:18:00
0.0127222,0.0127222,0.0127222,0.0127222,1620015240,2021-05-03T04:14:00
0.0126509,0.0126509,0.0126509,0.0126509,1620014220,2021-05-03T03:57:00
0.0126871,0.0126871,0.0126871,0.0126871,1620012600,2021-05-03T03:30:00
0.012642,0.012642,0.012642,0.012642,1620012000,2021-05-03T03:20:00
0.012432,0.012432,0.012432,0.012432,1620010260,2021-05-03T02:51:00
0.0123937,0.0123937,0.0123937,0.0123937,1620008520,2021-05-03T02:22:00
0.0123876,0.0123876,0.0123876,0.0123876,1620008220,2021-05-03T02:17:00
0.0124416,0.0124416,0.0124416,0.0124416,1620006960,2021-05-03T01:56:00
0.0124135,0.0124135,0.0124135,0.0124135,1620006840,2021-05-03T01:54:00
0.0124175,0.0124175,0.0124175,0.0124175,1620006660,2021-05-03T01:51:00
0.0124061,0.0124061,0.0124061,0.0124061,1620003960,2021-05-03T01:06:00
0.0123644,0.0123644,0.0123644,0.0123644,1620003300,2021-05-03T00:55:00
0.0124386,0.0124386,0.0124386,0.0124386,1620000540,2021-05-03T00:09:00
0.0125949,0.0125949,0.0125949,0.0125949,1619993700,2021-05-02T22:15:00
0.012662,0.012662,0.012662,0.012662,1619991060,2021-05-02T21:31:00
0.0125996,0.0125996,0.0125996,0.0125996,1619984160,2021-05-02T19:36:00
0.0125973,0.0125973,0.0125973,0.0125973,1619982960,2021-05-02T19:16:00
0.0126466,0.0126466,0.0126466,0.0126466,1619980020,2021-05-02T18:27:00
0.0126973,0.0126973,0.0126973,0.0126973,1619978520,2021-05-02T18:02:00
0.012764,0.012764,0.012764,0.012764,1619976660,2021-05-02T17:31:00
0.0127694,0.0127694,0.0127694,0.0127694,1619974260,2021-05-02T16:51:00
0.0126946,0.0126946,0.0126946,0.0126946,1619973540,2021-05-02T16:39:00
0.0127036,0.0127036,0.0127036,0.0127036,1619969520,2021-05-02T15:32:00
0.0126373,0.0126373,0.0126373,0.0126373,1619968500,2021-05-02T15:15:00
0.0127318,0.0127318,0.0127318,0.0127318,1619965380,2021-05-02T14:23:00
0.0126007,0.0126007,0.0126007,0.0126007,1619964840,2021-05-02T14:14:00
0.0127002,0.0127002,0.0127002,0.0127002,1619960520,2021-05-02T13:02:00
0.012588,0.012588,0.012588,0.012588,1619958600,2021-05-02T12:30:00
0.0127049,0.0127049,0.0126037,0.0126037,1619958540,2021-05-02T12:29:00
0.0125864,0.0125864,0.0125864,0.0125864,1619958480,2021-05-02T12:28:00
0.0127035,0.0127035,0.0127035,0.0127035,1619957580,2021-05-02T12:13:00
0.0127502,0.0127502,0.0127502,0.0127502,1619956440,2021-05-02T11:54:00
0.0126912,0.0126912,0.0126912,0.0126912,1619955600,2021-05-02T11:40:00
0.01261,0.01261,0.01261,0.01261,1619955480,2021-05-02T11:38:00
0.0125198,0.0125198,0.0125198,0.0125198,1619955420,2021-05-02T11:37:00
0.0126729,0.0126729,0.0126729,0.0126729,1619954880,2021-05-02T11:28:00
0.0124806,0.0124806,0.0124806,0.0124806,1619952300,2021-05-02T10:45:00
0.0126489,0.0126489,0.0126489,0.0126489,1619950740,2021-05-02T10:19:00
0.0126494,0.0126494,0.0126494,0.0126494,1619945760,2021-05-02T08:56:00
0.0125413,0.0125413,0.0125413,0.0125413,1619945160,2021-05-02T08:46:00
0.0126338,0.0126338,0.0126338,0.0126338,1619944560,2021-05-02T08:36:00
0.0128235,0.0128235,0.0128235,0.0128235,1619942520,2021-05-02T08:02:00
0.0131351,0.0131351,0.0131351,0.0131351,1619941260,2021-05-02T07:41:00
0.0130881,0.0130881,0.0130881,0.0130881,1619940240,2021-05-02T07:24:00
0.0131214,0.0131214,0.0131214,0.0131214,1619939400,2021-05-02T07:10:00
0.0131551,0.0131551,0.0131551,0.0131551,1619937360,2021-05-02T06:36:00
0.0131968,0.0131968,0.0131968,0.0131968,1619937180,2021-05-02T06:33:00
0.0131947,0.0131947,0.0131947,0.0131947,1619935440,2021-05-02T06:04:00
0.0132718,0.0132718,0.0132718,0.0132718,1619932860,2021-05-02T05:21:00
0.0132601,0.0132601,0.0132601,0.0132601,1619930880,2021-05-02T04:48:00
0.0133636,0.0133636,0.0133636,0.0133636,1619930100,2021-05-02T04:35:00
0.0132654,0.0132654,0.0132654,0.0132654,1619929860,2021-05-02T04:31:00
0.0132767,0.0132767,0.0132767,0.0132767,1619929140,2021-05-02T04:19:00
0.0132756,0.0132756,0.0132756,0.0132756,1619928540,2021-05-02T04:09:00
0.013392,0.013392,0.013392,0.013392,1619928420,2021-05-02T04:07:00
0.0138194,0.0138194,0.013649,0.013649,1619926800,2021-05-02T03:40:00
0.0137389,0.0137389,0.0137389,0.0137389,1619926620,2021-05-02T03:37:00
0.0138377,0.0138377,0.0138377,0.0138377,1619923920,2021-05-02T02:52:00
0.0139517,0.0139517,0.0139517,0.0139517,1619920920,2021-05-02T02:02:00
0.0137844,0.0137844,0.0137844,0.0137844,1619917800,2021-05-02T01:10:00
0.0137477,0.0137477,0.0137477,0.0137477,1619917560,2021-05-02T01:06:00
0.0136599,0.0136599,0.0136599,0.0136599,1619917320,2021-05-02T01:02:00
0.0136676,0.0136676,0.0136676,0.0136676,1619916420,2021-05-02T00:47:00
0.0137255,0.0137255,0.0137255,0.0137255,1619914560,2021-05-02T00:16:00
0.0137785,0.0137785,0.0137785,0.0137785,1619911980,2021-05-01T23:33:00
0.0138403,0.0138403,0.0138403,0.0138403,1619911740,2021-05-01T23:29:00
0.0138157,0.0138157,0.0138157,0.0138157,1619910420,2021-05-01T23:07:00
0.0137411,0.0137411,0.0137411,0.0137411,1619910120,2021-05-01T23:02:00
0.0137924,0.0137924,0.0137924,0.0137924,1619907180,2021-05-01T22:13:00
0.0137621,0.0137621,0.0137621,0.0137621,1619907120,2021-05-01T22:12:00
0.0137781,0.0137781,0.0137781,0.0137781,1619904000,2021-05-01T21:20:00
0.0138058,0.0138058,0.0138058,0.0138058,1619903100,2021-05-01T21:05:00
0.0137469,0.0137469,0.0137469,0.0137469,1619901480,2021-05-01T20:38:00
0.0137912,0.0137912,0.0137912,0.0137912,1619900340,2021-05-01T20:19:00
0.0139546,0.0139546,0.0139546,0.0139546,1619896380,2021-05-01T19:13:00
0.0141015,0.0141015,0.0141015,0.0141015,1619894580,2021-05-01T18:43:00
0.0142744,0.0142744,0.0142744,0.0142744,1619893680,2021-05-01T18:28:00
0.0143491,0.0143491,0.0143491,0.0143491,1619893620,2021-05-01T18:27:00
0.0141559,0.0141559,0.0141559,0.0141559,1619893500,2021-05-01T18:25:00
0.0142872,0.0142872,0.0142872,0.0142872,1619892420,2021-05-01T18:07:00
0.0142299,0.0142299,0.0142299,0.0142299,1619892120,2021-05-01T18:02:00
0.0143117,0.0143117,0.0143117,0.0143117,1619892060,2021-05-01T18:01:00
0.0141328,0.0141328,0.0141328,0.0141328,1619890380,2021-05-01T17:33:00
0.0141391,0.0141391,0.0141391,0.0141391,1619889840,2021-05-01T17:24:00
0.0141263,0.0141263,0.0141263,0.0141263,1619889120,2021-05-01T17:12:00
0.0140312,0.0140312,0.0140312,0.0140312,1619888340,2021-05-01T16:59:00
0.0139453,0.0139453,0.0139453,0.0139453,1619887200,2021-05-01T16:40:00
0.0139773,0.0139773,0.0139773,0.0139773,1619884140,2021-05-01T15:49:00
0.0141382,0.0141382,0.0141382,0.0141382,1619883420,2021-05-01T15:37:00
0.0140802,0.0140802,0.0140802,0.0140802,1619882040,2021-05-01T15:14:00
0.0141684,0.0141684,0.0141684,0.0141684,1619881740,2021-05-01T15:09:00
0.0141132,0.0141132,0.0141132,0.0141132,1619881260,2021-05-01T15:01:00
0.0141624,0.0141624,0.0141624,0.0141624,1619881140,2021-05-01T14:59:00
0.0141829,0.0141829,0.0141829,0.0141829,1619880660,2021-05-01T14:51:00
0.0140732,0.0140732,0.0140732,0.0140732,1619880420,2021-05-01T14:47:00
0.0141403,0.0141403,0.0141403,0.0141403,1619879340,2021-05-01T14:29:00
0.0140711,0.0140711,0.0140711,0.0140711,1619877540,2021-05-01T13:59:00
0.01407,0.01407,0.01407,0.01407,1619877480,2021-05-01T13:58:00
0.0140624,0.0140624,0.0140624,0.0140624,1619874780,2021-05-01T13:13:00
0.0140537,0.0140537,0.0140537,0.0140537,1619872860,2021-05-01T12:41:00
0.0140584,0.0140584,0.0139863,0.0139863,1619872680,2021-05-01T12:38:00
0.0140373,0.0140373,0.0140373,0.0140373,1619872140,2021-05-01T12:29:00
0.0139709,0.0139709,0.0139709,0.0139709,1619871240,2021-05-01T12:14:00
0.0139541,0.0139541,0.0139541,0.0139541,1619866500,2021-05-01T10:55:00
0.0139729,0.0139729,0.0139729,0.0139729,1619866380,2021-05-01T10:53:00
0.0139499,0.0139499,0.0139499,0.0139499,1619866200,2021-05-01T10:50:00
0.0139274,0.0139274,0.0139274,0.0139274,1619866080,2021-05-01T10:48:00
0.0139155,0.0139155,0.0139155,0.0139155,1619865360,2021-05-01T10:36:00
0.0138703,0.0138703,0.0138703,0.0138703,1619864760,2021-05-01T10:26:00
0.0138846,0.0138846,0.0138846,0.0138846,1619861520,2021-05-01T09:32:00
0.013863,0.013863,0.013863,0.013863,1619861100,2021-05-01T09:25:00
0.0139039,0.0139039,0.0139039,0.0139039,1619859660,2021-05-01T09:01:00
0.0139376,0.0139376,0.0139376,0.0139376,1619857440,2021-05-01T08:24:00
0.0139753,0.0139753,0.0139753,0.0139753,1619856720,2021-05-01T08:12:00
0.0138312,0.0138312,0.0138312,0.0138312,1619855340,2021-05-01T07:49:00
0.0137705,0.0137705,0.0137705,0.0137705,1619853900,2021-05-01T07:25:00
0.0137843,0.0137843,0.0137843,0.0137843,1619853780,2021-05-01T07:23:00
0.0139706,0.0139706,0.0139706,0.0139706,1619851380,2021-05-01T06:43:00
0.0139467,0.0139467,0.0139467,0.0139467,1619849700,2021-05-01T06:15:00
0.013882,0.013882,0.013882,0.013882,1619849100,2021-05-01T06:05:00
0.0138634,0.0138634,0.0138634,0.0138634,1619848860,2021-05-01T06:01:00
0.0139108,0.0139108,0.0139108,0.0139108,1619848200,2021-05-01T05:50:00
0.0138683,0.0138683,0.0138683,0.0138683,1619846760,2021-05-01T05:26:00
0.0138083,0.0138083,0.0138083,0.0138083,1619846700,2021-05-01T05:25:00
0.0137698,0.0137748,0.0137698,0.0137748,1619846520,2021-05-01T05:22:00
0.0136388,0.0136388,0.0136388,0.0136388,1619845680,2021-05-01T05:08:00
0.0136808,0.0136808,0.0136808,0.0136808,1619844300,2021-05-01T04:45:00
0.0135581,0.0135581,0.0135581,0.0135581,1619842260,2021-05-01T04:11:00
0.0133313,0.0133313,0.0133313,0.0133313,1619833140,2021-05-01T01:39:00
0.013316,0.013316,0.013316,0.013316,1619833020,2021-05-01T01:37:00
0.0134239,0.0134239,0.0134239,0.0134239,1619832000,2021-05-01T01:20:00
0.0133491,0.0133491,0.0133491,0.0133491,1619831280,2021-05-01T01:08:00
0.0133959,0.0133959,0.0133959,0.0133959,1619830680,2021-05-01T00:58:00
0.0133937,0.0133937,0.0133937,0.0133937,1619830560,2021-05-01T00:56:00
0.0134941,0.0134941,0.0134941,0.0134941,1619830020,2021-05-01T00:47:00
0.0134492,0.0134492,0.0134492,0.0134492,1619829480,2021-05-01T00:38:00
0.0135457,0.0135457,0.0135457,0.0135457,1619827560,2021-05-01T00:06:00
0.0134941,0.0134941,0.0134941,0.0134941,1619823420,2021-04-30T22:57:00
0.0134828,0.0134828,0.0134828,0.0134828,1619822700,2021-04-30T22:45:00
0.0134873,0.0134873,0.0134873,0.0134873,1619822280,2021-04-30T22:38:00
0.0134141,0.0134141,0.0134141,0.0134141,1619821380,2021-04-30T22:23:00
0.0134504,0.0134504,0.0134504,0.0134504,1619821200,2021-04-30T22:20:00
0.0134324,0.0134324,0.0134324,0.0134324,1619820600,2021-04-30T22:10:00
0.0132589,0.0132589,0.0132589,0.0132589,1619820180,2021-04-30T22:03:00
0.0131056,0.0131056,0.0131056,0.0131056,1619819460,2021-04-30T21:51:00
0.013055,0.013055,0.013055,0.013055,1619817660,2021-04-30T21:21:00
0.0132069,0.0132069,0.0132069,0.0132069,1619816880,2021-04-30T21:08:00
0.0131227,0.0131227,0.0131227,0.0131227,1619816160,2021-04-30T20:56:00
0.0131914,0.0131914,0.0131914,0.0131914,1619814900,2021-04-30T20:35:00
0.0131299,0.0131299,0.0131299,0.0131299,1619814660,2021-04-30T20:31:00
0.0130659,0.0130659,0.0130659,0.0130659,1619810040,2021-04-30T19:14:00
0.0130897,0.0130897,0.0130897,0.0130897,1619809980,2021-04-30T19:13:00
0.0131526,0.0131526,0.0131526,0.0131526,1619807520,2021-04-30T18:32:00
0.0132777,0.0132777,0.0132777,0.0132777,1619807280,2021-04-30T18:28:00
0.0132589,0.0132589,0.0132589,0.0132589,1619805720,2021-04-30T18:02:00
0.0132469,0.0132469,0.0132469,0.0132469,1619804760,2021-04-30T17:46:00
0.0132355,0.0132355,0.0132355,0.0132355,1619804340,2021-04-30T17:39:00
0.0132323,0.0132323,0.0132323,0.0132323,1619803980,2021-04-30T17:33:00
0.0131995,0.0131995,0.0131995,0.0131995,1619802480,2021-04-30T17:08:00
0.0130516,0.0130516,0.0130516,0.0130516,1619800380,2021-04-30T16:33:00
0.0130609,0.0130609,0.0130609,0.0130609,1619799240,2021-04-30T16:14:00
0.0131333,0.0131333,0.0131333,0.0131333,1619798460,2021-04-30T16:01:00
0.0131095,0.0131095,0.0131095,0.0131095,1619797860,2021-04-30T15:51:00
0.0130255,0.0130255,0.0130255,0.0130255,1619797740,2021-04-30T15:49:00
0.0131185,0.0131185,0.0131185,0.0131185,1619795640,2021-04-30T15:14:00
0.0130633,0.0130633,0.0130633,0.0130633,1619794320,2021-04-30T14:52:00
0.0131419,0.0131419,0.0131419,0.0131419,1619794140,2021-04-30T14:49:00
0.0130821,0.0130821,0.0130821,0.0130821,1619792760,2021-04-30T14:26:00
0.0129961,0.0129961,0.0129961,0.0129961,1619791020,2021-04-30T13:57:00
0.0129124,0.0129124,0.0129124,0.0129124,1619790540,2021-04-30T13:49:00
0.0128832,0.0128832,0.0128832,0.0128832,1619790420,2021-04-30T13:47:00
0.0129454,0.0129454,0.0129454,0.0129454,1619790180,2021-04-30T13:43:00
0.0129611,0.0129611,0.0129611,0.0129611,1619789160,2021-04-30T13:26:00
0.0128759,0.012941,0.0128759,0.012941,1619785500,2021-04-30T12:25:00
0.0129041,0.0129041,0.0129041,0.0129041,1619783340,2021-04-30T11:49:00
0.0130342,0.0130342,0.0130342,0.0130342,1619782740,2021-04-30T11:39:00
0.0130074,0.0130074,0.0130074,0.0130074,1619781660,2021-04-30T11:21:00
0.0130062,0.0130062,0.0130062,0.0130062,1619781600,2021-04-30T11:20:00
0.0130012,0.0130012,0.0130012,0.0130012,1619781060,2021-04-30T11:11:00
0.0130301,0.0130301,0.0130301,0.0130301,1619779620,2021-04-30T10:47:00
0.0130712,0.0130712,0.0130712,0.0130712,1619778900,2021-04-30T10:35:00
0.0130321,0.0130321,0.0130321,0.0130321,1619778540,2021-04-30T10:29:00
0.0130661,0.0130661,0.0130661,0.0130661,1619777340,2021-04-30T10:09:00
0.0131739,0.0131739,0.0131739,0.0131739,1619776440,2021-04-30T09:54:00
0.0130715,0.0130715,0.0130715,0.0130715,1619775480,2021-04-30T09:38:00
0.0131062,0.0131062,0.0131062,0.0131062,1619774880,2021-04-30T09:28:00
0.0131829,0.0131829,0.0131829,0.0131829,1619773140,2021-04-30T08:59:00
0.0132649,0.0132649,0.0132649,0.0132649,1619771160,2021-04-30T08:26:00
0.0133152,0.0133152,0.0133152,0.0133152,1619770620,2021-04-30T08:17:00
0.0134195,0.0134195,0.0134195,0.0134195,1619768220,2021-04-30T07:37:00
0.0135006,0.0135006,0.0135006,0.0135006,1619767740,2021-04-30T07:29:00
0.0133751,0.0133751,0.0133751,0.0133751,1619767680,2021-04-30T07:28:00
0.0134392,0.0134392,0.0134392,0.0134392,1619766780,2021-04-30T07:13:00
0.0135126,0.0135126,0.0135126,0.0135126,1619766600,2021-04-30T07:10:00
0.0135181,0.0135181,0.0135181,0.0135181,1619766540,2021-04-30T07:09:00
0.0136284,0.0136284,0.0135955,0.0135955,1619766060,2021-04-30T07:01:00
0.0134991,0.0134991,0.0134991,0.0134991,1619765460,2021-04-30T06:51:00
0.0133308,0.0136088,0.0133308,0.0136088,1619764920,2021-04-30T06:42:00
0.0133654,0.0133654,0.0133654,0.0133654,1619764860,2021-04-30T06:41:00
0.0133569,0.0133569,0.0133569,0.0133569,1619763300,2021-04-30T06:15:00
0.0134315,0.0134396,0.0134315,0.0134396,1619762940,2021-04-30T06:09:00
0.0132687,0.0132687,0.0132687,0.0132687,1619762220,2021-04-30T05:57:00
0.0132161,0.0132161,0.0132161,0.0132161,1619761920,2021-04-30T05:52:00
0.0133389,0.0133389,0.0133389,0.0133389,1619761800,2021-04-30T05:50:00
0.013153,0.013153,0.013153,0.013153,1619761620,2021-04-30T05:47:00
0.0131537,0.0131537,0.0131537,0.0131537,1619759880,2021-04-30T05:18:00
0.0131221,0.0131221,0.0131221,0.0131221,1619759220,2021-04-30T05:07:00
0.0131305,0.0131305,0.0131305,0.0131305,1619758800,2021-04-30T05:00:00
0.0130392,0.0130392,0.0130392,0.0130392,1619758380,2021-04-30T04:53:00
0.012976,0.012976,0.012976,0.012976,1619758020,2021-04-30T04:47:00
0.0129989,0.0129989,0.0129989,0.0129989,1619757900,2021-04-30T04:45:00
0.0129545,0.0129545,0.0129545,0.0129545,1619754780,2021-04-30T03:53:00
0.0128395,0.0128395,0.0128395,0.0128395,1619752140,2021-04-30T03:09:00
0.0129073,0.0129073,0.0129073,0.0129073,1619748960,2021-04-30T02:16:00
0.0129676,0.0129676,0.0129676,0.0129676,1619746980,2021-04-30T01:43:00
0.0129723,0.0129723,0.0129723,0.0129723,1619745180,2021-04-30T01:13:00
0.0129592,0.0129592,0.0129592,0.0129592,1619744100,2021-04-30T00:55:00
0.0129893,0.0129893,0.0129893,0.0129893,1619743380,2021-04-30T00:43:00
0.0130612,0.0130612,0.0130612,0.0130612,1619743260,2021-04-30T00:41:00
0.0131815,0.0131815,0.0131815,0.0131815,1619741880,2021-04-30T00:18:00
0.0131688,0.0131688,0.0131688,0.0131688,1619741400,2021-04-30T00:10:00
0.0127844,0.0127844,0.0127844,0.0127844,1619739540,2021-04-29T23:39:00
0.0127035,0.0127035,0.0127035,0.0127035,1619738940,2021-04-29T23:29:00
0.0127667,0.0127667,0.0127667,0.0127667,1619738640,2021-04-29T23:24:00
0.0128006,0.0128006,0.0128006,0.0128006,1619738220,2021-04-29T23:17:00
0.0127727,0.0127727,0.0127727,0.0127727,1619737260,2021-04-29T23:01:00
0.0126683,0.0126683,0.0126683,0.0126683,1619734260,2021-04-29T22:11:00
0.0126817,0.0126817,0.0126817,0.0126817,1619734200,2021-04-29T22:10:00
0.0127072,0.0127072,0.0127072,0.0127072,1619733000,2021-04-29T21:50:00
0.0125528,0.0125528,0.0125528,0.0125528,1619732760,2021-04-29T21:46:00
0.012435,0.012435,0.012435,0.012435,1619732700,2021-04-29T21:45:00
0.0124163,0.0124163,0.0124163,0.0124163,1619732640,2021-04-29T21:44:00
0.0123664,0.0123664,0.0123664,0.0123664,1619732520,2021-04-29T21:42:00
0.0124068,0.0124068,0.0124068,0.0124068,1619731740,2021-04-29T21:29:00
0.0122561,0.0122561,0.0122561,0.0122561,1619731560,2021-04-29T21:26:00
0.0123472,0.0123472,0.0123472,0.0123472,1619731440,2021-04-29T21:24:00
0.0122709,0.0122709,0.0122709,0.0122709,1619731380,2021-04-29T21:23:00
0.0122465,0.0122465,0.0122465,0.0122465,1619731020,2021-04-29T21:17:00
0.0123603,0.0123603,0.0123603,0.0123603,1619730720,2021-04-29T21:12:00
0.0121119,0.0121119,0.0121119,0.0121119,1619730480,2021-04-29T21:08:00
0.0121388,0.0121388,0.0121388,0.0121388,1619726640,2021-04-29T20:04:00
0.012089,0.0121501,0.012089,0.0121501,1619725440,2021-04-29T19:44:00
0.0120861,0.0120861,0.0120861,0.0120861,1619724480,2021-04-29T19:28:00
0.0120567,0.0120567,0.0120567,0.0120567,1619722260,2021-04-29T18:51:00
0.011952,0.011952,0.011952,0.011952,1619721660,2021-04-29T18:41:00
0.0118747,0.0118747,0.0118747,0.0118747,1619720760,2021-04-29T18:26:00
0.0121029,0.0121029,0.0121029,0.0121029,1619719140,2021-04-29T17:59:00
0.0120439,0.0120439,0.0120439,0.0120439,1619718060,2021-04-29T17:41:00
0.012253,0.012253,0.012253,0.012253,1619714640,2021-04-29T16:44:00
0.0121757,0.0121757,0.0121757,0.0121757,1619714580,2021-04-29T16:43:00
0.0122506,0.0122506,0.0122506,0.0122506,1619708640,2021-04-29T15:04:00
0.0122401,0.0122401,0.0122401,0.0122401,1619707920,2021-04-29T14:52:00
0.0121686,0.0121686,0.0121686,0.0121686,1619706780,2021-04-29T14:33:00
0.012382,0.012382,0.012382,0.012382,1619706600,2021-04-29T14:30:00
0.0126128,0.0126128,0.0126128,0.0126128,1619706300,2021-04-29T14:25:00
0.01255,0.01255,0.01255,0.01255,1619705880,2021-04-29T14:18:00
0.0127235,0.0127235,0.0127235,0.0127235,1619704740,2021-04-29T13:59:00
0.012826,0.012826,0.012826,0.012826,1619704680,2021-04-29T13:58:00
0.0131601,0.0131601,0.0131601,0.0131601,1619704620,2021-04-29T13:57:00
0.0130908,0.0130908,0.0130908,0.0130908,1619704140,2021-04-29T13:49:00
0.0130255,0.0130255,0.0130255,0.0130255,1619703960,2021-04-29T13:46:00
0.0131272,0.0131272,0.0131272,0.0131272,1619703840,2021-04-29T13:44:00
0.0132298,0.0132298,0.0132298,0.0132298,1619703720,2021-04-29T13:42:00
0.013162,0.013162,0.013162,0.013162,1619703000,2021-04-29T13:30:00
0.0131659,0.0131659,0.0131659,0.0131659,1619702820,2021-04-29T13:27:00
0.0130207,0.0130207,0.0130207,0.0130207,1619702760,2021-04-29T13:26:00
0.0123168,0.0123168,0.0123168,0.0123168,1619702520,2021-04-29T13:22:00
0.0115079,0.0115079,0.0115079,0.0115079,1619701200,2021-04-29T13:00:00
0.011346,0.011346,0.011346,0.011346,1619696520,2021-04-29T11:42:00
0.0114493,0.0114493,0.0114493,0.0114493,1619695740,2021-04-29T11:29:00
0.0115937,0.0115937,0.0115937,0.0115937,1619694780,2021-04-29T11:13:00
0.0115975,0.0115975,0.0115975,0.0115975,1619694660,2021-04-29T11:11:00
0.0115921,0.0115921,0.0115921,0.0115921,1619692500,2021-04-29T10:35:00
0.0115437,0.0115437,0.0115437,0.0115437,1619692200,2021-04-29T10:30:00
0.0115175,0.0115175,0.0115175,0.0115175,1619691060,2021-04-29T10:11:00
0.0116665,0.0116665,0.0116665,0.0116665,1619690040,2021-04-29T09:54:00
0.0118334,0.0118334,0.0118334,0.0118334,1619689260,2021-04-29T09:41:00
0.011755,0.011755,0.011755,0.011755,1619689140,2021-04-29T09:39:00
0.0113815,0.0113815,0.0113815,0.0113815,1619688600,2021-04-29T09:30:00
0.0113089,0.0113089,0.0113089,0.0113089,1619687520,2021-04-29T09:12:00
0.0112572,0.0112572,0.0112572,0.0112572,1619686560,2021-04-29T08:56:00
0.0112319,0.0112319,0.0112319,0.0112319,1619683860,2021-04-29T08:11:00
0.0111938,0.0111938,0.0111938,0.0111938,1619683560,2021-04-29T08:06:00
0.0109258,0.0109258,0.0109258,0.0109258,1619682060,2021-04-29T07:41:00
0.0111426,0.0111426,0.0111426,0.0111426,1619681520,2021-04-29T07:32:00
0.0102237,0.0102237,0.0102237,0.0102237,1619681040,2021-04-29T07:24:00
0.0102277,0.0102277,0.0102277,0.0102277,1619680200,2021-04-29T07:10:00
0.0101464,0.0101464,0.0101464,0.0101464,1619679960,2021-04-29T07:06:00
0.0100676,0.0100676,0.0100676,0.0100676,1619678280,2021-04-29T06:38:00
0.0100068,0.0100068,0.0100068,0.0100068,1619676300,2021-04-29T06:05:00
0.00993579,0.00993579,0.00993579,0.00993579,1619676000,2021-04-29T06:00:00
0.00999497,0.00999497,0.00999497,0.00999497,1619674320,2021-04-29T05:32:00
0.00991701,0.00991701,0.00991701,0.00991701,1619673960,2021-04-29T05:26:00
0.0100251,0.0100251,0.0100251,0.0100251,1619673780,2021-04-29T05:23:00
0.0100964,0.0100964,0.0100964,0.0100964,1619673600,2021-04-29T05:20:00
0.0101267,0.0101267,0.0101267,0.0101267,1619673480,2021-04-29T05:18:00
0.0101169,0.0101169,0.0101169,0.0101169,1619672400,2021-04-29T05:00:00
0.0102253,0.0102253,0.0102253,0.0102253,1619671560,2021-04-29T04:46:00
0.0102816,0.0102816,0.0102816,0.0102816,1619671320,2021-04-29T04:42:00
0.0103257,0.0103257,0.0103257,0.0103257,1619665980,2021-04-29T03:13:00
0.010345,0.010345,0.010345,0.010345,1619664780,2021-04-29T02:53:00
0.0104041,0.0104041,0.0104041,0.0104041,1619661960,2021-04-29T02:06:00
0.0103506,0.0103506,0.0103506,0.0103506,1619659920,2021-04-29T01:32:00
0.0104395,0.0104395,0.0104395,0.0104395,1619658960,2021-04-29T01:16:00
0.0104889,0.0104889,0.0104889,0.0104889,1619656860,2021-04-29T00:41:00
0.010456,0.010456,0.010456,0.010456,1619653080,2021-04-28T23:38:00
0.0103868,0.0103868,0.0103868,0.0103868,1619652840,2021-04-28T23:34:00
0.0103812,0.0103812,0.0103812,0.0103812,1619652660,2021-04-28T23:31:00
0.0104586,0.0104586,0.0104586,0.0104586,1619652540,2021-04-28T23:29:00
0.0103558,0.0103558,0.0103558,0.0103558,1619650260,2021-04-28T22:51:00
0.010474,0.010474,0.010474,0.010474,1619650020,2021-04-28T22:47:00
0.0104379,0.0104379,0.0104379,0.0104379,1619649960,2021-04-28T22:46:00
0.0108341,0.0108341,0.0108341,0.0108341,1619649360,2021-04-28T22:36:00
0.0111724,0.0111724,0.0111724,0.0111724,1619649120,2021-04-28T22:32:00
0.0111685,0.0111685,0.0111685,0.0111685,1619647980,2021-04-28T22:13:00
0.0112103,0.0112103,0.0112103,0.0112103,1619646480,2021-04-28T21:48:00
0.011112,0.011112,0.011112,0.011112,1619646120,2021-04-28T21:42:00
0.011129,0.011129,0.011129,0.011129,1619645880,2021-04-28T21:38:00
0.0110984,0.0110984,0.0110984,0.0110984,1619643120,2021-04-28T20:52:00
0.0111594,0.0111594,0.0111594,0.0111594,1619641980,2021-04-28T20:33:00
0.0112391,0.0112391,0.0112391,0.0112391,1619641680,2021-04-28T20:28:00
0.0113028,0.0113028,0.0113028,0.0113028,1619640900,2021-04-28T20:15:00
0.0113323,0.0113323,0.0113323,0.0113323,1619640660,2021-04-28T20:11:00
0.0112322,0.0112322,0.0112322,0.0112322,1619637840,2021-04-28T19:24:00
0.0112276,0.0112276,0.0112276,0.0112276,1619637660,2021-04-28T19:21:00
0.0112223,0.0112223,0.0112223,0.0112223,1619637180,2021-04-28T19:13:00
0.0111729,0.0111729,0.0111729,0.0111729,1619636460,2021-04-28T19:01:00
0.011242,0.011242,0.011242,0.011242,1619635920,2021-04-28T18:52:00
0.0112381,0.0112381,0.0112381,0.0112381,1619635560,2021-04-28T18:46:00
0.0112317,0.0112317,0.0112317,0.0112317,1619634960,2021-04-28T18:36:00
0.0111965,0.0111965,0.0111965,0.0111965,1619634720,2021-04-28T18:32:00
0.0111503,0.0111503,0.0111503,0.0111503,1619633820,2021-04-28T18:17:00
0.0111453,0.0111453,0.0111453,0.0111453,1619633580,2021-04-28T18:13:00
0.0110398,0.0110398,0.0110398,0.0110398,1619632260,2021-04-28T17:51:00
0.0111039,0.0111039,0.0111039,0.0111039,1619631720,2021-04-28T17:42:00
0.0110769,0.0110769,0.0110769,0.0110769,1619631660,2021-04-28T17:41:00
0.0111208,0.0111208,0.0111208,0.0111208,1619631600,2021-04-28T17:40:00
0.0111191,0.0111384,0.0111191,0.0111384,1619629020,2021-04-28T16:57:00
0.0111181,0.0111181,0.0111181,0.0111181,1619628960,2021-04-28T16:56:00
0.0110862,0.0110862,0.0110862,0.0110862,1619628120,2021-04-28T16:42:00
0.0110195,0.0110195,0.0110195,0.0110195,1619627940,2021-04-28T16:39:00
0.011042,0.011042,0.011042,0.011042,1619627280,2021-04-28T16:28:00
0.0111153,0.0111153,0.0111153,0.0111153,1619626980,2021-04-28T16:23:00
0.0111127,0.0111127,0.0111127,0.0111127,1619626200,2021-04-28T16:10:00
0.0112134,0.0112134,0.0112134,0.0112134,1619626140,2021-04-28T16:09:00
0.0113093,0.0113093,0.0113093,0.0113093,1619626080,2021-04-28T16:08:00
0.0112802,0.0112802,0.0112802,0.0112802,1619625720,2021-04-28T16:02:00
0.0112896,0.0112896,0.0112896,0.0112896,1619625180,2021-04-28T15:53:00
0.0113466,0.0113466,0.0113466,0.0113466,1619625000,2021-04-28T15:50:00
0.0113255,0.0113255,0.0113255,0.0113255,1619624580,2021-04-28T15:43:00
0.0113341,0.0113341,0.0113341,0.0113341,1619624220,2021-04-28T15:37:00
0.011308,0.011308,0.011308,0.011308,1619623620,2021-04-28T15:27:00
0.0114203,0.0114203,0.0114203,0.0114203,1619622840,2021-04-28T15:14:00
0.0112815,0.0112815,0.0112815,0.0112815,1619622660,2021-04-28T15:11:00
0.0112343,0.0112343,0.0112343,0.0112343,1619622120,2021-04-28T15:02:00
0.0111941,0.0111941,0.0111941,0.0111941,1619621520,2021-04-28T14:52:00
0.011394,0.011394,0.011394,0.011394,1619621100,2021-04-28T14:45:00
0.0107888,0.0107888,0.0107888,0.0107888,1619620920,2021-04-28T14:42:00
0.0110398,0.0110398,0.0110398,0.0110398,1619620500,2021-04-28T14:35:00
0.0108938,0.0108938,0.0108938,0.0108938,1619620260,2021-04-28T14:31:00
0.010436,0.010436,0.010436,0.010436,1619620020,2021-04-28T14:27:00
0.0104713,0.0104713,0.0104713,0.0104713,1619618220,2021-04-28T13:57:00
0.010396,0.010396,0.010396,0.010396,1619616660,2021-04-28T13:31:00
0.0103794,0.0103794,0.0103794,0.0103794,1619616420,2021-04-28T13:27:00
0.0105059,0.0105059,0.0105059,0.0105059,1619614980,2021-04-28T13:03:00
0.0104905,0.0104905,0.0104905,0.0104905,1619614860,2021-04-28T13:01:00
0.0104439,0.0104439,0.0104439,0.0104439,1619613840,2021-04-28T12:44:00
0.0101407,0.0101407,0.0101407,0.0101407,1619613120,2021-04-28T12:32:00
0.0101215,0.0101215,0.0101215,0.0101215,1619613000,2021-04-28T12:30:00
0.0101001,0.0101001,0.0101001,0.0101001,1619612700,2021-04-28T12:25:00
0.00998355,0.00998355,0.00998355,0.00998355,1619611680,2021-04-28T12:08:00
0.00998458,0.00998458,0.00998458,0.00998458,1619610600,2021-04-28T11:50:00
0.00994618,0.00994618,0.00994618,0.00994618,1619610300,2021-04-28T11:45:00
0.00987532,0.00987532,0.00987532,0.00987532,1619609700,2021-04-28T11:35:00
0.00978141,0.00978141,0.00978141,0.00978141,1619608380,2021-04-28T11:13:00
0.00961776,0.00961776,0.00961776,0.00961776,1619607660,2021-04-28T11:01:00
0.00954742,0.00954742,0.00954742,0.00954742,1619606820,2021-04-28T10:47:00
0.00947208,0.00947208,0.00947208,0.00947208,1619605800,2021-04-28T10:30:00
0.00947907,0.00947907,0.00947907,0.00947907,1619604600,2021-04-28T10:10:00
0.00948866,0.00948866,0.00948866,0.00948866,1619604240,2021-04-28T10:04:00
0.00952629,0.00952629,0.00952629,0.00952629,1619598240,2021-04-28T08:24:00
0.00951914,0.00951914,0.00951914,0.00951914,1619597460,2021-04-28T08:11:00
0.00945137,0.00945137,0.00945137,0.00945137,1619596800,2021-04-28T08:00:00
0.0095454,0.0095454,0.0095454,0.0095454,1619590080,2021-04-28T06:08:00
0.00966553,0.00966553,0.00966553,0.00966553,1619586060,2021-04-28T05:01:00
0.00964588,0.00964588,0.00964588,0.00964588,1619585640,2021-04-28T04:54:00
0.00961171,0.00961171,0.00961171,0.00961171,1619585400,2021-04-28T04:50:00
0.00967996,0.00967996,0.00967996,0.00967996,1619585160,2021-04-28T04:46:00
0.00947698,0.00947698,0.00947698,0.00947698,1619585100,2021-04-28T04:45:00
0.00926595,0.00926595,0.00926595,0.00926595,1619585040,2021-04-28T04:44:00
0.00923803,0.00923803,0.00923803,0.00923803,1619584020,2021-04-28T04:27:00
0.00923482,0.00923566,0.00923482,0.00923566,1619583900,2021-04-28T04:25:00
0.00917067,0.00917067,0.00917067,0.00917067,1619583240,2021-04-28T04:14:00
0.00908113,0.00908113,0.00908113,0.00908113,1619581620,2021-04-28T03:47:00
0.00915763,0.00915763,0.00915763,0.00915763,1619580780,2021-04-28T03:33:00
0.00938191,0.00938191,0.00938191,0.00938191,1619580120,2021-04-28T03:22:00
0.00945227,0.00945227,0.00945227,0.00945227,1619579280,2021-04-28T03:08:00
0.00939044,0.00939044,0.00939044,0.00939044,1619578980,2021-04-28T03:03:00
0.0093938,0.0093938,0.0093938,0.0093938,1619578260,2021-04-28T02:51:00
0.00934361,0.00934361,0.00934361,0.00934361,1619577420,2021-04-28T02:37:00
0.00926027,0.00926027,0.00926027,0.00926027,1619576820,2021-04-28T02:27:00
0.00916468,0.00916468,0.00916468,0.00916468,1619572200,2021-04-28T01:10:00
0.00915294,0.00915294,0.00915294,0.00915294,1619571540,2021-04-28T00:59:00
0.00916738,0.00916738,0.00916738,0.00916738,1619571000,2021-04-28T00:50:00
0.00915924,0.00915924,0.00915924,0.00915924,1619570580,2021-04-28T00:43:00
0.00896437,0.00896437,0.00896437,0.00896437,1619563560,2021-04-27T22:46:00
0.00900611,0.00900611,0.00900611,0.00900611,1619558160,2021-04-27T21:16:00
0.00880899,0.00880899,0.00880899,0.00880899,1619556480,2021-04-27T20:48:00
0.00878722,0.00878722,0.00878722,0.00878722,1619552640,2021-04-27T19:44:00
0.00884258,0.00884258,0.00884258,0.00884258,1619552460,2021-04-27T19:41:00
0.00888688,0.00888688,0.00888688,0.00888688,1619549640,2021-04-27T18:54:00
0.00866948,0.00866948,0.00866948,0.00866948,1619545680,2021-04-27T17:48:00
0.00828053,0.00828053,0.00828053,0.00828053,1619545020,2021-04-27T17:37:00
0.00832826,0.00832826,0.00832826,0.00832826,1619541720,2021-04-27T16:42:00
0.0084029,0.0084029,0.0084029,0.0084029,1619541540,2021-04-27T16:39:00
0.0082418,0.0082418,0.0082418,0.0082418,1619538660,2021-04-27T15:51:00
0.00821389,0.00821389,0.00821389,0.00821389,1619536800,2021-04-27T15:20:00
0.00816876,0.00816876,0.00816876,0.00816876,1619535720,2021-04-27T15:02:00
0.00816919,0.00816919,0.00816919,0.00816919,1619534160,2021-04-27T14:36:00
0.00809793,0.00809793,0.00809793,0.00809793,1619533680,2021-04-27T14:28:00
0.0079881,0.0079881,0.0079881,0.0079881,1619533020,2021-04-27T14:17:00
0.00795322,0.00795322,0.00795322,0.00795322,1619532060,2021-04-27T14:01:00
0.00791422,0.00791422,0.00791422,0.00791422,1619530860,2021-04-27T13:41:00
0.00790057,0.00790057,0.00790057,0.00790057,1619529300,2021-04-27T13:15:00
0.00796164,0.00796164,0.00796164,0.00796164,1619527080,2021-04-27T12:38:00
0.00804138,0.00804138,0.00804138,0.00804138,1619526900,2021-04-27T12:35:00
0.00814749,0.00814749,0.00814749,0.00814749,1619525520,2021-04-27T12:12:00
0.00807224,0.00807224,0.00807224,0.00807224,1619520300,2021-04-27T10:45:00
0.00808183,0.00808183,0.00808183,0.00808183,1619515920,2021-04-27T09:32:00
0.00812453,0.00812453,0.00812453,0.00812453,1619515800,2021-04-27T09:30:00
0.00812631,0.00812631,0.00812631,0.00812631,1619515320,2021-04-27T09:22:00
0.00818156,0.00818156,0.00818156,0.00818156,1619513400,2021-04-27T08:50:00
0.00817736,0.00817736,0.00817736,0.00817736,1619512740,2021-04-27T08:39:00
0.00828436,0.00828436,0.00828436,0.00828436,1619508840,2021-04-27T07:34:00
0.00831355,0.00831355,0.00831355,0.00831355,1619506320,2021-04-27T06:52:00
0.0082375,0.0082375,0.0082375,0.0082375,1619498040,2021-04-27T04:34:00
0.00822866,0.00822866,0.00822866,0.00822866,1619493600,2021-04-27T03:20:00
0.00820952,0.00820952,0.00820952,0.00820952,1619491320,2021-04-27T02:42:00
0.00820417,0.00820417,0.00820417,0.00820417,1619490420,2021-04-27T02:27:00
0.00817546,0.00817546,0.00817546,0.00817546,1619487600,2021-04-27T01:40:00
0.00817063,0.00817063,0.00817063,0.00817063,1619487240,2021-04-27T01:34:00
0.00818261,0.00818261,0.00818261,0.00818261,1619479920,2021-04-26T23:32:00
0.00817294,0.00817294,0.00817294,0.00817294,1619477400,2021-04-26T22:50:00
0.00826043,0.00826043,0.00826043,0.00826043,1619473260,2021-04-26T21:41:00
0.00833696,0.00833696,0.00833696,0.00833696,1619473140,2021-04-26T21:39:00
0.00843591,0.00843591,0.00843591,0.00843591,1619469780,2021-04-26T20:43:00
0.00844355,0.00844355,0.00844355,0.00844355,1619469480,2021-04-26T20:38:00
0.00844354,0.00844354,0.00844354,0.00844354,1619469420,2021-04-26T20:37:00
0.00841329,0.00841329,0.00841329,0.00841329,1619469180,2021-04-26T20:33:00
0.00847196,0.00847196,0.00847196,0.00847196,1619466420,2021-04-26T19:47:00
0.00837775,0.00837775,0.00837775,0.00837775,1619456280,2021-04-26T16:58:00
0.00836174,0.00836174,0.00836174,0.00836174,1619454360,2021-04-26T16:26:00
0.00841214,0.00841214,0.00841214,0.00841214,1619450340,2021-04-26T15:19:00
0.00847746,0.00847746,0.00847746,0.00847746,1619449140,2021-04-26T14:59:00
0.00850363,0.00850363,0.00850363,0.00850363,1619441460,2021-04-26T12:51:00
0.00852116,0.00852116,0.00852116,0.00852116,1619439420,2021-04-26T12:17:00
0.0085088,0.0085088,0.0085088,0.0085088,1619437860,2021-04-26T11:51:00
0.008544,0.008544,0.008544,0.008544,1619437500,2021-04-26T11:45:00
0.00851567,0.00851567,0.00851567,0.00851567,1619435580,2021-04-26T11:13:00
0.00817783,0.00817783,0.00817783,0.00817783,1619434560,2021-04-26T10:56:00
0.00832093,0.00832093,0.00832093,0.00832093,1619434440,2021-04-26T10:54:00
0.0084807,0.0084807,0.0084807,0.0084807,1619434080,2021-04-26T10:48:00
0.00845178,0.00845178,0.00845178,0.00845178,1619433300,2021-04-26T10:35:00
0.00847564,0.00847564,0.00847564,0.00847564,1619432940,2021-04-26T10:29:00
0.0084527,0.0084527,0.0084527,0.0084527,1619431380,2021-04-26T10:03:00
0.00831061,0.00831061,0.00831061,0.00831061,1619429940,2021-04-26T09:39:00
0.00830253,0.00830253,0.00830253,0.00830253,1619428740,2021-04-26T09:19:00
0.00839255,0.00839255,0.00839255,0.00839255,1619422680,2021-04-26T07:38:00
0.00843569,0.00843569,0.00843569,0.00843569,1619422560,2021-04-26T07:36:00
0.00841062,0.00841062,0.00841062,0.00841062,1619422440,2021-04-26T07:34:00
0.00837215,0.00837215,0.00837215,0.00837215,1619422020,2021-04-26T07:27:00
0.00844454,0.00844454,0.00844454,0.00844454,1619416860,2021-04-26T06:01:00
0.00840333,0.00840333,0.00840333,0.00840333,1619415420,2021-04-26T05:37:00
0.00834806,0.00834806,0.00834806,0.00834806,1619413260,2021-04-26T05:01:00
0.00833841,0.00833841,0.00833841,0.00833841,1619412600,2021-04-26T04:50:00
0.00838955,0.00838955,0.00838955,0.00838955,1619412180,2021-04-26T04:43:00
0.00839152,0.00839152,0.00839152,0.00839152,1619411580,2021-04-26T04:33:00
0.0083122,0.0083122,0.0083122,0.0083122,1619410980,2021-04-26T04:23:00
0.00839712,0.00839712,0.00839712,0.00839712,1619410620,2021-04-26T04:17:00
0.00836649,0.00836649,0.00836649,0.00836649,1619409540,2021-04-26T03:59:00
0.00809939,0.00809939,0.00809939,0.00809939,1619405580,2021-04-26T02:53:00
0.00810828,0.00810828,0.00810828,0.00810828,1619402880,2021-04-26T02:08:00
0.00795342,0.00795342,0.00795342,0.00795342,1619400240,2021-04-26T01:24:00
0.00791589,0.00791589,0.00791589,0.00791589,1619398380,2021-04-26T00:53:00
0.00791542,0.00791542,0.00791542,0.00791542,1619396640,2021-04-26T00:24:00
0.00745331,0.00745331,0.00745331,0.00745331,1619388720,2021-04-25T22:12:00
0.00744684,0.00744684,0.00744684,0.00744684,1619384820,2021-04-25T21:07:00
0.00743164,0.00743164,0.00743164,0.00743164,1619384700,2021-04-25T21:05:00
0.00754817,0.00754817,0.00754817,0.00754817,1619383500,2021-04-25T20:45:00
0.007642,0.007642,0.007642,0.007642,1619378100,2021-04-25T19:15:00
0.00778125,0.00778125,0.00778125,0.00778125,1619371260,2021-04-25T17:21:00
0.0077678,0.0077678,0.0077678,0.0077678,1619371140,2021-04-25T17:19:00
0.00770405,0.00770405,0.00770405,0.00770405,1619360580,2021-04-25T14:23:00
0.00767151,0.00767151,0.00767151,0.00767151,1619359920,2021-04-25T14:12:00
0.00757399,0.00757399,0.00757399,0.00757399,1619354820,2021-04-25T12:47:00
0.00763026,0.00763026,0.00763026,0.00763026,1619353380,2021-04-25T12:23:00
0.00750879,0.00750879,0.00750879,0.00750879,1619351160,2021-04-25T11:46:00
0.00754868,0.00754868,0.00754868,0.00754868,1619347560,2021-04-25T10:46:00
0.0073332,0.0073332,0.0073332,0.0073332,1619339040,2021-04-25T08:24:00
0.00727933,0.00727933,0.00727933,0.00727933,1619338740,2021-04-25T08:19:00
0.00734778,0.00734778,0.00734778,0.00734778,1619328240,2021-04-25T05:24:00
0.00732953,0.00732953,0.00732953,0.00732953,1619328120,2021-04-25T05:22:00
0.00748991,0.00748991,0.00748991,0.00748991,1619322180,2021-04-25T03:43:00
0.00752548,0.00752548,0.00752548,0.00752548,1619314080,2021-04-25T01:28:00
0.0075078,0.0075078,0.0075078,0.0075078,1619311260,2021-04-25T00:41:00
0.00758438,0.00758438,0.00758438,0.00758438,1619306940,2021-04-24T23:29:00
0.00760496,0.00760496,0.00760496,0.00760496,1619305680,2021-04-24T23:08:00
0.00761976,0.00761976,0.00761976,0.00761976,1619300580,2021-04-24T21:43:00
0.00757639,0.00757639,0.00757639,0.00757639,1619300280,2021-04-24T21:38:00
0.00751322,0.00751322,0.00751322,0.00751322,1619299440,2021-04-24T21:24:00
0.00748859,0.00748859,0.00748859,0.00748859,1619290740,2021-04-24T18:59:00
0.00750089,0.00750089,0.00750089,0.00750089,1619289420,2021-04-24T18:37:00
0.00742496,0.00742496,0.00742496,0.00742496,1619286900,2021-04-24T17:55:00
0.00738644,0.00738644,0.00738644,0.00738644,1619284920,2021-04-24T17:22:00
0.00739696,0.00739696,0.00739696,0.00739696,1619283780,2021-04-24T17:03:00
0.0073118,0.0073118,0.0073118,0.0073118,1619276520,2021-04-24T15:02:00
0.00728729,0.00728729,0.00728729,0.00728729,1619273580,2021-04-24T14:13:00
0.00736147,0.00736147,0.00736147,0.00736147,1619266920,2021-04-24T12:22:00
0.00732411,0.00732411,0.00732411,0.00732411,1619262180,2021-04-24T11:03:00
0.007571,0.007571,0.007571,0.007571,1619257920,2021-04-24T09:52:00
0.00774134,0.00774134,0.00774134,0.00774134,1619245200,2021-04-24T06:20:00
0.00766676,0.00766676,0.00766676,0.00766676,1619242020,2021-04-24T05:27:00
0.00755234,0.00755234,0.00755234,0.00755234,1619238960,2021-04-24T04:36:00
0.00752503,0.00752503,0.00752503,0.00752503,1619237100,2021-04-24T04:05:00
0.00745126,0.00745126,0.00745126,0.00745126,1619230200,2021-04-24T02:10:00
0.00748759,0.00748759,0.00748759,0.00748759,1619230020,2021-04-24T02:07:00
0.00754494,0.00754494,0.00754494,0.00754494,1619229300,2021-04-24T01:55:00
0.00754699,0.00754699,0.00754699,0.00754699,1619229240,2021-04-24T01:54:00
0.00760463,0.00760463,0.00760463,0.00760463,1619224320,2021-04-24T00:32:00
0.00759753,0.00759753,0.00759753,0.00759753,1619224080,2021-04-24T00:28:00
0.00771476,0.00771476,0.00771476,0.00771476,1619221140,2021-04-23T23:39:00
0.00770367,0.00770367,0.00770367,0.00770367,1619214180,2021-04-23T21:43:00
0.00768595,0.00768595,0.00768595,0.00768595,1619211960,2021-04-23T21:06:00
0.00765616,0.00765616,0.00765616,0.00765616,1619205600,2021-04-23T19:20:00
0.00763857,0.00763857,0.00763857,0.00763857,1619203020,2021-04-23T18:37:00
0.00760277,0.00760277,0.00760277,0.00760277,1619202420,2021-04-23T18:27:00
0.00757668,0.00757668,0.00757668,0.00757668,1619201460,2021-04-23T18:11:00
0.00762484,0.00762484,0.00762484,0.00762484,1619197080,2021-04-23T16:58:00
0.00758645,0.00758645,0.00758645,0.00758645,1619194620,2021-04-23T16:17:00
0.00749689,0.00749689,0.00749689,0.00749689,1619192580,2021-04-23T15:43:00
0.00747328,0.00747328,0.00747328,0.00747328,1619189340,2021-04-23T14:49:00
0.00748274,0.00748274,0.00748274,0.00748274,1619189280,2021-04-23T14:48:00
0.00746681,0.00746681,0.00746681,0.00746681,1619189040,2021-04-23T14:44:00
0.00741192,0.00741192,0.00741192,0.00741192,1619187540,2021-04-23T14:19:00
0.00732386,0.00732386,0.00732386,0.00732386,1619182740,2021-04-23T12:59:00
0.00739937,0.00739937,0.00739937,0.00739937,1619178300,2021-04-23T11:45:00
0.0073461,0.0073461,0.0073461,0.0073461,1619176620,2021-04-23T11:17:00
0.00733675,0.00733675,0.00733675,0.00733675,1619176440,2021-04-23T11:14:00
0.00732672,0.00732672,0.00732672,0.00732672,1619174640,2021-04-23T10:44:00
0.00723324,0.00723324,0.00723324,0.00723324,1619173680,2021-04-23T10:28:00
0.00717903,0.00717903,0.00717903,0.00717903,1619172540,2021-04-23T10:09:00
0.00706118,0.00706118,0.00706118,0.00706118,1619171640,2021-04-23T09:54:00
0.0070664,0.0070664,0.0070664,0.0070664,1619168100,2021-04-23T08:55:00
0.00698895,0.00698895,0.00698895,0.00698895,1619167020,2021-04-23T08:37:00
0.00696874,0.00696874,0.00696874,0.00696874,1619166300,2021-04-23T08:25:00
0.00704421,0.00704421,0.00704421,0.00704421,1619165880,2021-04-23T08:18:00
0.00714343,0.00714343,0.00714343,0.00714343,1619165400,2021-04-23T08:10:00
0.00728873,0.00728873,0.00728873,0.00728873,1619162040,2021-04-23T07:14:00
0.00729163,0.00729163,0.00729163,0.00729163,1619161980,2021-04-23T07:13:00
0.00730688,0.00730688,0.00730688,0.00730688,1619160240,2021-04-23T06:44:00
0.0072711,0.0072711,0.0072711,0.0072711,1619159100,2021-04-23T06:25:00
0.0075317,0.0075317,0.0075317,0.0075317,1619152320,2021-04-23T04:32:00
0.00744325,0.00744325,0.00744325,0.00744325,1619151300,2021-04-23T04:15:00
0.00751521,0.00751521,0.00751521,0.00751521,1619150880,2021-04-23T04:08:00
0.00756983,0.00756983,0.00756983,0.00756983,1619150220,2021-04-23T03:57:00
0.00743424,0.00743424,0.00743424,0.00743424,1619148360,2021-04-23T03:26:00
0.00780744,0.00780744,0.00780744,0.00780744,1619143200,2021-04-23T02:00:00
0.00808984,0.00808984,0.00808984,0.00808984,1619137140,2021-04-23T00:19:00
0.00805972,0.00805972,0.00805972,0.00805972,1619136840,2021-04-23T00:14:00
0.00804614,0.00804614,0.00804614,0.00804614,1619135940,2021-04-22T23:59:00
0.0080813,0.0080813,0.0080813,0.0080813,1619134440,2021-04-22T23:34:00
0.00794,0.00794,0.00794,0.00794,1619131560,2021-04-22T22:46:00
0.00836522,0.00836522,0.00836522,0.00836522,1619121180,2021-04-22T19:53:00
0.00838158,0.00838158,0.00838158,0.00838158,1619120280,2021-04-22T19:38:00
0.00831272,0.00831272,0.00831272,0.00831272,1619119740,2021-04-22T19:29:00
0.00845131,0.00845131,0.00845131,0.00845131,1619118240,2021-04-22T19:04:00
0.00837555,0.00837555,0.00837555,0.00837555,1619115840,2021-04-22T18:24:00
0.00885317,0.00885317,0.00885317,0.00885317,1619110440,2021-04-22T16:54:00
0.00906097,0.00906097,0.00906097,0.00906097,1619109120,2021-04-22T16:32:00
0.00886366,0.00886366,0.00886366,0.00886366,1619106600,2021-04-22T15:50:00
0.00894715,0.00894715,0.00894715,0.00894715,1619104560,2021-04-22T15:16:00
0.00880597,0.00880597,0.00880597,0.00880597,1619100060,2021-04-22T14:01:00
0.00878279,0.00878279,0.00878279,0.00878279,1619092020,2021-04-22T11:47:00
0.0086995,0.0086995,0.0086995,0.0086995,1619090160,2021-04-22T11:16:00
0.00861782,0.00861782,0.00861782,0.00861782,1619087760,2021-04-22T10:36:00
0.00856338,0.00856338,0.00856338,0.00856338,1619086980,2021-04-22T10:23:00
0.00852393,0.00852393,0.00852393,0.00852393,1619085480,2021-04-22T09:58:00
0.00841894,0.00841894,0.00841894,0.00841894,1619084640,2021-04-22T09:44:00
0.00839752,0.00839752,0.00839752,0.00839752,1619081040,2021-04-22T08:44:00
0.00842197,0.00842197,0.00842197,0.00842197,1619080560,2021-04-22T08:36:00
0.00841383,0.00841383,0.00841383,0.00841383,1619079840,2021-04-22T08:24:00
0.00841838,0.00841838,0.00841838,0.00841838,1619076240,2021-04-22T07:24:00
0.00849969,0.00849969,0.00849969,0.00849969,1619072460,2021-04-22T06:21:00
0.00836004,0.00836004,0.00836004,0.00836004,1619070360,2021-04-22T05:46:00
0.00830903,0.00830903,0.00830903,0.00830903,1619068140,2021-04-22T05:09:00
0.00796015,0.00796015,0.00796015,0.00796015,1619063520,2021-04-22T03:52:00
0.00798132,0.00798132,0.00798132,0.00798132,1619061840,2021-04-22T03:24:00
0.00813055,0.00813055,0.00813055,0.00813055,1619055900,2021-04-22T01:45:00
0.00811402,0.00811402,0.00811402,0.00811402,1619053140,2021-04-22T00:59:00
0.00803209,0.00803209,0.00803209,0.00803209,1619049300,2021-04-21T23:55:00
0.00800056,0.00800056,0.00800056,0.00800056,1619047320,2021-04-21T23:22:00
0.00796734,0.00796734,0.00796734,0.00796734,1619046600,2021-04-21T23:10:00
0.00808399,0.00808399,0.00808399,0.00808399,1619044200,2021-04-21T22:30:00
0.00812308,0.00812308,0.00812308,0.00812308,1619042640,2021-04-21T22:04:00
0.00817171,0.00817171,0.00817171,0.00817171,1619041380,2021-04-21T21:43:00
0.00822281,0.00822281,0.00822281,0.00822281,1619038740,2021-04-21T20:59:00
0.00821853,0.00821853,0.00821853,0.00821853,1619036280,2021-04-21T20:18:00
0.00828731,0.00828731,0.00828731,0.00828731,1619030280,2021-04-21T18:38:00
0.00826456,0.00826456,0.00826456,0.00826456,1619030220,2021-04-21T18:37:00
0.00832293,0.00832293,0.00832293,0.00832293,1619028660,2021-04-21T18:11:00
0.00843073,0.00843073,0.00843073,0.00843073,1619022540,2021-04-21T16:29:00
0.00840821,0.00840821,0.00840821,0.00840821,1619022240,2021-04-21T16:24:00
0.00836391,0.00836391,0.00836391,0.00836391,1619017740,2021-04-21T15:09:00
0.00804567,0.00804567,0.00804567,0.00804567,1619012460,2021-04-21T13:41:00
0.00804531,0.00804531,0.00804531,0.00804531,1619010240,2021-04-21T13:04:00
0.00783931,0.00783931,0.00783931,0.00783931,1619007660,2021-04-21T12:21:00
0.00784337,0.00784337,0.00784337,0.00784337,1619006280,2021-04-21T11:58:00
0.00795803,0.00795803,0.00795803,0.00795803,1619005740,2021-04-21T11:49:00
0.00804681,0.00804681,0.00804681,0.00804681,1619004660,2021-04-21T11:31:00
0.00808942,0.00808942,0.00808942,0.00808942,1619003760,2021-04-21T11:16:00
0.00810546,0.00810546,0.00810546,0.00810546,1618997040,2021-04-21T09:24:00
0.00810969,0.00810969,0.00810969,0.00810969,1618995240,2021-04-21T08:54:00
0.00820901,0.00820901,0.00820901,0.00820901,1618973460,2021-04-21T02:51:00
0.00819869,0.00819869,0.00819869,0.00819869,1618972560,2021-04-21T02:36:00
0.00817129,0.00817129,0.00817129,0.00817129,1618972200,2021-04-21T02:30:00
0.00812036,0.00812036,0.00812036,0.00812036,1618970460,2021-04-21T02:01:00
0.00817147,0.00817147,0.00817147,0.00817147,1618970340,2021-04-21T01:59:00
0.00814559,0.00814559,0.00814559,0.00814559,1618966440,2021-04-21T00:54:00
0.00818457,0.00818457,0.00818457,0.00818457,1618965420,2021-04-21T00:37:00
0.0082259,0.0082259,0.0082259,0.0082259,1618964820,2021-04-21T00:27:00
0.00822647,0.00822647,0.00822647,0.00822647,1618963440,2021-04-21T00:04:00
0.00829918,0.00829918,0.00829918,0.00829918,1618960080,2021-04-20T23:08:00
0.00830743,0.00830743,0.00830743,0.00830743,1618951200,2021-04-20T20:40:00
0.00837071,0.00837071,0.00837071,0.00837071,1618951080,2021-04-20T20:38:00
0.00819471,0.00819471,0.00819471,0.00819471,1618944300,2021-04-20T18:45:00
0.00817765,0.00817765,0.00817765,0.00817765,1618943880,2021-04-20T18:38:00
0.00797616,0.00797616,0.00797616,0.00797616,1618941000,2021-04-20T17:50:00
0.00796917,0.00796917,0.00796917,0.00796917,1618939560,2021-04-20T17:26:00
0.00803006,0.00803006,0.00803006,0.00803006,1618939140,2021-04-20T17:19:00
0.00797939,0.00797939,0.00797939,0.00797939,1618937520,2021-04-20T16:52:00
0.00780596,0.00780596,0.00780596,0.00780596,1618931880,2021-04-20T15:18:00
0.00804157,0.00804157,0.00804157,0.00804157,1618930740,2021-04-20T14:59:00
0.00832474,0.00832474,0.00832474,0.00832474,1618926300,2021-04-20T13:45:00
0.00825134,0.00825134,0.00825134,0.00825134,1618924620,2021-04-20T13:17:00
0.00814888,0.00814888,0.00814888,0.00814888,1618921620,2021-04-20T12:27:00
0.00824123,0.00824123,0.00824123,0.00824123,1618917180,2021-04-20T11:13:00
0.00815104,0.00815104,0.00815104,0.00815104,1618912920,2021-04-20T10:02:00
0.00806541,0.00806541,0.00806541,0.00806541,1618911540,2021-04-20T09:39:00
0.00812366,0.00812366,0.00812366,0.00812366,1618896480,2021-04-20T05:28:00
0.00821983,0.00821983,0.00821983,0.00821983,1618895040,2021-04-20T05:04:00
0.00826568,0.00826568,0.00826568,0.00826568,1618894980,2021-04-20T05:03:00
0.00805183,0.00805183,0.00805183,0.00805183,1618889640,2021-04-20T03:34:00
0.00797971,0.00797971,0.00797971,0.00797971,1618888020,2021-04-20T03:07:00
0.00816664,0.00816664,0.00816664,0.00816664,1618882920,2021-04-20T01:42:00
0.00840114,0.00840114,0.00840114,0.00840114,1618874040,2021-04-19T23:14:00
0.00840416,0.00840416,0.00840416,0.00840416,1618872780,2021-04-19T22:53:00
0.00845668,0.00845668,0.00845668,0.00845668,1618871940,2021-04-19T22:39:00
0.00844599,0.00844599,0.00844599,0.00844599,1618862220,2021-04-19T19:57:00
0.00840396,0.00840396,0.00840396,0.00840396,1618857600,2021-04-19T18:40:00
0.00839014,0.00839014,0.00839014,0.00839014,1618857420,2021-04-19T18:37:00
0.00831734,0.00831734,0.00831734,0.00831734,1618849080,2021-04-19T16:18:00
0.00854404,0.00854404,0.00854404,0.00854404,1618842960,2021-04-19T14:36:00
0.00873277,0.00873277,0.00873277,0.00873277,1618839180,2021-04-19T13:33:00
0.00885109,0.00885109,0.00885109,0.00885109,1618837560,2021-04-19T13:06:00
0.00896169,0.00896169,0.00896169,0.00896169,1618834920,2021-04-19T12:22:00
0.00892816,0.00892816,0.00892816,0.00892816,1618833000,2021-04-19T11:50:00
0.0089166,0.0089166,0.0089166,0.0089166,1618829940,2021-04-19T10:59:00
0.00890989,0.00890989,0.00890989,0.00890989,1618828740,2021-04-19T10:39:00
0.00898942,0.00898942,0.00898942,0.00898942,1618825860,2021-04-19T09:51:00
0.00902279,0.00902279,0.00902279,0.00902279,1618816800,2021-04-19T07:20:00
0.00900029,0.00900029,0.00900029,0.00900029,1618814580,2021-04-19T06:43:00
0.00894367,0.00894367,0.00894367,0.00894367,1618812780,2021-04-19T06:13:00
0.00896946,0.00896946,0.00896946,0.00896946,1618812120,2021-04-19T06:02:00
0.00899658,0.00899658,0.00899658,0.00899658,1618812000,2021-04-19T06:00:00
0.0089937,0.0089937,0.0089937,0.0089937,1618809780,2021-04-19T05:23:00
0.0090463,0.0090463,0.0090463,0.0090463,1618809720,2021-04-19T05:22:00
0.00904188,0.00904188,0.00904188,0.00904188,1618809540,2021-04-19T05:19:00
0.00898393,0.00898393,0.00898393,0.00898393,1618803420,2021-04-19T03:37:00
0.00898013,0.00898013,0.00898013,0.00898013,1618798440,2021-04-19T02:14:00
0.00897029,0.00897029,0.00897029,0.00897029,1618796520,2021-04-19T01:42:00
0.00881803,0.00881803,0.00881803,0.00881803,1618791720,2021-04-19T00:22:00
0.00889704,0.00889704,0.00889704,0.00889704,1618790700,2021-04-19T00:05:00
0.00888758,0.00888758,0.00888758,0.00888758,1618789200,2021-04-18T23:40:00
0.00878956,0.00878956,0.00878956,0.00878956,1618788120,2021-04-18T23:22:00
0.00868613,0.00868613,0.00868613,0.00868613,1618784820,2021-04-18T22:27:00
0.00859036,0.00859036,0.00859036,0.00859036,1618776900,2021-04-18T20:15:00
0.00858581,0.00858581,0.00858581,0.00858581,1618775820,2021-04-18T19:57:00
0.00856909,0.00856909,0.00856909,0.00856909,1618775280,2021-04-18T19:48:00
0.00848307,0.00848307,0.00848307,0.00848307,1618771920,2021-04-18T18:52:00
0.00841739,0.00841739,0.00841739,0.00841739,1618770840,2021-04-18T18:34:00
0.00853107,0.00853107,0.00853107,0.00853107,1618766640,2021-04-18T17:24:00
0.00853656,0.00853656,0.00853656,0.00853656,1618763880,2021-04-18T16:38:00
0.00848273,0.00848273,0.00848273,0.00848273,1618763040,2021-04-18T16:24:00
0.00839421,0.00839421,0.00839421,0.00839421,1618759980,2021-04-18T15:33:00
0.00833444,0.00833444,0.00833444,0.00833444,1618758840,2021-04-18T15:14:00
0.00835706,0.00835706,0.00835706,0.00835706,1618757100,2021-04-18T14:45:00
0.00833481,0.00833481,0.00833481,0.00833481,1618756860,2021-04-18T14:41:00
0.00829809,0.00829809,0.00829809,0.00829809,1618756200,2021-04-18T14:30:00
0.00827075,0.00827075,0.00827075,0.00827075,1618756020,2021-04-18T14:27:00
0.00819601,0.00819601,0.00819601,0.00819601,1618755780,2021-04-18T14:23:00
0.00815592,0.00815592,0.00815592,0.00815592,1618755720,2021-04-18T14:22:00
0.00796722,0.00796722,0.00796722,0.00796722,1618748040,2021-04-18T12:14:00
0.00822236,0.00822236,0.00822236,0.00822236,1618737780,2021-04-18T09:23:00
0.00828336,0.00828336,0.00828336,0.00828336,1618736160,2021-04-18T08:56:00
0.00836069,0.00836069,0.00836069,0.00836069,1618735920,2021-04-18T08:52:00
0.00841992,0.00841992,0.00841992,0.00841992,1618730760,2021-04-18T07:26:00
0.00828711,0.00828711,0.00828711,0.00828711,1618728780,2021-04-18T06:53:00
0.00830428,0.00830428,0.00830428,0.00830428,1618728720,2021-04-18T06:52:00
0.00834323,0.00834323,0.00834323,0.00834323,1618728660,2021-04-18T06:51:00
0.00838709,0.00838709,0.00838709,0.00838709,1618728600,2021-04-18T06:50:00
0.00838517,0.00838517,0.00838517,0.00838517,1618728480,2021-04-18T06:48:00
0.0085104,0.0085104,0.0085104,0.0085104,1618728420,2021-04-18T06:47:00
0.00853734,0.00853734,0.00853734,0.00853734,1618718700,2021-04-18T04:05:00
0.00905171,0.00905171,0.00905171,0.00905171,1618713600,2021-04-18T02:40:00
0.00909705,0.00909705,0.00909705,0.00909705,1618711860,2021-04-18T02:11:00
0.00915466,0.00915466,0.00915466,0.00915466,1618711260,2021-04-18T02:01:00
0.00912396,0.00912396,0.00912396,0.00912396,1618710240,2021-04-18T01:44:00
0.00933487,0.00933487,0.00933487,0.00933487,1618704420,2021-04-18T00:07:00
0.00947615,0.00947615,0.00947615,0.00947615,1618701600,2021-04-17T23:20:00
0.00946308,0.00946308,0.00946308,0.00946308,1618699740,2021-04-17T22:49:00
0.00944227,0.00944227,0.00944227,0.00944227,1618699380,2021-04-17T22:43:00
0.00946433,0.00946433,0.00946433,0.00946433,1618699020,2021-04-17T22:37:00
0.00940929,0.00940929,0.00940929,0.00940929,1618695000,2021-04-17T21:30:00
0.00935409,0.00935409,0.00935409,0.00935409,1618694220,2021-04-17T21:17:00
0.00929321,0.00929321,0.00929321,0.00929321,1618691400,2021-04-17T20:30:00
0.00927315,0.00927315,0.00927315,0.00927315,1618688640,2021-04-17T19:44:00
0.00927345,0.00927345,0.00927345,0.00927345,1618688460,2021-04-17T19:41:00
0.00925533,0.00925533,0.00925533,0.00925533,1618688040,2021-04-17T19:34:00
0.00925445,0.00925445,0.00925445,0.00925445,1618687740,2021-04-17T19:29:00
0.00925815,0.00925815,0.00925815,0.00925815,1618687500,2021-04-17T19:25:00
0.00923604,0.00923604,0.00923604,0.00923604,1618686420,2021-04-17T19:07:00
0.00917538,0.00917538,0.00917538,0.00917538,1618678500,2021-04-17T16:55:00
0.00924853,0.00924853,0.00924853,0.00924853,1618674480,2021-04-17T15:48:00
0.00923567,0.00923567,0.00923567,0.00923567,1618674360,2021-04-17T15:46:00
0.00926562,0.00926562,0.00926562,0.00926562,1618673700,2021-04-17T15:35:00
0.00934927,0.00934927,0.00934927,0.00934927,1618671420,2021-04-17T14:57:00
0.00929728,0.00929728,0.00929728,0.00929728,1618669740,2021-04-17T14:29:00
0.00925018,0.00925018,0.00925018,0.00925018,1618664880,2021-04-17T13:08:00
0.00921522,0.00921522,0.00921522,0.00921522,1618663500,2021-04-17T12:45:00
0.0092901,0.0092901,0.0092901,0.0092901,1618662360,2021-04-17T12:26:00
0.00927055,0.00927055,0.00927055,0.00927055,1618661460,2021-04-17T12:11:00
0.00922055,0.00922055,0.00922055,0.00922055,1618659840,2021-04-17T11:44:00
0.00954215,0.00954215,0.00954215,0.00954215,1618634400,2021-04-17T04:40:00
0.00955199,0.00955199,0.00955199,0.00955199,1618633860,2021-04-17T04:31:00
0.00949552,0.00949552,0.00949552,0.00949552,1618619460,2021-04-17T00:31:00
0.0094114,0.0094114,0.0094114,0.0094114,1618617540,2021-04-16T23:59:00
0.00943455,0.00943455,0.00943312,0.00943312,1618614840,2021-04-16T23:14:00
0.009413,0.009413,0.009413,0.009413,1618612800,2021-04-16T22:40:00
0.00942545,0.00942545,0.00942545,0.00942545,1618610040,2021-04-16T21:54:00
0.00947718,0.00947718,0.00947718,0.00947718,1618609380,2021-04-16T21:43:00
0.0094029,0.0094029,0.0094029,0.0094029,1618608300,2021-04-16T21:25:00
0.00944727,0.00944727,0.00944727,0.00944727,1618607460,2021-04-16T21:11:00
0.00936326,0.00936326,0.00936326,0.00936326,1618606680,2021-04-16T20:58:00
0.00932467,0.00932467,0.00932467,0.00932467,1618603860,2021-04-16T20:11:00
0.00936102,0.00936102,0.00936102,0.00936102,1618600440,2021-04-16T19:14:00
0.00934949,0.00934949,0.00934949,0.00934949,1618600020,2021-04-16T19:07:00
0.00934508,0.00934508,0.00934508,0.00934508,1618595700,2021-04-16T17:55:00
0.00918353,0.00918353,0.00918353,0.00918353,1618584660,2021-04-16T14:51:00
0.00910442,0.00910442,0.00910442,0.00910442,1618571820,2021-04-16T11:17:00
0.00914756,0.00914756,0.00914756,0.00914756,1618570800,2021-04-16T11:00:00
0.00930303,0.00930303,0.00930303,0.00930303,1618569360,2021-04-16T10:36:00
0.00932522,0.00932522,0.00932522,0.00932522,1618566480,2021-04-16T09:48:00
0.00939494,0.00939494,0.00939494,0.00939494,1618566360,2021-04-16T09:46:00
0.00942,0.00942,0.00942,0.00942,1618564800,2021-04-16T09:20:00
0.00946047,0.00946047,0.00946047,0.00946047,1618563900,2021-04-16T09:05:00
0.00952332,0.00952332,0.00952332,0.00952332,1618562640,2021-04-16T08:44:00
0.00953988,0.00953988,0.00953988,0.00953988,1618560840,2021-04-16T08:14:00
0.00950045,0.00950045,0.00950045,0.00950045,1618553940,2021-04-16T06:19:00
0.00967292,0.00967292,0.00967292,0.00967292,1618547760,2021-04-16T04:36:00
0.00972191,0.00972191,0.00972191,0.00972191,1618547520,2021-04-16T04:32:00
0.00978611,0.00978611,0.00978611,0.00978611,1618544400,2021-04-16T03:40:00
0.00973508,0.00973508,0.00973508,0.00973508,1618543860,2021-04-16T03:31:00
0.00977419,0.00977419,0.00977419,0.00977419,1618543560,2021-04-16T03:26:00
0.00976837,0.00976837,0.00976837,0.00976837,1618542300,2021-04-16T03:05:00
0.00986723,0.00986723,0.00986723,0.00986723,1618537080,2021-04-16T01:38:00
0.00991436,0.00991436,0.00991436,0.00991436,1618536600,2021-04-16T01:30:00
0.00995996,0.00995996,0.00995996,0.00995996,1618535340,2021-04-16T01:09:00
0.00995336,0.00995336,0.00995336,0.00995336,1618530480,2021-04-15T23:48:00
0.00993023,0.00993023,0.00993023,0.00993023,1618526460,2021-04-15T22:41:00
0.00994699,0.00994699,0.00994699,0.00994699,1618525860,2021-04-15T22:31:00
0.00998971,0.00998971,0.00998971,0.00998971,1618522920,2021-04-15T21:42:00
0.0102369,0.0102369,0.0102369,0.0102369,1618522740,2021-04-15T21:39:00
0.0104986,0.0104986,0.0104986,0.0104986,1618522140,2021-04-15T21:29:00
0.0106026,0.0106026,0.0106026,0.0106026,1618522020,2021-04-15T21:27:00
0.0100532,0.0100532,0.0100532,0.0100532,1618521480,2021-04-15T21:18:00
0.0100194,0.0100194,0.0100194,0.0100194,1618520400,2021-04-15T21:00:00
0.0100123,0.0100123,0.0100123,0.0100123,1618520160,2021-04-15T20:56:00
0.009928,0.009928,0.009928,0.009928,1618518540,2021-04-15T20:29:00
0.00991699,0.00991699,0.00991699,0.00991699,1618510500,2021-04-15T18:15:00
0.00983787,0.00983787,0.00983787,0.00983787,1618509240,2021-04-15T17:54:00
0.00990062,0.00990062,0.00990062,0.00990062,1618507860,2021-04-15T17:31:00
0.00994822,0.00994822,0.00994822,0.00994822,1618503300,2021-04-15T16:15:00
0.00978754,0.00978754,0.00978754,0.00978754,1618498860,2021-04-15T15:01:00
0.00966686,0.00966686,0.00966686,0.00966686,1618489500,2021-04-15T12:25:00
0.00972054,0.00972054,0.00972054,0.00972054,1618489380,2021-04-15T12:23:00
0.0098321,0.0098321,0.0098321,0.0098321,1618478580,2021-04-15T09:23:00
0.00979408,0.00979408,0.00979408,0.00979408,1618477500,2021-04-15T09:05:00
0.00988398,0.00988398,0.00988398,0.00988398,1618470840,2021-04-15T07:14:00
0.00992613,0.00992613,0.00992613,0.00992613,1618468980,2021-04-15T06:43:00
0.00986669,0.00986669,0.00986669,0.00986669,1618463400,2021-04-15T05:10:00
0.00988304,0.00988304,0.00988304,0.00988304,1618459560,2021-04-15T04:06:00
0.00978163,0.00978163,0.00978163,0.00978163,1618458960,2021-04-15T03:56:00
0.0097562,0.0097562,0.0097562,0.0097562,1618452600,2021-04-15T02:10:00
0.00973148,0.00973148,0.00973148,0.00973148,1618450140,2021-04-15T01:29:00
0.00972197,0.00972197,0.00972197,0.00972197,1618440900,2021-04-14T22:55:00
0.00966774,0.00966774,0.00966774,0.00966774,1618440840,2021-04-14T22:54:00
0.00973862,0.00973862,0.00973862,0.00973862,1618440540,2021-04-14T22:49:00
0.0096815,0.0096815,0.0096815,0.0096815,1618439280,2021-04-14T22:28:00
0.00954957,0.00954957,0.00954957,0.00954957,1618432500,2021-04-14T20:35:00
0.00952235,0.00952235,0.00952235,0.00952235,1618431600,2021-04-14T20:20:00
0.00947584,0.00947584,0.00947584,0.00947584,1618429680,2021-04-14T19:48:00
0.00951729,0.00951729,0.00951729,0.00951729,1618427940,2021-04-14T19:19:00
0.0094593,0.0094593,0.0094593,0.0094593,1618426680,2021-04-14T18:58:00
0.00955369,0.00955369,0.00955369,0.00955369,1618426620,2021-04-14T18:57:00
0.00950818,0.00950818,0.00950818,0.00950818,1618426260,2021-04-14T18:51:00
0.00942116,0.00942116,0.00942116,0.00942116,1618425600,2021-04-14T18:40:00
0.00949343,0.00949343,0.00949343,0.00949343,1618425000,2021-04-14T18:30:00
0.00944913,0.00944913,0.00944913,0.00944913,1618424100,2021-04-14T18:15:00
0.00940505,0.00940505,0.00940505,0.00940505,1618423500,2021-04-14T18:05:00
0.00952422,0.00952422,0.00952422,0.00952422,1618417140,2021-04-14T16:19:00
0.00950728,0.00950728,0.00950728,0.00950728,1618413060,2021-04-14T15:11:00
0.00946046,0.00946046,0.00946046,0.00946046,1618412700,2021-04-14T15:05:00
0.00958345,0.00958345,0.00958345,0.00958345,1618406820,2021-04-14T13:27:00
0.00949486,0.00949486,0.00949486,0.00949486,1618406520,2021-04-14T13:22:00
0.00956739,0.00956739,0.00956739,0.00956739,1618405920,2021-04-14T13:12:00
0.00957037,0.00957037,0.00957037,0.00957037,1618405860,2021-04-14T13:11:00
0.00964586,0.00964586,0.00964586,0.00964586,1618404240,2021-04-14T12:44:00
0.00961912,0.00961912,0.00961912,0.00961912,1618403580,2021-04-14T12:33:00
0.00954316,0.00954316,0.00954316,0.00954316,1618403100,2021-04-14T12:25:00
0.00953137,0.00953137,0.00953137,0.00953137,1618401240,2021-04-14T11:54:00
0.00957621,0.00957621,0.00957621,0.00957621,1618399260,2021-04-14T11:21:00
0.00948154,0.00948154,0.00948154,0.00948154,1618399200,2021-04-14T11:20:00
0.00949077,0.00949077,0.00949077,0.00949077,1618398960,2021-04-14T11:16:00
0.00944804,0.00944804,0.00944804,0.00944804,1618396140,2021-04-14T10:29:00
0.00954696,0.00954696,0.00954696,0.00954696,1618386300,2021-04-14T07:45:00
0.00962381,0.00962381,0.00962381,0.00962381,1618385400,2021-04-14T07:30:00
0.00962143,0.00962143,0.00962143,0.00962143,1618383780,2021-04-14T07:03:00
0.00948062,0.00948062,0.00948062,0.00948062,1618377540,2021-04-14T05:19:00
0.00949676,0.00949676,0.00949676,0.00949676,1618377420,2021-04-14T05:17:00
0.00958,0.00958,0.00958,0.00958,1618377240,2021-04-14T05:14:00
0.00943047,0.00943047,0.00943047,0.00943047,1618373460,2021-04-14T04:11:00
0.00941374,0.00941374,0.00941374,0.00941374,1618372800,2021-04-14T04:00:00
0.00936677,0.00936677,0.00936677,0.00936677,1618371120,2021-04-14T03:32:00
0.00920409,0.00920409,0.00920409,0.00920409,1618367400,2021-04-14T02:30:00
0.00920789,0.00920789,0.00920789,0.00920789,1618365180,2021-04-14T01:53:00
0.0092249,0.0092249,0.0092249,0.0092249,1618359660,2021-04-14T00:21:00
0.00918499,0.00918499,0.00918499,0.00918499,1618359300,2021-04-14T00:15:00
0.00911453,0.00911453,0.00911453,0.00911453,1618357920,2021-04-13T23:52:00
0.0092058,0.0092058,0.0092058,0.0092058,1618355100,2021-04-13T23:05:00
0.00915399,0.00915399,0.00915399,0.00915399,1618354980,2021-04-13T23:03:00
0.00913212,0.00913212,0.00913212,0.00913212,1618354740,2021-04-13T22:59:00
0.0092614,0.0092614,0.0092614,0.0092614,1618350120,2021-04-13T21:42:00
0.00923813,0.00923813,0.00923813,0.00923813,1618350060,2021-04-13T21:41:00
0.00922134,0.00922134,0.00922134,0.00922134,1618345320,2021-04-13T20:22:00
0.00919083,0.00919083,0.00919083,0.00919083,1618343100,2021-04-13T19:45:00
0.00945255,0.00945255,0.00945255,0.00945255,1618338660,2021-04-13T18:31:00
0.00953717,0.00953717,0.00953717,0.00953717,1618336260,2021-04-13T17:51:00
0.00956755,0.00956755,0.00956755,0.00956755,1618331580,2021-04-13T16:33:00
0.00941227,0.00941227,0.00941227,0.00941227,1618326780,2021-04-13T15:13:00
0.00937899,0.00937899,0.00937899,0.00937899,1618324380,2021-04-13T14:33:00
0.00928915,0.00928915,0.00928915,0.00928915,1618320360,2021-04-13T13:26:00
0.00916078,0.00916078,0.00916078,0.00916078,1618320240,2021-04-13T13:24:00
0.0090538,0.0090538,0.0090538,0.0090538,1618319640,2021-04-13T13:14:00
0.00890915,0.00890915,0.00890915,0.00890915,1618317540,2021-04-13T12:39:00
0.0091085,0.0091085,0.0091085,0.0091085,1618316820,2021-04-13T12:27:00
0.00946183,0.00946183,0.00946183,0.00946183,1618314540,2021-04-13T11:49:00
0.0093604,0.0093604,0.0093604,0.0093604,1618313760,2021-04-13T11:36:00
0.00936711,0.00936711,0.00936711,0.00936711,1618312260,2021-04-13T11:11:00
0.00942646,0.00942646,0.00942646,0.00942646,1618309980,2021-04-13T10:33:00
0.00957669,0.00957669,0.00957669,0.00957669,1618309740,2021-04-13T10:29:00
0.00958224,0.00958224,0.00958224,0.00958224,1618307400,2021-04-13T09:50:00
0.00963788,0.00963788,0.00963788,0.00963788,1618305060,2021-04-13T09:11:00
0.0096501,0.0096501,0.0096501,0.0096501,1618296000,2021-04-13T06:40:00
0.00957786,0.00957786,0.00957786,0.00957786,1618294800,2021-04-13T06:20:00
0.0096425,0.0096425,0.0096425,0.0096425,1618294500,2021-04-13T06:15:00
0.00957249,0.00957249,0.00957249,0.00957249,1618292700,2021-04-13T05:45:00
0.00961778,0.00961778,0.00961778,0.00961778,1618291260,2021-04-13T05:21:00
0.00962751,0.00962751,0.00962751,0.00962751,1618291140,2021-04-13T05:19:00
0.00962692,0.00962692,0.00962692,0.00962692,1618288920,2021-04-13T04:42:00
0.00958042,0.00958042,0.00958042,0.00958042,1618284780,2021-04-13T03:33:00
0.00962534,0.00962534,0.00962534,0.00962534,1618282200,2021-04-13T02:50:00
0.00956682,0.00956682,0.00956682,0.00956682,1618280700,2021-04-13T02:25:00
0.00963297,0.00963297,0.00963297,0.00963297,1618280160,2021-04-13T02:16:00
0.00959359,0.00959359,0.00959359,0.00959359,1618276260,2021-04-13T01:11:00
0.00957168,0.00957168,0.00957168,0.00957168,1618274520,2021-04-13T00:42:00
0.00954335,0.00954335,0.00954335,0.00954335,1618272780,2021-04-13T00:13:00
0.00952465,0.00952465,0.00952465,0.00952465,1618272360,2021-04-13T00:06:00
0.00947963,0.00947963,0.00947963,0.00947963,1618271880,2021-04-12T23:58:00
0.00950104,0.00950104,0.00950104,0.00950104,1618271700,2021-04-12T23:55:00
0.00953268,0.00953268,0.00953268,0.00953268,1618271220,2021-04-12T23:47:00
0.00952671,0.00952671,0.00952671,0.00952671,1618270440,2021-04-12T23:34:00
0.00949416,0.00949416,0.00949416,0.00949416,1618268160,2021-04-12T22:56:00
0.00952033,0.00952033,0.00952033,0.00952033,1618264080,2021-04-12T21:48:00
0.00964145,0.00964145,0.00964145,0.00964145,1618263360,2021-04-12T21:36:00
0.00974413,0.00974413,0.00974413,0.00974413,1618262820,2021-04-12T21:27:00
0.00982805,0.00982805,0.00982805,0.00982805,1618262400,2021-04-12T21:20:00
0.00988334,0.00988334,0.00988334,0.00988334,1618261800,2021-04-12T21:10:00
0.00985097,0.00985097,0.00985097,0.00985097,1618257420,2021-04-12T19:57:00
0.00990038,0.00990038,0.00990038,0.00990038,1618256520,2021-04-12T19:42:00
0.00992029,0.00992029,0.00992029,0.00992029,1618256340,2021-04-12T19:39:00
0.00994575,0.00994575,0.00994575,0.00994575,1618251780,2021-04-12T18:23:00
0.00986937,0.00986937,0.00986937,0.00986937,1618250700,2021-04-12T18:05:00
0.00982445,0.00982445,0.00982445,0.00982445,1618247880,2021-04-12T17:18:00
0.00978546,0.00978546,0.00978546,0.00978546,1618247700,2021-04-12T17:15:00
0.00988854,0.00988854,0.00988854,0.00988854,1618246800,2021-04-12T17:00:00
0.00988062,0.00988062,0.00988062,0.00988062,1618246320,2021-04-12T16:52:00
0.00989387,0.00989387,0.00989387,0.00989387,1618246140,2021-04-12T16:49:00
0.00985479,0.00985479,0.00985479,0.00985479,1618245720,2021-04-12T16:42:00
0.00975531,0.00975531,0.00975531,0.00975531,1618242420,2021-04-12T15:47:00
0.00965387,0.00965387,0.00965387,0.00965387,1618242000,2021-04-12T15:40:00
0.0097515,0.0097515,0.0097515,0.0097515,1618241760,2021-04-12T15:36:00
0.00974285,0.00974285,0.00974285,0.00974285,1618237020,2021-04-12T14:17:00
0.00968374,0.00968374,0.00968374,0.00968374,1618236120,2021-04-12T14:02:00
0.0097054,0.0097054,0.0097054,0.0097054,1618234020,2021-04-12T13:27:00
0.00984229,0.00984229,0.00984229,0.00984229,1618233420,2021-04-12T13:17:00
0.00988989,0.00988989,0.00988989,0.00988989,1618233300,2021-04-12T13:15:00
0.00992084,0.00992084,0.00992084,0.00992084,1618231860,2021-04-12T12:51:00
0.00964834,0.00964834,0.00964834,0.00964834,1618229760,2021-04-12T12:16:00
0.00958172,0.00958172,0.00958172,0.00958172,1618225020,2021-04-12T10:57:00
0.00966643,0.00966643,0.00966643,0.00966643,1618223880,2021-04-12T10:38:00
0.00968204,0.00968204,0.00968204,0.00968204,1618223100,2021-04-12T10:25:00
0.00971887,0.00971887,0.00971887,0.00971887,1618220640,2021-04-12T09:44:00
0.00976023,0.00976023,0.00976023,0.00976023,1618218240,2021-04-12T09:04:00
0.00976362,0.00976362,0.00976362,0.00976362,1618216500,2021-04-12T08:35:00
0.00978041,0.00978041,0.00978041,0.00978041,1618216380,2021-04-12T08:33:00
0.00989304,0.00989304,0.00989304,0.00989304,1618214760,2021-04-12T08:06:00
0.0098272,0.0098272,0.0098272,0.0098272,1618205940,2021-04-12T05:39:00
0.00982541,0.00982541,0.00982541,0.00982541,1618203660,2021-04-12T05:01:00
0.00976582,0.00976582,0.00976582,0.00976582,1618201500,2021-04-12T04:25:00
0.00982492,0.00982492,0.00982492,0.00982492,1618201200,2021-04-12T04:20:00
0.00974983,0.00974983,0.00974983,0.00974983,1618201020,2021-04-12T04:17:00
0.00969424,0.00969424,0.00969424,0.00969424,1618198860,2021-04-12T03:41:00
0.00975149,0.00975149,0.00975149,0.00975149,1618198020,2021-04-12T03:27:00
0.00972503,0.00972503,0.00972503,0.00972503,1618193880,2021-04-12T02:18:00
0.00967113,0.00967113,0.00967113,0.00967113,1618192260,2021-04-12T01:51:00
0.00974954,0.00974954,0.00974954,0.00974954,1618183140,2021-04-11T23:19:00
0.00970507,0.00970507,0.00970507,0.00970507,1618182540,2021-04-11T23:09:00
0.0097481,0.0097481,0.0097481,0.0097481,1618181280,2021-04-11T22:48:00
0.00969236,0.00969236,0.00969236,0.00969236,1618180500,2021-04-11T22:35:00
0.00973168,0.00973168,0.00973168,0.00973168,1618178460,2021-04-11T22:01:00
0.00976901,0.00976901,0.00976901,0.00976901,1618172760,2021-04-11T20:26:00
0.00975691,0.00975691,0.00975691,0.00975691,1618172040,2021-04-11T20:14:00
0.00973281,0.00973281,0.00973281,0.00973281,1618168740,2021-04-11T19:19:00
0.00980566,0.00980566,0.00980566,0.00980566,1618167600,2021-04-11T19:00:00
0.00991701,0.00991701,0.00991701,0.00991701,1618165080,2021-04-11T18:18:00
0.00985663,0.00985663,0.00985663,0.00985663,1618163220,2021-04-11T17:47:00
0.00983001,0.00983001,0.00983001,0.00983001,1618162500,2021-04-11T17:35:00
0.00980345,0.00980345,0.00980345,0.00980345,1618162140,2021-04-11T17:29:00
0.00977497,0.00977497,0.00977497,0.00977497,1618161720,2021-04-11T17:22:00
0.00974676,0.00974676,0.00974676,0.00974676,1618161300,2021-04-11T17:15:00
0.0098202,0.0098202,0.0098202,0.0098202,1618160580,2021-04-11T17:03:00
0.00982538,0.00982538,0.00982538,0.00982538,1618159320,2021-04-11T16:42:00
0.00976466,0.00976466,0.00976466,0.00976466,1618158540,2021-04-11T16:29:00
0.00966874,0.00966874,0.00966874,0.00966874,1618155900,2021-04-11T15:45:00
0.009609,0.00964981,0.009609,0.00964981,1618155780,2021-04-11T15:43:00
0.0096521,0.0096521,0.0096521,0.0096521,1618153500,2021-04-11T15:05:00
0.00960485,0.00960485,0.00960485,0.00960485,1618153020,2021-04-11T14:57:00
0.00957117,0.00957117,0.00957117,0.00957117,1618152480,2021-04-11T14:48:00
0.00954579,0.00954579,0.00954579,0.00954579,1618152180,2021-04-11T14:43:00
0.00949463,0.00951344,0.00949463,0.00951344,1618148100,2021-04-11T13:35:00
0.00945821,0.00945821,0.00945821,0.00945821,1618147860,2021-04-11T13:31:00
0.00954469,0.00954469,0.00954469,0.00954469,1618146900,2021-04-11T13:15:00
0.00953114,0.00953114,0.00953114,0.00953114,1618145760,2021-04-11T12:56:00
0.00953043,0.00953043,0.00953043,0.00953043,1618145220,2021-04-11T12:47:00
0.00948108,0.00948108,0.00948108,0.00948108,1618138680,2021-04-11T10:58:00
0.0094168,0.0094168,0.0094168,0.0094168,1618136580,2021-04-11T10:23:00
0.00938158,0.00938158,0.00938158,0.00938158,1618134900,2021-04-11T09:55:00
0.00936082,0.00936082,0.00936082,0.00936082,1618131900,2021-04-11T09:05:00
0.00930807,0.00930807,0.00930807,0.00930807,1618129260,2021-04-11T08:21:00
0.0092835,0.0092835,0.0092835,0.0092835,1618128780,2021-04-11T08:13:00
0.00964251,0.00964251,0.00964251,0.00964251,1618127640,2021-04-11T07:54:00
0.0100291,0.0100291,0.0100291,0.0100291,1618126980,2021-04-11T07:43:00
0.00999746,0.00999746,0.00999746,0.00999746,1618126740,2021-04-11T07:39:00
0.00995647,0.00995647,0.00995647,0.00995647,1618125360,2021-04-11T07:16:00
0.00999653,0.00999653,0.00999653,0.00999653,1618114680,2021-04-11T04:18:00
0.00997632,0.00997632,0.00997632,0.00997632,1618113660,2021-04-11T04:01:00
0.00999815,0.00999815,0.00999815,0.00999815,1618111740,2021-04-11T03:29:00
0.00996041,0.00996041,0.00996041,0.00996041,1618111680,2021-04-11T03:28:00
0.0099201,0.0099201,0.0099201,0.0099201,1618108080,2021-04-11T02:28:00
0.0098392,0.0098392,0.0098392,0.0098392,1618102860,2021-04-11T01:01:00
0.00982821,0.00982821,0.00982821,0.00982821,1618096080,2021-04-10T23:08:00
0.0098025,0.0098025,0.0098025,0.0098025,1618092240,2021-04-10T22:04:00
0.00969523,0.00969523,0.00969523,0.00969523,1618090080,2021-04-10T21:28:00
0.00960258,0.00960258,0.00960258,0.00960258,1618088100,2021-04-10T20:55:00
0.00967164,0.00967164,0.00967164,0.00967164,1618087740,2021-04-10T20:49:00
0.00972376,0.00972376,0.00972376,0.00972376,1618087560,2021-04-10T20:46:00
0.0097735,0.0097735,0.0097735,0.0097735,1618081800,2021-04-10T19:10:00
0.00969253,0.00969253,0.00969253,0.00969253,1618079280,2021-04-10T18:28:00
0.00963951,0.00963951,0.00963951,0.00963951,1618079160,2021-04-10T18:26:00
0.00962023,0.00962023,0.00962023,0.00962023,1618077420,2021-04-10T17:57:00
0.0096355,0.0096355,0.0096355,0.0096355,1618074960,2021-04-10T17:16:00
0.00965816,0.00965816,0.00965816,0.00965816,1618072320,2021-04-10T16:32:00
0.00970949,0.00970949,0.00970949,0.00970949,1618071960,2021-04-10T16:26:00
0.00971857,0.00971857,0.00971857,0.00971857,1618070820,2021-04-10T16:07:00
0.00966675,0.00966675,0.00966675,0.00966675,1618070160,2021-04-10T15:56:00
0.00959793,0.00959793,0.00959793,0.00959793,1618068960,2021-04-10T15:36:00
0.0094736,0.0094736,0.0094736,0.0094736,1618057860,2021-04-10T12:31:00
0.00947843,0.00947843,0.00947843,0.00947843,1618057680,2021-04-10T12:28:00
0.00954527,0.00954527,0.00954527,0.00954527,1618057560,2021-04-10T12:26:00
0.00949614,0.00949614,0.00949614,0.00949614,1618053360,2021-04-10T11:16:00
0.00955497,0.00955497,0.00955497,0.00955497,1618049160,2021-04-10T10:06:00
0.0095998,0.0095998,0.0095998,0.0095998,1618048380,2021-04-10T09:53:00
0.00953931,0.00953931,0.00953931,0.00953931,1618040340,2021-04-10T07:39:00
0.00965001,0.00965001,0.00965001,0.00965001,1618038540,2021-04-10T07:09:00
0.00993706,0.00993706,0.00993706,0.00993706,1618038480,2021-04-10T07:08:00
0.0103838,0.0103838,0.0103838,0.0103838,1618032720,2021-04-10T05:32:00
0.0103947,0.0103947,0.0103947,0.0103947,1618032600,2021-04-10T05:30:00
0.0104643,0.0104643,0.0104643,0.0104643,1618032480,2021-04-10T05:28:00
0.010437,0.010437,0.010437,0.010437,1618032360,2021-04-10T05:26:00
0.0103659,0.0103659,0.0103659,0.0103659,1618030200,2021-04-10T04:50:00
0.0101866,0.0101866,0.0101866,0.0101866,1618027680,2021-04-10T04:08:00
0.00996771,0.00996771,0.00996771,0.00996771,1618024380,2021-04-10T03:13:00
0.00982541,0.00982541,0.00982541,0.00982541,1618021500,2021-04-10T02:25:00
0.00983038,0.00983038,0.00983038,0.00983038,1618021380,2021-04-10T02:23:00
0.00982796,0.00982796,0.00982796,0.00982796,1618020240,2021-04-10T02:04:00
0.0097702,0.0097702,0.0097702,0.0097702,1618019580,2021-04-10T01:53:00
0.00968143,0.00968143,0.00968143,0.00968143,1618018140,2021-04-10T01:29:00
0.00981155,0.00981155,0.00981155,0.00981155,1618017780,2021-04-10T01:23:00
0.0097588,0.0097588,0.0097588,0.0097588,1618016520,2021-04-10T01:02:00
0.00981763,0.00981763,0.00981763,0.00981763,1618015500,2021-04-10T00:45:00
0.00978074,0.00978074,0.00978074,0.00978074,1618009860,2021-04-09T23:11:00
0.00985194,0.00985194,0.00985194,0.00985194,1618009440,2021-04-09T23:04:00
0.00996196,0.00996196,0.00996196,0.00996196,1618006260,2021-04-09T22:11:00
0.00994585,0.00994585,0.00994585,0.00994585,1618005840,2021-04-09T22:04:00
0.00994187,0.00994187,0.00994187,0.00994187,1618004100,2021-04-09T21:35:00
0.00999696,0.00999696,0.00999696,0.00999696,1618003800,2021-04-09T21:30:00
0.00998831,0.00998831,0.00998831,0.00998831,1618003440,2021-04-09T21:24:00
0.00998561,0.00998561,0.00998561,0.00998561,1618003200,2021-04-09T21:20:00
0.00998859,0.00998859,0.00998859,0.00998859,1618003140,2021-04-09T21:19:00
0.00999309,0.00999309,0.00999309,0.00999309,1618002780,2021-04-09T21:13:00
0.00998396,0.00998396,0.00998396,0.00998396,1618002420,2021-04-09T21:07:00
0.00993184,0.00993184,0.00993184,0.00993184,1618002180,2021-04-09T21:03:00
0.0100275,0.0100275,0.0100275,0.0100275,1618001340,2021-04-09T20:49:00
0.0100289,0.0100289,0.0100289,0.0100289,1618001220,2021-04-09T20:47:00
0.0100262,0.0100262,0.0100262,0.0100262,1618001040,2021-04-09T20:44:00
0.0100144,0.0100144,0.0100144,0.0100144,1618000140,2021-04-09T20:29:00
0.0100248,0.0100248,0.0100248,0.0100248,1617999480,2021-04-09T20:18:00
0.0100201,0.0100201,0.0100201,0.0100201,1617999000,2021-04-09T20:10:00
0.00995065,0.00995065,0.00995065,0.00995065,1617995160,2021-04-09T19:06:00
0.00997661,0.00997661,0.00997661,0.00997661,1617994560,2021-04-09T18:56:00
0.0100689,0.0100689,0.0100689,0.0100689,1617992460,2021-04-09T18:21:00
0.010012,0.010012,0.010012,0.010012,1617992280,2021-04-09T18:18:00
0.00991229,0.00991229,0.00991229,0.00991229,1617990720,2021-04-09T17:52:00
0.00991779,0.00991779,0.00991779,0.00991779,1617990480,2021-04-09T17:48:00
0.00999928,0.00999928,0.00999928,0.00999928,1617974520,2021-04-09T13:22:00
0.0099662,0.0099662,0.0099662,0.0099662,1617970920,2021-04-09T12:22:00
0.0100169,0.0100169,0.0100169,0.0100169,1617966060,2021-04-09T11:01:00
0.0100856,0.0100856,0.0100856,0.0100856,1617964980,2021-04-09T10:43:00
0.010097,0.010097,0.010097,0.010097,1617963960,2021-04-09T10:26:00
0.00999697,0.00999697,0.00999697,0.00999697,1617961080,2021-04-09T09:38:00
0.00997731,0.00997731,0.00997731,0.00997731,1617955740,2021-04-09T08:09:00
0.0100565,0.0100565,0.0100565,0.0100565,1617951660,2021-04-09T07:01:00
0.0101329,0.0101329,0.0101329,0.0101329,1617951120,2021-04-09T06:52:00
0.0100938,0.0100938,0.0100938,0.0100938,1617946500,2021-04-09T05:35:00
0.0101138,0.0101138,0.0101138,0.0101138,1617937200,2021-04-09T03:00:00
0.0101666,0.0101666,0.0101666,0.0101666,1617937020,2021-04-09T02:57:00
0.0101023,0.0101023,0.0101023,0.0101023,1617924660,2021-04-08T23:31:00
0.0101616,0.0101616,0.0101616,0.0101616,1617921840,2021-04-08T22:44:00
0.010088,0.010088,0.010088,0.010088,1617919500,2021-04-08T22:05:00
0.0102356,0.0102356,0.0102356,0.0102356,1617913080,2021-04-08T20:18:00
0.0101926,0.0101926,0.0101926,0.0101926,1617912960,2021-04-08T20:16:00
0.0102462,0.0102462,0.0102462,0.0102462,1617912840,2021-04-08T20:14:00
0.0102363,0.0102363,0.0102363,0.0102363,1617912480,2021-04-08T20:08:00
0.0102352,0.0102352,0.0101565,0.0101565,1617912420,2021-04-08T20:07:00
0.0101634,0.0101634,0.0101634,0.0101634,1617910500,2021-04-08T19:35:00
0.0100285,0.0100285,0.0100285,0.0100285,1617908820,2021-04-08T19:07:00
0.0100133,0.0100133,0.0100133,0.0100133,1617908580,2021-04-08T19:03:00
0.0100253,0.0100253,0.0100253,0.0100253,1617905220,2021-04-08T18:07:00
0.0100512,0.0100512,0.0100512,0.0100512,1617903600,2021-04-08T17:40:00
0.0099851,0.0099851,0.0099851,0.0099851,1617902520,2021-04-08T17:22:00
0.00993291,0.00993291,0.00993291,0.00993291,1617901740,2021-04-08T17:09:00
0.00995243,0.00995243,0.00995243,0.00995243,1617901080,2021-04-08T16:58:00
0.00984577,0.00984577,0.00984577,0.00984577,1617891000,2021-04-08T14:10:00
0.00991969,0.00991969,0.00991969,0.00991969,1617890700,2021-04-08T14:05:00
0.0098873,0.0098873,0.0098873,0.0098873,1617889800,2021-04-08T13:50:00
0.00982765,0.00982765,0.00982765,0.00982765,1617887280,2021-04-08T13:08:00
0.00979898,0.00986453,0.00979898,0.00986453,1617886260,2021-04-08T12:51:00
0.00981322,0.00981322,0.00981322,0.00981322,1617884880,2021-04-08T12:28:00
0.00974896,0.00974896,0.00974896,0.00974896,1617882840,2021-04-08T11:54:00
0.00970382,0.00970382,0.00970382,0.00970382,1617882180,2021-04-08T11:43:00
0.0096685,0.0096685,0.0096685,0.0096685,1617880740,2021-04-08T11:19:00
0.00960763,0.00960763,0.00960763,0.00960763,1617880020,2021-04-08T11:07:00
0.00967713,0.00967713,0.00967713,0.00967713,1617877560,2021-04-08T10:26:00
0.0102798,0.0102798,0.0102798,0.0102798,1617872820,2021-04-08T09:07:00
0.00969223,0.00969223,0.00969223,0.00969223,1617868380,2021-04-08T07:53:00
0.00970981,0.00970981,0.00970981,0.00970981,1617859260,2021-04-08T05:21:00
0.00961957,0.00961957,0.00961957,0.00961957,1617858840,2021-04-08T05:14:00
0.00951053,0.00951053,0.00951053,0.00951053,1617855240,2021-04-08T04:14:00
0.00949355,0.00949355,0.00949355,0.00949355,1617852240,2021-04-08T03:24:00
0.00944945,0.00944945,0.00944945,0.00944945,1617852000,2021-04-08T03:20:00
0.00951629,0.00951629,0.00951629,0.00951629,1617848520,2021-04-08T02:22:00
0.00940152,0.00940152,0.00940152,0.00940152,1617842340,2021-04-08T00:39:00
0.00930832,0.00930832,0.00930832,0.00930832,1617842040,2021-04-08T00:34:00
0.00915135,0.00915135,0.00915135,0.00915135,1617840660,2021-04-08T00:11:00
0.00932991,0.00932991,0.00932991,0.00932991,1617836040,2021-04-07T22:54:00
0.00931433,0.00931433,0.00931433,0.00931433,1617834480,2021-04-07T22:28:00
0.00925336,0.00925336,0.00925336,0.00925336,1617832020,2021-04-07T21:47:00
0.00922807,0.00922807,0.00922807,0.00922807,1617829380,2021-04-07T21:03:00
0.00917332,0.00917332,0.00917332,0.00917332,1617825660,2021-04-07T20:01:00
0.0091782,0.0091782,0.0091782,0.0091782,1617825600,2021-04-07T20:00:00
0.00912144,0.00912144,0.00912144,0.00912144,1617823200,2021-04-07T19:20:00
0.00914578,0.00914578,0.00914578,0.00914578,1617822120,2021-04-07T19:02:00
0.00920451,0.00920451,0.00920451,0.00920451,1617820320,2021-04-07T18:32:00
0.0091146,0.0091146,0.0091146,0.0091146,1617818820,2021-04-07T18:07:00
0.00923077,0.00923077,0.00923077,0.00923077,1617816060,2021-04-07T17:21:00
0.00918972,0.00918972,0.00918972,0.00918972,1617814080,2021-04-07T16:48:00
0.00926116,0.00926116,0.00926116,0.00926116,1617813780,2021-04-07T16:43:00
0.00917276,0.00917276,0.00917276,0.00917276,1617811620,2021-04-07T16:07:00
0.00928117,0.00928117,0.00928117,0.00928117,1617809160,2021-04-07T15:26:00
0.00917975,0.00917975,0.00917975,0.00917975,1617808800,2021-04-07T15:20:00
0.00917897,0.00917897,0.00917897,0.00917897,1617807720,2021-04-07T15:02:00
0.00910617,0.00910617,0.00910617,0.00910617,1617807000,2021-04-07T14:50:00
0.00911821,0.00911821,0.00911821,0.00911821,1617805020,2021-04-07T14:17:00
0.00908239,0.00908239,0.00908239,0.00908239,1617804900,2021-04-07T14:15:00
0.00905095,0.00905095,0.00905095,0.00905095,1617804660,2021-04-07T14:11:00
0.00898757,0.00898757,0.00898757,0.00898757,1617804540,2021-04-07T14:09:00
0.00891074,0.00891074,0.00891074,0.00891074,1617803280,2021-04-07T13:48:00
0.008776,0.008776,0.008776,0.008776,1617801480,2021-04-07T13:18:00
0.00874788,0.00874788,0.00874788,0.00874788,1617801240,2021-04-07T13:14:00
0.00870323,0.00870323,0.00870323,0.00870323,1617800340,2021-04-07T12:59:00
0.00865017,0.00865017,0.00865017,0.00865017,1617799080,2021-04-07T12:38:00
0.00878394,0.00878394,0.00878394,0.00878394,1617798600,2021-04-07T12:30:00
0.00898383,0.00898383,0.00898383,0.00898383,1617797160,2021-04-07T12:06:00
0.00898649,0.00898649,0.00898649,0.00898649,1617796680,2021-04-07T11:58:00
0.00876258,0.00876258,0.00876258,0.00876258,1617796620,2021-04-07T11:57:00
0.00914508,0.00914508,0.00914508,0.00914508,1617796500,2021-04-07T11:55:00
0.00953652,0.00953652,0.00953652,0.00953652,1617796140,2021-04-07T11:49:00
0.0097032,0.0097032,0.0097032,0.0097032,1617794820,2021-04-07T11:27:00
0.0097996,0.0097996,0.0097996,0.0097996,1617794760,2021-04-07T11:26:00
0.00986764,0.00986764,0.00986764,0.00986764,1617793620,2021-04-07T11:07:00
0.0102012,0.0102012,0.0102012,0.0102012,1617787680,2021-04-07T09:28:00
0.0103888,0.0103888,0.0103888,0.0103888,1617787140,2021-04-07T09:19:00
0.0106252,0.0106252,0.0106252,0.0106252,1617786660,2021-04-07T09:11:00
0.0108988,0.0108988,0.0108988,0.0108988,1617786300,2021-04-07T09:05:00
0.0109878,0.0109878,0.0109878,0.0109878,1617783780,2021-04-07T08:23:00
0.0110169,0.0110169,0.0110169,0.0110169,1617781980,2021-04-07T07:53:00
0.0111448,0.0111448,0.0111448,0.0111448,1617781920,2021-04-07T07:52:00
0.0111486,0.0111486,0.0111486,0.0111486,1617781320,2021-04-07T07:42:00
0.0110797,0.0110797,0.0110797,0.0110797,1617780180,2021-04-07T07:23:00
0.0111751,0.0111751,0.0111751,0.0111751,1617780060,2021-04-07T07:21:00
0.0112206,0.0112206,0.0112206,0.0112206,1617776160,2021-04-07T06:16:00
0.0111871,0.0111871,0.0111871,0.0111871,1617774900,2021-04-07T05:55:00
0.0111334,0.0111334,0.0111334,0.0111334,1617774360,2021-04-07T05:46:00
0.0110586,0.0110586,0.0110586,0.0110586,1617772620,2021-04-07T05:17:00
0.011206,0.011206,0.0112046,0.0112046,1617768240,2021-04-07T04:04:00
0.0112084,0.0112084,0.0112084,0.0112084,1617766980,2021-04-07T03:43:00
0.0111557,0.0111557,0.0111557,0.0111557,1617760920,2021-04-07T02:02:00
0.0111542,0.0111542,0.0111542,0.0111542,1617760380,2021-04-07T01:53:00
0.0111151,0.0111151,0.0111151,0.0111151,1617759120,2021-04-07T01:32:00
0.0110566,0.0110566,0.0110566,0.0110566,1617757620,2021-04-07T01:07:00
0.0112225,0.0112225,0.0112225,0.0112225,1617755160,2021-04-07T00:26:00
0.0112102,0.0112102,0.0112102,0.0112102,1617754620,2021-04-07T00:17:00
0.0111406,0.0111406,0.0111406,0.0111406,1617750720,2021-04-06T23:12:00
0.0110941,0.0110941,0.0110941,0.0110941,1617749820,2021-04-06T22:57:00
0.0110674,0.0110674,0.0110674,0.0110674,1617748440,2021-04-06T22:34:00
0.0110478,0.0110478,0.0110478,0.0110478,1617748380,2021-04-06T22:33:00
0.0110488,0.0110488,0.0110488,0.0110488,1617748260,2021-04-06T22:31:00
0.0110797,0.0110797,0.0110797,0.0110797,1617746580,2021-04-06T22:03:00
0.0110671,0.0110671,0.0110671,0.0110671,1617740400,2021-04-06T20:20:00
0.0110718,0.0110718,0.0110718,0.0110718,1617737400,2021-04-06T19:30:00
0.0110509,0.0110509,0.0110509,0.0110509,1617735480,2021-04-06T18:58:00
0.0110039,0.0110039,0.0110039,0.0110039,1617734760,2021-04-06T18:46:00
0.0109536,0.0109536,0.0109536,0.0109536,1617733440,2021-04-06T18:24:00
0.0109724,0.0109724,0.0109724,0.0109724,1617732960,2021-04-06T18:16:00
0.0110041,0.0110041,0.0110041,0.0110041,1617730500,2021-04-06T17:35:00
0.0108815,0.0108815,0.0108815,0.0108815,1617729180,2021-04-06T17:13:00
0.0107938,0.0107938,0.0107938,0.0107938,1617724320,2021-04-06T15:52:00
0.0107615,0.0107615,0.0107615,0.0107615,1617723780,2021-04-06T15:43:00
0.0106756,0.0106756,0.0106756,0.0106756,1617723360,2021-04-06T15:36:00
0.0107284,0.0107284,0.0107284,0.0107284,1617721680,2021-04-06T15:08:00
0.010631,0.010631,0.010631,0.010631,1617720840,2021-04-06T14:54:00
0.0107275,0.0107275,0.0107275,0.0107275,1617717060,2021-04-06T13:51:00
0.0107032,0.0107032,0.0107032,0.0107032,1617716400,2021-04-06T13:40:00
0.0106803,0.0106803,0.0106803,0.0106803,1617716340,2021-04-06T13:39:00
0.0106897,0.0106897,0.0106897,0.0106897,1617714240,2021-04-06T13:04:00
0.0107127,0.0107127,0.0107127,0.0107127,1617713340,2021-04-06T12:49:00
0.0107085,0.0107085,0.0107085,0.0107085,1617712920,2021-04-06T12:42:00
0.0106217,0.0106217,0.0106217,0.0106217,1617712680,2021-04-06T12:38:00
0.0104706,0.0104706,0.0104706,0.0104706,1617710880,2021-04-06T12:08:00
0.0104656,0.0104656,0.0104656,0.0104656,1617710820,2021-04-06T12:07:00
0.0104575,0.0104575,0.0104575,0.0104575,1617710700,2021-04-06T12:05:00
0.0105103,0.0105103,0.0105103,0.0105103,1617710040,2021-04-06T11:54:00
0.010517,0.010517,0.010517,0.010517,1617708780,2021-04-06T11:33:00
0.0105018,0.0105018,0.0105018,0.0105018,1617706860,2021-04-06T11:01:00
0.0105295,0.0105295,0.0105295,0.0105295,1617705780,2021-04-06T10:43:00
0.0105313,0.0105313,0.0105313,0.0105313,1617705540,2021-04-06T10:39:00
0.0104219,0.0104219,0.0104219,0.0104219,1617704280,2021-04-06T10:18:00
0.0103055,0.0103055,0.0103055,0.0103055,1617698460,2021-04-06T08:41:00
0.0102851,0.0102851,0.0102851,0.0102851,1617696120,2021-04-06T08:02:00
0.0102934,0.0102934,0.0102934,0.0102934,1617695340,2021-04-06T07:49:00
0.0103089,0.0103089,0.0103089,0.0103089,1617692700,2021-04-06T07:05:00
0.0102203,0.0102203,0.0102203,0.0102203,1617691920,2021-04-06T06:52:00
0.010185,0.010185,0.010185,0.010185,1617691380,2021-04-06T06:43:00
0.010105,0.010105,0.010105,0.010105,1617688020,2021-04-06T05:47:00
0.0100275,0.0100275,0.0100275,0.0100275,1617684420,2021-04-06T04:47:00
0.00998116,0.00998116,0.00998116,0.00998116,1617683700,2021-04-06T04:35:00
0.00998263,0.00998263,0.00998263,0.00998263,1617683280,2021-04-06T04:28:00
0.00999293,0.00999293,0.00999293,0.00999293,1617682920,2021-04-06T04:22:00
0.00999213,0.00999213,0.00999213,0.00999213,1617679380,2021-04-06T03:23:00
0.00993258,0.00993258,0.00993258,0.00993258,1617675900,2021-04-06T02:25:00
0.00991715,0.00991715,0.00991715,0.00991715,1617675540,2021-04-06T02:19:00
0.00988474,0.00988474,0.00988474,0.00988474,1617675240,2021-04-06T02:14:00
0.00993565,0.00993565,0.00993565,0.00993565,1617673800,2021-04-06T01:50:00
0.0100742,0.0100742,0.0100742,0.0100742,1617673020,2021-04-06T01:37:00
0.0101706,0.0101706,0.0101706,0.0101706,1617672720,2021-04-06T01:32:00
0.0103687,0.0103687,0.0103687,0.0103687,1617667140,2021-04-05T23:59:00
0.0103502,0.0103502,0.0103502,0.0103502,1617666480,2021-04-05T23:48:00
0.0102995,0.0102995,0.0102995,0.0102995,1617666120,2021-04-05T23:42:00
0.0102172,0.0102172,0.0102172,0.0102172,1617666000,2021-04-05T23:40:00
0.0100956,0.0100956,0.0100956,0.0100956,1617664140,2021-04-05T23:09:00
0.00970494,0.00977471,0.00970494,0.00977471,1617663840,2021-04-05T23:04:00
0.00953878,0.00953878,0.00953878,0.00953878,1617662160,2021-04-05T22:36:00
0.00956351,0.00956351,0.00956351,0.00956351,1617661740,2021-04-05T22:29:00
0.00960532,0.00960532,0.00960532,0.00960532,1617659760,2021-04-05T21:56:00
0.00956828,0.00956828,0.00956828,0.00956828,1617659640,2021-04-05T21:54:00
0.00964153,0.00964153,0.00964153,0.00964153,1617659220,2021-04-05T21:47:00
0.00965584,0.00965584,0.00965584,0.00965584,1617657720,2021-04-05T21:22:00
0.00962804,0.00962804,0.00962804,0.00962804,1617657360,2021-04-05T21:16:00
0.00959232,0.00959232,0.00959232,0.00959232,1617657120,2021-04-05T21:12:00
0.00961357,0.00961357,0.00961357,0.00961357,1617654420,2021-04-05T20:27:00
0.00946288,0.00946288,0.00946288,0.00946288,1617652020,2021-04-05T19:47:00
0.00947481,0.00947481,0.00947481,0.00947481,1617649680,2021-04-05T19:08:00
0.00946706,0.00946706,0.00946706,0.00946706,1617647040,2021-04-05T18:24:00
0.00945844,0.00945844,0.00945844,0.00945844,1617646920,2021-04-05T18:22:00
0.00947498,0.00947498,0.00947498,0.00947498,1617645840,2021-04-05T18:04:00
0.00945331,0.00945331,0.00945331,0.00945331,1617645240,2021-04-05T17:54:00
0.00942998,0.00943797,0.00942998,0.00943797,1617644580,2021-04-05T17:43:00
0.00942907,0.00942907,0.00942907,0.00942907,1617642540,2021-04-05T17:09:00
0.00938782,0.00942681,0.00938782,0.00942681,1617641640,2021-04-05T16:54:00
0.00937288,0.00937288,0.00937288,0.00937288,1617640080,2021-04-05T16:28:00
0.00939449,0.00939449,0.00939449,0.00939449,1617639360,2021-04-05T16:16:00
0.00944745,0.00944745,0.00944745,0.00944745,1617638760,2021-04-05T16:06:00
0.00948362,0.00948362,0.00948362,0.00948362,1617636600,2021-04-05T15:30:00
0.00944712,0.00944712,0.00944712,0.00944712,1617634980,2021-04-05T15:03:00
0.00942267,0.00942267,0.00942267,0.00942267,1617633180,2021-04-05T14:33:00
0.00927014,0.00927014,0.00927014,0.00927014,1617631740,2021-04-05T14:09:00
0.00922925,0.00922925,0.00922925,0.00922925,1617631500,2021-04-05T14:05:00
0.00923701,0.00923701,0.00923701,0.00923701,1617631020,2021-04-05T13:57:00
0.00941229,0.00941229,0.00941229,0.00941229,1617629760,2021-04-05T13:36:00
0.00965739,0.00965739,0.00965739,0.00965739,1617629100,2021-04-05T13:25:00
0.00963458,0.00963458,0.00963458,0.00963458,1617628620,2021-04-05T13:17:00
0.00960921,0.00960921,0.00960921,0.00960921,1617628320,2021-04-05T13:12:00
0.00958096,0.00958096,0.00958096,0.00958096,1617627840,2021-04-05T13:04:00
0.00956771,0.00956771,0.00956771,0.00956771,1617627780,2021-04-05T13:03:00
0.00951559,0.00951559,0.00951559,0.00951559,1617626940,2021-04-05T12:49:00
0.00945266,0.00945266,0.00945266,0.00945266,1617624480,2021-04-05T12:08:00
0.00939136,0.00939136,0.00939136,0.00939136,1617623460,2021-04-05T11:51:00
0.00943745,0.00943745,0.00943745,0.00943745,1617623340,2021-04-05T11:49:00
0.00954732,0.00954732,0.00954732,0.00954732,1617623040,2021-04-05T11:44:00
0.00959598,0.00959598,0.00959598,0.00959598,1617622920,2021-04-05T11:42:00
0.0094943,0.0094943,0.0094943,0.0094943,1617620880,2021-04-05T11:08:00
0.00954045,0.00954045,0.00954045,0.00954045,1617619080,2021-04-05T10:38:00
0.00951003,0.00951003,0.00951003,0.00951003,1617618780,2021-04-05T10:33:00
0.00939877,0.00939877,0.00939877,0.00939877,1617617820,2021-04-05T10:17:00
0.00937828,0.00937828,0.00937828,0.00937828,1617617340,2021-04-05T10:09:00
0.00936056,0.00936056,0.00936056,0.00936056,1617615420,2021-04-05T09:37:00
0.00942201,0.00942201,0.00942201,0.00942201,1617614820,2021-04-05T09:27:00
0.00937404,0.00937404,0.00937404,0.00937404,1617614640,2021-04-05T09:24:00
0.00942896,0.00942896,0.00942896,0.00942896,1617614340,2021-04-05T09:19:00
0.00929685,0.00929685,0.00929685,0.00929685,1617610260,2021-04-05T08:11:00
0.00927734,0.00927734,0.00927734,0.00927734,1617604260,2021-04-05T06:31:00
0.00926343,0.00926343,0.00926343,0.00926343,1617602520,2021-04-05T06:02:00
0.00926222,0.00926222,0.00926222,0.00926222,1617601440,2021-04-05T05:44:00
0.00931191,0.00931191,0.00931191,0.00931191,1617599640,2021-04-05T05:14:00
0.00943316,0.00943316,0.00943316,0.00943316,1617599580,2021-04-05T05:13:00
0.0094307,0.0094307,0.0094307,0.0094307,1617599460,2021-04-05T05:11:00
0.00955465,0.00955465,0.00955465,0.00955465,1617599040,2021-04-05T05:04:00
0.00961905,0.00961905,0.00961905,0.00961905,1617597780,2021-04-05T04:43:00
0.00957278,0.00957278,0.00957278,0.00957278,1617597360,2021-04-05T04:36:00
0.00950447,0.00950447,0.00950447,0.00950447,1617596220,2021-04-05T04:17:00
0.00936484,0.00943638,0.00936484,0.00943638,1617595620,2021-04-05T04:07:00
0.00942997,0.00942997,0.00942997,0.00942997,1617595440,2021-04-05T04:04:00
0.00938969,0.00938969,0.00938969,0.00938969,1617595260,2021-04-05T04:01:00
0.00937634,0.00937634,0.00937634,0.00937634,1617594420,2021-04-05T03:47:00
0.00921617,0.00921617,0.00921617,0.00921617,1617592380,2021-04-05T03:13:00
0.00918599,0.00918599,0.00918599,0.00918599,1617592320,2021-04-05T03:12:00
0.00916604,0.00916604,0.00916604,0.00916604,1617591780,2021-04-05T03:03:00
0.00916062,0.00916062,0.00916062,0.00916062,1617591120,2021-04-05T02:52:00
0.00913504,0.00913504,0.00913504,0.00913504,1617590820,2021-04-05T02:47:00
0.00910825,0.00910825,0.00910825,0.00910825,1617590640,2021-04-05T02:44:00
0.00906611,0.00906611,0.00906611,0.00906611,1617590580,2021-04-05T02:43:00
0.00904539,0.00904539,0.00904539,0.00904539,1617590220,2021-04-05T02:37:00
0.00901414,0.00901414,0.00901414,0.00901414,1617588900,2021-04-05T02:15:00
0.00916326,0.00916326,0.00916326,0.00916326,1617586680,2021-04-05T01:38:00
0.00900529,0.00900529,0.00900529,0.00900529,1617584400,2021-04-05T01:00:00
0.00902373,0.00902373,0.00902373,0.00902373,1617582180,2021-04-05T00:23:00
0.00898213,0.00898213,0.00898213,0.00898213,1617578280,2021-04-04T23:18:00
0.00899408,0.00899408,0.00899408,0.00899408,1617574260,2021-04-04T22:11:00
0.00894451,0.00894451,0.00894451,0.00894451,1617571920,2021-04-04T21:32:00
0.00897721,0.00897721,0.00897721,0.00897721,1617571020,2021-04-04T21:17:00
0.0090369,0.0090369,0.0090369,0.0090369,1617566220,2021-04-04T19:57:00
0.00903756,0.00903756,0.00903756,0.00903756,1617565980,2021-04-04T19:53:00
0.00910046,0.00910046,0.00910046,0.00910046,1617564540,2021-04-04T19:29:00
0.00909783,0.00909783,0.00909783,0.00909783,1617563040,2021-04-04T19:04:00
0.00924431,0.00924431,0.00924431,0.00924431,1617562860,2021-04-04T19:01:00
0.00888555,0.00888555,0.00888555,0.00888555,1617561180,2021-04-04T18:33:00
0.00890161,0.00890161,0.00890161,0.00890161,1617559680,2021-04-04T18:08:00
0.00894116,0.00894116,0.00894116,0.00894116,1617559500,2021-04-04T18:05:00
0.00900102,0.00900102,0.00900102,0.00900102,1617558960,2021-04-04T17:56:00
0.00895906,0.00895906,0.00895906,0.00895906,1617557820,2021-04-04T17:37:00
0.00885138,0.00885138,0.00885138,0.00885138,1617555780,2021-04-04T17:03:00
0.00889786,0.00889786,0.00889786,0.00889786,1617553260,2021-04-04T16:21:00
0.00897134,0.00897134,0.00897134,0.00897134,1617552180,2021-04-04T16:03:00
0.0089593,0.0089593,0.0089593,0.0089593,1617551520,2021-04-04T15:52:00
0.00887881,0.00887881,0.00887881,0.00887881,1617551460,2021-04-04T15:51:00
0.00895945,0.00895945,0.00895945,0.00895945,1617551100,2021-04-04T15:45:00
0.00858903,0.00858903,0.00858903,0.00858903,1617551040,2021-04-04T15:44:00
0.00836808,0.00836808,0.00836808,0.00836808,1617550860,2021-04-04T15:41:00
0.0084478,0.0084478,0.0084478,0.0084478,1617550800,2021-04-04T15:40:00
0.00858205,0.00858205,0.00858205,0.00858205,1617550020,2021-04-04T15:27:00
0.00857338,0.00857338,0.00857338,0.00857338,1617549300,2021-04-04T15:15:00
0.00857496,0.00857496,0.00857496,0.00857496,1617549180,2021-04-04T15:13:00
0.00865213,0.00865213,0.00865213,0.00865213,1617544500,2021-04-04T13:55:00
0.00854391,0.00854391,0.00854391,0.00854391,1617536160,2021-04-04T11:36:00
0.00853419,0.00853419,0.00853419,0.00853419,1617535440,2021-04-04T11:24:00
0.00849626,0.00849626,0.00849626,0.00849626,1617529920,2021-04-04T09:52:00
0.00843645,0.00843645,0.00843645,0.00843645,1617529440,2021-04-04T09:44:00
0.00832449,0.00832449,0.00832449,0.00832449,1617528720,2021-04-04T09:32:00
0.00827086,0.00827086,0.00827086,0.00827086,1617528660,2021-04-04T09:31:00
0.00824848,0.00824848,0.00824848,0.00824848,1617527280,2021-04-04T09:08:00
0.00821512,0.00821512,0.00821512,0.00821512,1617526380,2021-04-04T08:53:00
0.00816651,0.00816651,0.00816651,0.00816651,1617522420,2021-04-04T07:47:00
0.00814177,0.00814177,0.00814177,0.00814177,1617518400,2021-04-04T06:40:00
0.00807777,0.00807777,0.00807777,0.00807777,1617516780,2021-04-04T06:13:00
0.00802974,0.00802974,0.00802974,0.00802974,1617513600,2021-04-04T05:20:00
0.00785672,0.00785672,0.00785672,0.00785672,1617513540,2021-04-04T05:19:00
0.00777409,0.00777409,0.00777409,0.00777409,1617512280,2021-04-04T04:58:00
0.00780762,0.00780762,0.00780762,0.00780762,1617510540,2021-04-04T04:29:00
0.00780772,0.00780772,0.00780772,0.00780772,1617509520,2021-04-04T04:12:00
0.00777541,0.00777541,0.00777541,0.00777541,1617507360,2021-04-04T03:36:00
0.00802142,0.00802142,0.00802142,0.00802142,1617493920,2021-04-03T23:52:00
0.00801366,0.00801366,0.00801366,0.00801366,1617488160,2021-04-03T22:16:00
0.00800212,0.00800212,0.00800212,0.00800212,1617475380,2021-04-03T18:43:00
0.0080577,0.0080577,0.0080577,0.0080577,1617471300,2021-04-03T17:35:00
0.00811174,0.00811174,0.00811174,0.00811174,1617469860,2021-04-03T17:11:00
0.00821193,0.00821193,0.00821193,0.00821193,1617463740,2021-04-03T15:29:00
0.00816269,0.00816269,0.00816269,0.00816269,1617462960,2021-04-03T15:16:00
0.00828699,0.00828699,0.00828699,0.00828699,1617459480,2021-04-03T14:18:00
0.00845661,0.00845661,0.00845661,0.00845661,1617459360,2021-04-03T14:16:00
0.00833024,0.00852703,0.00833024,0.00852703,1617457500,2021-04-03T13:45:00
0.00817205,0.00817205,0.00817205,0.00817205,1617448680,2021-04-03T11:18:00
0.00820011,0.00820011,0.00820011,0.00820011,1617448380,2021-04-03T11:13:00
0.0081538,0.0081538,0.0081538,0.0081538,1617441840,2021-04-03T09:24:00
0.00803784,0.00803784,0.00803784,0.00803784,1617441240,2021-04-03T09:14:00
0.00809491,0.00809491,0.00809491,0.00809491,1617440820,2021-04-03T09:07:00
0.00856651,0.00856651,0.00856651,0.00856651,1617432660,2021-04-03T06:51:00
0.00871979,0.00871979,0.00871979,0.00871979,1617431700,2021-04-03T06:35:00
0.00874705,0.00874705,0.00874705,0.00874705,1617428580,2021-04-03T05:43:00
0.00877607,0.00877607,0.00877607,0.00877607,1617428400,2021-04-03T05:40:00
0.00875331,0.00875331,0.00875331,0.00875331,1617425760,2021-04-03T04:56:00
0.00871855,0.00871855,0.00871855,0.00871855,1617419940,2021-04-03T03:19:00
0.00876461,0.00876461,0.00876461,0.00876461,1617414000,2021-04-03T01:40:00
0.00884647,0.00884647,0.00884647,0.00884647,1617406560,2021-04-02T23:36:00
0.00878361,0.00878361,0.00878361,0.00878361,1617406080,2021-04-02T23:28:00
0.00847249,0.00847249,0.00847249,0.00847249,1617399660,2021-04-02T21:41:00
0.00829903,0.00829903,0.00829903,0.00829903,1617397440,2021-04-02T21:04:00
0.00818725,0.00818725,0.00818725,0.00818725,1617394740,2021-04-02T20:19:00
0.00800593,0.00800593,0.00800593,0.00800593,1617394080,2021-04-02T20:08:00
0.00791401,0.00791401,0.00791401,0.00791401,1617388860,2021-04-02T18:41:00
0.00791569,0.00791569,0.00791569,0.00791569,1617387960,2021-04-02T18:26:00
0.00785174,0.00785174,0.00785174,0.00785174,1617383400,2021-04-02T17:10:00
0.00788485,0.00788485,0.00788485,0.00788485,1617383160,2021-04-02T17:06:00
0.00793481,0.00793481,0.00793481,0.00793481,1617379860,2021-04-02T16:11:00
0.00781089,0.00781089,0.00781089,0.00781089,1617379680,2021-04-02T16:08:00
0.00825403,0.00825403,0.00825403,0.00825403,1617379380,2021-04-02T16:03:00
0.00874184,0.00874184,0.00874184,0.00874184,1617377820,2021-04-02T15:37:00
0.00872152,0.00872152,0.00872152,0.00872152,1617376260,2021-04-02T15:11:00
0.00861268,0.00861268,0.00861268,0.00861268,1617372660,2021-04-02T14:11:00
0.00852394,0.00852394,0.00852394,0.00852394,1617370920,2021-04-02T13:42:00
0.00861538,0.00861538,0.00861538,0.00861538,1617367080,2021-04-02T12:38:00
0.00865263,0.00865263,0.00865263,0.00865263,1617366900,2021-04-02T12:35:00
0.0086337,0.0086337,0.0086337,0.0086337,1617365160,2021-04-02T12:06:00
0.00865567,0.00865567,0.00865567,0.00865567,1617362400,2021-04-02T11:20:00
0.00878965,0.00878965,0.00878965,0.00878965,1617361320,2021-04-02T11:02:00
0.00876109,0.00876109,0.00876109,0.00876109,1617356940,2021-04-02T09:49:00
0.00846406,0.00850242,0.00846406,0.00850242,1617354840,2021-04-02T09:14:00
0.00844166,0.00844166,0.00844166,0.00844166,1617353700,2021-04-02T08:55:00
0.0084226,0.0084226,0.0084226,0.0084226,1617353160,2021-04-02T08:46:00
0.00841491,0.00841491,0.00841491,0.00841491,1617352140,2021-04-02T08:29:00
0.00860652,0.00860652,0.00860652,0.00860652,1617348960,2021-04-02T07:36:00
0.00880262,0.00880262,0.00880262,0.00880262,1617347340,2021-04-02T07:09:00
0.00885456,0.00885456,0.00885456,0.00885456,1617347160,2021-04-02T07:06:00
0.00886682,0.00886682,0.00886682,0.00886682,1617345240,2021-04-02T06:34:00
0.00885539,0.00885539,0.00885539,0.00885539,1617344760,2021-04-02T06:26:00
0.00899388,0.00899388,0.00899388,0.00899388,1617342660,2021-04-02T05:51:00
0.00913844,0.00913844,0.00913844,0.00913844,1617341940,2021-04-02T05:39:00
0.00921759,0.00921759,0.00921759,0.00921759,1617341760,2021-04-02T05:36:00
0.00913828,0.00913828,0.00913828,0.00913828,1617340260,2021-04-02T05:11:00
0.00909107,0.00909107,0.00909107,0.00909107,1617340020,2021-04-02T05:07:00
0.00912953,0.00912953,0.00912953,0.00912953,1617339480,2021-04-02T04:58:00
0.00908517,0.00908517,0.00908517,0.00908517,1617338700,2021-04-02T04:45:00
0.00908942,0.00908942,0.00908942,0.00908942,1617337800,2021-04-02T04:30:00
0.00915053,0.00915053,0.00915053,0.00915053,1617334140,2021-04-02T03:29:00
0.009167,0.009167,0.009167,0.009167,1617333900,2021-04-02T03:25:00
0.00894732,0.00894732,0.00894732,0.00894732,1617332280,2021-04-02T02:58:00
0.00899524,0.00899524,0.00899524,0.00899524,1617330360,2021-04-02T02:26:00
0.00888686,0.00888686,0.00888686,0.00888686,1617327840,2021-04-02T01:44:00
0.00882083,0.00882083,0.00882083,0.00882083,1617327780,2021-04-02T01:43:00
0.00877439,0.00877439,0.00877439,0.00877439,1617325980,2021-04-02T01:13:00
0.00878371,0.00878371,0.00878371,0.00878371,1617311340,2021-04-01T21:09:00
0.00872619,0.00872619,0.00872619,0.00872619,1617311280,2021-04-01T21:08:00
0.00857265,0.00857265,0.00857265,0.00857265,1617309780,2021-04-01T20:43:00
0.00860805,0.00860805,0.00860805,0.00860805,1617304920,2021-04-01T19:22:00
0.00854181,0.00854181,0.00854181,0.00854181,1617299220,2021-04-01T17:47:00
0.00852114,0.00852114,0.00852114,0.00852114,1617298680,2021-04-01T17:38:00
0.0084909,0.0084909,0.0084909,0.0084909,1617292980,2021-04-01T16:03:00
0.00842931,0.00842931,0.00842931,0.00842931,1617291900,2021-04-01T15:45:00
0.0083719,0.0083719,0.0083719,0.0083719,1617288900,2021-04-01T14:55:00
0.00828407,0.00828407,0.00828407,0.00828407,1617288180,2021-04-01T14:43:00
0.00823679,0.00823679,0.00823679,0.00823679,1617288060,2021-04-01T14:41:00
0.00830921,0.00830921,0.00830921,0.00830921,1617287760,2021-04-01T14:36:00
0.00834057,0.00834057,0.00834057,0.00834057,1617286560,2021-04-01T14:16:00
0.00820481,0.00820481,0.00820481,0.00820481,1617282000,2021-04-01T13:00:00
0.00826172,0.00826172,0.00826172,0.00826172,1617279960,2021-04-01T12:26:00
0.00830105,0.00830105,0.00830105,0.00830105,1617261360,2021-04-01T07:16:00
0.00850694,0.00850694,0.00850694,0.00850694,1617261060,2021-04-01T07:11:00
0.00789542,0.00789542,0.00789542,0.00789542,1617257160,2021-04-01T06:06:00
0.00797501,0.00797501,0.00797501,0.00797501,1617252780,2021-04-01T04:53:00
0.00835887,0.00835887,0.00835887,0.00835887,1617250620,2021-04-01T04:17:00
0.00870571,0.00870571,0.00870571,0.00870571,1617250380,2021-04-01T04:13:00
0.00870234,0.00870234,0.00870234,0.00870234,1617250200,2021-04-01T04:10:00
0.00866802,0.00866802,0.00866802,0.00866802,1617248340,2021-04-01T03:39:00
0.00872424,0.00872424,0.00872424,0.00872424,1617247560,2021-04-01T03:26:00
0.0087047,0.0087047,0.0087047,0.0087047,1617245820,2021-04-01T02:57:00
0.00859142,0.00859142,0.00859142,0.00859142,1617244860,2021-04-01T02:41:00
0.00854078,0.00854078,0.00854078,0.00854078,1617244200,2021-04-01T02:30:00
0.00854974,0.00854974,0.00854974,0.00854974,1617242040,2021-04-01T01:54:00
0.00855045,0.00855045,0.00855045,0.00855045,1617241980,2021-04-01T01:53:00
0.00856839,0.00856839,0.00856839,0.00856839,1617237720,2021-04-01T00:42:00
0.00854686,0.00854686,0.00854686,0.00854686,1617237480,2021-04-01T00:38:00
0.00851616,0.00851616,0.00851616,0.00851616,1617233880,2021-03-31T23:38:00
0.00846456,0.00846456,0.00846456,0.00846456,1617233580,2021-03-31T23:33:00
0.00830254,0.00830254,0.00830254,0.00830254,1617232560,2021-03-31T23:16:00
0.00818298,0.00818298,0.00818298,0.00818298,1617228420,2021-03-31T22:07:00
0.00819734,0.00819734,0.00819734,0.00819734,1617227700,2021-03-31T21:55:00
0.00841329,0.00841329,0.00841329,0.00841329,1617226020,2021-03-31T21:27:00
0.00841099,0.00841099,0.00841099,0.00841099,1617225060,2021-03-31T21:11:00
0.00818075,0.00818075,0.00818075,0.00818075,1617224940,2021-03-31T21:09:00
0.00805428,0.00805428,0.00805428,0.00805428,1617224400,2021-03-31T21:00:00
0.00775623,0.00775623,0.00775623,0.00775623,1617216420,2021-03-31T18:47:00
0.00768436,0.00768436,0.00768436,0.00768436,1617210000,2021-03-31T17:00:00
0.00766691,0.00766691,0.00766691,0.00766691,1617203640,2021-03-31T15:14:00
0.00760779,0.00760779,0.00760779,0.00760779,1617203460,2021-03-31T15:11:00
0.00766796,0.00766796,0.00766796,0.00766796,1617199440,2021-03-31T14:04:00
0.00759371,0.00759371,0.00759371,0.00759371,1617196200,2021-03-31T13:10:00
0.00755917,0.00755917,0.00755917,0.00755917,1617191640,2021-03-31T11:54:00
0.00756477,0.00756477,0.00756477,0.00756477,1617191340,2021-03-31T11:49:00
0.00760752,0.00760752,0.00760752,0.00760752,1617187620,2021-03-31T10:47:00
0.00768921,0.00768921,0.00768921,0.00768921,1617182340,2021-03-31T09:19:00
0.0076538,0.0076538,0.0076538,0.0076538,1617180600,2021-03-31T08:50:00
0.00767819,0.00767819,0.00767819,0.00767819,1617167400,2021-03-31T05:10:00
0.0076778,0.0076778,0.0076778,0.0076778,1617145380,2021-03-30T23:03:00
0.00771834,0.00771834,0.00771834,0.00771834,1617144720,2021-03-30T22:52:00
0.00779109,0.00779109,0.00779109,0.00779109,1617144060,2021-03-30T22:41:00
0.00785235,0.00785235,0.00785235,0.00785235,1617143760,2021-03-30T22:36:00
0.00780126,0.00780126,0.00780126,0.00780126,1617143340,2021-03-30T22:29:00
0.00777351,0.00777351,0.00777351,0.00777351,1617142440,2021-03-30T22:14:00
0.00773935,0.00773935,0.00773935,0.00773935,1617142380,2021-03-30T22:13:00
0.00768084,0.00768084,0.00768084,0.00768084,1617141660,2021-03-30T22:01:00
0.0076479,0.0076479,0.0076479,0.0076479,1617138420,2021-03-30T21:07:00
0.00768389,0.00768389,0.00768389,0.00768389,1617135840,2021-03-30T20:24:00
0.00764076,0.00764076,0.00764076,0.00764076,1617132840,2021-03-30T19:34:00
0.00752753,0.00752753,0.00752753,0.00752753,1617132780,2021-03-30T19:33:00
0.00749899,0.00749899,0.00749899,0.00749899,1617131880,2021-03-30T19:18:00
0.00744603,0.00744603,0.00744603,0.00744603,1617131160,2021-03-30T19:06:00
0.0073387,0.0073387,0.0073387,0.0073387,1617130920,2021-03-30T19:02:00
0.00742051,0.00742051,0.00737306,0.00737306,1617129660,2021-03-30T18:41:00
0.00714187,0.00719245,0.00714187,0.00719245,1617129600,2021-03-30T18:40:00
0.00720447,0.00720447,0.00720447,0.00720447,1617129000,2021-03-30T18:30:00
0.00715877,0.00715877,0.00715877,0.00715877,1617128040,2021-03-30T18:14:00
0.0071284,0.0071284,0.0071284,0.0071284,1617127860,2021-03-30T18:11:00
0.00705593,0.00705593,0.00705593,0.00705593,1617126840,2021-03-30T17:54:00
0.00709873,0.00709873,0.00709873,0.00709873,1617126480,2021-03-30T17:48:00
0.00717002,0.00717002,0.00717002,0.00717002,1617124980,2021-03-30T17:23:00
0.00735608,0.00735608,0.00735608,0.00735608,1617124140,2021-03-30T17:09:00
0.00758062,0.00758062,0.00758062,0.00758062,1617124020,2021-03-30T17:07:00
0.00758537,0.00758537,0.00758537,0.00758537,1617120540,2021-03-30T16:09:00
0.00756894,0.00756894,0.00756894,0.00756894,1617118980,2021-03-30T15:43:00
0.00756418,0.00756418,0.00756418,0.00756418,1617118560,2021-03-30T15:36:00
0.00756207,0.00756207,0.00756207,0.00756207,1617118380,2021-03-30T15:33:00
0.00760407,0.00760407,0.00760407,0.00760407,1617118260,2021-03-30T15:31:00
0.00771104,0.00771104,0.00771104,0.00771104,1617118200,2021-03-30T15:30:00
0.00781562,0.00781562,0.00781562,0.00781562,1617111420,2021-03-30T13:37:00
0.00799309,0.00799309,0.00799309,0.00799309,1617109680,2021-03-30T13:08:00
0.00807265,0.00807265,0.00807265,0.00807265,1617105120,2021-03-30T11:52:00
0.00814732,0.00814732,0.00814732,0.00814732,1617103440,2021-03-30T11:24:00
0.00823294,0.00823294,0.00823294,0.00823294,1617102960,2021-03-30T11:16:00
0.0082533,0.0082533,0.0082533,0.0082533,1617097200,2021-03-30T09:40:00
0.00827465,0.00827465,0.00827465,0.00827465,1617097080,2021-03-30T09:38:00
0.0082979,0.0082979,0.0082979,0.0082979,1617096780,2021-03-30T09:33:00
0.00827884,0.00827884,0.00827884,0.00827884,1617096420,2021-03-30T09:27:00
0.00841241,0.00841241,0.00841241,0.00841241,1617096240,2021-03-30T09:24:00
0.00853417,0.00853417,0.00853417,0.00853417,1617095340,2021-03-30T09:09:00
0.00862852,0.00862852,0.00862852,0.00862852,1617095160,2021-03-30T09:06:00
0.00875412,0.00875412,0.00875412,0.00875412,1617094200,2021-03-30T08:50:00
0.0088235,0.0088235,0.0088235,0.0088235,1617093900,2021-03-30T08:45:00
0.00884875,0.00884875,0.00884875,0.00884875,1617093480,2021-03-30T08:38:00
0.00885725,0.00885725,0.00885725,0.00885725,1617093300,2021-03-30T08:35:00
0.00891481,0.00891481,0.00891481,0.00891481,1617092460,2021-03-30T08:21:00
0.00890642,0.00890642,0.00890642,0.00890642,1617092340,2021-03-30T08:19:00
0.00892202,0.00892202,0.00892202,0.00892202,1617090120,2021-03-30T07:42:00
0.00890575,0.00890575,0.00890575,0.00890575,1617088440,2021-03-30T07:14:00
0.0089603,0.0089603,0.0089603,0.0089603,1617086520,2021-03-30T06:42:00
0.00903098,0.00903098,0.00903098,0.00903098,1617085740,2021-03-30T06:29:00
0.00901904,0.00901904,0.00901904,0.00901904,1617084960,2021-03-30T06:16:00
0.00892691,0.00892691,0.00892691,0.00892691,1617083700,2021-03-30T05:55:00
0.00900013,0.00900013,0.00900013,0.00900013,1617082320,2021-03-30T05:32:00
0.00888106,0.00888106,0.00888106,0.00888106,1617076980,2021-03-30T04:03:00
0.00880272,0.00880272,0.00880272,0.00880272,1617076320,2021-03-30T03:52:00
0.00884252,0.00884252,0.00884252,0.00884252,1617075660,2021-03-30T03:41:00
0.00891946,0.00891946,0.00891946,0.00891946,1617074340,2021-03-30T03:19:00
0.00899857,0.00899857,0.00899857,0.00899857,1617062160,2021-03-29T23:56:00
0.00900389,0.00900389,0.00900389,0.00900389,1617061020,2021-03-29T23:37:00
0.00905919,0.00905919,0.00905919,0.00905919,1617060120,2021-03-29T23:22:00
0.00906571,0.00906571,0.00906571,0.00906571,1617057300,2021-03-29T22:35:00
0.00899989,0.00899989,0.00899989,0.00899989,1617055860,2021-03-29T22:11:00
0.00905095,0.00905095,0.00905095,0.00905095,1617055080,2021-03-29T21:58:00
0.00904329,0.00904329,0.00904329,0.00904329,1617054180,2021-03-29T21:43:00
0.00899886,0.00899886,0.00899886,0.00899886,1617053940,2021-03-29T21:39:00
0.00907744,0.00907744,0.00907744,0.00907744,1617052260,2021-03-29T21:11:00
0.00907349,0.00907349,0.00907349,0.00907349,1617049140,2021-03-29T20:19:00
0.00908597,0.00908597,0.00908597,0.00908597,1617047160,2021-03-29T19:46:00
0.0090696,0.0090696,0.0090696,0.0090696,1617044460,2021-03-29T19:01:00
0.00904195,0.00904195,0.00904195,0.00904195,1617043920,2021-03-29T18:52:00
0.00903377,0.00903377,0.00903377,0.00903377,1617043380,2021-03-29T18:43:00
0.00895632,0.00895632,0.00895632,0.00895632,1617042780,2021-03-29T18:33:00
0.00883497,0.00883497,0.00883497,0.00883497,1617041520,2021-03-29T18:12:00
0.00887689,0.00887689,0.00887689,0.00887689,1617041280,2021-03-29T18:08:00
0.0089215,0.0089215,0.0089215,0.0089215,1617039840,2021-03-29T17:44:00
0.00892095,0.00892095,0.00892095,0.00892095,1617039600,2021-03-29T17:40:00
0.00884226,0.00884226,0.00884226,0.00884226,1617039480,2021-03-29T17:38:00
0.00887578,0.00887578,0.00887578,0.00887578,1617038340,2021-03-29T17:19:00
0.00877471,0.00877471,0.00877471,0.00877471,1617037080,2021-03-29T16:58:00
0.00870016,0.00870016,0.00870016,0.00870016,1617035940,2021-03-29T16:39:00
0.00871777,0.00871777,0.00871777,0.00871777,1617034080,2021-03-29T16:08:00
0.00867515,0.00867515,0.00867515,0.00867515,1617030240,2021-03-29T15:04:00
0.00871189,0.00871189,0.00871189,0.00871189,1617029400,2021-03-29T14:50:00
0.00865441,0.00865441,0.00865441,0.00865441,1617028020,2021-03-29T14:27:00
0.00871923,0.00871923,0.00871923,0.00871923,1617026100,2021-03-29T13:55:00
0.00871659,0.00871659,0.00871659,0.00871659,1617024900,2021-03-29T13:35:00
0.00871214,0.00871214,0.00871214,0.00871214,1617024420,2021-03-29T13:27:00
0.00889371,0.00889371,0.00889371,0.00889371,1617021660,2021-03-29T12:41:00
0.0089203,0.0089203,0.0089203,0.0089203,1617015900,2021-03-29T11:05:00
0.00866906,0.00866906,0.00866906,0.00866906,1617010680,2021-03-29T09:38:00
0.00864091,0.00864091,0.00864091,0.00864091,1617007800,2021-03-29T08:50:00
0.00855152,0.00855152,0.00855152,0.00855152,1617006900,2021-03-29T08:35:00
0.00859217,0.00859217,0.00859217,0.00859217,1617006180,2021-03-29T08:23:00
0.00858045,0.00858045,0.00858045,0.00858045,1617005460,2021-03-29T08:11:00
0.00853685,0.00853685,0.00853685,0.00853685,1617003960,2021-03-29T07:46:00
0.00851192,0.00851192,0.00851192,0.00851192,1617002460,2021-03-29T07:21:00
0.00838573,0.00838573,0.00838573,0.00838573,1617001140,2021-03-29T06:59:00
0.00837928,0.00837928,0.00837928,0.00837928,1617000960,2021-03-29T06:56:00
0.00822788,0.00822788,0.00822788,0.00822788,1616998140,2021-03-29T06:09:00
0.00815984,0.00815984,0.00815984,0.00815984,1616993520,2021-03-29T04:52:00
0.00822918,0.00822918,0.00822918,0.00822918,1616987700,2021-03-29T03:15:00
0.00846494,0.00846494,0.00846494,0.00846494,1616984520,2021-03-29T02:22:00
0.00842797,0.00842797,0.00842797,0.00842797,1616980320,2021-03-29T01:12:00
0.00838794,0.00838794,0.00838794,0.00838794,1616979840,2021-03-29T01:04:00
0.00842295,0.00842295,0.00842295,0.00842295,1616977140,2021-03-29T00:19:00
0.00853819,0.00853819,0.00853819,0.00853819,1616974980,2021-03-28T23:43:00
0.00857546,0.00857546,0.00857546,0.00857546,1616966100,2021-03-28T21:15:00
0.00856514,0.00856514,0.00856514,0.00856514,1616964840,2021-03-28T20:54:00
0.00851237,0.00851237,0.00851237,0.00851237,1616961240,2021-03-28T19:54:00
0.00852806,0.00852806,0.00852806,0.00852806,1616959680,2021-03-28T19:28:00
0.00876966,0.00876966,0.00876966,0.00876966,1616954940,2021-03-28T18:09:00
0.00885121,0.00885121,0.00885121,0.00885121,1616945700,2021-03-28T15:35:00
0.00890304,0.00890304,0.00890304,0.00890304,1616941200,2021-03-28T14:20:00
0.00890353,0.00890353,0.00890353,0.00890353,1616941140,2021-03-28T14:19:00
0.00891693,0.00891693,0.00891693,0.00891693,1616934720,2021-03-28T12:32:00
0.00893902,0.00893902,0.00893902,0.00893902,1616934600,2021-03-28T12:30:00
0.00907852,0.00907852,0.00907852,0.00907852,1616928480,2021-03-28T10:48:00
0.00921391,0.00921391,0.00921391,0.00921391,1616928180,2021-03-28T10:43:00
0.0093508,0.0093508,0.0093508,0.0093508,1616928060,2021-03-28T10:41:00
0.0094214,0.0094214,0.0094214,0.0094214,1616927820,2021-03-28T10:37:00
0.00941535,0.00941535,0.00941535,0.00941535,1616927280,2021-03-28T10:28:00
0.00940088,0.00940088,0.00940088,0.00940088,1616926980,2021-03-28T10:23:00
0.00936682,0.00936682,0.00936682,0.00936682,1616917080,2021-03-28T07:38:00
0.00937965,0.00937965,0.00937965,0.00937965,1616913780,2021-03-28T06:43:00
0.00939777,0.00939777,0.00939777,0.00939777,1616912820,2021-03-28T06:27:00
0.0093882,0.0093882,0.0093882,0.0093882,1616908920,2021-03-28T05:22:00
0.00927601,0.00927601,0.00927601,0.00927601,1616908380,2021-03-28T05:13:00
0.00929228,0.00929228,0.00929228,0.00929228,1616902200,2021-03-28T03:30:00
0.00933341,0.00933341,0.00933341,0.00933341,1616901600,2021-03-28T03:20:00
0.00936691,0.00936691,0.00936691,0.00936691,1616896380,2021-03-28T01:53:00
0.00933867,0.00933867,0.00933867,0.00933867,1616894580,2021-03-28T01:23:00
0.00931223,0.00931223,0.00931223,0.00931223,1616894340,2021-03-28T01:19:00
0.00941667,0.00941667,0.00941667,0.00941667,1616891340,2021-03-28T00:29:00
0.00941748,0.00941748,0.00941748,0.00941748,1616888040,2021-03-27T23:34:00
0.0096472,0.0096472,0.0096472,0.0096472,1616885520,2021-03-27T22:52:00
0.00983465,0.00983465,0.00983465,0.00983465,1616883360,2021-03-27T22:16:00
0.00983201,0.00983201,0.00983201,0.00983201,1616882760,2021-03-27T22:06:00
0.00981232,0.00981232,0.00981232,0.00981232,1616882040,2021-03-27T21:54:00
0.00978015,0.00978015,0.00978015,0.00978015,1616881080,2021-03-27T21:38:00
0.00968476,0.00968476,0.00968476,0.00968476,1616880840,2021-03-27T21:34:00
0.00944545,0.00944545,0.00944545,0.00944545,1616878860,2021-03-27T21:01:00
0.0092931,0.0092931,0.0092931,0.0092931,1616876880,2021-03-27T20:28:00
0.00923527,0.00923527,0.00923527,0.00923527,1616876040,2021-03-27T20:14:00
0.00929774,0.00929774,0.00929774,0.00929774,1616872320,2021-03-27T19:12:00
0.00926896,0.00926896,0.00926896,0.00926896,1616871300,2021-03-27T18:55:00
0.00924741,0.00924741,0.00924741,0.00924741,1616866920,2021-03-27T17:42:00
0.00919964,0.00919964,0.00919964,0.00919964,1616866380,2021-03-27T17:33:00
0.00922493,0.00922493,0.00922493,0.00922493,1616865960,2021-03-27T17:26:00
0.0092287,0.0092287,0.0092287,0.0092287,1616865720,2021-03-27T17:22:00
0.00915082,0.00915082,0.00915082,0.00915082,1616864040,2021-03-27T16:54:00
0.00896228,0.00896228,0.00896228,0.00896228,1616863620,2021-03-27T16:47:00
0.00894032,0.00894032,0.00894032,0.00894032,1616861880,2021-03-27T16:18:00
0.00870043,0.00870043,0.00870043,0.00870043,1616857740,2021-03-27T15:09:00
0.00869181,0.00869181,0.00869181,0.00869181,1616856780,2021-03-27T14:53:00
0.00869936,0.00869936,0.00869936,0.00869936,1616856060,2021-03-27T14:41:00
0.00864681,0.00864681,0.00864681,0.00864681,1616855760,2021-03-27T14:36:00
0.00873039,0.00873039,0.00873039,0.00873039,1616854620,2021-03-27T14:17:00
0.0086766,0.0086766,0.0086766,0.0086766,1616853960,2021-03-27T14:06:00
0.00872113,0.00872113,0.00872113,0.00872113,1616851800,2021-03-27T13:30:00
0.00868082,0.00868082,0.00868082,0.00868082,1616851440,2021-03-27T13:24:00
0.0086859,0.00870619,0.0086859,0.00870619,1616848140,2021-03-27T12:29:00
0.00866726,0.00866726,0.00866726,0.00866726,1616847840,2021-03-27T12:24:00
0.00862584,0.00862584,0.00862584,0.00862584,1616847600,2021-03-27T12:20:00
0.00867119,0.00867119,0.00867119,0.00867119,1616841900,2021-03-27T10:45:00
0.00878868,0.00878868,0.00878868,0.00878868,1616839920,2021-03-27T10:12:00
0.00872786,0.00872786,0.00872786,0.00872786,1616839320,2021-03-27T10:02:00
0.0086421,0.0086421,0.0086421,0.0086421,1616838180,2021-03-27T09:43:00
0.00859304,0.00859304,0.00859304,0.00859304,1616836680,2021-03-27T09:18:00
0.00857947,0.00857947,0.00857947,0.00857947,1616835240,2021-03-27T08:54:00
0.00855584,0.00855584,0.0085419,0.0085419,1616835060,2021-03-27T08:51:00
0.00864522,0.00864522,0.00864522,0.00864522,1616833440,2021-03-27T08:24:00
0.00862456,0.00862456,0.00862456,0.00862456,1616832420,2021-03-27T08:07:00
0.00846527,0.00846527,0.00846527,0.00846527,1616832180,2021-03-27T08:03:00
0.00817867,0.00817867,0.00817867,0.00817867,1616830980,2021-03-27T07:43:00
0.00810997,0.00810997,0.00810997,0.00810997,1616830080,2021-03-27T07:28:00
0.00806518,0.00806518,0.00806518,0.00806518,1616829660,2021-03-27T07:21:00
0.00804385,0.00804385,0.00804385,0.00804385,1616828760,2021-03-27T07:06:00
0.00801826,0.00801826,0.00801826,0.00801826,1616827740,2021-03-27T06:49:00
0.00798419,0.00798419,0.00798419,0.00798419,1616826180,2021-03-27T06:23:00
0.00796074,0.00796074,0.00796074,0.00796074,1616825580,2021-03-27T06:13:00
0.00791338,0.00791338,0.00791338,0.00791338,1616824860,2021-03-27T06:01:00
0.0079083,0.0079083,0.0079083,0.0079083,1616824380,2021-03-27T05:53:00
0.00788701,0.00788701,0.00788701,0.00788701,1616820540,2021-03-27T04:49:00
0.00774432,0.00774432,0.00774432,0.00774432,1616816700,2021-03-27T03:45:00
0.00762765,0.00762765,0.00762765,0.00762765,1616813340,2021-03-27T02:49:00
0.00759651,0.00759651,0.00759651,0.00759651,1616812680,2021-03-27T02:38:00
0.0076217,0.0076217,0.0076217,0.0076217,1616810880,2021-03-27T02:08:00
0.0075794,0.0075794,0.0075794,0.0075794,1616807700,2021-03-27T01:15:00
0.00757924,0.00757924,0.00757924,0.00757924,1616806920,2021-03-27T01:02:00
0.00750208,0.00750208,0.00750208,0.00750208,1616806260,2021-03-27T00:51:00
0.00745184,0.00745184,0.00745184,0.00745184,1616804520,2021-03-27T00:22:00
0.00741514,0.00741514,0.00741514,0.00741514,1616803980,2021-03-27T00:13:00
0.00741722,0.00741722,0.00741722,0.00741722,1616801760,2021-03-26T23:36:00
0.00738712,0.00738712,0.00738712,0.00738712,1616798160,2021-03-26T22:36:00
0.00738069,0.00738069,0.00738069,0.00738069,1616797260,2021-03-26T22:21:00
0.00742009,0.00742009,0.00742009,0.00742009,1616796600,2021-03-26T22:10:00
0.00744632,0.00744632,0.00744632,0.00744632,1616796060,2021-03-26T22:01:00
0.00747508,0.00747508,0.00747508,0.00747508,1616795340,2021-03-26T21:49:00
0.00740943,0.00740943,0.00740943,0.00740943,1616794320,2021-03-26T21:32:00
0.00738267,0.00738267,0.00738267,0.00738267,1616790540,2021-03-26T20:29:00
0.007349,0.007349,0.007349,0.007349,1616788320,2021-03-26T19:52:00
0.00733035,0.00733035,0.00733035,0.00733035,1616788260,2021-03-26T19:51:00
0.00731484,0.00731484,0.00731484,0.00731484,1616786040,2021-03-26T19:14:00
0.00736743,0.00736743,0.00736743,0.00736743,1616784960,2021-03-26T18:56:00
0.00735294,0.00735294,0.00735294,0.00735294,1616784420,2021-03-26T18:47:00
0.00732578,0.0073529,0.00732578,0.0073529,1616782980,2021-03-26T18:23:00
0.00731071,0.00731071,0.00731071,0.00731071,1616781600,2021-03-26T18:00:00
0.00726345,0.00726345,0.00726345,0.00726345,1616780460,2021-03-26T17:41:00
0.00717177,0.00717177,0.00717177,0.00717177,1616779860,2021-03-26T17:31:00
0.00690384,0.00698047,0.00690384,0.00698047,1616779560,2021-03-26T17:26:00
0.00687928,0.00689469,0.00687928,0.00689469,1616779440,2021-03-26T17:24:00
0.00681825,0.00683435,0.00681825,0.00683435,1616779080,2021-03-26T17:18:00
0.00680539,0.00680539,0.00680539,0.00680539,1616778900,2021-03-26T17:15:00
0.00677388,0.00677388,0.00677388,0.00677388,1616778300,2021-03-26T17:05:00
0.0066937,0.0066937,0.0066937,0.0066937,1616777340,2021-03-26T16:49:00
0.00662364,0.00662364,0.00662364,0.00662364,1616777220,2021-03-26T16:47:00
0.00655328,0.00655328,0.00655328,0.00655328,1616774040,2021-03-26T15:54:00
0.00660208,0.00660208,0.00660208,0.00660208,1616760540,2021-03-26T12:09:00
0.00671173,0.00671173,0.00671173,0.00671173,1616760120,2021-03-26T12:02:00
0.00669442,0.00669442,0.00669442,0.00669442,1616758800,2021-03-26T11:40:00
0.00661756,0.00661756,0.00661756,0.00661756,1616753460,2021-03-26T10:11:00
0.00648267,0.00648267,0.00648267,0.00648267,1616752560,2021-03-26T09:56:00
0.00637958,0.00637958,0.00637958,0.00637958,1616752320,2021-03-26T09:52:00
0.00636927,0.00636927,0.00636927,0.00636927,1616752020,2021-03-26T09:47:00
0.00633931,0.00633931,0.00633931,0.00633931,1616751780,2021-03-26T09:43:00
0.00641838,0.00641838,0.00641838,0.00641838,1616751600,2021-03-26T09:40:00
0.00652806,0.00652806,0.00652806,0.00652806,1616750880,2021-03-26T09:28:00
0.00654754,0.00654754,0.00654754,0.00654754,1616750760,2021-03-26T09:26:00
0.00671889,0.00671889,0.00671889,0.00671889,1616749860,2021-03-26T09:11:00
0.00687007,0.00687007,0.00687007,0.00687007,1616749560,2021-03-26T09:06:00
0.00704226,0.00704226,0.00704226,0.00704226,1616749260,2021-03-26T09:01:00
0.00712392,0.00712392,0.00712392,0.00712392,1616747100,2021-03-26T08:25:00
0.00707268,0.00707268,0.00707268,0.00707268,1616743800,2021-03-26T07:30:00
0.00710921,0.00710921,0.00710921,0.00710921,1616736360,2021-03-26T05:26:00
0.00704293,0.00704293,0.00704293,0.00704293,1616734980,2021-03-26T05:03:00
0.00702242,0.00702242,0.00702242,0.00702242,1616734920,2021-03-26T05:02:00
0.00701132,0.00701132,0.00701132,0.00701132,1616734860,2021-03-26T05:01:00
0.00693446,0.00693446,0.00693446,0.00693446,1616734560,2021-03-26T04:56:00
0.00672146,0.00672146,0.00672146,0.00672146,1616733480,2021-03-26T04:38:00
0.00662866,0.00662866,0.00662866,0.00662866,1616733300,2021-03-26T04:35:00
0.0064837,0.0064837,0.00647585,0.00647585,1616733240,2021-03-26T04:34:00
0.00631345,0.00631345,0.00631345,0.00631345,1616733060,2021-03-26T04:31:00
0.00636726,0.00636726,0.00636726,0.00636726,1616730540,2021-03-26T03:49:00
0.00626172,0.00626172,0.00626172,0.00626172,1616728440,2021-03-26T03:14:00
0.00630101,0.00630101,0.00630101,0.00630101,1616726280,2021-03-26T02:38:00
0.00631207,0.00631207,0.00631207,0.00631207,1616725440,2021-03-26T02:24:00
0.00628454,0.00628454,0.00628454,0.00628454,1616724780,2021-03-26T02:13:00
0.00615265,0.00615265,0.00615265,0.00615265,1616715780,2021-03-25T23:43:00
0.00615191,0.00615191,0.00615191,0.00615191,1616715240,2021-03-25T23:34:00
0.00606591,0.00606591,0.00606591,0.00606591,1616713680,2021-03-25T23:08:00
0.0061375,0.0061375,0.0061375,0.0061375,1616711400,2021-03-25T22:30:00
0.00629705,0.00629705,0.00629705,0.00629705,1616711160,2021-03-25T22:26:00
0.00636463,0.00636463,0.00636463,0.00636463,1616707320,2021-03-25T21:22:00
0.00636111,0.00636111,0.00636111,0.00636111,1616704980,2021-03-25T20:43:00
0.00632733,0.00632733,0.00632733,0.00632733,1616702820,2021-03-25T20:07:00
0.00628908,0.00628908,0.00628908,0.00628908,1616697660,2021-03-25T18:41:00
0.00620158,0.00620158,0.00620158,0.00620158,1616697060,2021-03-25T18:31:00
0.00621889,0.00621889,0.00621889,0.00621889,1616694180,2021-03-25T17:43:00
0.00618588,0.00618588,0.00618588,0.00618588,1616693700,2021-03-25T17:35:00
0.00625712,0.00625712,0.00625712,0.00625712,1616693640,2021-03-25T17:34:00
0.00633856,0.00633856,0.00633856,0.00633856,1616693400,2021-03-25T17:30:00
0.00641423,0.00641423,0.00641423,0.00641423,1616692620,2021-03-25T17:17:00
0.00639235,0.00639235,0.00639235,0.00639235,1616690820,2021-03-25T16:47:00
0.00633981,0.00633981,0.00633981,0.00633981,1616690100,2021-03-25T16:35:00
0.00641658,0.00641658,0.00641658,0.00641658,1616689440,2021-03-25T16:24:00
0.00644574,0.00644574,0.00644574,0.00644574,1616685660,2021-03-25T15:21:00
0.00641611,0.00641611,0.00641611,0.00641611,1616685120,2021-03-25T15:12:00
0.00648464,0.00648464,0.00648464,0.00648464,1616684400,2021-03-25T15:00:00
0.00666761,0.00666761,0.00666761,0.00666761,1616683080,2021-03-25T14:38:00
0.00685627,0.00685627,0.00675248,0.00675248,1616678880,2021-03-25T13:28:00
0.00693588,0.00693588,0.00693588,0.00693588,1616678040,2021-03-25T13:14:00
0.00704062,0.00704062,0.00704062,0.00704062,1616677440,2021-03-25T13:04:00
0.00701279,0.00701279,0.00701279,0.00701279,1616677200,2021-03-25T13:00:00
0.0067354,0.0067354,0.0067354,0.0067354,1616677080,2021-03-25T12:58:00
0.00666609,0.00666609,0.00664027,0.00664027,1616676960,2021-03-25T12:56:00
0.00648564,0.00648564,0.00648564,0.00648564,1616675820,2021-03-25T12:37:00
0.00644645,0.00644645,0.00644645,0.00644645,1616675760,2021-03-25T12:36:00
0.00642622,0.00642622,0.00642622,0.00642622,1616675520,2021-03-25T12:32:00
0.00635721,0.00635721,0.00635721,0.00635721,1616675460,2021-03-25T12:31:00
0.0062023,0.00624911,0.0062023,0.00624911,1616675340,2021-03-25T12:29:00
0.00625044,0.00625044,0.00625044,0.00625044,1616675100,2021-03-25T12:25:00
0.00617871,0.00617871,0.00617871,0.00617871,1616675040,2021-03-25T12:24:00
0.00610593,0.00610593,0.00610593,0.00610593,1616674740,2021-03-25T12:19:00
0.00607317,0.00607317,0.00607317,0.00607317,1616674680,2021-03-25T12:18:00
0.00601502,0.00601502,0.00601502,0.00601502,1616674620,2021-03-25T12:17:00
0.00595618,0.00595618,0.00595618,0.00595618,1616674560,2021-03-25T12:16:00
0.00580043,0.00580043,0.00580043,0.00580043,1616674500,2021-03-25T12:15:00
0.0064181,0.0064181,0.0064181,0.0064181,1616674440,2021-03-25T12:14:00
0.00752765,0.00752765,0.00752765,0.00752765,1616671620,2021-03-25T11:27:00
0.00748283,0.00748283,0.00748283,0.00748283,1616670720,2021-03-25T11:12:00
0.00744467,0.00744467,0.00744467,0.00744467,1616667060,2021-03-25T10:11:00
0.00733295,0.00733295,0.00733295,0.00733295,1616659980,2021-03-25T08:13:00
0.00727106,0.00727106,0.00727106,0.00727106,1616659800,2021-03-25T08:10:00
0.00729955,0.00729955,0.00729955,0.00729955,1616658060,2021-03-25T07:41:00
0.00725139,0.00725139,0.00725139,0.00725139,1616656200,2021-03-25T07:10:00
0.00720659,0.00720659,0.00720659,0.00720659,1616655480,2021-03-25T06:58:00
0.00723027,0.00723027,0.00723027,0.00723027,1616653980,2021-03-25T06:33:00
0.00721558,0.00721558,0.00721558,0.00721558,1616650740,2021-03-25T05:39:00
0.00724574,0.00724574,0.00724574,0.00724574,1616645400,2021-03-25T04:10:00
0.00723317,0.00723317,0.00723317,0.00723317,1616644920,2021-03-25T04:02:00
0.00722483,0.00722483,0.00722483,0.00722483,1616636040,2021-03-25T01:34:00
0.00726983,0.00726983,0.00726983,0.00726983,1616633340,2021-03-25T00:49:00
0.00721465,0.00721465,0.00721465,0.00721465,1616632800,2021-03-25T00:40:00
0.00724254,0.00724254,0.00724254,0.00724254,1616630040,2021-03-24T23:54:00
0.00726656,0.00726656,0.00726656,0.00726656,1616625840,2021-03-24T22:44:00
0.00743956,0.00743956,0.00743956,0.00743956,1616623980,2021-03-24T22:13:00
0.00737515,0.00737515,0.00737515,0.00737515,1616623620,2021-03-24T22:07:00
0.00736201,0.00736201,0.00736201,0.00736201,1616623560,2021-03-24T22:06:00
0.00738274,0.00738274,0.00738274,0.00738274,1616621580,2021-03-24T21:33:00
0.0073773,0.0073773,0.0073773,0.0073773,1616620860,2021-03-24T21:21:00
0.00738056,0.00738056,0.00738056,0.00738056,1616620200,2021-03-24T21:10:00
0.00741366,0.00741366,0.00741366,0.00741366,1616619600,2021-03-24T21:00:00
0.00768418,0.00768418,0.00768418,0.00768418,1616618640,2021-03-24T20:44:00
0.00767238,0.00767238,0.00767238,0.00767238,1616617920,2021-03-24T20:32:00
0.00767672,0.00767672,0.00767672,0.00767672,1616617740,2021-03-24T20:29:00
0.00772006,0.00772006,0.00772006,0.00772006,1616617440,2021-03-24T20:24:00
0.00764913,0.00764913,0.00764913,0.00764913,1616617140,2021-03-24T20:19:00
0.00766127,0.00766127,0.00766127,0.00766127,1616616420,2021-03-24T20:07:00
0.00765816,0.00765816,0.00765816,0.00765816,1616615880,2021-03-24T19:58:00
0.00757055,0.00757055,0.00757055,0.00757055,1616615640,2021-03-24T19:54:00
0.0076112,0.0076112,0.0076112,0.0076112,1616614200,2021-03-24T19:30:00
0.00763879,0.00763879,0.00763879,0.00763879,1616611380,2021-03-24T18:43:00
0.0077605,0.0077605,0.0077605,0.0077605,1616610240,2021-03-24T18:24:00
0.00802062,0.00802062,0.00802062,0.00802062,1616609220,2021-03-24T18:07:00
0.00802984,0.00802984,0.00802984,0.00802984,1616607660,2021-03-24T17:41:00
0.00796311,0.00796311,0.00796311,0.00796311,1616607060,2021-03-24T17:31:00
0.00803417,0.00803417,0.00803417,0.00803417,1616604840,2021-03-24T16:54:00
0.00798097,0.00798097,0.00798097,0.00798097,1616604480,2021-03-24T16:48:00
0.00805106,0.00805106,0.00805106,0.00805106,1616598480,2021-03-24T15:08:00
0.0081053,0.0081053,0.0081053,0.0081053,1616593080,2021-03-24T13:38:00
0.00818148,0.00818148,0.00818148,0.00818148,1616591760,2021-03-24T13:16:00
0.00827371,0.00827371,0.00827371,0.00827371,1616590560,2021-03-24T12:56:00
0.00833288,0.00833288,0.00833288,0.00833288,1616589720,2021-03-24T12:42:00
0.00821794,0.00821794,0.00821794,0.00821794,1616587500,2021-03-24T12:05:00
0.00814085,0.00814085,0.00814085,0.00814085,1616587320,2021-03-24T12:02:00
0.00809789,0.00809789,0.00809789,0.00809789,1616583780,2021-03-24T11:03:00
0.00825238,0.00825238,0.00825238,0.00825238,1616583660,2021-03-24T11:01:00
0.00839427,0.00839427,0.00839427,0.00839427,1616575860,2021-03-24T08:51:00
0.00838409,0.00838409,0.00838409,0.00838409,1616575380,2021-03-24T08:43:00
0.00832752,0.00832752,0.00832752,0.00832752,1616573100,2021-03-24T08:05:00
0.00821015,0.00821015,0.00821015,0.00821015,1616568840,2021-03-24T06:54:00
0.00817191,0.00817191,0.00817191,0.00817191,1616568240,2021-03-24T06:44:00
0.0078084,0.0078084,0.0078084,0.0078084,1616568180,2021-03-24T06:43:00
0.00769977,0.00769977,0.00769977,0.00769977,1616566980,2021-03-24T06:23:00
0.00770134,0.00770134,0.00770134,0.00770134,1616565720,2021-03-24T06:02:00
0.00769274,0.00769274,0.00769274,0.00769274,1616563560,2021-03-24T05:26:00
0.00768106,0.00768106,0.00768106,0.00768106,1616556780,2021-03-24T03:33:00
0.00763506,0.00763506,0.00763506,0.00763506,1616551980,2021-03-24T02:13:00
0.00762495,0.00762495,0.00762495,0.00762495,1616549220,2021-03-24T01:27:00
0.00757707,0.00757707,0.00757707,0.00757707,1616548860,2021-03-24T01:21:00
0.00756273,0.00756273,0.00756273,0.00756273,1616548620,2021-03-24T01:17:00
0.00754413,0.00754413,0.00754413,0.00754413,1616547900,2021-03-24T01:05:00
0.00752677,0.00752677,0.00752677,0.00752677,1616547600,2021-03-24T01:00:00
0.00762132,0.00762132,0.00762132,0.00762132,1616544180,2021-03-24T00:03:00
0.00782039,0.00782039,0.00782039,0.00782039,1616539260,2021-03-23T22:41:00
0.00815587,0.00815587,0.00815587,0.00815587,1616538540,2021-03-23T22:29:00
0.00835518,0.00835518,0.00835518,0.00835518,1616537220,2021-03-23T22:07:00
0.00830823,0.00830823,0.00830823,0.00830823,1616535240,2021-03-23T21:34:00
0.00837087,0.00837087,0.00837087,0.00837087,1616532420,2021-03-23T20:47:00
0.00838894,0.00838894,0.00838894,0.00838894,1616532180,2021-03-23T20:43:00
0.00848603,0.00848603,0.00848603,0.00848603,1616526720,2021-03-23T19:12:00
0.00847135,0.00847135,0.00847135,0.00847135,1616522700,2021-03-23T18:05:00
0.00849816,0.00849816,0.00849816,0.00849816,1616520240,2021-03-23T17:24:00
0.00863768,0.00863768,0.00863768,0.00863768,1616520180,2021-03-23T17:23:00
0.00866536,0.00866536,0.00866536,0.00866536,1616511660,2021-03-23T15:01:00
0.00868155,0.00868155,0.00868155,0.00868155,1616509440,2021-03-23T14:24:00
0.00872505,0.00872505,0.00872505,0.00872505,1616505600,2021-03-23T13:20:00
0.00883769,0.00883769,0.00883769,0.00883769,1616504460,2021-03-23T13:01:00
0.0087872,0.0087872,0.0087872,0.0087872,1616503440,2021-03-23T12:44:00
0.00876696,0.00876696,0.00876696,0.00876696,1616501640,2021-03-23T12:14:00
0.008665,0.008665,0.008665,0.008665,1616496780,2021-03-23T10:53:00
0.00862611,0.00862611,0.00862611,0.00862611,1616492520,2021-03-23T09:42:00
0.00856493,0.00856493,0.00856493,0.00856493,1616484660,2021-03-23T07:31:00
0.00845695,0.00845695,0.00845695,0.00845695,1616483640,2021-03-23T07:14:00
0.00828915,0.00828915,0.00828915,0.00828915,1616482380,2021-03-23T06:53:00
0.00826114,0.00826114,0.00826114,0.00826114,1616481300,2021-03-23T06:35:00
0.00807017,0.00807017,0.00807017,0.00807017,1616479920,2021-03-23T06:12:00
0.00797258,0.00797258,0.00797258,0.00797258,1616479740,2021-03-23T06:09:00
0.00810358,0.00810358,0.00810358,0.00810358,1616479140,2021-03-23T05:59:00
0.00808894,0.00808894,0.00808894,0.00808894,1616478540,2021-03-23T05:49:00
0.00810054,0.00810054,0.00810054,0.00810054,1616477460,2021-03-23T05:31:00
0.0081784,0.0081784,0.0081784,0.0081784,1616474400,2021-03-23T04:40:00
0.00815421,0.00815421,0.00815421,0.00815421,1616473560,2021-03-23T04:26:00
0.00823872,0.00823872,0.00823872,0.00823872,1616472660,2021-03-23T04:11:00
0.00803078,0.00803078,0.00803078,0.00803078,1616472600,2021-03-23T04:10:00
0.00800068,0.00800068,0.00800068,0.00800068,1616466360,2021-03-23T02:26:00
0.00805615,0.00805615,0.00805615,0.00805615,1616465100,2021-03-23T02:05:00
0.00796073,0.00796073,0.00796073,0.00796073,1616464320,2021-03-23T01:52:00
0.00797586,0.00797586,0.00797586,0.00797586,1616462400,2021-03-23T01:20:00
0.00797332,0.00797332,0.00797332,0.00797332,1616460420,2021-03-23T00:47:00
0.00805475,0.00805475,0.00805475,0.00805475,1616455380,2021-03-22T23:23:00
0.00802883,0.00802883,0.00802883,0.00802883,1616453700,2021-03-22T22:55:00
0.00791945,0.00791945,0.00791945,0.00791945,1616453640,2021-03-22T22:54:00
0.00786098,0.00786098,0.00786098,0.00786098,1616451660,2021-03-22T22:21:00
0.00775933,0.00775933,0.00775933,0.00775933,1616450340,2021-03-22T21:59:00
0.00762999,0.00762999,0.00762999,0.00762999,1616449620,2021-03-22T21:47:00
0.0076208,0.0076208,0.0076208,0.0076208,1616449260,2021-03-22T21:41:00
0.00794234,0.00794234,0.00794234,0.00794234,1616448960,2021-03-22T21:36:00
0.00909194,0.00909194,0.00909194,0.00909194,1616440920,2021-03-22T19:22:00
0.0092331,0.0092331,0.0092331,0.0092331,1616435040,2021-03-22T17:44:00
0.00926181,0.00926181,0.00926181,0.00926181,1616430600,2021-03-22T16:30:00
0.00923963,0.00923963,0.00923963,0.00923963,1616428800,2021-03-22T16:00:00
0.00931739,0.00931739,0.00931739,0.00931739,1616415240,2021-03-22T12:14:00
0.00923106,0.00923106,0.00923106,0.00923106,1616398860,2021-03-22T07:41:00
0.0091611,0.0091611,0.0091611,0.0091611,1616393160,2021-03-22T06:06:00
0.00906332,0.00906332,0.00906332,0.00906332,1616381640,2021-03-22T02:54:00
0.00915834,0.00915834,0.00915834,0.00915834,1616379540,2021-03-22T02:19:00
0.00923312,0.00923312,0.00923312,0.00923312,1616372700,2021-03-22T00:25:00
0.00930459,0.00930459,0.00930459,0.00930459,1616369760,2021-03-21T23:36:00
0.00942314,0.00942314,0.00942314,0.00942314,1616364960,2021-03-21T22:16:00
0.00940793,0.00940793,0.00940793,0.00940793,1616358540,2021-03-21T20:29:00
0.00931998,0.00931998,0.00931998,0.00931998,1616352960,2021-03-21T18:56:00
0.00927158,0.00927158,0.00927158,0.00927158,1616352660,2021-03-21T18:51:00
0.00932491,0.00932491,0.00932491,0.00932491,1616349420,2021-03-21T17:57:00
0.009252,0.009252,0.009252,0.009252,1616347080,2021-03-21T17:18:00
0.00922785,0.00922785,0.00922785,0.00922785,1616345460,2021-03-21T16:51:00
0.00918884,0.00918884,0.00918884,0.00918884,1616345280,2021-03-21T16:48:00
0.00922199,0.00922199,0.00922199,0.00922199,1616339520,2021-03-21T15:12:00
0.00926898,0.00926898,0.00926898,0.00926898,1616337720,2021-03-21T14:42:00
0.00927386,0.00927386,0.00927386,0.00927386,1616336280,2021-03-21T14:18:00
0.0091852,0.0091852,0.0091852,0.0091852,1616326140,2021-03-21T11:29:00
0.00923153,0.00923153,0.00923153,0.00923153,1616321580,2021-03-21T10:13:00
0.00938184,0.00938184,0.00938184,0.00938184,1616320320,2021-03-21T09:52:00
0.00963133,0.00963133,0.00963133,0.00963133,1616316540,2021-03-21T08:49:00
0.00960506,0.00960506,0.00960506,0.00960506,1616314440,2021-03-21T08:14:00
0.00962957,0.00962957,0.00962957,0.00962957,1616307960,2021-03-21T06:26:00
0.00974905,0.00974905,0.00974905,0.00974905,1616285280,2021-03-21T00:08:00
0.00978413,0.00978413,0.00978413,0.00978413,1616283240,2021-03-20T23:34:00
0.00980071,0.00980071,0.00980071,0.00980071,1616282640,2021-03-20T23:24:00
0.00980687,0.00980687,0.00980687,0.00980687,1616280360,2021-03-20T22:46:00
0.00977878,0.00977878,0.00977878,0.00977878,1616277720,2021-03-20T22:02:00
0.00984561,0.00984561,0.00984561,0.00984561,1616276520,2021-03-20T21:42:00
0.00980537,0.00980537,0.00980537,0.00980537,1616272260,2021-03-20T20:31:00
0.00991155,0.00991155,0.00991155,0.00991155,1616265180,2021-03-20T18:33:00
0.00999194,0.00999194,0.00999194,0.00999194,1616264220,2021-03-20T18:17:00
0.00994607,0.00994607,0.00994607,0.00994607,1616259060,2021-03-20T16:51:00
0.00992534,0.00992534,0.00992534,0.00992534,1616254260,2021-03-20T15:31:00
0.00960339,0.00960339,0.00960339,0.00960339,1616254140,2021-03-20T15:29:00
0.00935223,0.00935223,0.00935223,0.00935223,1616252520,2021-03-20T15:02:00
0.00956761,0.00956761,0.00956761,0.00956761,1616243400,2021-03-20T12:30:00
0.00984323,0.00984323,0.00978116,0.00978116,1616242500,2021-03-20T12:15:00
0.00997745,0.00997745,0.00997745,0.00997745,1616242380,2021-03-20T12:13:00
0.010117,0.010117,0.010117,0.010117,1616241000,2021-03-20T11:50:00
0.0101006,0.0101006,0.0101006,0.0101006,1616239560,2021-03-20T11:26:00
0.0101661,0.0101661,0.0101661,0.0101661,1616238420,2021-03-20T11:07:00
0.0101337,0.0101337,0.0101337,0.0101337,1616236620,2021-03-20T10:37:00
0.0100998,0.0100998,0.0100998,0.0100998,1616234340,2021-03-20T09:59:00
0.01007,0.01007,0.01007,0.01007,1616232540,2021-03-20T09:29:00
0.0100768,0.0100768,0.0100768,0.0100768,1616232300,2021-03-20T09:25:00
0.0100584,0.0100584,0.0100584,0.0100584,1616231880,2021-03-20T09:18:00
0.00977681,0.00977681,0.00977681,0.00977681,1616231580,2021-03-20T09:13:00
0.00968755,0.00968755,0.00968755,0.00968755,1616231460,2021-03-20T09:11:00
0.00956017,0.00956017,0.00956017,0.00956017,1616230380,2021-03-20T08:53:00
0.00943766,0.00943766,0.00943766,0.00943766,1616229120,2021-03-20T08:32:00
0.00912025,0.00912025,0.00912025,0.00912025,1616227680,2021-03-20T08:08:00
0.00902539,0.00902539,0.00902539,0.00902539,1616223180,2021-03-20T06:53:00
0.00893834,0.00893834,0.00893834,0.00893834,1616222040,2021-03-20T06:34:00
0.00883667,0.00883667,0.00883667,0.00883667,1616219940,2021-03-20T05:59:00
0.00883164,0.00883164,0.00883164,0.00883164,1616219460,2021-03-20T05:51:00
0.0088287,0.0088287,0.0088287,0.0088287,1616217540,2021-03-20T05:19:00
0.00892096,0.00892096,0.00892096,0.00892096,1616216100,2021-03-20T04:55:00
0.0087247,0.0087247,0.0087247,0.0087247,1616216040,2021-03-20T04:54:00
0.00863722,0.00863722,0.00863722,0.00863722,1616215200,2021-03-20T04:40:00
0.00856883,0.00856883,0.00856883,0.00856883,1616215020,2021-03-20T04:37:00
0.00848025,0.00848025,0.00848025,0.00848025,1616214900,2021-03-20T04:35:00
0.00845048,0.00848133,0.00845048,0.00848133,1616208180,2021-03-20T02:43:00
0.00815859,0.00815859,0.00815859,0.00815859,1616207640,2021-03-20T02:34:00
0.0080109,0.0080109,0.0080109,0.0080109,1616202300,2021-03-20T01:05:00
0.00816297,0.00816297,0.00816297,0.00816297,1616201520,2021-03-20T00:52:00
0.00831733,0.00831733,0.00831733,0.00831733,1616199540,2021-03-20T00:19:00
0.00720708,0.00720708,0.00720708,0.00720708,1616199180,2021-03-20T00:13:00
0.00719509,0.00719509,0.00719509,0.00719509,1616198940,2021-03-20T00:09:00
0.00718518,0.00718518,0.00718518,0.00718518,1616198700,2021-03-20T00:05:00
0.0074107,0.0074107,0.0074107,0.0074107,1616198580,2021-03-20T00:03:00
0.00762346,0.00762346,0.00762346,0.00762346,1616198160,2021-03-19T23:56:00
0.00787999,0.00787999,0.00787999,0.00787999,1616198100,2021-03-19T23:55:00
0.00793918,0.00793918,0.00793918,0.00793918,1616197860,2021-03-19T23:51:00
0.00771019,0.00771019,0.00771019,0.00771019,1616197800,2021-03-19T23:50:00
0.00765081,0.00765081,0.00765081,0.00765081,1616194080,2021-03-19T22:48:00
0.00760838,0.00760838,0.00760838,0.00760838,1616191020,2021-03-19T21:57:00
0.0075647,0.0075647,0.0075647,0.0075647,1616190420,2021-03-19T21:47:00
0.00752865,0.00752865,0.00752865,0.00752865,1616185620,2021-03-19T20:27:00
0.00744576,0.00744576,0.00744576,0.00744576,1616185200,2021-03-19T20:20:00
0.00727902,0.00727902,0.00727902,0.00727902,1616177100,2021-03-19T18:05:00
0.00730908,0.00730908,0.00730908,0.00730908,1616170800,2021-03-19T16:20:00
0.00724325,0.00724325,0.00724325,0.00724325,1616169000,2021-03-19T15:50:00
0.00719588,0.00719588,0.00719588,0.00719588,1616168880,2021-03-19T15:48:00
0.00718125,0.00718125,0.00718125,0.00718125,1616168520,2021-03-19T15:42:00
0.00732378,0.00732378,0.00732378,0.00732378,1616167620,2021-03-19T15:27:00
0.00739441,0.00739441,0.00739441,0.00739441,1616167200,2021-03-19T15:20:00
0.00735276,0.00735276,0.00735276,0.00735276,1616166180,2021-03-19T15:03:00
0.00748975,0.00748975,0.00748975,0.00748975,1616166060,2021-03-19T15:01:00
0.00736566,0.00736566,0.00736566,0.00736566,1616165820,2021-03-19T14:57:00
0.00717646,0.00717646,0.00717646,0.00717646,1616165580,2021-03-19T14:53:00
0.00722991,0.00722991,0.00722991,0.00722991,1616164860,2021-03-19T14:41:00
0.00716814,0.00716814,0.00716814,0.00716814,1616162760,2021-03-19T14:06:00
0.00728645,0.00728645,0.00728645,0.00728645,1616158140,2021-03-19T12:49:00
0.00716827,0.00716827,0.00716827,0.00716827,1616152320,2021-03-19T11:12:00
0.00704629,0.00704629,0.00704629,0.00704629,1616148960,2021-03-19T10:16:00
0.00708426,0.00708426,0.00708426,0.00708426,1616145000,2021-03-19T09:10:00
0.00712399,0.00712399,0.00712399,0.00712399,1616144760,2021-03-19T09:06:00
0.00715207,0.00715207,0.00715207,0.00715207,1616144340,2021-03-19T08:59:00
0.00727672,0.00727672,0.00727672,0.00727672,1616143380,2021-03-19T08:43:00
0.00731232,0.00731232,0.00731232,0.00731232,1616130240,2021-03-19T05:04:00
0.00723171,0.00723171,0.00723171,0.00723171,1616128560,2021-03-19T04:36:00
0.00723002,0.00723002,0.00723002,0.00723002,1616127660,2021-03-19T04:21:00
0.00714229,0.00714229,0.00714229,0.00714229,1616125320,2021-03-19T03:42:00
0.00714659,0.00714659,0.00714659,0.00714659,1616124780,2021-03-19T03:33:00
0.00713176,0.00713176,0.00713176,0.00713176,1616115780,2021-03-19T01:03:00
0.00721624,0.00721624,0.00721624,0.00721624,1616099880,2021-03-18T20:38:00
0.00712738,0.00712738,0.00712738,0.00712738,1616098500,2021-03-18T20:15:00
0.00715603,0.00715603,0.00715603,0.00715603,1616092680,2021-03-18T18:38:00
0.00705627,0.00705627,0.00705627,0.00705627,1616081160,2021-03-18T15:26:00
0.00698322,0.00698322,0.00698322,0.00698322,1616079960,2021-03-18T15:06:00
0.00693248,0.00693248,0.00693248,0.00693248,1616076780,2021-03-18T14:13:00
0.00688796,0.00688796,0.00688796,0.00688796,1616073540,2021-03-18T13:19:00
0.00687428,0.00687428,0.00687428,0.00687428,1616070420,2021-03-18T12:27:00
0.00686671,0.00686671,0.00686671,0.00686671,1616069400,2021-03-18T12:10:00
0.00685309,0.00685309,0.00685309,0.00685309,1616068740,2021-03-18T11:59:00
0.00689533,0.00689533,0.00689533,0.00689533,1616060760,2021-03-18T09:46:00
0.00702107,0.00702107,0.00702107,0.00702107,1616060340,2021-03-18T09:39:00
0.00715286,0.00715286,0.00715286,0.00715286,1616059980,2021-03-18T09:33:00
0.00733914,0.00733914,0.00733914,0.00733914,1616059740,2021-03-18T09:29:00
0.0074808,0.0074808,0.0074808,0.0074808,1616058780,2021-03-18T09:13:00
0.0074906,0.0074906,0.0074906,0.0074906,1616055240,2021-03-18T08:14:00
0.00752469,0.00752469,0.00752469,0.00752469,1616049900,2021-03-18T06:45:00
0.00751764,0.00751764,0.00751764,0.00751764,1616042880,2021-03-18T04:48:00
0.00756294,0.00756294,0.00756294,0.00756294,1616038200,2021-03-18T03:30:00
0.00758559,0.00758559,0.00758559,0.00758559,1616037060,2021-03-18T03:11:00
0.00759093,0.00759093,0.00759093,0.00759093,1616021460,2021-03-17T22:51:00
0.00751937,0.00751937,0.00751937,0.00751937,1616014620,2021-03-17T20:57:00
0.00746875,0.00746875,0.00746875,0.00746875,1616009880,2021-03-17T19:38:00
0.00738426,0.00738426,0.00738426,0.00738426,1616008800,2021-03-17T19:20:00
0.00726604,0.00726604,0.00726604,0.00726604,1616007420,2021-03-17T18:57:00
0.00715187,0.00715187,0.00715187,0.00715187,1616005740,2021-03-17T18:29:00
0.00713058,0.00713058,0.00713058,0.00713058,1615999020,2021-03-17T16:37:00
0.00719392,0.00719392,0.00719392,0.00719392,1615998000,2021-03-17T16:20:00
0.00735063,0.00735063,0.00735063,0.00735063,1615996560,2021-03-17T15:56:00
0.00730181,0.00730181,0.00730181,0.00730181,1615993140,2021-03-17T14:59:00
0.0073063,0.0073063,0.0073063,0.0073063,1615985400,2021-03-17T12:50:00
0.00731298,0.00731298,0.00731298,0.00731298,1615984740,2021-03-17T12:39:00
0.00729265,0.00729265,0.00729265,0.00729265,1615981620,2021-03-17T11:47:00
0.00727553,0.00727553,0.00727553,0.00727553,1615979340,2021-03-17T11:09:00
0.00728517,0.00728517,0.00728517,0.00728517,1615978260,2021-03-17T10:51:00
0.00726593,0.00726593,0.00726593,0.00726593,1615974180,2021-03-17T09:43:00
0.00730937,0.00730937,0.00730937,0.00730937,1615969740,2021-03-17T08:29:00
0.00722247,0.00722247,0.00722247,0.00722247,1615967520,2021-03-17T07:52:00
0.00725629,0.00725629,0.00725629,0.00725629,1615953360,2021-03-17T03:56:00
0.00734598,0.00734598,0.00734598,0.00734598,1615948980,2021-03-17T02:43:00
0.00730395,0.00730395,0.00730395,0.00730395,1615948500,2021-03-17T02:35:00
0.00726671,0.00726671,0.00726671,0.00726671,1615942380,2021-03-17T00:53:00
0.00725522,0.00725522,0.00725522,0.00725522,1615942020,2021-03-17T00:47:00
0.00723503,0.00723503,0.00723503,0.00723503,1615940160,2021-03-17T00:16:00
0.00725256,0.00725256,0.00725256,0.00725256,1615932660,2021-03-16T22:11:00
0.00724556,0.00724556,0.00724556,0.00724556,1615931820,2021-03-16T21:57:00
0.00732039,0.00732039,0.00732039,0.00732039,1615928820,2021-03-16T21:07:00
0.00740301,0.00740301,0.00740301,0.00740301,1615923300,2021-03-16T19:35:00
0.00750916,0.00750916,0.00750916,0.00750916,1615913760,2021-03-16T16:56:00
0.00754915,0.00754915,0.00754915,0.00754915,1615911660,2021-03-16T16:21:00
0.00764327,0.00764327,0.00764327,0.00764327,1615910760,2021-03-16T16:06:00
0.00767176,0.00767176,0.00767176,0.00767176,1615908000,2021-03-16T15:20:00
0.00783675,0.00783675,0.00783675,0.00783675,1615907640,2021-03-16T15:14:00
0.00794719,0.00794719,0.00794719,0.00794719,1615903680,2021-03-16T14:08:00
0.00806461,0.00806461,0.00806461,0.00806461,1615902480,2021-03-16T13:48:00
0.00815835,0.00815835,0.00815835,0.00815835,1615898520,2021-03-16T12:42:00
0.00832181,0.00832181,0.00832181,0.00832181,1615898160,2021-03-16T12:36:00
0.00847567,0.00847567,0.00847567,0.00847567,1615893720,2021-03-16T11:22:00
0.00852299,0.00852299,0.00852299,0.00852299,1615887120,2021-03-16T09:32:00
0.00849943,0.00849943,0.00849943,0.00849943,1615885620,2021-03-16T09:07:00
0.00845562,0.00845562,0.00845562,0.00845562,1615881480,2021-03-16T07:58:00
0.00841993,0.00841993,0.00841993,0.00841993,1615877040,2021-03-16T06:44:00
0.00844268,0.00844268,0.00844268,0.00844268,1615875180,2021-03-16T06:13:00
0.00845302,0.00845302,0.00845302,0.00845302,1615873560,2021-03-16T05:46:00
0.00841398,0.00841398,0.00841398,0.00841398,1615864740,2021-03-16T03:19:00
0.00847334,0.00847334,0.00847334,0.00847334,1615862280,2021-03-16T02:38:00
0.00837509,0.00837509,0.00837509,0.00837509,1615856340,2021-03-16T00:59:00
0.00846089,0.00846089,0.00846089,0.00846089,1615844220,2021-03-15T21:37:00
0.00847784,0.00847784,0.00847784,0.00847784,1615842240,2021-03-15T21:04:00
0.00840276,0.00840276,0.00840276,0.00840276,1615839780,2021-03-15T20:23:00
0.00827081,0.00827081,0.00827081,0.00827081,1615838100,2021-03-15T19:55:00
0.00824026,0.00824026,0.00824026,0.00824026,1615837260,2021-03-15T19:41:00
0.00820354,0.00820354,0.00820354,0.00820354,1615837080,2021-03-15T19:38:00
0.0083229,0.0083229,0.0083229,0.0083229,1615836840,2021-03-15T19:34:00
0.00855139,0.00855139,0.00855139,0.00855139,1615833900,2021-03-15T18:45:00
0.00869187,0.00869187,0.00869187,0.00869187,1615830960,2021-03-15T17:56:00
0.00866259,0.00866259,0.00866259,0.00866259,1615824420,2021-03-15T16:07:00
0.00863108,0.00863108,0.00863108,0.00863108,1615820160,2021-03-15T14:56:00
0.00861694,0.00861694,0.00861694,0.00861694,1615815840,2021-03-15T13:44:00
0.00873348,0.00875253,0.00873348,0.00875253,1615815780,2021-03-15T13:43:00
0.00876899,0.00876899,0.00876899,0.00876899,1615815660,2021-03-15T13:41:00
0.00883366,0.00883366,0.00883366,0.00883366,1615808940,2021-03-15T11:49:00
0.00892478,0.00892478,0.00892478,0.00892478,1615806420,2021-03-15T11:07:00
0.00900555,0.00900555,0.00900555,0.00900555,1615802820,2021-03-15T10:07:00
0.00881547,0.00881547,0.00881547,0.00881547,1615802760,2021-03-15T10:06:00
0.00865873,0.00865873,0.00865873,0.00865873,1615802700,2021-03-15T10:05:00
0.00875189,0.00875189,0.00875189,0.00875189,1615798320,2021-03-15T08:52:00
0.00894077,0.00894077,0.00894077,0.00894077,1615797540,2021-03-15T08:39:00
0.00900321,0.00900321,0.00900321,0.00900321,1615792440,2021-03-15T07:14:00
0.00903189,0.00903189,0.00903189,0.00903189,1615791060,2021-03-15T06:51:00
0.0091846,0.0091846,0.0091846,0.0091846,1615757400,2021-03-14T21:30:00
0.00912084,0.00912084,0.00912084,0.00912084,1615757220,2021-03-14T21:27:00
0.00913764,0.00913764,0.00913764,0.00913764,1615750860,2021-03-14T19:41:00
0.00907272,0.00907272,0.00907272,0.00907272,1615749120,2021-03-14T19:12:00
0.00911146,0.00911146,0.00911146,0.00911146,1615746060,2021-03-14T18:21:00
0.00904903,0.00904903,0.00904903,0.00904903,1615745160,2021-03-14T18:06:00
0.00908642,0.00908642,0.00908642,0.00908642,1615741440,2021-03-14T17:04:00
0.00911487,0.00911487,0.00911487,0.00911487,1615739460,2021-03-14T16:31:00
0.00910066,0.00910066,0.00910066,0.00910066,1615739400,2021-03-14T16:30:00
0.00910514,0.00910514,0.00910514,0.00910514,1615735260,2021-03-14T15:21:00
0.00913837,0.00913837,0.00913837,0.00913837,1615725960,2021-03-14T12:46:00
0.00912727,0.00912727,0.00912727,0.00912727,1615724400,2021-03-14T12:20:00
0.00912302,0.00912302,0.00912302,0.00912302,1615720500,2021-03-14T11:15:00
0.00923926,0.00923926,0.00923926,0.00923926,1615717440,2021-03-14T10:24:00
0.00923955,0.00923955,0.00923955,0.00923955,1615715520,2021-03-14T09:52:00
0.00913942,0.00913942,0.00913942,0.00913942,1615706640,2021-03-14T07:24:00
0.00917513,0.00917513,0.00917513,0.00917513,1615705800,2021-03-14T07:10:00
0.0092035,0.0092035,0.0092035,0.0092035,1615702380,2021-03-14T06:13:00
0.00916186,0.00916186,0.00916186,0.00916186,1615700640,2021-03-14T05:44:00
0.00918329,0.00918329,0.00918329,0.00918329,1615700040,2021-03-14T05:34:00
0.00895345,0.00895345,0.00895345,0.00895345,1615699800,2021-03-14T05:30:00
0.00886895,0.00886895,0.00886895,0.00886895,1615687500,2021-03-14T02:05:00
0.00885517,0.00885517,0.00885517,0.00885517,1615685040,2021-03-14T01:24:00
0.00885957,0.00885957,0.00885957,0.00885957,1615679580,2021-03-13T23:53:00
0.00889331,0.00889331,0.00889331,0.00889331,1615679040,2021-03-13T23:44:00
0.00889692,0.00889692,0.00889692,0.00889692,1615673520,2021-03-13T22:12:00
0.00891758,0.00891758,0.00891758,0.00891758,1615673340,2021-03-13T22:09:00
0.00883652,0.00883652,0.00883652,0.00883652,1615671360,2021-03-13T21:36:00
0.00883787,0.00883787,0.00883787,0.00883787,1615663020,2021-03-13T19:17:00
0.00888196,0.00888196,0.00888196,0.00888196,1615662660,2021-03-13T19:11:00
0.00877079,0.00877079,0.00877079,0.00877079,1615654680,2021-03-13T16:58:00
0.00856704,0.00856704,0.00856704,0.00856704,1615654620,2021-03-13T16:57:00
0.00829934,0.00829934,0.00829934,0.00829934,1615653300,2021-03-13T16:35:00
0.008194,0.008194,0.008194,0.008194,1615650600,2021-03-13T15:50:00
0.00801996,0.00801996,0.00801996,0.00801996,1615643160,2021-03-13T13:46:00
0.00793146,0.00793146,0.00793146,0.00793146,1615641480,2021-03-13T13:18:00
0.00795777,0.00795777,0.00795777,0.00795777,1615640280,2021-03-13T12:58:00
0.00787678,0.00787678,0.00787678,0.00787678,1615638840,2021-03-13T12:34:00
0.0078967,0.0078967,0.0078967,0.0078967,1615638780,2021-03-13T12:33:00
0.00764293,0.00764293,0.00764293,0.00764293,1615630440,2021-03-13T10:14:00
0.00762417,0.00762417,0.00762417,0.00762417,1615629900,2021-03-13T10:05:00
0.00757956,0.00757956,0.00757956,0.00757956,1615624920,2021-03-13T08:42:00
0.00762844,0.00762844,0.00762844,0.00762844,1615623720,2021-03-13T08:22:00
0.00761192,0.00761192,0.00761192,0.00761192,1615621680,2021-03-13T07:48:00
0.0075706,0.0075706,0.0075706,0.0075706,1615619460,2021-03-13T07:11:00
0.00755767,0.00755767,0.00755767,0.00755767,1615617360,2021-03-13T06:36:00
0.00745195,0.00745195,0.00745195,0.00745195,1615612920,2021-03-13T05:22:00
0.00734883,0.00734883,0.00734883,0.00734883,1615609440,2021-03-13T04:24:00
0.00728005,0.00728005,0.00728005,0.00728005,1615598760,2021-03-13T01:26:00
0.00739823,0.00739823,0.00739823,0.00739823,1615598580,2021-03-13T01:23:00
0.00751135,0.00751135,0.00751135,0.00751135,1615598520,2021-03-13T01:22:00
0.00768582,0.00768582,0.00768582,0.00768582,1615592280,2021-03-12T23:38:00
0.00771989,0.00771989,0.00771989,0.00771989,1615590660,2021-03-12T23:11:00
0.00763307,0.00763307,0.00763307,0.00763307,1615588800,2021-03-12T22:40:00
0.00759595,0.00759595,0.00759595,0.00759595,1615588080,2021-03-12T22:28:00
0.00774848,0.00774848,0.00774848,0.00774848,1615586640,2021-03-12T22:04:00
0.00770763,0.00770763,0.00770763,0.00770763,1615586220,2021-03-12T21:57:00
0.00763276,0.00763276,0.00763276,0.00763276,1615585620,2021-03-12T21:47:00
0.00757151,0.00757151,0.00757151,0.00757151,1615584540,2021-03-12T21:29:00
0.00756747,0.00756747,0.00756747,0.00756747,1615584000,2021-03-12T21:20:00
0.00752781,0.00752781,0.00752781,0.00752781,1615582320,2021-03-12T20:52:00
0.007603,0.007603,0.007603,0.007603,1615574700,2021-03-12T18:45:00
0.00763906,0.00763906,0.00763906,0.00763906,1615567080,2021-03-12T16:38:00
0.00752612,0.00752612,0.00752612,0.00752612,1615564680,2021-03-12T15:58:00
0.00748728,0.00748728,0.00748728,0.00748728,1615557720,2021-03-12T14:02:00
0.00745932,0.00745932,0.00745932,0.00745932,1615557420,2021-03-12T13:57:00
0.00749457,0.00749457,0.00749457,0.00749457,1615550220,2021-03-12T11:57:00
0.00745743,0.00745743,0.00745743,0.00745743,1615548120,2021-03-12T11:22:00
0.00731236,0.00731236,0.00731236,0.00731236,1615547700,2021-03-12T11:15:00
0.00728316,0.00728316,0.00728316,0.00728316,1615543260,2021-03-12T10:01:00
0.00732701,0.00732701,0.00732701,0.00732701,1615543140,2021-03-12T09:59:00
0.00733302,0.00733302,0.00733302,0.00733302,1615540860,2021-03-12T09:21:00
0.00730426,0.00730426,0.00730426,0.00730426,1615538640,2021-03-12T08:44:00
0.00734375,0.00734375,0.00734375,0.00734375,1615533840,2021-03-12T07:24:00
0.00736227,0.00736227,0.00736227,0.00736227,1615531560,2021-03-12T06:46:00
0.00735159,0.00735159,0.00735159,0.00735159,1615530540,2021-03-12T06:29:00
0.00735176,0.00735176,0.00735176,0.00735176,1615529880,2021-03-12T06:18:00
0.00731389,0.00731389,0.00731389,0.00731389,1615529340,2021-03-12T06:09:00
0.00723085,0.00723085,0.00723085,0.00723085,1615529220,2021-03-12T06:07:00
0.00726478,0.00726478,0.00726478,0.00726478,1615526100,2021-03-12T05:15:00
0.00721241,0.00721241,0.00721241,0.00721241,1615522860,2021-03-12T04:21:00
0.00716972,0.00716972,0.00716972,0.00716972,1615519200,2021-03-12T03:20:00
0.00720742,0.00720742,0.00720742,0.00720742,1615518840,2021-03-12T03:14:00
0.00732226,0.00732226,0.00732226,0.00732226,1615518180,2021-03-12T03:03:00
0.00736034,0.00736034,0.00736034,0.00736034,1615515420,2021-03-12T02:17:00
0.00740774,0.00740774,0.00740774,0.00740774,1615511220,2021-03-12T01:07:00
0.00741997,0.00741997,0.00741997,0.00741997,1615510560,2021-03-12T00:56:00
0.00752556,0.00752556,0.00752556,0.00752556,1615497660,2021-03-11T21:21:00
0.00738131,0.00738131,0.00738131,0.00738131,1615493460,2021-03-11T20:11:00
0.00738393,0.00738393,0.00738393,0.00738393,1615492380,2021-03-11T19:53:00
0.00741843,0.00741843,0.00741843,0.00741843,1615487220,2021-03-11T18:27:00
0.00736466,0.00736466,0.00736466,0.00736466,1615486980,2021-03-11T18:23:00
0.00727986,0.00727986,0.00727986,0.00727986,1615486320,2021-03-11T18:12:00
0.00718996,0.00718996,0.00718996,0.00718996,1615483980,2021-03-11T17:33:00
0.00721489,0.00721489,0.00721489,0.00721489,1615482120,2021-03-11T17:02:00
0.0072825,0.0072825,0.0072825,0.0072825,1615477740,2021-03-11T15:49:00
0.00730858,0.00730858,0.00730858,0.00730858,1615477260,2021-03-11T15:41:00
0.00742582,0.00742582,0.00742582,0.00742582,1615476240,2021-03-11T15:24:00
0.00745885,0.00745885,0.00745885,0.00745885,1615474560,2021-03-11T14:56:00
0.00757645,0.007621,0.00757645,0.007621,1615472580,2021-03-11T14:23:00
0.00761788,0.00761788,0.00761788,0.00761788,1615472520,2021-03-11T14:22:00
0.00760245,0.00760245,0.00760245,0.00760245,1615470420,2021-03-11T13:47:00
0.00765501,0.00765501,0.00765501,0.00765501,1615469760,2021-03-11T13:36:00
0.00775039,0.00775039,0.00775039,0.00775039,1615469160,2021-03-11T13:26:00
0.00779841,0.00779841,0.00779631,0.00779631,1615468980,2021-03-11T13:23:00
0.00785413,0.00785413,0.00785413,0.00785413,1615468440,2021-03-11T13:14:00
0.00781863,0.00781863,0.00781863,0.00781863,1615467420,2021-03-11T12:57:00
0.00780875,0.00780875,0.00780875,0.00780875,1615466460,2021-03-11T12:41:00
0.0078616,0.0078616,0.0078616,0.0078616,1615466340,2021-03-11T12:39:00
0.00783891,0.00786106,0.00783891,0.00786106,1615465680,2021-03-11T12:28:00
0.00793916,0.00793916,0.00793916,0.00793916,1615464900,2021-03-11T12:15:00
0.0080785,0.0080785,0.0080785,0.0080785,1615464660,2021-03-11T12:11:00
0.00817824,0.00817824,0.00816718,0.00816718,1615463580,2021-03-11T11:53:00
0.00818743,0.00818743,0.00818743,0.00818743,1615460580,2021-03-11T11:03:00
0.00815858,0.00815858,0.00815858,0.00815858,1615458180,2021-03-11T10:23:00
0.0081301,0.0081301,0.0081301,0.0081301,1615456140,2021-03-11T09:49:00
0.00816636,0.00816636,0.00816636,0.00816636,1615455900,2021-03-11T09:45:00
0.00831509,0.00831509,0.00831509,0.00831509,1615453020,2021-03-11T08:57:00
0.00845948,0.00845948,0.00845948,0.00845948,1615452780,2021-03-11T08:53:00
0.00870689,0.00870689,0.00870689,0.00870689,1615448160,2021-03-11T07:36:00
0.00873564,0.00873564,0.00873564,0.00873564,1615447080,2021-03-11T07:18:00
0.0087051,0.0087051,0.0087051,0.0087051,1615443960,2021-03-11T06:26:00
0.00879959,0.00879959,0.00879959,0.00879959,1615443420,2021-03-11T06:17:00
0.00882224,0.00882224,0.00882224,0.00882224,1615441560,2021-03-11T05:46:00
0.00892593,0.00892593,0.00892593,0.00892593,1615432500,2021-03-11T03:15:00
0.00897686,0.00897686,0.00897686,0.00897686,1615422060,2021-03-11T00:21:00
0.00909653,0.00909653,0.00909653,0.00909653,1615413720,2021-03-10T22:02:00
0.00900289,0.00900289,0.00900289,0.00900289,1615411260,2021-03-10T21:21:00
0.00898399,0.00898399,0.00898399,0.00898399,1615410480,2021-03-10T21:08:00
0.0090699,0.0090699,0.0090699,0.0090699,1615409580,2021-03-10T20:53:00
0.00912309,0.00912309,0.00912309,0.00912309,1615409220,2021-03-10T20:47:00
0.00906234,0.00906234,0.00906234,0.00906234,1615408860,2021-03-10T20:41:00
0.00908078,0.00908078,0.00908078,0.00908078,1615402740,2021-03-10T18:59:00
0.00888862,0.00888862,0.00888862,0.00888862,1615402140,2021-03-10T18:49:00
0.00895761,0.00895761,0.00895761,0.00895761,1615399800,2021-03-10T18:10:00
0.00918719,0.00918719,0.00918719,0.00918719,1615398480,2021-03-10T17:48:00
0.00923925,0.00923925,0.00923925,0.00923925,1615393320,2021-03-10T16:22:00
0.00929905,0.00929905,0.00929905,0.00929905,1615391460,2021-03-10T15:51:00
0.00927413,0.00927413,0.00927413,0.00927413,1615391100,2021-03-10T15:45:00
0.00898418,0.00898418,0.00898418,0.00898418,1615390860,2021-03-10T15:41:00
0.00943119,0.00943119,0.00904067,0.00904067,1615390740,2021-03-10T15:39:00
0.00944637,0.00944637,0.00944637,0.00944637,1615390380,2021-03-10T15:33:00
0.00927081,0.00927081,0.00927081,0.00927081,1615389900,2021-03-10T15:25:00
0.00908982,0.00908982,0.00908982,0.00908982,1615389360,2021-03-10T15:16:00
0.00913208,0.00913208,0.00913208,0.00913208,1615388400,2021-03-10T15:00:00
0.00913535,0.00913535,0.00913535,0.00913535,1615386420,2021-03-10T14:27:00
0.00944368,0.00944368,0.00944368,0.00944368,1615383660,2021-03-10T13:41:00
0.00971097,0.00971097,0.00971097,0.00971097,1615383420,2021-03-10T13:37:00
0.00978066,0.00978066,0.00978066,0.00978066,1615382820,2021-03-10T13:27:00
0.00984064,0.00984064,0.00984064,0.00984064,1615380600,2021-03-10T12:50:00
0.00987006,0.00987006,0.00987006,0.00987006,1615378560,2021-03-10T12:16:00
0.00997746,0.00997746,0.00997746,0.00997746,1615377900,2021-03-10T12:05:00
0.010082,0.010082,0.010082,0.010082,1615373220,2021-03-10T10:47:00
0.01027,0.01027,0.01027,0.01027,1615372920,2021-03-10T10:42:00
0.0103964,0.0103964,0.0103964,0.0103964,1615368720,2021-03-10T09:32:00
0.0104967,0.0104967,0.0104967,0.0104967,1615367160,2021-03-10T09:06:00
0.0106791,0.0106791,0.0106791,0.0106791,1615365420,2021-03-10T08:37:00
0.0107483,0.0107483,0.0107483,0.0107483,1615363440,2021-03-10T08:04:00
0.0107248,0.0107248,0.0107248,0.0107248,1615351560,2021-03-10T04:46:00
0.0106521,0.0106521,0.0106521,0.0106521,1615348800,2021-03-10T04:00:00
0.010882,0.010882,0.010882,0.010882,1615330140,2021-03-09T22:49:00
0.0109959,0.0109959,0.0109959,0.0109959,1615328700,2021-03-09T22:25:00
0.0111215,0.0111215,0.0111215,0.0111215,1615325220,2021-03-09T21:27:00
0.0112025,0.0112025,0.0112025,0.0112025,1615322700,2021-03-09T20:45:00
0.0110971,0.0110971,0.0110971,0.0110971,1615322640,2021-03-09T20:44:00
0.0111344,0.0111344,0.0111344,0.0111344,1615322580,2021-03-09T20:43:00
0.0112049,0.0112049,0.0112049,0.0112049,1615320840,2021-03-09T20:14:00
0.0111113,0.0111113,0.0111113,0.0111113,1615319520,2021-03-09T19:52:00
0.0111377,0.0111377,0.0111377,0.0111377,1615317060,2021-03-09T19:11:00
0.0111902,0.0111902,0.0111902,0.0111902,1615315200,2021-03-09T18:40:00
0.0112431,0.0112431,0.0112431,0.0112431,1615313100,2021-03-09T18:05:00
0.0111659,0.0111659,0.0111659,0.0111659,1615312800,2021-03-09T18:00:00
0.0112877,0.0112877,0.0112877,0.0112877,1615312020,2021-03-09T17:47:00
0.0112712,0.0112712,0.0112712,0.0112712,1615308240,2021-03-09T16:44:00
0.0113245,0.0113245,0.0113245,0.0113245,1615304280,2021-03-09T15:38:00
0.0115453,0.0115453,0.0115453,0.0115453,1615303800,2021-03-09T15:30:00
0.0114558,0.0114558,0.0114558,0.0114558,1615303440,2021-03-09T15:24:00
0.0113341,0.0113341,0.0113341,0.0113341,1615302960,2021-03-09T15:16:00
0.0112228,0.0112228,0.0112228,0.0112228,1615301340,2021-03-09T14:49:00
0.0111451,0.0111451,0.0111451,0.0111451,1615301280,2021-03-09T14:48:00
0.0111389,0.0111932,0.0111389,0.0111932,1615300440,2021-03-09T14:34:00
0.0110246,0.0110246,0.0110246,0.0110246,1615300080,2021-03-09T14:28:00
0.0109078,0.0109078,0.0109078,0.0109078,1615299840,2021-03-09T14:24:00
0.0109792,0.0109792,0.0109792,0.0109792,1615299420,2021-03-09T14:17:00
0.0112245,0.0112245,0.0112245,0.0112245,1615298340,2021-03-09T13:59:00
0.0110964,0.0110964,0.0110964,0.0110964,1615298280,2021-03-09T13:58:00
0.0107483,0.0107483,0.0107483,0.0107483,1615298100,2021-03-09T13:55:00
0.0105691,0.0105691,0.0105691,0.0105691,1615297800,2021-03-09T13:50:00
0.0102618,0.0102618,0.0102618,0.0102618,1615297680,2021-03-09T13:48:00
0.0100529,0.0100529,0.0100529,0.0100529,1615297380,2021-03-09T13:43:00
0.0102095,0.0102095,0.0102095,0.0102095,1615293540,2021-03-09T12:39:00
0.0107077,0.0107077,0.0107077,0.0107077,1615291740,2021-03-09T12:09:00
0.0109922,0.0109922,0.0109922,0.0109922,1615291200,2021-03-09T12:00:00
0.0109707,0.0109707,0.0109707,0.0109707,1615288620,2021-03-09T11:17:00
0.0112458,0.0112458,0.0112458,0.0112458,1615282080,2021-03-09T09:28:00
0.0116284,0.0116284,0.0116284,0.0116284,1615281780,2021-03-09T09:23:00
0.011453,0.011453,0.011453,0.011453,1615277460,2021-03-09T08:11:00
0.0114469,0.0114469,0.0114469,0.0114469,1615277400,2021-03-09T08:10:00
0.0120273,0.0120273,0.0120273,0.0120273,1615273380,2021-03-09T07:03:00
0.0124192,0.0124192,0.0124192,0.0124192,1615271460,2021-03-09T06:31:00
0.012487,0.012487,0.012487,0.012487,1615257420,2021-03-09T02:37:00
0.0125542,0.0125542,0.0125542,0.0125542,1615249800,2021-03-09T00:30:00
0.0123548,0.0123548,0.0122739,0.0122739,1615244220,2021-03-08T22:57:00
0.0122322,0.0122322,0.0122322,0.0122322,1615242780,2021-03-08T22:33:00
0.0122105,0.0122105,0.0122105,0.0122105,1615242240,2021-03-08T22:24:00
0.0121761,0.0121761,0.0121761,0.0121761,1615241520,2021-03-08T22:12:00
0.0122949,0.0122949,0.0122949,0.0122949,1615240320,2021-03-08T21:52:00
0.0120054,0.0120054,0.0120054,0.0120054,1615240200,2021-03-08T21:50:00
0.0116902,0.0116902,0.0116902,0.0116902,1615240080,2021-03-08T21:48:00
0.0113786,0.0113786,0.0113786,0.0113786,1615237380,2021-03-08T21:03:00
0.0114652,0.0114652,0.0114652,0.0114652,1615235520,2021-03-08T20:32:00
0.011405,0.011405,0.011405,0.011405,1615233960,2021-03-08T20:06:00
0.0113417,0.0113417,0.0113417,0.0113417,1615233180,2021-03-08T19:53:00
0.0112331,0.0112331,0.0112331,0.0112331,1615229700,2021-03-08T18:55:00
0.0112125,0.0112125,0.0112125,0.0112125,1615229220,2021-03-08T18:47:00
0.0113009,0.0113009,0.0113009,0.0113009,1615226520,2021-03-08T18:02:00
0.011153,0.011153,0.011153,0.011153,1615223280,2021-03-08T17:08:00
0.0110776,0.0110776,0.0110776,0.0110776,1615223100,2021-03-08T17:05:00
0.0111336,0.0111336,0.0111336,0.0111336,1615222080,2021-03-08T16:48:00
0.0112236,0.0112236,0.0112236,0.0112236,1615221600,2021-03-08T16:40:00
0.0111458,0.0111458,0.0111458,0.0111458,1615219920,2021-03-08T16:12:00
0.011201,0.011201,0.011201,0.011201,1615217880,2021-03-08T15:38:00
0.0109304,0.0109304,0.0109304,0.0109304,1615215720,2021-03-08T15:02:00
0.0108011,0.0108011,0.0108011,0.0108011,1615213920,2021-03-08T14:32:00
0.0107853,0.0107853,0.0107853,0.0107853,1615213800,2021-03-08T14:30:00
0.0107147,0.0107147,0.0107147,0.0107147,1615213680,2021-03-08T14:28:00
0.0107532,0.0107532,0.0107532,0.0107532,1615209420,2021-03-08T13:17:00
0.0108674,0.0108674,0.0108674,0.0108674,1615208340,2021-03-08T12:59:00
0.0111912,0.0111912,0.0111912,0.0111912,1615205760,2021-03-08T12:16:00
0.0108209,0.0108209,0.0108209,0.0108209,1615204860,2021-03-08T12:01:00
0.0109165,0.0109165,0.0109165,0.0109165,1615204320,2021-03-08T11:52:00
0.0107754,0.0107754,0.0107754,0.0107754,1615204260,2021-03-08T11:51:00
0.0105492,0.0105492,0.0105492,0.0105492,1615203240,2021-03-08T11:34:00
0.0104494,0.0104494,0.0104494,0.0104494,1615192860,2021-03-08T08:41:00
0.0106663,0.0106663,0.0106663,0.0106663,1615192740,2021-03-08T08:39:00
0.0111818,0.0111818,0.0111818,0.0111818,1615184880,2021-03-08T06:28:00
0.0111416,0.0111416,0.0111416,0.0111416,1615183200,2021-03-08T06:00:00
0.0110186,0.0110186,0.0110186,0.0110186,1615182360,2021-03-08T05:46:00
0.0109324,0.0109324,0.0109324,0.0109324,1615181760,2021-03-08T05:36:00
0.0108436,0.0108436,0.0108436,0.0108436,1615178040,2021-03-08T04:34:00
0.0109955,0.0109955,0.0109955,0.0109955,1615176840,2021-03-08T04:14:00
0.0111874,0.0111874,0.0111874,0.0111874,1615171140,2021-03-08T02:39:00
0.0115002,0.0115002,0.0115002,0.0115002,1615170120,2021-03-08T02:22:00
0.0116391,0.0116391,0.0116391,0.0116391,1615165020,2021-03-08T00:57:00
0.0109777,0.011358,0.0109777,0.011358,1615164780,2021-03-08T00:53:00
0.0106211,0.0106211,0.0106211,0.0106211,1615164660,2021-03-08T00:51:00
0.0101099,0.0101099,0.0101099,0.0101099,1615164360,2021-03-08T00:46:00
0.00970067,0.00970067,0.00970067,0.00970067,1615164240,2021-03-08T00:44:00
0.00933769,0.00933769,0.00933769,0.00933769,1615164000,2021-03-08T00:40:00
0.00918683,0.00918683,0.00918683,0.00918683,1615163940,2021-03-08T00:39:00
0.00897521,0.00897521,0.00897521,0.00897521,1615160400,2021-03-07T23:40:00
0.00875537,0.00875537,0.00875537,0.00875537,1615156800,2021-03-07T22:40:00
0.00866382,0.00866382,0.00866382,0.00866382,1615151640,2021-03-07T21:14:00
0.00865104,0.00865104,0.00865104,0.00865104,1615150500,2021-03-07T20:55:00
0.00851194,0.00851194,0.00851194,0.00851194,1615150140,2021-03-07T20:49:00
0.008437,0.008437,0.008437,0.008437,1615149660,2021-03-07T20:41:00
0.00841727,0.00841727,0.00841727,0.00841727,1615149540,2021-03-07T20:39:00
0.00836482,0.00836482,0.00836482,0.00836482,1615148640,2021-03-07T20:24:00
0.00842491,0.00842491,0.00842491,0.00842491,1615148340,2021-03-07T20:19:00
0.00873151,0.00873151,0.00873151,0.00873151,1615147740,2021-03-07T20:09:00
0.00896849,0.00896849,0.00896849,0.00896849,1615145340,2021-03-07T19:29:00
0.00894205,0.00894205,0.00894205,0.00894205,1615144500,2021-03-07T19:15:00
0.00898042,0.00898042,0.00898042,0.00898042,1615140660,2021-03-07T18:11:00
0.00891661,0.00891661,0.00891661,0.00891661,1615138500,2021-03-07T17:35:00
0.00894708,0.00894708,0.00894708,0.00894708,1615137720,2021-03-07T17:22:00
0.00884928,0.00884928,0.00884928,0.00884928,1615133220,2021-03-07T16:07:00
0.00885186,0.00885186,0.00885186,0.00885186,1615127340,2021-03-07T14:29:00
0.00883604,0.00883604,0.00883604,0.00883604,1615126560,2021-03-07T14:16:00
0.00880994,0.00880994,0.00880994,0.00880994,1615125180,2021-03-07T13:53:00
0.00882762,0.00882762,0.00882762,0.00882762,1615120320,2021-03-07T12:32:00
0.00884347,0.00884347,0.00884347,0.00884347,1615119780,2021-03-07T12:23:00
0.00901858,0.00901858,0.00901858,0.00901858,1615119600,2021-03-07T12:20:00
0.00913347,0.00913347,0.00913347,0.00913347,1615119120,2021-03-07T12:12:00
0.00935621,0.00935621,0.00935621,0.00935621,1615118460,2021-03-07T12:01:00
0.00933362,0.00933362,0.00933362,0.00933362,1615118160,2021-03-07T11:56:00
0.00944226,0.00944226,0.00944226,0.00944226,1615117560,2021-03-07T11:46:00
0.00949795,0.00949795,0.00949795,0.00949795,1615117440,2021-03-07T11:44:00
0.00957286,0.00957286,0.00957286,0.00957286,1615116300,2021-03-07T11:25:00
0.00944601,0.00944601,0.00944601,0.00944601,1615116180,2021-03-07T11:23:00
0.00930883,0.00930883,0.00930883,0.00930883,1615112340,2021-03-07T10:19:00
0.00905367,0.00918613,0.00905367,0.00918613,1615112280,2021-03-07T10:18:00
0.00902547,0.00902547,0.00902547,0.00902547,1615107660,2021-03-07T09:01:00
0.0092291,0.0092291,0.0092291,0.0092291,1615106040,2021-03-07T08:34:00
0.00909887,0.00909887,0.00909887,0.00909887,1615105320,2021-03-07T08:22:00
0.00905052,0.00905052,0.00905052,0.00905052,1615104180,2021-03-07T08:03:00
0.00918115,0.00918115,0.00918115,0.00918115,1615101180,2021-03-07T07:13:00
0.00934293,0.00934293,0.00934293,0.00934293,1615094220,2021-03-07T05:17:00
0.00956074,0.00956074,0.00956074,0.00956074,1615088280,2021-03-07T03:38:00
0.00948919,0.00948919,0.00948919,0.00948919,1615078260,2021-03-07T00:51:00
0.00941252,0.00941252,0.00941252,0.00941252,1615071000,2021-03-06T22:50:00
0.0089226,0.0089226,0.0089226,0.0089226,1615070220,2021-03-06T22:37:00
0.00891816,0.00891816,0.00891816,0.00891816,1615068420,2021-03-06T22:07:00
0.00883695,0.00883695,0.00883695,0.00883695,1615066500,2021-03-06T21:35:00
0.00869497,0.00869497,0.00869497,0.00869497,1615065720,2021-03-06T21:22:00
0.00876313,0.00876313,0.00876313,0.00876313,1615064760,2021-03-06T21:06:00
0.00872501,0.00872501,0.00872501,0.00872501,1615059240,2021-03-06T19:34:00
0.00855944,0.00855944,0.00855944,0.00855944,1615057980,2021-03-06T19:13:00
0.00860468,0.00860468,0.00860468,0.00860468,1615056600,2021-03-06T18:50:00
0.00845643,0.00845643,0.00845643,0.00845643,1615050600,2021-03-06T17:10:00
0.00859086,0.00859086,0.00859086,0.00859086,1615050120,2021-03-06T17:02:00
0.0087673,0.0087673,0.00872822,0.00872822,1615048380,2021-03-06T16:33:00
0.00878229,0.00878229,0.00878229,0.00878229,1615048260,2021-03-06T16:31:00
0.00874865,0.00874865,0.00874865,0.00874865,1615045800,2021-03-06T15:50:00
0.00887913,0.00887913,0.00887913,0.00887913,1615044540,2021-03-06T15:29:00
0.00887294,0.00887294,0.00887294,0.00887294,1615042200,2021-03-06T14:50:00
0.00880236,0.00880236,0.00880236,0.00880236,1615040340,2021-03-06T14:19:00
0.0089971,0.0089971,0.0089971,0.0089971,1615038060,2021-03-06T13:41:00
0.00921542,0.00921542,0.00921542,0.00921542,1615035660,2021-03-06T13:01:00
0.0092988,0.0092988,0.0092988,0.0092988,1615034580,2021-03-06T12:43:00
0.00931972,0.00931972,0.00931972,0.00931972,1615034220,2021-03-06T12:37:00
0.00908243,0.00926096,0.00908243,0.00926096,1615034160,2021-03-06T12:36:00
0.00901949,0.00901949,0.00901949,0.00901949,1615033140,2021-03-06T12:19:00
0.00899557,0.00899557,0.00899557,0.00899557,1615030980,2021-03-06T11:43:00
0.00893073,0.00893073,0.00893073,0.00893073,1615029960,2021-03-06T11:26:00
0.00894334,0.00894334,0.00894334,0.00894334,1615028400,2021-03-06T11:00:00
0.00908152,0.00908152,0.00908152,0.00908152,1615028100,2021-03-06T10:55:00
0.0091054,0.0091054,0.0091054,0.0091054,1615027620,2021-03-06T10:47:00
0.00938111,0.00938111,0.00938111,0.00938111,1615026720,2021-03-06T10:32:00
0.00902389,0.00902389,0.00902389,0.00902389,1615026540,2021-03-06T10:29:00
0.00912849,0.00912849,0.00912849,0.00912849,1615025820,2021-03-06T10:17:00
0.00938201,0.00938201,0.00938201,0.00938201,1615023420,2021-03-06T09:37:00
0.00955246,0.00972336,0.00941979,0.00972336,1615023300,2021-03-06T09:35:00
0.00961852,0.00961852,0.00961852,0.00961852,1615023240,2021-03-06T09:34:00
0.00982943,0.00982943,0.00982943,0.00982943,1615022940,2021-03-06T09:29:00
0.00999349,0.00999349,0.00999349,0.00999349,1615022160,2021-03-06T09:16:00
0.0100783,0.0100783,0.0100783,0.0100783,1615021920,2021-03-06T09:12:00
0.0102627,0.0102627,0.0102627,0.0102627,1615020840,2021-03-06T08:54:00
0.0103951,0.0103951,0.0103951,0.0103951,1615013220,2021-03-06T06:47:00
0.0104382,0.0104382,0.0104382,0.0104382,1615010820,2021-03-06T06:07:00
0.0103368,0.0103368,0.0103368,0.0103368,1615010580,2021-03-06T06:03:00
0.0100966,0.0100966,0.0100966,0.0100966,1615007760,2021-03-06T05:16:00
0.0101867,0.0101867,0.0101867,0.0101867,1615005420,2021-03-06T04:37:00
0.0103173,0.0103173,0.0103173,0.0103173,1615005240,2021-03-06T04:34:00
0.0103765,0.0103765,0.0103765,0.0103765,1615001700,2021-03-06T03:35:00
0.0104556,0.0104556,0.0104556,0.0104556,1614999600,2021-03-06T03:00:00
0.0104534,0.0104534,0.0104534,0.0104534,1614998160,2021-03-06T02:36:00
0.0104424,0.0104424,0.0104424,0.0104424,1614986040,2021-03-05T23:14:00
0.0104358,0.0104358,0.0104358,0.0104358,1614983040,2021-03-05T22:24:00
0.0103494,0.0103494,0.0103494,0.0103494,1614980700,2021-03-05T21:45:00
0.0103024,0.0103024,0.0103024,0.0103024,1614979980,2021-03-05T21:33:00
0.0102957,0.0102957,0.0102957,0.0102957,1614977220,2021-03-05T20:47:00
0.0102742,0.0102742,0.0102742,0.0102742,1614973080,2021-03-05T19:38:00
0.0101484,0.0101484,0.0101484,0.0101484,1614968820,2021-03-05T18:27:00
0.0100262,0.0100262,0.0100262,0.0100262,1614964380,2021-03-05T17:13:00
0.0103,0.0103,0.0103,0.0103,1614964260,2021-03-05T17:11:00
0.0104033,0.0104033,0.0104033,0.0104033,1614964140,2021-03-05T17:09:00
0.0105268,0.0105268,0.0105268,0.0105268,1614963780,2021-03-05T17:03:00
0.0106064,0.0106064,0.0106064,0.0106064,1614961260,2021-03-05T16:21:00
0.0107869,0.0107869,0.0107869,0.0107869,1614959820,2021-03-05T15:57:00
0.0108604,0.0108604,0.0108604,0.0108604,1614959160,2021-03-05T15:46:00
0.0109909,0.0109909,0.0109909,0.0109909,1614958140,2021-03-05T15:29:00
0.0112984,0.0112984,0.0112984,0.0112984,1614956760,2021-03-05T15:06:00
0.011275,0.011275,0.011275,0.011275,1614951000,2021-03-05T13:30:00
0.011284,0.011284,0.011284,0.011284,1614950340,2021-03-05T13:19:00
0.0111948,0.0111948,0.0111948,0.0111948,1614949020,2021-03-05T12:57:00
0.0110226,0.011077,0.0110226,0.011077,1614947700,2021-03-05T12:35:00
0.0108478,0.0108478,0.0108478,0.0108478,1614945480,2021-03-05T11:58:00
0.0105431,0.0105431,0.0105431,0.0105431,1614940260,2021-03-05T10:31:00
0.0105623,0.0105623,0.0105623,0.0105623,1614939060,2021-03-05T10:11:00
0.0107528,0.0107528,0.0107528,0.0107528,1614938880,2021-03-05T10:08:00
0.0108962,0.0108962,0.0108962,0.0108962,1614938520,2021-03-05T10:02:00
0.0107654,0.0107654,0.0107654,0.0107654,1614937260,2021-03-05T09:41:00
0.0107173,0.0107173,0.0107173,0.0107173,1614936960,2021-03-05T09:36:00
0.0107572,0.0107572,0.0107572,0.0107572,1614933300,2021-03-05T08:35:00
0.0107058,0.0107058,0.0107058,0.0107058,1614932580,2021-03-05T08:23:00
0.0105846,0.0106783,0.0105846,0.0106783,1614931560,2021-03-05T08:06:00
0.0103248,0.0103248,0.0103248,0.0103248,1614930600,2021-03-05T07:50:00
0.0101316,0.0101316,0.0101316,0.0101316,1614930360,2021-03-05T07:46:00
0.0100988,0.0100988,0.0100988,0.0100988,1614930300,2021-03-05T07:45:00
0.00972074,0.00972074,0.00972074,0.00972074,1614930120,2021-03-05T07:42:00
0.00964779,0.00964779,0.00964779,0.00964779,1614926820,2021-03-05T06:47:00
0.00980108,0.00980108,0.00980108,0.00980108,1614926760,2021-03-05T06:46:00
0.00975449,0.00975449,0.00975449,0.00975449,1614925860,2021-03-05T06:31:00
0.0098318,0.0098318,0.0098318,0.0098318,1614925500,2021-03-05T06:25:00
0.0100304,0.0100304,0.0100304,0.0100304,1614925140,2021-03-05T06:19:00
0.0100338,0.0100338,0.0100338,0.0100338,1614922740,2021-03-05T05:39:00
0.0101535,0.0101535,0.0101535,0.0101535,1614919140,2021-03-05T04:39:00
0.0100974,0.0100974,0.0100974,0.0100974,1614918780,2021-03-05T04:33:00
0.00996228,0.00996228,0.00996228,0.00996228,1614918240,2021-03-05T04:24:00
0.00984867,0.00984867,0.00984867,0.00984867,1614916500,2021-03-05T03:55:00
0.00976802,0.00976802,0.00976802,0.00976802,1614913920,2021-03-05T03:12:00
0.0097859,0.0097859,0.0097859,0.0097859,1614910920,2021-03-05T02:22:00
0.00978704,0.00978704,0.00978704,0.00978704,1614910740,2021-03-05T02:19:00
0.00982476,0.00982476,0.00982476,0.00982476,1614910560,2021-03-05T02:16:00
0.00975023,0.00975023,0.00975023,0.00975023,1614908580,2021-03-05T01:43:00
0.00966069,0.00966069,0.00966069,0.00966069,1614907560,2021-03-05T01:26:00
0.00997153,0.00997153,0.00997153,0.00997153,1614907500,2021-03-05T01:25:00
0.0102562,0.0102562,0.0102562,0.0102562,1614907020,2021-03-05T01:17:00
0.00972386,0.00972386,0.00972386,0.00972386,1614906960,2021-03-05T01:16:00
0.00941595,0.00941595,0.00941595,0.00941595,1614906780,2021-03-05T01:13:00
0.00922584,0.00922584,0.00922584,0.00922584,1614906600,2021-03-05T01:10:00
0.00932456,0.00932456,0.00932456,0.00932456,1614906480,2021-03-05T01:08:00
0.00924648,0.00924648,0.00924648,0.00924648,1614906420,2021-03-05T01:07:00
0.0086006,0.00876648,0.0086006,0.00876648,1614906300,2021-03-05T01:05:00
0.00939701,0.00939701,0.00939701,0.00939701,1614906240,2021-03-05T01:04:00
0.0104587,0.0104587,0.0104587,0.0104587,1614905700,2021-03-05T00:55:00
0.0106206,0.0106206,0.0106206,0.0106206,1614905400,2021-03-05T00:50:00
0.0111405,0.0111405,0.0111405,0.0111405,1614903900,2021-03-05T00:25:00
0.0114546,0.0114546,0.0114546,0.0114546,1614899460,2021-03-04T23:11:00
0.0115878,0.0115878,0.0115878,0.0115878,1614893040,2021-03-04T21:24:00
0.0116643,0.0116643,0.0116643,0.0116643,1614892440,2021-03-04T21:14:00
0.0114765,0.0114765,0.0114765,0.0114765,1614891600,2021-03-04T21:00:00
0.011389,0.011389,0.011389,0.011389,1614891540,2021-03-04T20:59:00
0.0113416,0.0113416,0.0113416,0.0113416,1614891000,2021-03-04T20:50:00
0.0109857,0.0109857,0.0109857,0.0109857,1614890940,2021-03-04T20:49:00
0.0105098,0.0105098,0.0105098,0.0105098,1614890640,2021-03-04T20:44:00
0.0106599,0.0106599,0.0104241,0.0104241,1614890400,2021-03-04T20:40:00
0.0109492,0.0109492,0.0109492,0.0109492,1614890100,2021-03-04T20:35:00
0.0111943,0.0111943,0.0111943,0.0111943,1614887460,2021-03-04T19:51:00
0.0108948,0.0110071,0.0108948,0.0110071,1614887340,2021-03-04T19:49:00
0.0114822,0.0114822,0.0114822,0.0114822,1614887220,2021-03-04T19:47:00
0.0109546,0.0109546,0.0109546,0.0109546,1614887160,2021-03-04T19:46:00
0.0114505,0.0114505,0.0114505,0.0114505,1614886920,2021-03-04T19:42:00
0.0118958,0.0118958,0.0118958,0.0118958,1614884100,2021-03-04T18:55:00
0.0123675,0.0123675,0.0123675,0.0123675,1614882840,2021-03-04T18:34:00
0.0123998,0.0123998,0.0123998,0.0123998,1614882300,2021-03-04T18:25:00
0.0123632,0.0123632,0.0123632,0.0123632,1614881760,2021-03-04T18:16:00
0.0126597,0.0126597,0.0126597,0.0126597,1614881100,2021-03-04T18:05:00
0.0126086,0.0126086,0.0126086,0.0126086,1614880980,2021-03-04T18:03:00
0.0127205,0.0127205,0.0127205,0.0127205,1614880920,2021-03-04T18:02:00
0.0127829,0.0127829,0.0127829,0.0127829,1614879960,2021-03-04T17:46:00
0.0126519,0.0126519,0.0126519,0.0126519,1614879600,2021-03-04T17:40:00
0.012453,0.012453,0.012453,0.012453,1614878100,2021-03-04T17:15:00
0.012447,0.012447,0.012447,0.012447,1614878040,2021-03-04T17:14:00
0.012341,0.012341,0.012341,0.012341,1614877920,2021-03-04T17:12:00
0.0124782,0.0124782,0.0124782,0.0124782,1614877860,2021-03-04T17:11:00
0.012407,0.012407,0.012407,0.012407,1614877620,2021-03-04T17:07:00
0.0122841,0.0123358,0.0122841,0.0123358,1614877560,2021-03-04T17:06:00
0.0122356,0.0122356,0.0122356,0.0122356,1614877500,2021-03-04T17:05:00
0.0120222,0.0120222,0.0120222,0.0120222,1614877380,2021-03-04T17:03:00
0.0119976,0.0119976,0.0119725,0.0119725,1614877320,2021-03-04T17:02:00
0.0117629,0.0117629,0.0117629,0.0117629,1614877260,2021-03-04T17:01:00
0.011646,0.011646,0.011646,0.011646,1614877200,2021-03-04T17:00:00
0.0113832,0.0113832,0.0113832,0.0113832,1614877140,2021-03-04T16:59:00
0.0111634,0.0111634,0.0111634,0.0111634,1614877020,2021-03-04T16:57:00
0.0111238,0.0111238,0.0111238,0.0111238,1614876900,2021-03-04T16:55:00
0.0112949,0.0112949,0.0112949,0.0112949,1614876780,2021-03-04T16:53:00
0.0112465,0.0114007,0.0112465,0.0114007,1614876720,2021-03-04T16:52:00
0.0111245,0.0111245,0.0111245,0.0111245,1614876660,2021-03-04T16:51:00
0.0107407,0.0107407,0.0107407,0.0107407,1614876600,2021-03-04T16:50:00
0.0106321,0.0106321,0.0106321,0.0106321,1614876480,2021-03-04T16:48:00
0.0106112,0.0106112,0.0106112,0.0106112,1614876300,2021-03-04T16:45:00
0.0104717,0.0104717,0.0104717,0.0104717,1614876180,2021-03-04T16:43:00
0.0106419,0.0106419,0.0106419,0.0106419,1614876120,2021-03-04T16:42:00
0.0106751,0.0106751,0.0106751,0.0106751,1614876000,2021-03-04T16:40:00
0.0100555,0.0102652,0.0100555,0.0102652,1614875940,2021-03-04T16:39:00
0.0118548,0.0118548,0.0118548,0.0118548,1614875880,2021-03-04T16:38:00
0.0139379,0.0139379,0.0139379,0.0139379,1614874680,2021-03-04T16:18:00
0.0139118,0.0139118,0.0139118,0.0139118,1614874260,2021-03-04T16:11:00
0.0138659,0.0138659,0.0138659,0.0138659,1614873420,2021-03-04T15:57:00
0.0137456,0.0137456,0.0137456,0.0137456,1614872760,2021-03-04T15:46:00
0.013777,0.013777,0.013777,0.013777,1614871620,2021-03-04T15:27:00
0.0142866,0.0142866,0.0142866,0.0142866,1614871560,2021-03-04T15:26:00
0.0145153,0.0145153,0.0145153,0.0145153,1614870960,2021-03-04T15:16:00
0.0135717,0.0135717,0.0135717,0.0135717,1614870660,2021-03-04T15:11:00
0.0139999,0.0139999,0.0139999,0.0139999,1614869880,2021-03-04T14:58:00
0.0140008,0.0140008,0.0140008,0.0140008,1614866460,2021-03-04T14:01:00
0.013899,0.013899,0.013899,0.013899,1614864960,2021-03-04T13:36:00
0.0138216,0.0138216,0.0138216,0.0138216,1614864180,2021-03-04T13:23:00
0.0137647,0.0137647,0.0137647,0.0137647,1614864060,2021-03-04T13:21:00
0.0136531,0.0136531,0.0136531,0.0136531,1614863880,2021-03-04T13:18:00
0.0135371,0.0135371,0.0135371,0.0135371,1614863640,2021-03-04T13:14:00
0.0133899,0.0137502,0.0133899,0.0137502,1614862980,2021-03-04T13:03:00
0.0133178,0.0133178,0.0133178,0.0133178,1614858600,2021-03-04T11:50:00
0.013425,0.013425,0.013425,0.013425,1614852660,2021-03-04T10:11:00
0.0136584,0.0136584,0.0136584,0.0136584,1614848640,2021-03-04T09:04:00
0.0138017,0.0138017,0.0138017,0.0138017,1614847500,2021-03-04T08:45:00
0.013503,0.013503,0.013503,0.013503,1614847440,2021-03-04T08:44:00
0.013457,0.013457,0.013457,0.013457,1614846480,2021-03-04T08:28:00
0.0136131,0.0136131,0.0136131,0.0136131,1614846240,2021-03-04T08:24:00
0.013831,0.013831,0.013831,0.013831,1614845460,2021-03-04T08:11:00
0.013977,0.013977,0.013977,0.013977,1614845100,2021-03-04T08:05:00
0.0139265,0.0139265,0.0139265,0.0139265,1614842160,2021-03-04T07:16:00
0.0137701,0.0137701,0.0137701,0.0137701,1614841200,2021-03-04T07:00:00
0.0139337,0.0139337,0.0139337,0.0139337,1614839880,2021-03-04T06:38:00
0.0141254,0.0141254,0.0141093,0.0141093,1614829860,2021-03-04T03:51:00
0.0143221,0.0143221,0.0143221,0.0143221,1614824040,2021-03-04T02:14:00
0.0142872,0.0142872,0.0142872,0.0142872,1614823440,2021-03-04T02:04:00
0.0143107,0.0143107,0.0143107,0.0143107,1614823380,2021-03-04T02:03:00
0.0143421,0.0143421,0.0143421,0.0143421,1614822960,2021-03-04T01:56:00
0.0145702,0.0145702,0.0145702,0.0145702,1614822900,2021-03-04T01:55:00
0.0147485,0.0147485,0.0147485,0.0147485,1614821700,2021-03-04T01:35:00
0.0148715,0.0148715,0.0148715,0.0148715,1614821580,2021-03-04T01:33:00
0.0149728,0.0149728,0.0149728,0.0149728,1614821220,2021-03-04T01:27:00
0.0148522,0.0148522,0.0148522,0.0148522,1614818460,2021-03-04T00:41:00
0.0148529,0.0148529,0.0148529,0.0148529,1614817260,2021-03-04T00:21:00
0.0150202,0.0150202,0.0150202,0.0150202,1614817200,2021-03-04T00:20:00
0.015529,0.015529,0.015529,0.015529,1614815700,2021-03-03T23:55:00
0.0150115,0.0150115,0.0150115,0.0150115,1614815580,2021-03-03T23:53:00
0.0143707,0.0143707,0.0143707,0.0143707,1614815100,2021-03-03T23:45:00
0.0143275,0.0143275,0.0143275,0.0143275,1614813600,2021-03-03T23:20:00
0.0143973,0.0143973,0.0143973,0.0143973,1614810900,2021-03-03T22:35:00
0.0144697,0.0144697,0.0144697,0.0144697,1614810660,2021-03-03T22:31:00
0.0143676,0.0143676,0.0143676,0.0143676,1614808320,2021-03-03T21:52:00
0.0145487,0.0145487,0.0145487,0.0145487,1614802140,2021-03-03T20:09:00
0.0142437,0.0142437,0.0142437,0.0142437,1614801120,2021-03-03T19:52:00
0.0138186,0.0138186,0.0138186,0.0138186,1614800340,2021-03-03T19:39:00
0.0139741,0.0139741,0.0139741,0.0139741,1614799980,2021-03-03T19:33:00
0.0144354,0.0144354,0.0144354,0.0144354,1614799680,2021-03-03T19:28:00
0.0152253,0.0152253,0.0152253,0.0152253,1614799620,2021-03-03T19:27:00
0.0141693,0.0141693,0.0141693,0.0141693,1614798840,2021-03-03T19:14:00
0.0144347,0.0144347,0.0144347,0.0144347,1614796620,2021-03-03T18:37:00
0.0143592,0.0143592,0.0143592,0.0143592,1614792360,2021-03-03T17:26:00
0.0145073,0.0145073,0.0145073,0.0145073,1614791760,2021-03-03T17:16:00
0.0146867,0.0146867,0.0146867,0.0146867,1614791520,2021-03-03T17:12:00
0.0147355,0.0147355,0.0147355,0.0147355,1614790380,2021-03-03T16:53:00
0.0149575,0.0149575,0.0149575,0.0149575,1614789960,2021-03-03T16:46:00
0.0150847,0.0150847,0.0150847,0.0150847,1614785280,2021-03-03T15:28:00
0.0151826,0.0151826,0.0151826,0.0151826,1614783360,2021-03-03T14:56:00
0.0153273,0.0153273,0.0153273,0.0153273,1614783240,2021-03-03T14:54:00
0.01538,0.01538,0.01538,0.01538,1614782880,2021-03-03T14:48:00
0.0152438,0.0152438,0.0152438,0.0152438,1614782760,2021-03-03T14:46:00
0.0154254,0.0154254,0.0154254,0.0154254,1614781980,2021-03-03T14:33:00
0.0151283,0.0151283,0.0151283,0.0151283,1614780120,2021-03-03T14:02:00
0.0145012,0.0145012,0.0145012,0.0145012,1614779940,2021-03-03T13:59:00
0.0141542,0.0141542,0.0141542,0.0141542,1614778980,2021-03-03T13:43:00
0.013978,0.013978,0.013978,0.013978,1614778020,2021-03-03T13:27:00
0.0136827,0.0136827,0.0136827,0.0136827,1614777900,2021-03-03T13:25:00
0.013525,0.013525,0.013525,0.013525,1614777840,2021-03-03T13:24:00
0.0136527,0.0136527,0.0136527,0.0136527,1614777600,2021-03-03T13:20:00
0.0136492,0.0136492,0.0136492,0.0136492,1614777300,2021-03-03T13:15:00
0.0136658,0.0136658,0.0136658,0.0136658,1614776700,2021-03-03T13:05:00
0.0135617,0.0135617,0.0135617,0.0135617,1614776160,2021-03-03T12:56:00
0.0134428,0.0134428,0.0134428,0.0134428,1614773760,2021-03-03T12:16:00
0.0137239,0.0137239,0.0137239,0.0137239,1614773640,2021-03-03T12:14:00
0.0136515,0.0136515,0.0136515,0.0136515,1614772200,2021-03-03T11:50:00
0.0136752,0.0136752,0.0136752,0.0136752,1614771780,2021-03-03T11:43:00
0.0136493,0.0136493,0.0136493,0.0136493,1614771300,2021-03-03T11:35:00
0.0135696,0.0135696,0.0135696,0.0135696,1614770280,2021-03-03T11:18:00
0.0134511,0.0134511,0.0134511,0.0134511,1614768480,2021-03-03T10:48:00
0.0132846,0.0132846,0.0132846,0.0132846,1614767940,2021-03-03T10:39:00
0.0131561,0.0131561,0.0131561,0.0131561,1614765780,2021-03-03T10:03:00
0.0134339,0.0134339,0.0134339,0.0134339,1614764460,2021-03-03T09:41:00
0.0136092,0.0136092,0.0136092,0.0136092,1614764220,2021-03-03T09:37:00
0.0136327,0.0136327,0.0136327,0.0136327,1614762900,2021-03-03T09:15:00
0.0135991,0.0135991,0.0135991,0.0135991,1614761340,2021-03-03T08:49:00
0.0137359,0.0137359,0.0137359,0.0137359,1614759960,2021-03-03T08:26:00
0.0135463,0.0135463,0.0135463,0.0135463,1614759300,2021-03-03T08:15:00
0.013565,0.013565,0.013565,0.013565,1614759240,2021-03-03T08:14:00
0.0136587,0.0136587,0.0136587,0.0136587,1614758460,2021-03-03T08:01:00
0.0134807,0.0134807,0.0134807,0.0134807,1614758400,2021-03-03T08:00:00
0.0133058,0.0133058,0.0133058,0.0133058,1614757320,2021-03-03T07:42:00
0.0133071,0.0133071,0.0133071,0.0133071,1614756060,2021-03-03T07:21:00
0.0130531,0.0130531,0.0130531,0.0130531,1614754680,2021-03-03T06:58:00
0.0129414,0.0129414,0.0129414,0.0129414,1614753600,2021-03-03T06:40:00
0.0133466,0.0133466,0.0133466,0.0133466,1614753540,2021-03-03T06:39:00
0.0137704,0.0137704,0.0137704,0.0137704,1614753060,2021-03-03T06:31:00
0.013969,0.013969,0.013969,0.013969,1614753000,2021-03-03T06:30:00
0.0141576,0.0141656,0.0141576,0.0141656,1614752640,2021-03-03T06:24:00
0.014347,0.014347,0.014347,0.014347,1614751140,2021-03-03T05:59:00
0.0146995,0.0146995,0.0146995,0.0146995,1614746760,2021-03-03T04:46:00
0.0149125,0.0149125,0.0149125,0.0149125,1614745140,2021-03-03T04:19:00
0.0148191,0.0148191,0.0148191,0.0148191,1614745080,2021-03-03T04:18:00
0.0147463,0.0147463,0.0147463,0.0147463,1614741780,2021-03-03T03:23:00
0.0146016,0.0146016,0.0146016,0.0146016,1614741060,2021-03-03T03:11:00
0.0145658,0.0145658,0.0145658,0.0145658,1614740280,2021-03-03T02:58:00
0.0145259,0.0145259,0.0145259,0.0145259,1614740160,2021-03-03T02:56:00
0.0144777,0.0144777,0.0144777,0.0144777,1614739920,2021-03-03T02:52:00
0.0145942,0.0145942,0.0145942,0.0145942,1614739860,2021-03-03T02:51:00
0.0143533,0.0143533,0.0143533,0.0143533,1614733800,2021-03-03T01:10:00
0.0140783,0.0140783,0.0140783,0.0140783,1614727860,2021-03-02T23:31:00
0.0140462,0.0140462,0.0140462,0.0140462,1614725520,2021-03-02T22:52:00
0.0141254,0.0141254,0.0141254,0.0141254,1614725100,2021-03-02T22:45:00
0.0140062,0.0140062,0.0140062,0.0140062,1614723480,2021-03-02T22:18:00
0.0140971,0.0140971,0.0140971,0.0140971,1614723240,2021-03-02T22:14:00
0.0140151,0.0140151,0.0140151,0.0140151,1614723000,2021-03-02T22:10:00
0.0139191,0.0139191,0.0139191,0.0139191,1614720720,2021-03-02T21:32:00
0.0137673,0.0137673,0.0137673,0.0137673,1614719640,2021-03-02T21:14:00
0.0134801,0.0134801,0.0134801,0.0134801,1614718380,2021-03-02T20:53:00
0.0133648,0.0133648,0.0133648,0.0133648,1614717840,2021-03-02T20:44:00
0.0133201,0.0133201,0.0133201,0.0133201,1614717600,2021-03-02T20:40:00
0.0134427,0.0134427,0.0134427,0.0134427,1614716820,2021-03-02T20:27:00
0.0137341,0.0137341,0.0137341,0.0137341,1614716280,2021-03-02T20:18:00
0.0139025,0.0139025,0.0139025,0.0139025,1614715980,2021-03-02T20:13:00
0.0143483,0.0143483,0.0143483,0.0143483,1614715860,2021-03-02T20:11:00
0.0140779,0.0140779,0.0140779,0.0140779,1614714120,2021-03-02T19:42:00
0.0142527,0.0142527,0.0142527,0.0142527,1614713880,2021-03-02T19:38:00
0.0141868,0.0141868,0.0141868,0.0141868,1614713220,2021-03-02T19:27:00
0.0141708,0.0141708,0.0141708,0.0141708,1614712800,2021-03-02T19:20:00
0.0140884,0.0140884,0.0140884,0.0140884,1614712680,2021-03-02T19:18:00
0.0138971,0.0139703,0.0138971,0.0139703,1614712620,2021-03-02T19:17:00
0.0139538,0.0139538,0.0139538,0.0139538,1614711060,2021-03-02T18:51:00
0.0141991,0.0141991,0.0141991,0.0141991,1614710760,2021-03-02T18:46:00
0.0144338,0.0144338,0.0144338,0.0144338,1614707580,2021-03-02T17:53:00
0.0142723,0.0142723,0.0142723,0.0142723,1614705240,2021-03-02T17:14:00
0.0142279,0.0142279,0.0142279,0.0142279,1614705120,2021-03-02T17:12:00
0.0146175,0.0146175,0.0146175,0.0146175,1614705000,2021-03-02T17:10:00
0.0153704,0.0153704,0.0153704,0.0153704,1614704280,2021-03-02T16:58:00
0.0156111,0.0156111,0.0156111,0.0156111,1614703740,2021-03-02T16:49:00
0.0156198,0.0156198,0.0156198,0.0156198,1614701760,2021-03-02T16:16:00
0.0156097,0.0156097,0.0156097,0.0156097,1614701700,2021-03-02T16:15:00
0.0153837,0.0153837,0.0153837,0.0153837,1614700740,2021-03-02T15:59:00
0.0146509,0.0146509,0.0146509,0.0146509,1614700500,2021-03-02T15:55:00
0.013946,0.013946,0.013946,0.013946,1614700260,2021-03-02T15:51:00
0.0135614,0.0135614,0.0135614,0.0135614,1614699000,2021-03-02T15:30:00
0.013676,0.013676,0.013676,0.013676,1614698820,2021-03-02T15:27:00
0.0138418,0.0138418,0.0138418,0.0138418,1614698760,2021-03-02T15:26:00
0.0139866,0.0139866,0.0139866,0.0139866,1614697980,2021-03-02T15:13:00
0.0140312,0.0140312,0.0140312,0.0140312,1614696000,2021-03-02T14:40:00
0.0140028,0.0140028,0.0140028,0.0140028,1614695220,2021-03-02T14:27:00
0.0139955,0.0139955,0.0139955,0.0139955,1614694740,2021-03-02T14:19:00
0.0140851,0.0140851,0.0140851,0.0140851,1614694620,2021-03-02T14:17:00
0.0142099,0.0142099,0.0142099,0.0142099,1614694200,2021-03-02T14:10:00
0.0140423,0.0140423,0.0140423,0.0140423,1614693540,2021-03-02T13:59:00
0.0139725,0.0139725,0.0139725,0.0139725,1614693060,2021-03-02T13:51:00
0.0139303,0.0139303,0.0139303,0.0139303,1614692940,2021-03-02T13:49:00
0.0139065,0.0139065,0.0139065,0.0139065,1614692520,2021-03-02T13:42:00
0.013757,0.013757,0.013757,0.013757,1614692460,2021-03-02T13:41:00
0.0152207,0.0152207,0.0144624,0.0144624,1614691680,2021-03-02T13:28:00
0.0153005,0.0153005,0.0153005,0.0153005,1614691260,2021-03-02T13:21:00
0.0154422,0.0154422,0.0154422,0.0154422,1614690240,2021-03-02T13:04:00
0.0156069,0.0156069,0.0156069,0.0156069,1614690180,2021-03-02T13:03:00
0.0154843,0.0154843,0.0154843,0.0154843,1614689520,2021-03-02T12:52:00
0.015548,0.015548,0.015548,0.015548,1614688980,2021-03-02T12:43:00
0.0149948,0.0155668,0.0149948,0.0155668,1614688680,2021-03-02T12:38:00
0.0148566,0.0148566,0.0148566,0.0148566,1614688200,2021-03-02T12:30:00
0.0151706,0.0151706,0.014909,0.014909,1614687900,2021-03-02T12:25:00
0.0154304,0.0154304,0.0154304,0.0154304,1614686820,2021-03-02T12:07:00
0.0155957,0.0155957,0.0155957,0.0155957,1614686700,2021-03-02T12:05:00
0.015518,0.015518,0.015518,0.015518,1614686520,2021-03-02T12:02:00
0.0155792,0.0155792,0.0155792,0.0155792,1614685980,2021-03-02T11:53:00
0.0157838,0.0157838,0.0157838,0.0157838,1614685620,2021-03-02T11:47:00
0.0159496,0.0159496,0.0159496,0.0159496,1614684840,2021-03-02T11:34:00
0.0157645,0.0157645,0.0157645,0.0157645,1614682920,2021-03-02T11:02:00
0.0157189,0.0157189,0.0157189,0.0157189,1614682740,2021-03-02T10:59:00
0.0156722,0.0156722,0.0156722,0.0156722,1614682440,2021-03-02T10:54:00
0.0157882,0.0157882,0.0157882,0.0157882,1614681540,2021-03-02T10:39:00
0.0157062,0.0157062,0.0157062,0.0157062,1614681420,2021-03-02T10:37:00
0.0157835,0.0157835,0.0157835,0.0157835,1614681240,2021-03-02T10:34:00
0.0150428,0.0150428,0.0150428,0.0150428,1614681180,2021-03-02T10:33:00
0.0150007,0.0150007,0.0150007,0.0150007,1614680820,2021-03-02T10:27:00
0.0150079,0.0150079,0.0150079,0.0150079,1614680400,2021-03-02T10:20:00
0.0151143,0.0151143,0.014991,0.014991,1614680220,2021-03-02T10:17:00
0.0153311,0.0153311,0.0153311,0.0153311,1614680160,2021-03-02T10:16:00
0.0156437,0.0156437,0.0156437,0.0156437,1614679980,2021-03-02T10:13:00
0.0161086,0.0161086,0.0161086,0.0161086,1614679740,2021-03-02T10:09:00
0.0160168,0.0160168,0.0160168,0.0160168,1614679320,2021-03-02T10:02:00
0.0161374,0.0161374,0.0161374,0.0161374,1614679020,2021-03-02T09:57:00
0.0162308,0.0162308,0.0162308,0.0162308,1614678660,2021-03-02T09:51:00
0.0160163,0.0160163,0.0160163,0.0160163,1614678600,2021-03-02T09:50:00
0.0157155,0.0157155,0.0157155,0.0157155,1614678420,2021-03-02T09:47:00
0.0158175,0.0158175,0.0158175,0.0158175,1614677640,2021-03-02T09:34:00
0.0157815,0.0157815,0.0157815,0.0157815,1614677520,2021-03-02T09:32:00
0.0156872,0.0156872,0.0156872,0.0156872,1614676920,2021-03-02T09:22:00
0.0158581,0.0158581,0.0158581,0.0158581,1614675900,2021-03-02T09:05:00
0.0160562,0.0160562,0.0160562,0.0160562,1614674940,2021-03-02T08:49:00
0.0162159,0.0162159,0.0162159,0.0162159,1614674580,2021-03-02T08:43:00
0.0161221,0.0161221,0.0161221,0.0161221,1614674160,2021-03-02T08:36:00
0.0161464,0.0161464,0.0161464,0.0161464,1614673860,2021-03-02T08:31:00
0.0159197,0.0159197,0.0159197,0.0159197,1614671520,2021-03-02T07:52:00
0.0158152,0.0158152,0.0158152,0.0158152,1614671220,2021-03-02T07:47:00
0.0157022,0.0157022,0.0157022,0.0157022,1614669120,2021-03-02T07:12:00
0.0154214,0.0154214,0.0154214,0.0154214,1614667980,2021-03-02T06:53:00
0.0151777,0.0151777,0.0151777,0.0151777,1614667800,2021-03-02T06:50:00
0.0144421,0.0144421,0.0144421,0.0144421,1614667260,2021-03-02T06:41:00
0.0144017,0.0144017,0.0144017,0.0144017,1614667200,2021-03-02T06:40:00
0.0144069,0.0144069,0.0144069,0.0144069,1614666540,2021-03-02T06:29:00
0.0144231,0.0144231,0.0144231,0.0144231,1614665820,2021-03-02T06:17:00
0.0143745,0.0143745,0.0143745,0.0143745,1614665160,2021-03-02T06:06:00
0.0144407,0.0144407,0.0144407,0.0144407,1614664920,2021-03-02T06:02:00
0.0147264,0.0147264,0.0147264,0.0147264,1614663060,2021-03-02T05:31:00
0.0148994,0.0148994,0.0148994,0.0148994,1614663000,2021-03-02T05:30:00
0.014815,0.014815,0.014815,0.014815,1614659460,2021-03-02T04:31:00
0.0148627,0.0148627,0.0148627,0.0148627,1614659280,2021-03-02T04:28:00
0.0150377,0.0150377,0.0150377,0.0150377,1614658680,2021-03-02T04:18:00
0.0150493,0.0150493,0.0150493,0.0150493,1614658500,2021-03-02T04:15:00
0.0149256,0.0149256,0.0149256,0.0149256,1614656160,2021-03-02T03:36:00
0.014641,0.014641,0.014641,0.014641,1614654960,2021-03-02T03:16:00
0.0138689,0.0138689,0.0138689,0.0138689,1614654780,2021-03-02T03:13:00
0.0133769,0.0133769,0.0133769,0.0133769,1614654720,2021-03-02T03:12:00
0.0133655,0.0133655,0.0133655,0.0133655,1614651240,2021-03-02T02:14:00
0.0132327,0.0132327,0.0132327,0.0132327,1614651000,2021-03-02T02:10:00
0.0132786,0.0132786,0.0132786,0.0132786,1614650220,2021-03-02T01:57:00
0.0134232,0.0134232,0.0134232,0.0134232,1614649920,2021-03-02T01:52:00
0.0135706,0.0135706,0.0135706,0.0135706,1614649620,2021-03-02T01:47:00
0.0134996,0.0134996,0.0134996,0.0134996,1614648000,2021-03-02T01:20:00
0.0136095,0.0136095,0.0136095,0.0136095,1614647760,2021-03-02T01:16:00
0.0139042,0.0139042,0.0139042,0.0139042,1614647160,2021-03-02T01:06:00
0.0141081,0.0141081,0.0141081,0.0141081,1614646440,2021-03-02T00:54:00
0.0140833,0.0140833,0.0140833,0.0140833,1614646320,2021-03-02T00:52:00
0.0140946,0.0140946,0.0140946,0.0140946,1614646020,2021-03-02T00:47:00
0.0139404,0.0139404,0.0139404,0.0139404,1614644640,2021-03-02T00:24:00
0.0136371,0.0136371,0.0136371,0.0136371,1614644280,2021-03-02T00:18:00
0.0137802,0.0137802,0.0137802,0.0137802,1614643980,2021-03-02T00:13:00
0.0138724,0.0138724,0.0138724,0.0138724,1614643920,2021-03-02T00:12:00
0.0139373,0.0139373,0.0139373,0.0139373,1614643620,2021-03-02T00:07:00
0.0140307,0.0140307,0.0140307,0.0140307,1614643500,2021-03-02T00:05:00
0.014021,0.014021,0.014021,0.014021,1614643320,2021-03-02T00:02:00
0.0138719,0.0138719,0.0138719,0.0138719,1614643140,2021-03-01T23:59:00
0.0137146,0.0137146,0.0137146,0.0137146,1614642960,2021-03-01T23:56:00
0.0135738,0.0135738,0.0135738,0.0135738,1614642900,2021-03-01T23:55:00
0.01327,0.01327,0.01327,0.01327,1614642780,2021-03-01T23:53:00
0.0134223,0.0134223,0.0134223,0.0134223,1614642660,2021-03-01T23:51:00
0.0140451,0.0140451,0.0140451,0.0140451,1614642600,2021-03-01T23:50:00
0.0143543,0.0143543,0.0143543,0.0143543,1614642540,2021-03-01T23:49:00
0.014764,0.014764,0.014764,0.014764,1614642420,2021-03-01T23:47:00
0.0155294,0.0155294,0.0155294,0.0155294,1614642300,2021-03-01T23:45:00
0.0159387,0.0159387,0.0159387,0.0159387,1614641820,2021-03-01T23:37:00
0.0162826,0.0162826,0.0162826,0.0162826,1614641520,2021-03-01T23:32:00
0.0167333,0.0167333,0.0167333,0.0167333,1614640980,2021-03-01T23:23:00
0.0169557,0.0169557,0.0167901,0.0167901,1614640860,2021-03-01T23:21:00
0.0168282,0.0168282,0.0168282,0.0168282,1614640620,2021-03-01T23:17:00
0.0169836,0.0169836,0.0169836,0.0169836,1614640140,2021-03-01T23:09:00
0.0168603,0.0168603,0.0168603,0.0168603,1614639720,2021-03-01T23:02:00
0.0167968,0.0167968,0.0167968,0.0167968,1614639660,2021-03-01T23:01:00
0.0164509,0.0164956,0.0164509,0.0164956,1614638100,2021-03-01T22:35:00
0.0165758,0.0165758,0.0165758,0.0165758,1614637980,2021-03-01T22:33:00
0.016549,0.016549,0.016549,0.016549,1614637800,2021-03-01T22:30:00
0.0163338,0.0163338,0.0163338,0.0163338,1614637380,2021-03-01T22:23:00
0.0158527,0.0158527,0.0158527,0.0158527,1614637080,2021-03-01T22:18:00
0.0164716,0.0164716,0.0160715,0.0160715,1614637020,2021-03-01T22:17:00
0.0170069,0.0170069,0.0166871,0.0166871,1614636960,2021-03-01T22:16:00
0.0173697,0.0173697,0.0173697,0.0173697,1614636780,2021-03-01T22:13:00
0.0177441,0.0177441,0.0177441,0.0177441,1614636540,2021-03-01T22:09:00
0.0175242,0.0175242,0.0175242,0.0175242,1614635940,2021-03-01T21:59:00
0.0175176,0.0175176,0.0175176,0.0175176,1614635820,2021-03-01T21:57:00
0.0174346,0.0174346,0.0174346,0.0174346,1614634620,2021-03-01T21:37:00
0.0174481,0.0174481,0.0174481,0.0174481,1614634260,2021-03-01T21:31:00
0.0179716,0.0179716,0.0179716,0.0179716,1614633900,2021-03-01T21:25:00
0.0184575,0.0184575,0.0184575,0.0184575,1614632100,2021-03-01T20:55:00
0.0184024,0.0184024,0.0184024,0.0184024,1614631920,2021-03-01T20:52:00
0.0185535,0.0185535,0.0185535,0.0185535,1614631740,2021-03-01T20:49:00
0.0186807,0.0186807,0.0186807,0.0186807,1614630840,2021-03-01T20:34:00
0.0185604,0.0185604,0.0185604,0.0185604,1614630780,2021-03-01T20:33:00
0.0187043,0.0187043,0.0187043,0.0187043,1614629280,2021-03-01T20:08:00
0.0188443,0.0188443,0.0186185,0.0186185,1614628680,2021-03-01T19:58:00
0.0186943,0.0186943,0.0186943,0.0186943,1614627840,2021-03-01T19:44:00
0.0188635,0.0188635,0.0188635,0.0188635,1614627660,2021-03-01T19:41:00
0.0185495,0.0185495,0.0185495,0.0185495,1614627540,2021-03-01T19:39:00
0.0178633,0.0178633,0.0178633,0.0178633,1614627000,2021-03-01T19:30:00
0.017992,0.017992,0.017992,0.017992,1614626400,2021-03-01T19:20:00
0.0181841,0.0181841,0.0181841,0.0181841,1614626220,2021-03-01T19:17:00
0.0181508,0.0181508,0.0181508,0.0181508,1614625680,2021-03-01T19:08:00
0.0181255,0.0181255,0.0181255,0.0181255,1614624840,2021-03-01T18:54:00
0.0180512,0.0180512,0.0180512,0.0180512,1614624780,2021-03-01T18:53:00
0.0176296,0.0176296,0.0176296,0.0176296,1614624600,2021-03-01T18:50:00
0.0169812,0.0169812,0.0169812,0.0169812,1614624360,2021-03-01T18:46:00
0.0166418,0.0166418,0.0166418,0.0166418,1614624240,2021-03-01T18:44:00
0.0162705,0.0162705,0.0162705,0.0162705,1614624180,2021-03-01T18:43:00
0.0159702,0.0159702,0.0159702,0.0159702,1614623880,2021-03-01T18:38:00
0.0160762,0.0160762,0.0160762,0.0160762,1614623820,2021-03-01T18:37:00
0.0159904,0.0159904,0.0159904,0.0159904,1614623340,2021-03-01T18:29:00
0.0159513,0.0159513,0.0159513,0.0159513,1614622920,2021-03-01T18:22:00
0.0161667,0.0161667,0.0161667,0.0161667,1614622380,2021-03-01T18:13:00
0.0161669,0.0161669,0.0161669,0.0161669,1614622020,2021-03-01T18:07:00
0.0163772,0.0163772,0.0163772,0.0163772,1614621420,2021-03-01T17:57:00
0.0162882,0.0162882,0.0162882,0.0162882,1614621300,2021-03-01T17:55:00
0.0158571,0.0160377,0.0158571,0.0160377,1614621180,2021-03-01T17:53:00
0.0159435,0.0159435,0.0159435,0.0159435,1614621000,2021-03-01T17:50:00
0.0166763,0.0166763,0.0164095,0.0164095,1614620760,2021-03-01T17:46:00
0.0166437,0.0166437,0.0166437,0.0166437,1614620160,2021-03-01T17:36:00
0.0162755,0.0165626,0.0162755,0.0165626,1614619680,2021-03-01T17:28:00
0.0162065,0.0162065,0.0162065,0.0162065,1614619620,2021-03-01T17:27:00
0.0164819,0.0164819,0.0164819,0.0164819,1614619560,2021-03-01T17:26:00
0.0167777,0.0167777,0.0167777,0.0167777,1614618960,2021-03-01T17:16:00
0.0166843,0.0166843,0.0166843,0.0166843,1614618780,2021-03-01T17:13:00
0.0170577,0.0170577,0.0170577,0.0170577,1614618540,2021-03-01T17:09:00
0.0165657,0.0168477,0.0165657,0.0168477,1614618420,2021-03-01T17:07:00
0.0164362,0.0164362,0.0164362,0.0164362,1614618300,2021-03-01T17:05:00
0.0163299,0.0163299,0.0163299,0.0163299,1614618240,2021-03-01T17:04:00
0.01546,0.0159226,0.01546,0.0159226,1614618180,2021-03-01T17:03:00
0.0159804,0.0159804,0.0159804,0.0159804,1614618000,2021-03-01T17:00:00
0.0170441,0.0170441,0.0170441,0.0170441,1614617880,2021-03-01T16:58:00
0.0176144,0.0176144,0.0176144,0.0176144,1614617700,2021-03-01T16:55:00
0.0179821,0.0179821,0.0178274,0.0178274,1614617160,2021-03-01T16:46:00
0.0184207,0.0184207,0.0184207,0.0184207,1614616800,2021-03-01T16:40:00
0.0186565,0.0186565,0.0186565,0.0186565,1614616500,2021-03-01T16:35:00
0.0186254,0.0186254,0.0186254,0.0186254,1614616440,2021-03-01T16:34:00
0.0185437,0.0185437,0.0185437,0.0185437,1614616260,2021-03-01T16:31:00
0.0187362,0.0187362,0.0187362,0.0187362,1614615780,2021-03-01T16:23:00
0.0186655,0.0186655,0.0186655,0.0186655,1614615660,2021-03-01T16:21:00
0.0183966,0.0183966,0.0183966,0.0183966,1614615540,2021-03-01T16:19:00
0.0183942,0.0183942,0.0183942,0.0183942,1614615480,2021-03-01T16:18:00
0.0180225,0.0180225,0.0180225,0.0180225,1614615180,2021-03-01T16:13:00
0.0179184,0.0179184,0.0179184,0.0179184,1614614640,2021-03-01T16:04:00
0.0172368,0.0172368,0.0172368,0.0172368,1614614520,2021-03-01T16:02:00
0.0167563,0.0167563,0.0167563,0.0167563,1614614280,2021-03-01T15:58:00
0.0169249,0.0169249,0.0169249,0.0169249,1614614160,2021-03-01T15:56:00
0.0166292,0.0166292,0.0166292,0.0166292,1614613500,2021-03-01T15:45:00
0.0163854,0.0163854,0.0163854,0.0163854,1614612180,2021-03-01T15:23:00
0.0163921,0.0163921,0.0163921,0.0163921,1614612120,2021-03-01T15:22:00
0.0160257,0.0160257,0.0160257,0.0160257,1614611400,2021-03-01T15:10:00
0.0166725,0.0166725,0.0166725,0.0166725,1614611280,2021-03-01T15:08:00
0.0173797,0.0173797,0.0173797,0.0173797,1614611160,2021-03-01T15:06:00
0.0162081,0.0176841,0.0162081,0.0176841,1614611100,2021-03-01T15:05:00
0.0159451,0.0159451,0.0159451,0.0159451,1614611040,2021-03-01T15:04:00
0.0168022,0.0168022,0.0168022,0.0168022,1614610980,2021-03-01T15:03:00
0.0176522,0.0176537,0.0176522,0.0176537,1614610920,2021-03-01T15:02:00
0.0169341,0.0169791,0.0168744,0.0169791,1614610800,2021-03-01T15:00:00
0.0165689,0.0165689,0.0165689,0.0165689,1614610740,2021-03-01T14:59:00
0.0168935,0.0168935,0.0168935,0.0168935,1614610440,2021-03-01T14:54:00
0.0172064,0.0172064,0.0172064,0.0172064,1614610380,2021-03-01T14:53:00
0.0176423,0.0176423,0.0176423,0.0176423,1614610320,2021-03-01T14:52:00
0.016831,0.016831,0.016831,0.016831,1614610260,2021-03-01T14:51:00
0.0164726,0.0170169,0.0164726,0.0170169,1614610080,2021-03-01T14:48:00
0.0165745,0.0165745,0.0165745,0.0165745,1614609480,2021-03-01T14:38:00
0.0171054,0.0171054,0.0171054,0.0171054,1614609420,2021-03-01T14:37:00
0.0152591,0.0152591,0.0152591,0.0152591,1614609180,2021-03-01T14:33:00
0.0157487,0.0157487,0.0157487,0.0157487,1614608700,2021-03-01T14:25:00
0.0164122,0.0164122,0.0164122,0.0164122,1614608280,2021-03-01T14:18:00
0.0163133,0.0163133,0.0163133,0.0163133,1614607920,2021-03-01T14:12:00
0.0164298,0.0164298,0.0164298,0.0164298,1614607080,2021-03-01T13:58:00
0.0165758,0.0165758,0.0165758,0.0165758,1614606540,2021-03-01T13:49:00
0.0164578,0.0164578,0.0164578,0.0164578,1614606480,2021-03-01T13:48:00
0.0165997,0.0165997,0.0165997,0.0165997,1614606360,2021-03-01T13:46:00
0.015625,0.015625,0.015625,0.015625,1614605520,2021-03-01T13:32:00
0.0156084,0.0156084,0.0156084,0.0156084,1614603900,2021-03-01T13:05:00
0.015393,0.015393,0.015393,0.015393,1614602100,2021-03-01T12:35:00
0.0152915,0.0152915,0.0152915,0.0152915,1614601740,2021-03-01T12:29:00
0.0153912,0.0153912,0.0153912,0.0153912,1614601680,2021-03-01T12:28:00
0.0159931,0.0159931,0.0159931,0.0159931,1614601380,2021-03-01T12:23:00
0.0162108,0.0162108,0.0162108,0.0162108,1614601020,2021-03-01T12:17:00
0.016072,0.016072,0.016072,0.016072,1614600540,2021-03-01T12:09:00
0.0161846,0.0161846,0.0161846,0.0161846,1614600420,2021-03-01T12:07:00
0.0164397,0.0164397,0.0164397,0.0164397,1614600060,2021-03-01T12:01:00
0.0155942,0.0155942,0.0155942,0.0155942,1614599940,2021-03-01T11:59:00
0.0155268,0.0155268,0.0155268,0.0155268,1614599880,2021-03-01T11:58:00
0.015562,0.015562,0.015562,0.015562,1614599820,2021-03-01T11:57:00
0.0155553,0.0158221,0.0155312,0.0155312,1614599700,2021-03-01T11:55:00
0.0149349,0.0149349,0.0149349,0.0149349,1614599520,2021-03-01T11:52:00
0.0146815,0.0146815,0.0146815,0.0146815,1614599460,2021-03-01T11:51:00
0.0143279,0.0143279,0.0143279,0.0143279,1614599160,2021-03-01T11:46:00
0.0141723,0.0141723,0.0141723,0.0141723,1614599100,2021-03-01T11:45:00
0.0141178,0.0141178,0.0141178,0.0141178,1614598920,2021-03-01T11:42:00
0.0141739,0.0141739,0.0141739,0.0141739,1614598560,2021-03-01T11:36:00
0.0141247,0.0141247,0.0141247,0.0141247,1614598440,2021-03-01T11:34:00
0.0140358,0.0140563,0.0140358,0.0140563,1614598380,2021-03-01T11:33:00
0.0141658,0.0141658,0.0141658,0.0141658,1614597960,2021-03-01T11:26:00
0.0150615,0.0150615,0.0145586,0.0145586,1614597660,2021-03-01T11:21:00
0.0150324,0.0150324,0.0150324,0.0150324,1614597240,2021-03-01T11:14:00
0.0149509,0.0149509,0.0149509,0.0149509,1614596880,2021-03-01T11:08:00
0.0150686,0.0150686,0.0150686,0.0150686,1614596580,2021-03-01T11:03:00
0.0151019,0.0151019,0.0151019,0.0151019,1614596520,2021-03-01T11:02:00
0.0157671,0.0157671,0.0157671,0.0157671,1614596400,2021-03-01T11:00:00
0.0161872,0.0161872,0.0161872,0.0161872,1614595980,2021-03-01T10:53:00
0.016049,0.016049,0.016049,0.016049,1614595800,2021-03-01T10:50:00
0.015922,0.015922,0.015922,0.015922,1614595620,2021-03-01T10:47:00
0.0159389,0.0160231,0.0156013,0.0156013,1614595560,2021-03-01T10:46:00
0.0159345,0.0159345,0.0159345,0.0159345,1614595440,2021-03-01T10:44:00
0.0160342,0.0160342,0.0160342,0.0160342,1614595260,2021-03-01T10:41:00
0.0160515,0.0160515,0.0160515,0.0160515,1614595080,2021-03-01T10:38:00
0.0153046,0.0153046,0.0153046,0.0153046,1614595020,2021-03-01T10:37:00
0.0154084,0.0154084,0.0154084,0.0154084,1614594960,2021-03-01T10:36:00
0.0143324,0.0143324,0.0143324,0.0143324,1614594540,2021-03-01T10:29:00
0.0143761,0.0143761,0.0143761,0.0143761,1614594420,2021-03-01T10:27:00
0.014144,0.014144,0.014144,0.014144,1614594300,2021-03-01T10:25:00
0.0140471,0.0140471,0.0140471,0.0140471,1614593640,2021-03-01T10:14:00
0.0139958,0.0139958,0.0139958,0.0139958,1614593040,2021-03-01T10:04:00
0.0139193,0.0139193,0.0139193,0.0139193,1614592260,2021-03-01T09:51:00
0.0137202,0.0137202,0.0137202,0.0137202,1614592200,2021-03-01T09:50:00
0.0135178,0.0135178,0.0135178,0.0135178,1614592020,2021-03-01T09:47:00
0.0134224,0.0134224,0.0134224,0.0134224,1614591840,2021-03-01T09:44:00
0.0133243,0.0133243,0.0133243,0.0133243,1614590160,2021-03-01T09:16:00
0.0127088,0.0127088,0.0127088,0.0127088,1614590100,2021-03-01T09:15:00
0.0125525,0.0125525,0.0125525,0.0125525,1614589920,2021-03-01T09:12:00
0.0125208,0.0125208,0.0125208,0.0125208,1614589860,2021-03-01T09:11:00
0.0125917,0.0125917,0.0125917,0.0125917,1614589500,2021-03-01T09:05:00
0.0122905,0.0122905,0.0122905,0.0122905,1614589440,2021-03-01T09:04:00
0.0121316,0.0121316,0.0121316,0.0121316,1614589320,2021-03-01T09:02:00
0.0121606,0.0121606,0.0121606,0.0121606,1614588660,2021-03-01T08:51:00
0.0119902,0.0122585,0.0119902,0.0122585,1614587640,2021-03-01T08:34:00
0.0120609,0.0120609,0.0120609,0.0120609,1614587460,2021-03-01T08:31:00
0.0111294,0.0111294,0.0111294,0.0111294,1614586080,2021-03-01T08:08:00
0.011055,0.011055,0.011055,0.011055,1614585720,2021-03-01T08:02:00
0.0111672,0.0111672,0.0111672,0.0111672,1614585600,2021-03-01T08:00:00
0.0108369,0.0108369,0.0108369,0.0108369,1614585540,2021-03-01T07:59:00
0.010715,0.010715,0.010715,0.010715,1614585120,2021-03-01T07:52:00
0.010601,0.010601,0.010601,0.010601,1614585000,2021-03-01T07:50:00
0.0104602,0.0104602,0.0104602,0.0104602,1614584220,2021-03-01T07:37:00
0.0104575,0.0104575,0.0104575,0.0104575,1614573420,2021-03-01T04:37:00
0.00997346,0.00997346,0.00997346,0.00997346,1614573360,2021-03-01T04:36:00
0.0099722,0.0099722,0.0099722,0.0099722,1614570120,2021-03-01T03:42:00
0.0101886,0.0101886,0.0101886,0.0101886,1614567300,2021-03-01T02:55:00
0.0104716,0.0104716,0.0104716,0.0104716,1614566580,2021-03-01T02:43:00
0.0102843,0.0102843,0.0102843,0.0102843,1614553320,2021-02-28T23:02:00
0.0104473,0.0104473,0.0101822,0.0101822,1614544920,2021-02-28T20:42:00
0.0104385,0.0104385,0.0104385,0.0104385,1614543600,2021-02-28T20:20:00
0.0105176,0.0105176,0.0105176,0.0105176,1614543000,2021-02-28T20:10:00
0.0104221,0.0104221,0.0104221,0.0104221,1614542340,2021-02-28T19:59:00
0.0103896,0.0103896,0.0103896,0.0103896,1614541980,2021-02-28T19:53:00
0.0103925,0.0103925,0.0103925,0.0103925,1614541560,2021-02-28T19:46:00
0.0100212,0.0100212,0.0100212,0.0100212,1614541260,2021-02-28T19:41:00
0.0101594,0.0101594,0.0101594,0.0101594,1614540420,2021-02-28T19:27:00
0.010461,0.010461,0.010461,0.010461,1614539820,2021-02-28T19:17:00
0.0105236,0.0105236,0.0105236,0.0105236,1614539700,2021-02-28T19:15:00
0.0103908,0.0103908,0.0103908,0.0103908,1614539040,2021-02-28T19:04:00
0.0105104,0.0105104,0.0105104,0.0105104,1614535980,2021-02-28T18:13:00
0.0104426,0.0104426,0.0104426,0.0104426,1614535740,2021-02-28T18:09:00
0.0104054,0.0104054,0.0104054,0.0104054,1614532320,2021-02-28T17:12:00
0.0103989,0.0103989,0.0103989,0.0103989,1614531240,2021-02-28T16:54:00
0.0101805,0.0101805,0.0101805,0.0101805,1614531180,2021-02-28T16:53:00
0.0101986,0.0101986,0.0101986,0.0101986,1614531000,2021-02-28T16:50:00
0.0096787,0.0096787,0.0096787,0.0096787,1614530760,2021-02-28T16:46:00
0.00970344,0.00970344,0.00970344,0.00970344,1614529980,2021-02-28T16:33:00
0.00947038,0.00947038,0.00947038,0.00947038,1614526860,2021-02-28T15:41:00
0.00963779,0.00963779,0.00963779,0.00963779,1614526560,2021-02-28T15:36:00
0.0100575,0.0100575,0.0100575,0.0100575,1614526200,2021-02-28T15:30:00
0.0106313,0.0106313,0.0106313,0.0106313,1614524400,2021-02-28T15:00:00
0.0109243,0.0109243,0.0109243,0.0109243,1614524280,2021-02-28T14:58:00
0.0109835,0.0109835,0.0109835,0.0109835,1614523740,2021-02-28T14:49:00
0.0113973,0.0113973,0.0113973,0.0113973,1614523140,2021-02-28T14:39:00
0.0116454,0.0116454,0.0116454,0.0116454,1614522540,2021-02-28T14:29:00
0.0111392,0.0111392,0.0111392,0.0111392,1614522480,2021-02-28T14:28:00
0.0106291,0.0106291,0.0106291,0.0106291,1614522420,2021-02-28T14:27:00
0.0104943,0.0104943,0.0104943,0.0104943,1614522300,2021-02-28T14:25:00
0.0105793,0.0105793,0.0105793,0.0105793,1614521820,2021-02-28T14:17:00
0.0104425,0.0104425,0.0104425,0.0104425,1614521760,2021-02-28T14:16:00
0.0108149,0.0108149,0.0108149,0.0108149,1614518940,2021-02-28T13:29:00
0.0113176,0.0113176,0.0113176,0.0113176,1614517980,2021-02-28T13:13:00
0.0115627,0.0115627,0.0115627,0.0115627,1614516420,2021-02-28T12:47:00
0.0114978,0.0114978,0.0114978,0.0114978,1614515940,2021-02-28T12:39:00
0.0114747,0.0114747,0.0114747,0.0114747,1614515280,2021-02-28T12:28:00
0.0114694,0.0114694,0.0114694,0.0114694,1614513180,2021-02-28T11:53:00
0.0112607,0.011511,0.0112607,0.0114812,1614512460,2021-02-28T11:41:00
0.0110987,0.0110987,0.0110987,0.0110987,1614511080,2021-02-28T11:18:00
0.0112266,0.0112266,0.0112266,0.0112266,1614510960,2021-02-28T11:16:00
0.0113715,0.0113715,0.0113715,0.0113715,1614510720,2021-02-28T11:12:00
0.0113212,0.0113212,0.0113212,0.0113212,1614508740,2021-02-28T10:39:00
0.0113405,0.0113405,0.0113405,0.0113405,1614508620,2021-02-28T10:37:00
0.0113047,0.0113047,0.0112782,0.0112782,1614508500,2021-02-28T10:35:00
0.011242,0.011242,0.0111995,0.0111995,1614508380,2021-02-28T10:33:00
0.0110749,0.0110749,0.0110749,0.0110749,1614507180,2021-02-28T10:13:00
0.0106204,0.0106897,0.0106204,0.0106897,1614506700,2021-02-28T10:05:00
0.0107466,0.0107466,0.0107466,0.0107466,1614504300,2021-02-28T09:25:00
0.010836,0.010836,0.010836,0.010836,1614504120,2021-02-28T09:22:00
0.0106905,0.0106905,0.0106905,0.0106905,1614503760,2021-02-28T09:16:00
0.0104791,0.0104791,0.0104791,0.0104791,1614503280,2021-02-28T09:08:00
0.00983513,0.0100171,0.00983513,0.0100171,1614501660,2021-02-28T08:41:00
0.00968651,0.00968651,0.00968651,0.00968651,1614499620,2021-02-28T08:07:00
0.00956031,0.00956031,0.00956031,0.00956031,1614496680,2021-02-28T07:18:00
0.00959385,0.00959385,0.00959385,0.00959385,1614495900,2021-02-28T07:05:00
0.00965993,0.00965993,0.00965993,0.00965993,1614495360,2021-02-28T06:56:00
0.0100108,0.0100108,0.0100108,0.0100108,1614494940,2021-02-28T06:49:00
0.010288,0.0103584,0.010288,0.0103584,1614494640,2021-02-28T06:44:00
0.00941844,0.00983983,0.00941844,0.00983983,1614494160,2021-02-28T06:36:00
0.00875899,0.00875899,0.00875899,0.00875899,1614492060,2021-02-28T06:01:00
0.00885117,0.00885117,0.00885117,0.00885117,1614491940,2021-02-28T05:59:00
0.00903058,0.00903058,0.00903058,0.00903058,1614491460,2021-02-28T05:51:00
0.00931442,0.00931442,0.00931442,0.00931442,1614491280,2021-02-28T05:48:00
0.00951677,0.00951677,0.00951677,0.00951677,1614491100,2021-02-28T05:45:00
0.00969116,0.00969116,0.00969116,0.00969116,1614491040,2021-02-28T05:44:00
0.00975007,0.00975007,0.00975007,0.00975007,1614490380,2021-02-28T05:33:00
0.00987471,0.00987471,0.00987471,0.00987471,1614489720,2021-02-28T05:22:00
0.00964176,0.00964176,0.00964176,0.00964176,1614489540,2021-02-28T05:19:00
0.00985903,0.00985903,0.00985903,0.00985903,1614489060,2021-02-28T05:11:00
0.0103057,0.0103057,0.0103057,0.0103057,1614487200,2021-02-28T04:40:00
0.0107088,0.0107088,0.0107088,0.0107088,1614487020,2021-02-28T04:37:00
0.0109724,0.0109724,0.0109724,0.0109724,1614486720,2021-02-28T04:32:00
0.0110331,0.0110331,0.0110331,0.0110331,1614486240,2021-02-28T04:24:00
0.010582,0.010582,0.010582,0.010582,1614486000,2021-02-28T04:20:00
0.0103881,0.0103881,0.0103881,0.0103881,1614481020,2021-02-28T02:57:00
0.0103202,0.0103202,0.0103202,0.0103202,1614479400,2021-02-28T02:30:00
0.0102794,0.0102794,0.0102794,0.0102794,1614472440,2021-02-28T00:34:00
0.0102238,0.0102238,0.0102238,0.0102238,1614469200,2021-02-27T23:40:00
0.0105793,0.0105793,0.0105793,0.0105793,1614467760,2021-02-27T23:16:00
0.0105908,0.0109172,0.0105908,0.0106887,1614466680,2021-02-27T22:58:00
0.0105231,0.0105231,0.0105231,0.0105231,1614463860,2021-02-27T22:11:00
0.0109103,0.0109103,0.0106446,0.0106446,1614462600,2021-02-27T21:50:00
0.0110188,0.0110188,0.0110188,0.0110188,1614462420,2021-02-27T21:47:00
0.0111891,0.0111891,0.0110479,0.0110479,1614462060,2021-02-27T21:41:00
0.0107647,0.0107647,0.0107647,0.0107647,1614461580,2021-02-27T21:33:00
0.0105969,0.0105969,0.0105969,0.0105969,1614460980,2021-02-27T21:23:00
0.0105113,0.0105113,0.0105113,0.0105113,1614460860,2021-02-27T21:21:00
0.0106407,0.0106407,0.0106407,0.0106407,1614459900,2021-02-27T21:05:00
0.0108685,0.0108685,0.0108685,0.0108685,1614459840,2021-02-27T21:04:00
0.0111705,0.0111705,0.0111705,0.0111705,1614459480,2021-02-27T20:58:00
0.0111742,0.0111742,0.0111742,0.0111742,1614458820,2021-02-27T20:47:00
0.010547,0.010547,0.010547,0.010547,1614458760,2021-02-27T20:46:00
0.0104319,0.0104319,0.0104319,0.0104319,1614458580,2021-02-27T20:43:00
0.0100987,0.0100987,0.0100987,0.0100987,1614457980,2021-02-27T20:33:00
0.00976788,0.00976788,0.00976788,0.00976788,1614457500,2021-02-27T20:25:00
0.00970292,0.00970292,0.00970292,0.00970292,1614457200,2021-02-27T20:20:00
0.0100549,0.0100549,0.0100549,0.0100549,1614456840,2021-02-27T20:14:00
0.0106285,0.0106285,0.0106285,0.0106285,1614456480,2021-02-27T20:08:00
0.0105117,0.0105117,0.0105117,0.0105117,1614454920,2021-02-27T19:42:00
0.0106001,0.0106001,0.0106001,0.0106001,1614454860,2021-02-27T19:41:00
0.0106472,0.0106472,0.0106472,0.0106472,1614454740,2021-02-27T19:39:00
0.010471,0.010471,0.010471,0.010471,1614454680,2021-02-27T19:38:00
0.0108162,0.0108162,0.0108162,0.0108162,1614454560,2021-02-27T19:36:00
0.0100916,0.0100916,0.0100916,0.0100916,1614454020,2021-02-27T19:27:00
0.00994768,0.00994768,0.00994768,0.00994768,1614453960,2021-02-27T19:26:00
0.00985258,0.00985258,0.00985258,0.00985258,1614453600,2021-02-27T19:20:00
0.00965086,0.00965086,0.00965086,0.00965086,1614451980,2021-02-27T18:53:00
0.00961967,0.00961967,0.00961967,0.00961967,1614450720,2021-02-27T18:32:00
0.00975168,0.00975168,0.00975168,0.00975168,1614450540,2021-02-27T18:29:00
0.00963496,0.00963496,0.00963496,0.00963496,1614450480,2021-02-27T18:28:00
0.00939917,0.00939917,0.00939917,0.00939917,1614450000,2021-02-27T18:20:00
0.00926722,0.00926722,0.00926722,0.00926722,1614443160,2021-02-27T16:26:00
0.00921772,0.00921772,0.00921772,0.00921772,1614441540,2021-02-27T15:59:00
0.00932651,0.00932651,0.00932651,0.00932651,1614440640,2021-02-27T15:44:00
0.00947033,0.00947033,0.00947033,0.00947033,1614438780,2021-02-27T15:13:00
0.00925665,0.00925665,0.00925665,0.00925665,1614438300,2021-02-27T15:05:00
0.00919545,0.00919545,0.00919545,0.00919545,1614438180,2021-02-27T15:03:00
0.00909556,0.00909556,0.00909556,0.00909556,1614437880,2021-02-27T14:58:00
0.00906129,0.00906129,0.00906129,0.00906129,1614437100,2021-02-27T14:45:00
0.00923227,0.00923227,0.00923227,0.00923227,1614437040,2021-02-27T14:44:00
0.00916071,0.00916071,0.00916071,0.00916071,1614436740,2021-02-27T14:39:00
0.00910415,0.00910415,0.00910415,0.00910415,1614436620,2021-02-27T14:37:00
0.00905032,0.00905032,0.00905032,0.00905032,1614436140,2021-02-27T14:29:00
0.00893237,0.00893237,0.00893237,0.00893237,1614435300,2021-02-27T14:15:00
0.00879816,0.00879816,0.00879816,0.00879816,1614433740,2021-02-27T13:49:00
0.00863865,0.00863865,0.00863865,0.00863865,1614432900,2021-02-27T13:35:00
0.00857736,0.00857736,0.00857736,0.00857736,1614431640,2021-02-27T13:14:00
0.00854934,0.00854934,0.00854934,0.00854934,1614431040,2021-02-27T13:04:00
0.00844858,0.00844858,0.00844858,0.00844858,1614430980,2021-02-27T13:03:00
0.00842647,0.00842647,0.00842647,0.00842647,1614427560,2021-02-27T12:06:00
0.00841285,0.00841285,0.00841285,0.00841285,1614427500,2021-02-27T12:05:00
0.0084129,0.0084129,0.0084129,0.0084129,1614425760,2021-02-27T11:36:00
0.00837867,0.00837867,0.00837867,0.00837867,1614423540,2021-02-27T10:59:00
0.0082833,0.0082833,0.0082833,0.0082833,1614423240,2021-02-27T10:54:00
0.0083679,0.0083679,0.0083679,0.0083679,1614423060,2021-02-27T10:51:00
0.00851838,0.00851838,0.00851838,0.00851838,1614422280,2021-02-27T10:38:00
0.00855465,0.00855465,0.00855465,0.00855465,1614420600,2021-02-27T10:10:00
0.0087427,0.0087427,0.0087427,0.0087427,1614420240,2021-02-27T10:04:00
0.0088675,0.0088675,0.00874751,0.00874751,1614419700,2021-02-27T09:55:00
0.0088108,0.0088108,0.0088108,0.0088108,1614419340,2021-02-27T09:49:00
0.00874474,0.00874474,0.00874474,0.00874474,1614417480,2021-02-27T09:18:00
0.00863858,0.00863858,0.00863858,0.00863858,1614414960,2021-02-27T08:36:00
0.00876898,0.00876898,0.00876898,0.00876898,1614412980,2021-02-27T08:03:00
0.00873341,0.00873341,0.00873341,0.00873341,1614410880,2021-02-27T07:28:00
0.00888863,0.00888863,0.00888863,0.00888863,1614410040,2021-02-27T07:14:00
0.00921533,0.00921533,0.00921533,0.00921533,1614409380,2021-02-27T07:03:00
0.00926929,0.00926929,0.00926929,0.00926929,1614407400,2021-02-27T06:30:00
0.00919037,0.00919037,0.00919037,0.00919037,1614407280,2021-02-27T06:28:00
0.00933613,0.00933613,0.00933613,0.00933613,1614406740,2021-02-27T06:19:00
0.00942353,0.00942353,0.00942353,0.00942353,1614399060,2021-02-27T04:11:00
0.0095051,0.0095051,0.0095051,0.0095051,1614396480,2021-02-27T03:28:00
0.00952912,0.00952912,0.00952912,0.00952912,1614396180,2021-02-27T03:23:00
0.00942364,0.00942364,0.00942364,0.00942364,1614394260,2021-02-27T02:51:00
0.00934418,0.00934418,0.00934418,0.00934418,1614393060,2021-02-27T02:31:00
0.00922276,0.00922276,0.00922276,0.00922276,1614390780,2021-02-27T01:53:00
0.00924229,0.00924229,0.00924229,0.00924229,1614390720,2021-02-27T01:52:00
0.00948871,0.00948871,0.00948871,0.00948871,1614390600,2021-02-27T01:50:00
0.00977879,0.00977879,0.00977879,0.00977879,1614388320,2021-02-27T01:12:00
0.00982077,0.00982077,0.00982077,0.00982077,1614387900,2021-02-27T01:05:00
0.00951832,0.00951832,0.00951832,0.00951832,1614384540,2021-02-27T00:09:00
0.0093129,0.0093129,0.0093129,0.0093129,1614383220,2021-02-26T23:47:00
0.00900514,0.00900514,0.00900514,0.00900514,1614382800,2021-02-26T23:40:00
0.00899596,0.00899596,0.00899596,0.00899596,1614382740,2021-02-26T23:39:00
0.00903127,0.00903127,0.00903127,0.00903127,1614380580,2021-02-26T23:03:00
0.00904147,0.00904147,0.00904147,0.00904147,1614378900,2021-02-26T22:35:00
0.00901861,0.00901861,0.00901861,0.00901861,1614378360,2021-02-26T22:26:00
0.00911274,0.00911274,0.00911274,0.00911274,1614378000,2021-02-26T22:20:00
0.0090443,0.0090443,0.0090443,0.0090443,1614376080,2021-02-26T21:48:00
0.00890721,0.00890721,0.00890721,0.00890721,1614372060,2021-02-26T20:41:00
0.00946344,0.00946344,0.00946344,0.00946344,1614370260,2021-02-26T20:11:00
0.0100136,0.0100136,0.0100136,0.0100136,1614368820,2021-02-26T19:47:00
0.0103811,0.0103811,0.0103811,0.0103811,1614359280,2021-02-26T17:08:00
0.0104238,0.0104238,0.0104238,0.0104238,1614358740,2021-02-26T16:59:00
0.0104782,0.0104782,0.0104782,0.0104782,1614357900,2021-02-26T16:45:00
0.0105904,0.0105904,0.0105904,0.0105904,1614357840,2021-02-26T16:44:00
0.0107072,0.0107072,0.0107072,0.0107072,1614356820,2021-02-26T16:27:00
0.0104974,0.0104974,0.0104974,0.0104974,1614355260,2021-02-26T16:01:00
0.0103939,0.0103939,0.0103939,0.0103939,1614354900,2021-02-26T15:55:00
0.0103982,0.0103982,0.0103982,0.0103982,1614353940,2021-02-26T15:39:00
0.0101598,0.0101598,0.0101598,0.0101598,1614353160,2021-02-26T15:26:00
0.0100036,0.0100036,0.0100036,0.0100036,1614353100,2021-02-26T15:25:00
0.00989793,0.00989793,0.00989793,0.00989793,1614352800,2021-02-26T15:20:00
0.0099594,0.0099594,0.0099594,0.0099594,1614350160,2021-02-26T14:36:00
0.00977369,0.00977369,0.00977369,0.00977369,1614348780,2021-02-26T14:13:00
0.00969435,0.00969435,0.00969435,0.00969435,1614347700,2021-02-26T13:55:00
0.00915633,0.00964981,0.00915633,0.00964981,1614347520,2021-02-26T13:52:00
0.00920357,0.00920357,0.00920357,0.00920357,1614347400,2021-02-26T13:50:00
0.00911381,0.00911381,0.00911381,0.00911381,1614346920,2021-02-26T13:42:00
0.00903612,0.00903612,0.00903612,0.00903612,1614346200,2021-02-26T13:30:00
0.00918849,0.00918849,0.00918849,0.00918849,1614344520,2021-02-26T13:02:00
0.00926605,0.00926605,0.00926605,0.00926605,1614342240,2021-02-26T12:24:00
0.00901807,0.00901807,0.00901807,0.00901807,1614340140,2021-02-26T11:49:00
0.00895214,0.00895214,0.00895214,0.00895214,1614339240,2021-02-26T11:34:00
0.00900815,0.00900815,0.00900815,0.00900815,1614339000,2021-02-26T11:30:00
0.00880448,0.00880448,0.00880448,0.00880448,1614338220,2021-02-26T11:17:00
0.00868859,0.00868859,0.00868859,0.00868859,1614338100,2021-02-26T11:15:00
0.00861795,0.00861795,0.00861795,0.00861795,1614338040,2021-02-26T11:14:00
0.00854157,0.00854157,0.00854157,0.00854157,1614336900,2021-02-26T10:55:00
0.00845684,0.00845684,0.00845684,0.00845684,1614335100,2021-02-26T10:25:00
0.0316537,0.0316537,0.0316537,0.0316537,1614332580,2021-02-26T09:43:00
0.0192008,0.0192008,0.0192008,0.0192008,1614332460,2021-02-26T09:41:00
0.0368626,0.0368626,0.0368626,0.0368626,1614331860,2021-02-26T09:31:00
0.0374662,0.0374662,0.0374662,0.0374662,1614331260,2021-02-26T09:21:00
0.037246,0.037246,0.037246,0.037246,1614329580,2021-02-26T08:53:00
0.0194822,0.0194822,0.0194822,0.0194822,1614327600,2021-02-26T08:20:00
0.0182736,0.0182736,0.0182736,0.0182736,1614322800,2021-02-26T07:00:00
0.0292422,0.0292422,0.0203855,0.0203855,1614322740,2021-02-26T06:59:00
0.0175401,0.0346417,0.0175401,0.0346417,1614322620,2021-02-26T06:57:00
0.0278406,0.0278406,0.0278406,0.0278406,1614322140,2021-02-26T06:49:00
0.0269615,0.0269615,0.0269615,0.0269615,1614318840,2021-02-26T05:54:00
0.0239311,0.0239311,0.0239311,0.0239311,1614315180,2021-02-26T04:53:00
0.0270018,0.0270018,0.0270018,0.0270018,1614314880,2021-02-26T04:48:00
0.0305232,0.0305232,0.0305232,0.0305232,1614309780,2021-02-26T03:23:00
0.0393723,0.0393723,0.0393723,0.0393723,1614308940,2021-02-26T03:09:00
0.040136,0.040136,0.040136,0.040136,1614295140,2021-02-25T23:19:00
0.0245242,0.0245242,0.0245242,0.0245242,1614293340,2021-02-25T22:49:00
0.0378701,0.0378701,0.0378701,0.0378701,1614292380,2021-02-25T22:33:00
0.0211341,0.0211341,0.0193445,0.0193445,1614291840,2021-02-25T22:24:00
0.0407605,0.0407605,0.0407605,0.0407605,1614290100,2021-02-25T21:55:00
0.0408077,0.0408077,0.0408077,0.0408077,1614288540,2021-02-25T21:29:00
0.0309996,0.0309996,0.0309996,0.0309996,1614288240,2021-02-25T21:24:00
0.0286234,0.0286234,0.0286234,0.0286234,1614287760,2021-02-25T21:16:00
0.0401271,0.0401271,0.0401271,0.0401271,1614286980,2021-02-25T21:03:00
0.0396861,0.0396861,0.0396861,0.0396861,1614285840,2021-02-25T20:44:00
0.0425251,0.0425251,0.0425251,0.0425251,1614285600,2021-02-25T20:40:00
0.0393797,0.0393797,0.0393797,0.0393797,1614285180,2021-02-25T20:33:00
0.0371935,0.0371935,0.0371935,0.0371935,1614284880,2021-02-25T20:28:00
0.0409344,0.0409344,0.0409344,0.0409344,1614284820,2021-02-25T20:27:00
0.0248565,0.0248565,0.0248565,0.0248565,1614283740,2021-02-25T20:09:00
0.0334922,0.0334922,0.0334922,0.0334922,1614282480,2021-02-25T19:48:00
0.0410998,0.0410998,0.0410998,0.0410998,1614281880,2021-02-25T19:38:00
0.0347125,0.0347125,0.0347125,0.0347125,1614280800,2021-02-25T19:20:00
0.0373092,0.0373092,0.0373092,0.0373092,1614279360,2021-02-25T18:56:00
0.0306674,0.0306674,0.0306674,0.0306674,1614278400,2021-02-25T18:40:00
0.0380108,0.0380108,0.0380108,0.0380108,1614277680,2021-02-25T18:28:00
0.0375732,0.0375732,0.0375732,0.0375732,1614277140,2021-02-25T18:19:00
0.0213309,0.0213309,0.0213309,0.0213309,1614276780,2021-02-25T18:13:00
0.0225014,0.0264062,0.0225014,0.0264062,1614276720,2021-02-25T18:12:00
0.0404285,0.0404285,0.0404285,0.0404285,1614276480,2021-02-25T18:08:00
0.0179197,0.0179197,0.0179197,0.0179197,1614276420,2021-02-25T18:07:00
0.0386289,0.0386289,0.0386289,0.0386289,1614275340,2021-02-25T17:49:00
0.0209692,0.0209692,0.0209692,0.0209692,1614274800,2021-02-25T17:40:00
0.0279056,0.0279056,0.0279056,0.0279056,1614274680,2021-02-25T17:38:00
0.0374753,0.0374753,0.0374753,0.0374753,1614274500,2021-02-25T17:35:00
0.0256687,0.0256687,0.0256687,0.0256687,1614274380,2021-02-25T17:33:00
0.0283435,0.0283435,0.0283435,0.0283435,1614273480,2021-02-25T17:18:00
0.0257068,0.0257068,0.0257068,0.0257068,1614273360,2021-02-25T17:16:00
0.0377597,0.0377597,0.0377597,0.0377597,1614273300,2021-02-25T17:15:00
0.0153078,0.0153078,0.0153078,0.0153078,1614273240,2021-02-25T17:14:00
0.0392617,0.0392617,0.0392617,0.0392617,1614273060,2021-02-25T17:11:00
0.0402214,0.0402214,0.0402214,0.0402214,1614272220,2021-02-25T16:57:00
0.0220708,0.028773,0.0220708,0.028773,1614271380,2021-02-25T16:43:00
0.0292245,0.0292245,0.0292245,0.0292245,1614271080,2021-02-25T16:38:00
0.033868,0.033868,0.033868,0.033868,1614270600,2021-02-25T16:30:00
0.0390766,0.0390766,0.0390766,0.0390766,1614270180,2021-02-25T16:23:00
0.0185176,0.0185176,0.0185176,0.0185176,1614270120,2021-02-25T16:22:00
0.0301499,0.0301499,0.0301499,0.0301499,1614269940,2021-02-25T16:19:00
0.0233199,0.0233199,0.0233199,0.0233199,1614269040,2021-02-25T16:04:00
0.0192266,0.0192266,0.0192266,0.0192266,1614268920,2021-02-25T16:02:00
0.0343521,0.0343521,0.0343521,0.0343521,1614268860,2021-02-25T16:01:00
0.035686,0.0458668,0.029334,0.029334,1614268140,2021-02-25T15:49:00
0.0479466,0.0479466,0.0479466,0.0479466,1614267900,2021-02-25T15:45:00
0.0420794,0.0420794,0.0420794,0.0420794,1614267780,2021-02-25T15:43:00
0.0496222,0.0496222,0.0496222,0.0496222,1614267660,2021-02-25T15:41:00
0.0388752,0.0388752,0.0388752,0.0388752,1614267480,2021-02-25T15:38:00
0.0516229,0.0516229,0.0516229,0.0516229,1614267240,2021-02-25T15:34:00
0.0208385,0.0208385,0.0208385,0.0208385,1614267180,2021-02-25T15:33:00
0.0469571,0.0469571,0.0469571,0.0469571,1614267000,2021-02-25T15:30:00
0.0210167,0.0210167,0.0210167,0.0210167,1614266940,2021-02-25T15:29:00
0.0386939,0.0386939,0.0386939,0.0386939,1614266880,2021-02-25T15:28:00
0.0487306,0.0487306,0.0487306,0.0487306,1614266820,2021-02-25T15:27:00
0.0386635,0.0386635,0.0386635,0.0386635,1614266640,2021-02-25T15:24:00
0.0226004,0.0226004,0.0226004,0.0226004,1614266520,2021-02-25T15:22:00
0.0254513,0.0254513,0.0254513,0.0254513,1614266340,2021-02-25T15:19:00
0.0389286,0.0389286,0.0263808,0.0263808,1614266280,2021-02-25T15:18:00
0.0337881,0.0337881,0.0297829,0.0297829,1614266160,2021-02-25T15:16:00
0.0244393,0.0244393,0.0244393,0.0244393,1614265980,2021-02-25T15:13:00
0.0348948,0.0348948,0.0348948,0.0348948,1614265860,2021-02-25T15:11:00
0.0255762,0.0255762,0.0255762,0.0255762,1614265800,2021-02-25T15:10:00
0.0337167,0.0408937,0.0278827,0.0408937,1614265620,2021-02-25T15:07:00
0.033511,0.033511,0.0277601,0.0277601,1614265260,2021-02-25T15:01:00
0.05306,0.05306,0.0522023,0.0522023,1614265080,2021-02-25T14:58:00
0.021205,0.021205,0.021205,0.021205,1614264960,2021-02-25T14:56:00
0.0297188,0.0297188,0.0297188,0.0297188,1614264900,2021-02-25T14:55:00
0.0363402,0.0363402,0.0363402,0.0363402,1614264720,2021-02-25T14:52:00
0.0240596,0.0240596,0.0240596,0.0240596,1614264660,2021-02-25T14:51:00
0.0231557,0.0231557,0.0231557,0.0231557,1614264540,2021-02-25T14:49:00
0.0235351,0.0235351,0.0235351,0.0235351,1614264300,2021-02-25T14:45:00
0.0369487,0.0369487,0.0369487,0.0369487,1614263700,2021-02-25T14:35:00
0.0436801,0.0436801,0.0436801,0.0436801,1614263520,2021-02-25T14:32:00
0.0257044,0.0257044,0.0257044,0.0257044,1614263280,2021-02-25T14:28:00
0.0278025,0.0278025,0.0278025,0.0278025,1614262980,2021-02-25T14:23:00
0.0248988,0.0297914,0.0248988,0.0297914,1614262740,2021-02-25T14:19:00
0.0259771,0.0259771,0.0259771,0.0259771,1614262560,2021-02-25T14:16:00
0.0285791,0.0285791,0.0285791,0.0285791,1614262500,2021-02-25T14:15:00
0.0369501,0.0369501,0.035944,0.035944,1614262440,2021-02-25T14:14:00
0.0221077,0.0240235,0.0221077,0.0240235,1614262200,2021-02-25T14:10:00
0.0372057,0.0372057,0.0372057,0.0372057,1614262140,2021-02-25T14:09:00
0.0279808,0.0279808,0.0279808,0.0279808,1614262020,2021-02-25T14:07:00
0.0220656,0.0220656,0.0220656,0.0220656,1614261660,2021-02-25T14:01:00
0.0242978,0.0242978,0.0242978,0.0242978,1614261600,2021-02-25T14:00:00
0.0296677,0.0296677,0.0296677,0.0296677,1614261480,2021-02-25T13:58:00
0.0167265,0.0167265,0.0167265,0.0167265,1614261420,2021-02-25T13:57:00
0.0158084,0.0158084,0.0158084,0.0158084,1614261360,2021-02-25T13:56:00
0.0339047,0.0339047,0.0339047,0.0339047,1614261300,2021-02-25T13:55:00
0.0272897,0.0272897,0.0272897,0.0272897,1614261180,2021-02-25T13:53:00
0.016801,0.016801,0.016801,0.016801,1614260820,2021-02-25T13:47:00
0.0369307,0.0369307,0.0369307,0.0369307,1614260460,2021-02-25T13:41:00
0.0222557,0.0222557,0.0222557,0.0222557,1614260340,2021-02-25T13:39:00
0.0171489,0.0171489,0.0171489,0.0171489,1614260280,2021-02-25T13:38:00
0.0186782,0.0186782,0.0186782,0.0186782,1614260160,2021-02-25T13:36:00
0.0335483,0.0335483,0.0335483,0.0335483,1614259680,2021-02-25T13:28:00
0.023766,0.023766,0.023766,0.023766,1614259620,2021-02-25T13:27:00
0.0342094,0.0342094,0.0342094,0.0342094,1614259560,2021-02-25T13:26:00
0.0290515,0.0290515,0.0290515,0.0290515,1614259080,2021-02-25T13:18:00
0.0370892,0.0370892,0.0370892,0.0370892,1614257520,2021-02-25T12:52:00
0.03507,0.03507,0.03507,0.03507,1614257160,2021-02-25T12:46:00
0.0236134,0.0236134,0.0236134,0.0236134,1614257040,2021-02-25T12:44:00
0.0227522,0.0227522,0.0227522,0.0227522,1614256080,2021-02-25T12:28:00
0.0400864,0.0400864,0.0400864,0.0400864,1614255960,2021-02-25T12:26:00
0.0364478,0.0364478,0.0364478,0.0364478,1614255600,2021-02-25T12:20:00
0.0385054,0.0385054,0.0385054,0.0385054,1614255540,2021-02-25T12:19:00
0.0170367,0.0170367,0.0170367,0.0170367,1614254940,2021-02-25T12:09:00
0.0181536,0.0181536,0.0181536,0.0181536,1614254880,2021-02-25T12:08:00
0.0194122,0.0194122,0.0194122,0.0194122,1614254520,2021-02-25T12:02:00
0.0171159,0.0171159,0.0171159,0.0171159,1614254460,2021-02-25T12:01:00
0.0243543,0.0243543,0.0243543,0.0243543,1614253740,2021-02-25T11:49:00
0.0323239,0.0323239,0.0323239,0.0323239,1614253620,2021-02-25T11:47:00
0.0248631,0.0248631,0.0248631,0.0248631,1614253500,2021-02-25T11:45:00
0.0197152,0.0197152,0.0197152,0.0197152,1614253440,2021-02-25T11:44:00
0.02604,0.02604,0.02604,0.02604,1614253380,2021-02-25T11:43:00
0.0201737,0.0270981,0.0201737,0.0270981,1614253020,2021-02-25T11:37:00
0.0274928,0.0274928,0.0274928,0.0274928,1614252780,2021-02-25T11:33:00
0.0220674,0.0220674,0.0220674,0.0220674,1614252600,2021-02-25T11:30:00
0.0190784,0.0190784,0.0190784,0.0190784,1614252480,2021-02-25T11:28:00
0.0365261,0.0365261,0.0365261,0.0365261,1614251640,2021-02-25T11:14:00
0.0150593,0.0150593,0.0150593,0.0150593,1614251340,2021-02-25T11:09:00
0.0163912,0.0163912,0.0163912,0.0163912,1614251280,2021-02-25T11:08:00
0.0191675,0.0191675,0.0191675,0.0191675,1614251040,2021-02-25T11:04:00
0.0220915,0.0220915,0.0220915,0.0220915,1614250740,2021-02-25T10:59:00
0.026505,0.026505,0.026505,0.026505,1614250500,2021-02-25T10:55:00
0.0271527,0.0271527,0.0271527,0.0271527,1614250080,2021-02-25T10:48:00
0.027145,0.027145,0.027145,0.027145,1614249960,2021-02-25T10:46:00
0.0241187,0.0241187,0.0241187,0.0241187,1614249660,2021-02-25T10:41:00
0.0271069,0.0271069,0.0271069,0.0271069,1614248460,2021-02-25T10:21:00
0.0263534,0.0263534,0.0263534,0.0263534,1614247260,2021-02-25T10:01:00
0.0252463,0.0252463,0.0252463,0.0252463,1614245760,2021-02-25T09:36:00
0.0171897,0.0171897,0.0171897,0.0171897,1614245640,2021-02-25T09:34:00
0.0254272,0.0254272,0.0254272,0.0254272,1614243840,2021-02-25T09:04:00
0.0158192,0.0158192,0.0158192,0.0158192,1614242520,2021-02-25T08:42:00
0.0218798,0.0218798,0.0218798,0.0218798,1614240660,2021-02-25T08:11:00
0.0228726,0.0228726,0.0228726,0.0228726,1614240420,2021-02-25T08:07:00
0.0234999,0.0234999,0.0234999,0.0234999,1614240000,2021-02-25T08:00:00
0.00625698,0.00625698,0.00625698,0.00625698,1614236640,2021-02-25T07:04:00
0.00616116,0.00616116,0.00616116,0.00616116,1614236580,2021-02-25T07:03:00
0.00612696,0.00612696,0.00612696,0.00612696,1614235440,2021-02-25T06:44:00
0.00611885,0.00611885,0.00611885,0.00611885,1614235200,2021-02-25T06:40:00
0.00609822,0.00609822,0.00609822,0.00609822,1614234540,2021-02-25T06:29:00
0.00606689,0.00606689,0.00606689,0.00606689,1614224880,2021-02-25T03:48:00
0.00606889,0.00606889,0.00606889,0.00606889,1614222660,2021-02-25T03:11:00
0.00610744,0.00610744,0.00610744,0.00610744,1614220020,2021-02-25T02:27:00
0.00623557,0.00623557,0.00623557,0.00623557,1614217920,2021-02-25T01:52:00
0.0066824,0.0066824,0.0066824,0.0066824,1614214980,2021-02-25T01:03:00
0.00688903,0.00688903,0.00688903,0.00688903,1614214920,2021-02-25T01:02:00
0.00694918,0.00694918,0.00694918,0.00694918,1614214560,2021-02-25T00:56:00
0.00682282,0.00682282,0.00682282,0.00682282,1614213660,2021-02-25T00:41:00
0.00672124,0.00672124,0.00672124,0.00672124,1614212940,2021-02-25T00:29:00
0.00661919,0.00661919,0.00661919,0.00661919,1614210600,2021-02-24T23:50:00
0.00654939,0.00654939,0.00654939,0.00654939,1614207720,2021-02-24T23:02:00
0.00662096,0.00662096,0.00662096,0.00662096,1614206520,2021-02-24T22:42:00
0.00656293,0.00656293,0.00656293,0.00656293,1614206340,2021-02-24T22:39:00
0.00652924,0.00652924,0.00652924,0.00652924,1614206160,2021-02-24T22:36:00
0.00637419,0.00647799,0.00637419,0.00647799,1614205440,2021-02-24T22:24:00
0.00648789,0.00648789,0.00648789,0.00648789,1614200520,2021-02-24T21:02:00
0.00645681,0.00645681,0.00645681,0.00645681,1614200100,2021-02-24T20:55:00
0.00638989,0.00638989,0.00638989,0.00638989,1614198000,2021-02-24T20:20:00
0.0063256,0.0063256,0.0063256,0.0063256,1614196680,2021-02-24T19:58:00
0.0062879,0.0062879,0.0062879,0.0062879,1614195480,2021-02-24T19:38:00
0.00623125,0.00623125,0.00623125,0.00623125,1614195180,2021-02-24T19:33:00
0.00646282,0.00646282,0.00646282,0.00646282,1614194580,2021-02-24T19:23:00
0.00594264,0.00594264,0.00594264,0.00594264,1614193020,2021-02-24T18:57:00
0.00599092,0.00599092,0.00599092,0.00599092,1614191700,2021-02-24T18:35:00
0.00582369,0.00582369,0.00582369,0.00582369,1614190260,2021-02-24T18:11:00
0.00568415,0.00568415,0.00568415,0.00568415,1614186300,2021-02-24T17:05:00
0.00562559,0.00562559,0.00562559,0.00562559,1614178320,2021-02-24T14:52:00
0.00559487,0.00559487,0.00559487,0.00559487,1614178200,2021-02-24T14:50:00
0.00551673,0.00551673,0.00551673,0.00551673,1614178140,2021-02-24T14:49:00
0.00540731,0.00540731,0.00540731,0.00540731,1614177300,2021-02-24T14:35:00
0.00518964,0.00518964,0.00518964,0.00518964,1614177060,2021-02-24T14:31:00
0.00502669,0.00502669,0.00502669,0.00502669,1614176880,2021-02-24T14:28:00
0.00496646,0.00496646,0.00496646,0.00496646,1614176760,2021-02-24T14:26:00
0.00498198,0.00498198,0.00498198,0.00498198,1614174360,2021-02-24T13:46:00
0.00513994,0.00513994,0.00513994,0.00513994,1614169800,2021-02-24T12:30:00
0.00507919,0.00507919,0.00507919,0.00507919,1614166920,2021-02-24T11:42:00
0.00502731,0.00502731,0.00502731,0.00502731,1614165900,2021-02-24T11:25:00
0.00489462,0.00489462,0.00489462,0.00489462,1614155340,2021-02-24T08:29:00
0.00485106,0.00485106,0.00485106,0.00485106,1614144420,2021-02-24T05:27:00
0.00480693,0.00480693,0.00480693,0.00480693,1614144240,2021-02-24T05:24:00
0.00477953,0.00477953,0.00477953,0.00477953,1614143460,2021-02-24T05:11:00
0.00457669,0.00457669,0.00457669,0.00457669,1614131040,2021-02-24T01:44:00
0.00450508,0.00450508,0.00450508,0.00450508,1614129540,2021-02-24T01:19:00
0.00443486,0.00443486,0.00443486,0.00443486,1614128880,2021-02-24T01:08:00
0.00427333,0.00427333,0.00427333,0.00427333,1614128700,2021-02-24T01:05:00
0.00429084,0.00429084,0.00429084,0.00429084,1614128100,2021-02-24T00:55:00
0.00431964,0.00431964,0.00431964,0.00431964,1614127740,2021-02-24T00:49:00
0.00412652,0.00412652,0.00412652,0.00412652,1614127680,2021-02-24T00:48:00
0.00403786,0.00403786,0.00403786,0.00403786,1614127560,2021-02-24T00:46:00
0.00376212,0.00376212,0.00376212,0.00376212,1614127500,2021-02-24T00:45:00
0.00366905,0.00366905,0.00366905,0.00366905,1614127200,2021-02-24T00:40:00
0.00358092,0.00358092,0.00358092,0.00358092,1614126480,2021-02-24T00:28:00
0.0037949,0.0037949,0.0037949,0.0037949,1614126420,2021-02-24T00:27:00
0.0043064,0.0043064,0.0043064,0.0043064,1614124860,2021-02-24T00:01:00
0.00471447,0.00471447,0.00471447,0.00471447,1614124560,2021-02-23T23:56:00
0.00548008,0.00548008,0.00548008,0.00548008,1614122400,2021-02-23T23:20:00
0.00545419,0.00545419,0.00545419,0.00545419,1614120840,2021-02-23T22:54:00
0.00542987,0.00542987,0.00542987,0.00542987,1614120420,2021-02-23T22:47:00
0.00523298,0.00523298,0.00523298,0.00523298,1614120060,2021-02-23T22:41:00
0.00506119,0.00506119,0.00506119,0.00506119,1614119880,2021-02-23T22:38:00
0.00491767,0.00491767,0.00491767,0.00491767,1614118200,2021-02-23T22:10:00
0.00456116,0.00456116,0.00456116,0.00456116,1614113400,2021-02-23T20:50:00
0.0043152,0.0043152,0.0043152,0.0043152,1614110760,2021-02-23T20:06:00
0.00425165,0.00425165,0.00425165,0.00425165,1614109560,2021-02-23T19:46:00
0.00425361,0.00425361,0.00425361,0.00425361,1614108960,2021-02-23T19:36:00
0.00449641,0.00449641,0.00449641,0.00449641,1614108900,2021-02-23T19:35:00
0.00511402,0.00511402,0.00511402,0.00511402,1614108840,2021-02-23T19:34:00
0.00481297,0.00481297,0.00481297,0.00481297,1614108420,2021-02-23T19:27:00
0.00475256,0.00475256,0.00475256,0.00475256,1614107580,2021-02-23T19:13:00
0.00480824,0.00480824,0.00480824,0.00480824,1614107220,2021-02-23T19:07:00
0.00488694,0.00488694,0.00488694,0.00488694,1614105300,2021-02-23T18:35:00
0.00498106,0.00498106,0.00498106,0.00498106,1614105240,2021-02-23T18:34:00
0.00520162,0.00520162,0.00520162,0.00520162,1614102060,2021-02-23T17:41:00
0.00517787,0.00517787,0.00517787,0.00517787,1614101040,2021-02-23T17:24:00
0.0051471,0.0051471,0.0051471,0.0051471,1614097680,2021-02-23T16:28:00
0.00534797,0.00534797,0.00534797,0.00534797,1614096900,2021-02-23T16:15:00
0.00539317,0.00539317,0.00539317,0.00539317,1614096780,2021-02-23T16:13:00
0.00529655,0.00529655,0.00529655,0.00529655,1614096720,2021-02-23T16:12:00
0.00528829,0.00531349,0.00528829,0.00531349,1614096360,2021-02-23T16:06:00
0.00487977,0.00498733,0.00487977,0.00498733,1614096300,2021-02-23T16:05:00
0.0047198,0.0047198,0.0047198,0.0047198,1614096120,2021-02-23T16:02:00
0.0047476,0.0047476,0.0047476,0.0047476,1614095760,2021-02-23T15:56:00
0.00438083,0.00438083,0.00438083,0.00438083,1614095700,2021-02-23T15:55:00
0.004184,0.004184,0.004184,0.004184,1614094680,2021-02-23T15:38:00
0.00415584,0.00415584,0.00415584,0.00415584,1614094620,2021-02-23T15:37:00
0.00423505,0.00423505,0.00423505,0.00423505,1614094440,2021-02-23T15:34:00
0.00437388,0.00437388,0.00437388,0.00437388,1614094320,2021-02-23T15:32:00
0.00459589,0.00459589,0.00459589,0.00459589,1614093840,2021-02-23T15:24:00
0.00463087,0.00463087,0.00463087,0.00463087,1614093600,2021-02-23T15:20:00
0.00459878,0.00459878,0.00459878,0.00459878,1614093540,2021-02-23T15:19:00
0.00419421,0.0046185,0.00419421,0.0046185,1614093480,2021-02-23T15:18:00
0.00404432,0.00404432,0.00404432,0.00404432,1614091320,2021-02-23T14:42:00
0.00386615,0.00386615,0.00386615,0.00386615,1614090360,2021-02-23T14:26:00
0.00360018,0.00360018,0.00360018,0.00360018,1614088740,2021-02-23T13:59:00
0.00356146,0.00356146,0.00356146,0.00356146,1614088260,2021-02-23T13:51:00
0.00353344,0.00353344,0.00353344,0.00353344,1614087060,2021-02-23T13:31:00
0.00345959,0.00345959,0.00345959,0.00345959,1614085380,2021-02-23T13:03:00
0.00401591,0.00401591,0.00401591,0.00401591,1614029340,2021-02-22T21:29:00
0.0039434,0.0039434,0.0039434,0.0039434,1614027000,2021-02-22T20:50:00
0.00388183,0.00388183,0.00388183,0.00388183,1613994180,2021-02-22T11:43:00
0.00399347,0.00399347,0.00399347,0.00399347,1613980380,2021-02-22T07:53:00
0.00402502,0.00402502,0.00402502,0.00402502,1613962740,2021-02-22T02:59:00
0.00398934,0.00398934,0.00398934,0.00398934,1613959860,2021-02-22T02:11:00
0.00402892,0.00402892,0.00402892,0.00402892,1613955480,2021-02-22T00:58:00
0.0041015,0.0041015,0.0041015,0.0041015,1613934300,2021-02-21T19:05:00
0.00407359,0.00407359,0.00407359,0.00407359,1613932080,2021-02-21T18:28:00
0.0041838,0.0041838,0.0041838,0.0041838,1613925360,2021-02-21T16:36:00
0.00423547,0.00423547,0.00423547,0.00423547,1613924700,2021-02-21T16:25:00
0.00422064,0.00422064,0.00422064,0.00422064,1613909880,2021-02-21T12:18:00
0.0040958,0.0040958,0.0040958,0.0040958,1613864760,2021-02-20T23:46:00
0.00424854,0.00424854,0.00424854,0.00424854,1613838120,2021-02-20T16:22:00
0.00407328,0.00427658,0.00407328,0.00427658,1613837340,2021-02-20T16:09:00
0.00433233,0.00433233,0.00433233,0.00433233,1613836260,2021-02-20T15:51:00
0.00482576,0.00482576,0.00482576,0.00482576,1613814240,2021-02-20T09:44:00
0.00483749,0.00483749,0.00483749,0.00483749,1613792280,2021-02-20T03:38:00
0.004868,0.004868,0.004868,0.004868,1613791200,2021-02-20T03:20:00
0.0049535,0.0049535,0.0049535,0.0049535,1613758140,2021-02-19T18:09:00
0.00491903,0.00491903,0.00491903,0.00491903,1613745540,2021-02-19T14:39:00
0.00491283,0.00491283,0.00491283,0.00491283,1613742480,2021-02-19T13:48:00
0.00488576,0.00488576,0.00488576,0.00488576,1613730240,2021-02-19T10:24:00
0.00487433,0.00487433,0.00487433,0.00487433,1613729820,2021-02-19T10:17:00
0.00480141,0.00480141,0.00480141,0.00480141,1613725740,2021-02-19T09:09:00
0.0048784,0.0048784,0.0048784,0.0048784,1613719620,2021-02-19T07:27:00
0.00484634,0.00484634,0.00484634,0.00484634,1613716260,2021-02-19T06:31:00
0.0047847,0.0047847,0.0047847,0.0047847,1613712000,2021-02-19T05:20:00
0.004891,0.004891,0.004891,0.004891,1613711160,2021-02-19T05:06:00
0.00497705,0.00497705,0.00497705,0.00497705,1613710500,2021-02-19T04:55:00
0.00495865,0.00495865,0.00495865,0.00495865,1613709900,2021-02-19T04:45:00
0.00509859,0.00509859,0.00509859,0.00509859,1613709540,2021-02-19T04:39:00
0.00476065,0.00476065,0.00476065,0.00476065,1613700660,2021-02-19T02:11:00
0.0047801,0.0047801,0.0047801,0.0047801,1613700000,2021-02-19T02:00:00
0.00484856,0.00484856,0.00484856,0.00484856,1613699460,2021-02-19T01:51:00
0.00479543,0.00479543,0.00479543,0.00479543,1613696040,2021-02-19T00:54:00
0.00477388,0.00477388,0.00477388,0.00477388,1613695800,2021-02-19T00:50:00
0.00471887,0.00471887,0.00471887,0.00471887,1613692620,2021-02-18T23:57:00
0.00467945,0.00467945,0.00467945,0.00467945,1613691900,2021-02-18T23:45:00
0.00451125,0.00451125,0.00451125,0.00451125,1613690460,2021-02-18T23:21:00
0.00416434,0.00446335,0.00416434,0.00446335,1613689920,2021-02-18T23:12:00
0.00411212,0.00411212,0.00411212,0.00411212,1613687040,2021-02-18T22:24:00
0.004129,0.004129,0.004129,0.004129,1613686020,2021-02-18T22:07:00
0.0040738,0.0040738,0.0040738,0.0040738,1613656500,2021-02-18T13:55:00
0.0041107,0.0041107,0.0041107,0.0041107,1613651880,2021-02-18T12:38:00
0.00394663,0.00394663,0.00394663,0.00394663,1613651760,2021-02-18T12:36:00
0.0039714,0.0039714,0.0039714,0.0039714,1613651700,2021-02-18T12:35:00
0.00385567,0.00385567,0.00385567,0.00385567,1613651220,2021-02-18T12:27:00
0.00388226,0.00388226,0.00388226,0.00388226,1613646180,2021-02-18T11:03:00
0.00388622,0.00388622,0.00388622,0.00388622,1613642160,2021-02-18T09:56:00
0.00388726,0.00388726,0.00388726,0.00388726,1613616960,2021-02-18T02:56:00
0.00376614,0.00376614,0.00376614,0.00376614,1613607900,2021-02-18T00:25:00
0.00378221,0.00378221,0.00378221,0.00378221,1613592480,2021-02-17T20:08:00
0.00391306,0.00391306,0.00391306,0.00391306,1613586060,2021-02-17T18:21:00
0.00391848,0.00391848,0.00391848,0.00391848,1613581200,2021-02-17T17:00:00
0.00389043,0.00389043,0.00389043,0.00389043,1613580840,2021-02-17T16:54:00
0.00398422,0.00398422,0.00398422,0.00398422,1613573520,2021-02-17T14:52:00
0.0034064,0.0034064,0.0034064,0.0034064,1613560920,2021-02-17T11:22:00
0.00338216,0.00338216,0.00338216,0.00338216,1613526840,2021-02-17T01:54:00
0.00342603,0.00342603,0.00342603,0.00342603,1613524320,2021-02-17T01:12:00
0.00337822,0.00337822,0.00337822,0.00337822,1613516760,2021-02-16T23:06:00
0.00325982,0.00325982,0.00325982,0.00325982,1613516580,2021-02-16T23:03:00
0.00310025,0.00310025,0.00310025,0.00310025,1613516520,2021-02-16T23:02:00
0.00290967,0.00290967,0.00290967,0.00290967,1613516280,2021-02-16T22:58:00
0.00272746,0.00272746,0.00272746,0.00272746,1613516100,2021-02-16T22:55:00
0.00269837,0.00269837,0.00269837,0.00269837,1613516040,2021-02-16T22:54:00
0.00282406,0.00282406,0.00282406,0.00282406,1613515860,2021-02-16T22:51:00
0.00287245,0.00287245,0.00287245,0.00287245,1613510040,2021-02-16T21:14:00
0.00291414,0.00291414,0.00291414,0.00291414,1613489580,2021-02-16T15:33:00
0.00285991,0.00285991,0.00285991,0.00285991,1613488140,2021-02-16T15:09:00
0.00278381,0.00278381,0.00278381,0.00278381,1613487360,2021-02-16T14:56:00
0.00282356,0.00282356,0.00282356,0.00282356,1613486940,2021-02-16T14:49:00
0.00299286,0.00299286,0.00299286,0.00299286,1613480460,2021-02-16T13:01:00
0.00299717,0.00299717,0.00299717,0.00299717,1613471040,2021-02-16T10:24:00
0.00284452,0.00284452,0.00284452,0.00284452,1613469780,2021-02-16T10:03:00
0.0028123,0.0028123,0.0028123,0.0028123,1613455500,2021-02-16T06:05:00
0.00296342,0.00296342,0.00296342,0.00296342,1613455380,2021-02-16T06:03:00
0.00312992,0.00312992,0.00312992,0.00312992,1613455320,2021-02-16T06:02:00
0.00316028,0.00316028,0.00316028,0.00316028,1613443980,2021-02-16T02:53:00
0.00316535,0.00316535,0.00316535,0.00316535,1613442600,2021-02-16T02:30:00
0.00325557,0.00325557,0.00325557,0.00325557,1613432460,2021-02-15T23:41:00
0.00328319,0.00328319,0.00328319,0.00328319,1613432040,2021-02-15T23:34:00
0.00331509,0.00331509,0.00331509,0.00331509,1613382600,2021-02-15T09:50:00
0.00341389,0.00341389,0.00341389,0.00341389,1613379720,2021-02-15T09:02:00
0.00354649,0.00354649,0.00354649,0.00354649,1613349900,2021-02-15T00:45:00
0.00349818,0.00349818,0.00349818,0.00349818,1613346480,2021-02-14T23:48:00
0.00342579,0.00342579,0.00342579,0.00342579,1613342280,2021-02-14T22:38:00
0.0034283,0.0034283,0.0034283,0.0034283,1613331000,2021-02-14T19:30:00
0.00346984,0.00346984,0.00346984,0.00346984,1613325720,2021-02-14T18:02:00
0.00350406,0.00350406,0.00350406,0.00350406,1613323500,2021-02-14T17:25:00
0.00356166,0.00356166,0.00356166,0.00356166,1613302140,2021-02-14T11:29:00
0.00355091,0.00355091,0.00355091,0.00355091,1613300520,2021-02-14T11:02:00
0.0036206,0.0036206,0.0036206,0.0036206,1613290320,2021-02-14T08:12:00
0.00370394,0.00370394,0.00370394,0.00370394,1613290260,2021-02-14T08:11:00
0.00355194,0.00355194,0.00355194,0.00355194,1613290140,2021-02-14T08:09:00
0.00342771,0.00342771,0.00342771,0.00342771,1613280180,2021-02-14T05:23:00
0.00342076,0.00342076,0.00342076,0.00342076,1613248380,2021-02-13T20:33:00
0.00346044,0.00346044,0.00346044,0.00346044,1613247600,2021-02-13T20:20:00
0.00349792,0.00349792,0.00349792,0.00349792,1613237100,2021-02-13T17:25:00
0.00347987,0.00347987,0.00347987,0.00347987,1613226960,2021-02-13T14:36:00
0.00350228,0.00350228,0.00350228,0.00350228,1613225880,2021-02-13T14:18:00
0.00347553,0.00347553,0.00347553,0.00347553,1613221500,2021-02-13T13:05:00
0.0035634,0.0035634,0.0035634,0.0035634,1613201580,2021-02-13T07:33:00
0.00356786,0.00356786,0.00356786,0.00356786,1613196360,2021-02-13T06:06:00
0.00361274,0.00361274,0.00361274,0.00361274,1613193960,2021-02-13T05:26:00
0.00369443,0.00369443,0.00369443,0.00369443,1613186820,2021-02-13T03:27:00
0.00361011,0.00361011,0.00361011,0.00361011,1613185440,2021-02-13T03:04:00
0.00356665,0.00356665,0.00356665,0.00356665,1613185140,2021-02-13T02:59:00
0.00363196,0.00363196,0.00363196,0.00363196,1613183940,2021-02-13T02:39:00
0.00353053,0.00353053,0.00353053,0.00353053,1613182500,2021-02-13T02:15:00
0.00346058,0.00346058,0.00346058,0.00346058,1613174040,2021-02-12T23:54:00
0.00339263,0.00339263,0.00339263,0.00339263,1613171760,2021-02-12T23:16:00
0.00329641,0.00329641,0.00329641,0.00329641,1613171280,2021-02-12T23:08:00
0.00319069,0.00319069,0.00319069,0.00319069,1613168580,2021-02-12T22:23:00
0.00312276,0.00312276,0.00312276,0.00312276,1613167860,2021-02-12T22:11:00
0.00308718,0.00308718,0.00308718,0.00308718,1613164500,2021-02-12T21:15:00
0.00292618,0.00292618,0.00292618,0.00292618,1613139900,2021-02-12T14:25:00
0.00290197,0.00290197,0.00290197,0.00290197,1613119260,2021-02-12T08:41:00
0.00287445,0.00287445,0.00287445,0.00287445,1613118360,2021-02-12T08:26:00
0.00287601,0.00287601,0.00287601,0.00287601,1613112840,2021-02-12T06:54:00
0.00291187,0.00291187,0.00291187,0.00291187,1613098500,2021-02-12T02:55:00
0.00295366,0.00295366,0.00295366,0.00295366,1613097900,2021-02-12T02:45:00
0.00285356,0.00285356,0.00285356,0.00285356,1613078760,2021-02-11T21:26:00
0.00271645,0.00271645,0.00271645,0.00271645,1613075880,2021-02-11T20:38:00
0.00291705,0.00291705,0.00291705,0.00291705,1613073960,2021-02-11T20:06:00
0.00325933,0.00325933,0.00325933,0.00325933,1613072220,2021-02-11T19:37:00
0.00328375,0.00328375,0.00328375,0.00328375,1613067720,2021-02-11T18:22:00
0.0034116,0.0034116,0.0034116,0.0034116,1613047680,2021-02-11T12:48:00
0.00334985,0.00334985,0.00334985,0.00334985,1612997400,2021-02-10T22:50:00
0.00333258,0.00333258,0.00333258,0.00333258,1612992360,2021-02-10T21:26:00
0.00334614,0.00334614,0.00334614,0.00334614,1612978440,2021-02-10T17:34:00
0.00347983,0.00347983,0.00347983,0.00347983,1612954860,2021-02-10T11:01:00
0.00338458,0.00338458,0.00338458,0.00338458,1612948080,2021-02-10T09:08:00
0.00330177,0.00330177,0.00330177,0.00330177,1612946700,2021-02-10T08:45:00
0.00333566,0.00333566,0.00333566,0.00333566,1612945680,2021-02-10T08:28:00
0.0031,0.0031,0.0031,0.0031,1612933800,2021-02-10T05:10:00
0.00315163,0.00315163,0.00315163,0.00315163,1612903020,2021-02-09T20:37:00
0.0032066,0.0032066,0.0032066,0.0032066,1612902300,2021-02-09T20:25:00
0.00317081,0.00317081,0.00317081,0.00317081,1612902060,2021-02-09T20:21:00
0.00310956,0.00310956,0.00310956,0.00310956,1612876740,2021-02-09T13:19:00
0.00291021,0.00291021,0.00291021,0.00291021,1612868460,2021-02-09T11:01:00
0.00309709,0.00309709,0.00309709,0.00309709,1612866540,2021-02-09T10:29:00
0.00313418,0.00313418,0.00313418,0.00313418,1612824360,2021-02-08T22:46:00
0.00310171,0.00310171,0.00310171,0.00310171,1612820760,2021-02-08T21:46:00
0.00311202,0.00311202,0.00311202,0.00311202,1612816860,2021-02-08T20:41:00
0.00312532,0.00312532,0.00312532,0.00312532,1612796760,2021-02-08T15:06:00
0.00309464,0.00309464,0.00309464,0.00309464,1612785180,2021-02-08T11:53:00
0.00311433,0.00311433,0.00311433,0.00311433,1612776000,2021-02-08T09:20:00
0.00313428,0.00313428,0.00313428,0.00313428,1612771920,2021-02-08T08:12:00
0.00313393,0.00313393,0.00313393,0.00313393,1612766880,2021-02-08T06:48:00
0.00304483,0.00304483,0.00304483,0.00304483,1612734780,2021-02-07T21:53:00
0.00298724,0.00298724,0.00298724,0.00298724,1612709160,2021-02-07T14:46:00
0.00297025,0.00297025,0.00297025,0.00297025,1612707240,2021-02-07T14:14:00
0.00309511,0.00309511,0.00309511,0.00309511,1612703640,2021-02-07T13:14:00
0.003155,0.003155,0.003155,0.003155,1612695900,2021-02-07T11:05:00
0.00316155,0.00316155,0.00316155,0.00316155,1612694340,2021-02-07T10:39:00
0.00323586,0.00323586,0.00323586,0.00323586,1612682100,2021-02-07T07:15:00
0.00332066,0.00332066,0.00332066,0.00332066,1612677900,2021-02-07T06:05:00
0.00337019,0.00337019,0.00337019,0.00337019,1612663920,2021-02-07T02:12:00
0.00349984,0.00349984,0.00349984,0.00349984,1612660860,2021-02-07T01:21:00
0.00362063,0.00362063,0.00362063,0.00362063,1612660680,2021-02-07T01:18:00
0.00370053,0.00370053,0.00370053,0.00370053,1612660080,2021-02-07T01:08:00
0.00356789,0.00356789,0.00356789,0.00356789,1612659600,2021-02-07T01:00:00
0.00338453,0.00338453,0.00338453,0.00338453,1612655160,2021-02-06T23:46:00
0.0033942,0.0033942,0.0033942,0.0033942,1612653720,2021-02-06T23:22:00
0.00342207,0.00342207,0.00342207,0.00342207,1612648500,2021-02-06T21:55:00
0.00339153,0.00339153,0.00339153,0.00339153,1612617900,2021-02-06T13:25:00
0.00332569,0.00332569,0.00332569,0.00332569,1612612140,2021-02-06T11:49:00
0.00333579,0.00333579,0.00333579,0.00333579,1612603980,2021-02-06T09:33:00
0.00331523,0.00331523,0.00331523,0.00331523,1612592520,2021-02-06T06:22:00
0.00343904,0.00343904,0.00343904,0.00343904,1612582380,2021-02-06T03:33:00
0.00353279,0.00353279,0.00353279,0.00353279,1612571340,2021-02-06T00:29:00
0.00347377,0.00347377,0.00347377,0.00347377,1612544460,2021-02-05T17:01:00
0.00352612,0.00352612,0.00352612,0.00352612,1612538760,2021-02-05T15:26:00
0.00343569,0.00343569,0.00343569,0.00343569,1612528980,2021-02-05T12:43:00
0.00339118,0.00339118,0.00339118,0.00339118,1612527900,2021-02-05T12:25:00
0.00340435,0.00340435,0.00340435,0.00340435,1612513680,2021-02-05T08:28:00
0.00343658,0.00343658,0.00343658,0.00343658,1612509300,2021-02-05T07:15:00
0.00343741,0.00343741,0.00343741,0.00343741,1612492020,2021-02-05T02:27:00
0.0034181,0.0034181,0.0034181,0.0034181,1612489920,2021-02-05T01:52:00
0.00346453,0.00346453,0.00346453,0.00346453,1612475100,2021-02-04T21:45:00
0.00347238,0.00347238,0.00347238,0.00347238,1612446660,2021-02-04T13:51:00
0.00361364,0.00361364,0.00361364,0.00361364,1612446540,2021-02-04T13:49:00
0.00371122,0.00371122,0.00371122,0.00371122,1612444380,2021-02-04T13:13:00
0.00374382,0.00374382,0.00374382,0.00374382,1612443420,2021-02-04T12:57:00
0.00392276,0.00392276,0.00392276,0.00392276,1612443060,2021-02-04T12:51:00
0.00331006,0.00331006,0.00331006,0.00331006,1612442340,2021-02-04T12:39:00
0.00344159,0.00344159,0.00344159,0.00344159,1612442040,2021-02-04T12:34:00
0.00299484,0.00299484,0.00299484,0.00299484,1612441980,2021-02-04T12:33:00
0.00288299,0.00288299,0.00288299,0.00288299,1612439040,2021-02-04T11:44:00
0.00291729,0.00291729,0.00291729,0.00291729,1612423500,2021-02-04T07:25:00
0.00284741,0.00284741,0.00284741,0.00284741,1612409760,2021-02-04T03:36:00
0.00281645,0.00281645,0.00281645,0.00281645,1612385760,2021-02-03T20:56:00
0.00266321,0.00266321,0.00266321,0.00266321,1612354140,2021-02-03T12:09:00
0.00258524,0.00258524,0.00258524,0.00258524,1612352940,2021-02-03T11:49:00
0.00250034,0.00250034,0.00250034,0.00250034,1612347720,2021-02-03T10:22:00
0.00249032,0.00249032,0.00249032,0.00249032,1612321680,2021-02-03T03:08:00
0.00250498,0.00250498,0.00250498,0.00250498,1612305960,2021-02-02T22:46:00
0.00248717,0.00248717,0.00248717,0.00248717,1612301820,2021-02-02T21:37:00
0.00242008,0.00242008,0.00242008,0.00242008,1612290420,2021-02-02T18:27:00
0.00241391,0.00241391,0.00241391,0.00241391,1612289640,2021-02-02T18:14:00
0.00235873,0.00235873,0.00235873,0.00235873,1612277940,2021-02-02T14:59:00
0.00228555,0.00228555,0.00228555,0.00228555,1612241040,2021-02-02T04:44:00
0.00221409,0.00221409,0.00221409,0.00221409,1612214760,2021-02-01T21:26:00
0.00224232,0.00224232,0.00224232,0.00224232,1612210560,2021-02-01T20:16:00
0.00223277,0.00223277,0.00223277,0.00223277,1612197000,2021-02-01T16:30:00
0.00224639,0.00224639,0.00224639,0.00224639,1612196040,2021-02-01T16:14:00
0.00222074,0.00222074,0.00222074,0.00222074,1612186800,2021-02-01T13:40:00
0.00225545,0.00225545,0.00225545,0.00225545,1612161540,2021-02-01T06:39:00
0.00227901,0.00227901,0.00227901,0.00227901,1612149840,2021-02-01T03:24:00
0.00223985,0.00223985,0.00223985,0.00223985,1612133340,2021-01-31T22:49:00
0.00221365,0.00221365,0.00221365,0.00221365,1612129860,2021-01-31T21:51:00
0.0021484,0.0021484,0.0021484,0.0021484,1612127640,2021-01-31T21:14:00
0.00212962,0.00212962,0.00212962,0.00212962,1612126860,2021-01-31T21:01:00
0.00211359,0.00211359,0.00211359,0.00211359,1612126320,2021-01-31T20:52:00
0.00207138,0.00207138,0.00207138,0.00207138,1612114680,2021-01-31T17:38:00
0.00207288,0.00207288,0.00207288,0.00207288,1612109880,2021-01-31T16:18:00
0.00211699,0.00211699,0.00211699,0.00211699,1612091220,2021-01-31T11:07:00
0.00210664,0.00210664,0.00210664,0.00210664,1612088460,2021-01-31T10:21:00
0.00212357,0.00212357,0.00212357,0.00212357,1612069080,2021-01-31T04:58:00
0.00209731,0.00209731,0.00209731,0.00209731,1612064820,2021-01-31T03:47:00
0.00212217,0.00212217,0.00212217,0.00212217,1612056360,2021-01-31T01:26:00
0.00216237,0.00216237,0.00216237,0.00216237,1612027260,2021-01-30T17:21:00
0.00214532,0.00214532,0.00214532,0.00214532,1612018500,2021-01-30T14:55:00
0.00212689,0.00212689,0.00212689,0.00212689,1612004280,2021-01-30T10:58:00
0.00214843,0.00214843,0.00214843,0.00214843,1611994980,2021-01-30T08:23:00
0.00211455,0.00211455,0.00211455,0.00211455,1611988200,2021-01-30T06:30:00
0.00210982,0.00210982,0.00210982,0.00210982,1611987780,2021-01-30T06:23:00
0.00216994,0.00216994,0.00216994,0.00216994,1611970140,2021-01-30T01:29:00
0.00224251,0.00224251,0.00224251,0.00224251,1611959280,2021-01-29T22:28:00
0.00226059,0.00226059,0.00226059,0.00226059,1611957900,2021-01-29T22:05:00
0.00226075,0.00226075,0.00226075,0.00226075,1611957360,2021-01-29T21:56:00
0.00241578,0.00241578,0.00241578,0.00241578,1611955680,2021-01-29T21:28:00
0.00216319,0.00216319,0.00216319,0.00216319,1611954120,2021-01-29T21:02:00
0.00212139,0.00212139,0.00212139,0.00212139,1611948480,2021-01-29T19:28:00
0.00218533,0.00218533,0.00218533,0.00218533,1611945720,2021-01-29T18:42:00
0.0022623,0.0022623,0.0022623,0.0022623,1611934680,2021-01-29T15:38:00
0.00220929,0.00220929,0.00220929,0.00220929,1611880500,2021-01-29T00:35:00
0.00215501,0.00215501,0.00215501,0.00215501,1611840300,2021-01-28T13:25:00
0.00208788,0.00208788,0.00208788,0.00208788,1611827520,2021-01-28T09:52:00
0.00206706,0.00206706,0.00206706,0.00206706,1611806160,2021-01-28T03:56:00
0.00198744,0.00198744,0.00198744,0.00198744,1611805080,2021-01-28T03:38:00
0.00203999,0.00203999,0.00203999,0.00203999,1611796200,2021-01-28T01:10:00
0.00224575,0.00224575,0.00224575,0.00224575,1611781080,2021-01-27T20:58:00
0.00217717,0.00217717,0.00217717,0.00217717,1611781020,2021-01-27T20:57:00
0.00206998,0.00206998,0.00206998,0.00206998,1611780720,2021-01-27T20:52:00
0.00208452,0.00208452,0.00208452,0.00208452,1611780600,2021-01-27T20:50:00
0.00189453,0.00189453,0.00189453,0.00189453,1611744780,2021-01-27T10:53:00
0.00200692,0.00200692,0.00200692,0.00200692,1611693300,2021-01-26T20:35:00
0.00200765,0.00200765,0.00200765,0.00200765,1611693180,2021-01-26T20:33:00
0.0019487,0.0019487,0.0019487,0.0019487,1611681780,2021-01-26T17:23:00
0.00194252,0.00194252,0.00194252,0.00194252,1611671460,2021-01-26T14:31:00
0.00208374,0.00208374,0.00208374,0.00208374,1611626940,2021-01-26T02:09:00
0.00209194,0.00209194,0.00209194,0.00209194,1611620160,2021-01-26T00:16:00
0.00213107,0.00213107,0.00213107,0.00213107,1611608880,2021-01-25T21:08:00
0.00214063,0.00214063,0.00214063,0.00214063,1611601860,2021-01-25T19:11:00
0.00219266,0.00219266,0.00219266,0.00219266,1611595020,2021-01-25T17:17:00
0.00226629,0.00226629,0.00226629,0.00226629,1611582480,2021-01-25T13:48:00
0.0022501,0.0022501,0.0022501,0.0022501,1611551340,2021-01-25T05:09:00
0.00230327,0.00230327,0.00230327,0.00230327,1611546900,2021-01-25T03:55:00
0.00232428,0.00232428,0.00232428,0.00232428,1611538560,2021-01-25T01:36:00
0.00225913,0.00225913,0.00225913,0.00225913,1611531240,2021-01-24T23:34:00
0.00214172,0.00214172,0.00214172,0.00214172,1611505380,2021-01-24T16:23:00
0.00216723,0.00216723,0.00216723,0.00216723,1611502500,2021-01-24T15:35:00
0.00221976,0.00221976,0.00221976,0.00221976,1611490320,2021-01-24T12:12:00
0.00219066,0.00219066,0.00219066,0.00219066,1611477660,2021-01-24T08:41:00
0.00219536,0.00219536,0.00219536,0.00219536,1611472920,2021-01-24T07:22:00
0.00220969,0.00220969,0.00220969,0.00220969,1611469320,2021-01-24T06:22:00
0.00218551,0.00218551,0.00218551,0.00218551,1611468000,2021-01-24T06:00:00
0.00217257,0.00217257,0.00217257,0.00217257,1611467040,2021-01-24T05:44:00
0.00202203,0.00202203,0.00202203,0.00202203,1611446760,2021-01-24T00:06:00
0.00205131,0.00205131,0.00205131,0.00205131,1611429480,2021-01-23T19:18:00
0.00203665,0.00203665,0.00203665,0.00203665,1611411780,2021-01-23T14:23:00
0.0020343,0.0020343,0.0020343,0.0020343,1611411000,2021-01-23T14:10:00
0.00202765,0.00202765,0.00202765,0.00202765,1611410880,2021-01-23T14:08:00
0.00200547,0.00200547,0.00200547,0.00200547,1611402780,2021-01-23T11:53:00
0.00198409,0.00198409,0.00198409,0.00198409,1611367020,2021-01-23T01:57:00
0.0019965,0.0019965,0.0019965,0.0019965,1611358080,2021-01-22T23:28:00
0.00194712,0.00194712,0.00194712,0.00194712,1611323220,2021-01-22T13:47:00
0.00187124,0.00187124,0.00187124,0.00187124,1611319020,2021-01-22T12:37:00
0.00184316,0.00184316,0.00184316,0.00184316,1611316500,2021-01-22T11:55:00
0.00182789,0.00182789,0.00182789,0.00182789,1611315180,2021-01-22T11:33:00
0.00180291,0.00180291,0.00180291,0.00180291,1611248760,2021-01-21T17:06:00
0.00185534,0.00185534,0.00185534,0.00185534,1611243960,2021-01-21T15:46:00
0.00191771,0.00191771,0.00191771,0.00191771,1611229500,2021-01-21T11:45:00
0.00199924,0.00199924,0.00199924,0.00199924,1611212940,2021-01-21T07:09:00
0.00200021,0.00200021,0.00200021,0.00200021,1611211500,2021-01-21T06:45:00
0.00201074,0.00201074,0.00201074,0.00201074,1611196260,2021-01-21T02:31:00
0.0020576,0.0020576,0.0020576,0.0020576,1611189780,2021-01-21T00:43:00
0.00213546,0.00213546,0.00213546,0.00213546,1611185940,2021-01-20T23:39:00
0.0021136,0.0021136,0.0021136,0.0021136,1611183120,2021-01-20T22:52:00
0.00210657,0.00210657,0.00210657,0.00210657,1611182340,2021-01-20T22:39:00
0.00212137,0.00212137,0.00212137,0.00212137,1611174480,2021-01-20T20:28:00
0.00204341,0.00204341,0.00204341,0.00204341,1611151560,2021-01-20T14:06:00
0.0020025,0.0020025,0.0020025,0.0020025,1611150480,2021-01-20T13:48:00
0.00201463,0.00201463,0.00201463,0.00201463,1611147720,2021-01-20T13:02:00
0.00201967,0.00201967,0.00201967,0.00201967,1611141120,2021-01-20T11:12:00
0.00213781,0.00213781,0.00213781,0.00213781,1611121980,2021-01-20T05:53:00
0.00220669,0.00220669,0.00220669,0.00220669,1611121500,2021-01-20T05:45:00
0.00223351,0.00223351,0.00223351,0.00223351,1611118980,2021-01-20T05:03:00
0.0023254,0.0023254,0.0023254,0.0023254,1611108840,2021-01-20T02:14:00
0.00238953,0.00238953,0.00238953,0.00238953,1611106380,2021-01-20T01:33:00
0.00245572,0.00245572,0.00245572,0.00245572,1611093900,2021-01-19T22:05:00
0.00243842,0.00243842,0.00243842,0.00243842,1611092580,2021-01-19T21:43:00
0.00230977,0.00230977,0.00230977,0.00230977,1611091020,2021-01-19T21:17:00
0.00222162,0.00222162,0.00222162,0.00222162,1611090780,2021-01-19T21:13:00
0.00212211,0.00212211,0.00212211,0.00212211,1611090000,2021-01-19T21:00:00
0.00206054,0.00206054,0.00206054,0.00206054,1611088320,2021-01-19T20:32:00
0.00206944,0.00206944,0.00206944,0.00206944,1611086940,2021-01-19T20:09:00
0.00211,0.00211,0.00211,0.00211,1611079380,2021-01-19T18:03:00
0.00212573,0.00212573,0.00212573,0.00212573,1611078960,2021-01-19T17:56:00
0.0021346,0.0021346,0.0021346,0.0021346,1611078840,2021-01-19T17:54:00
0.00221024,0.00221024,0.00221024,0.00221024,1611077880,2021-01-19T17:38:00
0.00217739,0.00217739,0.00217739,0.00217739,1611077820,2021-01-19T17:37:00
0.00206203,0.00206203,0.00206203,0.00206203,1611077760,2021-01-19T17:36:00
0.00200692,0.00200692,0.00200692,0.00200692,1611077700,2021-01-19T17:35:00
0.00204806,0.00204806,0.00204806,0.00204806,1611077040,2021-01-19T17:24:00
0.00216565,0.0022367,0.00216565,0.0022367,1611076260,2021-01-19T17:11:00
0.00205022,0.00205022,0.00205022,0.00205022,1611074100,2021-01-19T16:35:00
0.00202627,0.00202627,0.00202627,0.00202627,1611074040,2021-01-19T16:34:00
0.00199882,0.00199882,0.00199882,0.00199882,1611073920,2021-01-19T16:32:00
0.00199604,0.00199604,0.00199604,0.00199604,1611073380,2021-01-19T16:23:00
0.00199068,0.00199068,0.00199068,0.00199068,1611071700,2021-01-19T15:55:00
0.00200373,0.00200373,0.00200373,0.00200373,1611071280,2021-01-19T15:48:00
0.00192471,0.00192471,0.00192471,0.00192471,1611069720,2021-01-19T15:22:00
0.00189464,0.00189464,0.00189464,0.00189464,1611069540,2021-01-19T15:19:00
0.00188275,0.00188275,0.00188275,0.00188275,1611068580,2021-01-19T15:03:00
0.00184889,0.00184889,0.00184889,0.00184889,1611068520,2021-01-19T15:02:00
0.00186421,0.00186421,0.00186421,0.00186421,1611068280,2021-01-19T14:58:00
0.00190549,0.00190549,0.00190549,0.00190549,1611067620,2021-01-19T14:47:00
0.00192963,0.00192963,0.00192963,0.00192963,1611067440,2021-01-19T14:44:00
0.00201639,0.00201639,0.00201639,0.00201639,1611067080,2021-01-19T14:38:00
0.00204027,0.00204027,0.00204027,0.00204027,1611066960,2021-01-19T14:36:00
0.00199725,0.00199725,0.00199725,0.00199725,1611066240,2021-01-19T14:24:00
0.00201402,0.00201402,0.00201402,0.00201402,1611065700,2021-01-19T14:15:00
0.00214625,0.00214625,0.00214625,0.00214625,1611065400,2021-01-19T14:10:00
0.00229755,0.00229755,0.00229755,0.00229755,1611065100,2021-01-19T14:05:00
0.00231821,0.00231821,0.00231821,0.00231821,1611054600,2021-01-19T11:10:00
0.00234586,0.00234586,0.00234586,0.00234586,1611051180,2021-01-19T10:13:00
0.00231029,0.00231029,0.00231029,0.00231029,1611028920,2021-01-19T04:02:00
0.00223289,0.00223289,0.00223289,0.00223289,1611016620,2021-01-19T00:37:00
0.00217025,0.00217025,0.00217025,0.00217025,1610997840,2021-01-18T19:24:00
0.00220242,0.00220242,0.00220242,0.00220242,1610995200,2021-01-18T18:40:00
0.00228983,0.00228983,0.00228983,0.00228983,1610983560,2021-01-18T15:26:00
0.00224917,0.00224917,0.00224917,0.00224917,1610969820,2021-01-18T11:37:00
0.00227002,0.00227002,0.00227002,0.00227002,1610968800,2021-01-18T11:20:00
0.00237313,0.0023963,0.00237313,0.0023963,1610966520,2021-01-18T10:42:00
0.00231328,0.00245792,0.00231328,0.00235697,1610966220,2021-01-18T10:37:00
0.00228825,0.00228825,0.00228825,0.00228825,1610965680,2021-01-18T10:28:00
0.00224237,0.00224237,0.00224237,0.00224237,1610965620,2021-01-18T10:27:00
0.00225664,0.00225664,0.00225664,0.00225664,1610964480,2021-01-18T10:08:00
0.00220103,0.00220103,0.00220103,0.00220103,1610964240,2021-01-18T10:04:00
0.00208414,0.00208414,0.00208414,0.00208414,1610964000,2021-01-18T10:00:00
0.00231597,0.00231597,0.00223195,0.00223195,1610963820,2021-01-18T09:57:00
0.00205084,0.00205084,0.00205084,0.00205084,1610963160,2021-01-18T09:46:00
0.00206175,0.00206175,0.00206175,0.00206175,1610954100,2021-01-18T07:15:00
0.00209916,0.00209916,0.00209916,0.00209916,1610953020,2021-01-18T06:57:00
0.00200197,0.00200197,0.00200197,0.00200197,1610952660,2021-01-18T06:51:00
0.0019357,0.0019357,0.0019357,0.0019357,1610952180,2021-01-18T06:43:00
0.00189831,0.00189831,0.00189831,0.00189831,1610951460,2021-01-18T06:31:00
0.00186301,0.00186301,0.00186301,0.00186301,1610948820,2021-01-18T05:47:00
0.00188991,0.00188991,0.00188991,0.00188991,1610947740,2021-01-18T05:29:00
0.00196432,0.00196432,0.00196432,0.00196432,1610947680,2021-01-18T05:28:00
0.00202299,0.00202299,0.00202299,0.00202299,1610947260,2021-01-18T05:21:00
0.00201566,0.00201566,0.00201566,0.00201566,1610946840,2021-01-18T05:14:00
0.00195717,0.00195717,0.00195717,0.00195717,1610942580,2021-01-18T04:03:00
0.00186432,0.00186432,0.00186432,0.00186432,1610942220,2021-01-18T03:57:00
0.00178759,0.00178759,0.00178759,0.00178759,1610942100,2021-01-18T03:55:00
0.00175852,0.00175852,0.00175852,0.00175852,1610941680,2021-01-18T03:48:00
0.00170739,0.00170739,0.00170739,0.00170739,1610941620,2021-01-18T03:47:00
0.0016776,0.0016776,0.0016776,0.0016776,1610941020,2021-01-18T03:37:00
0.00169566,0.00169566,0.00169566,0.00169566,1610939160,2021-01-18T03:06:00
0.00167854,0.00167854,0.00167854,0.00167854,1610937540,2021-01-18T02:39:00
0.00164974,0.00164974,0.00164974,0.00164974,1610936880,2021-01-18T02:28:00
0.00163789,0.00163789,0.00163789,0.00163789,1610934600,2021-01-18T01:50:00
0.00180093,0.00180093,0.00180093,0.00180093,1610934480,2021-01-18T01:48:00
0.00162079,0.00162079,0.00162079,0.00162079,1610933520,2021-01-18T01:32:00
0.00166918,0.00166918,0.00166918,0.00166918,1610933400,2021-01-18T01:30:00
0.00170329,0.00170329,0.00170329,0.00170329,1610932740,2021-01-18T01:19:00
0.00167379,0.00167379,0.00167379,0.00167379,1610932380,2021-01-18T01:13:00
0.00165113,0.00165113,0.00165113,0.00165113,1610931960,2021-01-18T01:06:00
0.001658,0.001658,0.001658,0.001658,1610929980,2021-01-18T00:33:00
0.00170177,0.00170177,0.00170177,0.00170177,1610929740,2021-01-18T00:29:00
0.0017233,0.0017233,0.0017233,0.0017233,1610929440,2021-01-18T00:24:00
0.00179173,0.00179173,0.00179173,0.00179173,1610928480,2021-01-18T00:08:00
0.00188938,0.00188938,0.00188938,0.00188938,1610926860,2021-01-17T23:41:00
0.00193156,0.00193156,0.00193156,0.00193156,1610926560,2021-01-17T23:36:00
0.00198239,0.00198239,0.00198239,0.00198239,1610926200,2021-01-17T23:30:00
0.00202401,0.00202401,0.00202401,0.00202401,1610926020,2021-01-17T23:27:00
0.00204555,0.00204555,0.00204555,0.00204555,1610925720,2021-01-17T23:22:00
0.00192757,0.00205012,0.00192757,0.00205012,1610925660,2021-01-17T23:21:00
0.00196929,0.00196929,0.00196929,0.00196929,1610925300,2021-01-17T23:15:00
0.00192969,0.00192969,0.00192969,0.00192969,1610924880,2021-01-17T23:08:00
0.00192823,0.00192823,0.00192823,0.00192823,1610924280,2021-01-17T22:58:00
0.0019718,0.0019718,0.0019718,0.0019718,1610924160,2021-01-17T22:56:00
0.00199981,0.00199981,0.00199981,0.00199981,1610923680,2021-01-17T22:48:00
0.00214931,0.00214931,0.00214931,0.00214931,1610923020,2021-01-17T22:37:00
0.00226963,0.00226963,0.00226963,0.00226963,1610912520,2021-01-17T19:42:00
0.00236673,0.00236673,0.00236673,0.00236673,1610911980,2021-01-17T19:33:00
0.00236685,0.00236685,0.00236685,0.00236685,1610908200,2021-01-17T18:30:00
0.0023813,0.0023813,0.0023813,0.0023813,1610905800,2021-01-17T17:50:00
0.00235593,0.00235593,0.00235593,0.00235593,1610882280,2021-01-17T11:18:00
0.0023504,0.0023504,0.0023504,0.0023504,1610879760,2021-01-17T10:36:00
0.0023265,0.0023265,0.0023265,0.0023265,1610869800,2021-01-17T07:50:00
0.0024432,0.0024432,0.0024432,0.0024432,1610852640,2021-01-17T03:04:00
0.0025096,0.0025096,0.0025096,0.0025096,1610849940,2021-01-17T02:19:00
0.00258227,0.00258227,0.00258227,0.00258227,1610849880,2021-01-17T02:18:00
0.00220874,0.00260394,0.00220874,0.00260394,1610849400,2021-01-17T02:10:00
0.00216251,0.00216251,0.00216251,0.00216251,1610847180,2021-01-17T01:33:00
0.00217394,0.00217394,0.00217394,0.00217394,1610839200,2021-01-16T23:20:00
0.0022487,0.0022487,0.0022487,0.0022487,1610828040,2021-01-16T20:14:00
0.00226773,0.00226773,0.00226773,0.00226773,1610819400,2021-01-16T17:50:00
0.00219874,0.00219874,0.00219874,0.00219874,1610792520,2021-01-16T10:22:00
0.00214637,0.00214637,0.00214637,0.00214637,1610763720,2021-01-16T02:22:00
0.00210681,0.00211479,0.00210681,0.00211479,1610753100,2021-01-15T23:25:00
0.00198734,0.00198734,0.00198734,0.00198734,1610752200,2021-01-15T23:10:00
0.00196108,0.00196108,0.00196108,0.00196108,1610747640,2021-01-15T21:54:00
0.00208432,0.00208464,0.00208432,0.00208464,1610699820,2021-01-15T08:37:00
0.00208661,0.00208661,0.00208661,0.00208661,1610696400,2021-01-15T07:40:00
0.00206811,0.00206811,0.00206811,0.00206811,1610685540,2021-01-15T04:39:00
0.00206507,0.00206507,0.00206507,0.00206507,1610684760,2021-01-15T04:26:00
0.00211671,0.00211671,0.00211671,0.00211671,1610678280,2021-01-15T02:38:00
0.0021244,0.0021244,0.0021244,0.0021244,1610669820,2021-01-15T00:17:00
0.00202523,0.00202523,0.00202523,0.00202523,1610662740,2021-01-14T22:19:00
0.00211823,0.00211823,0.00211823,0.00211823,1610656920,2021-01-14T20:42:00
0.00227632,0.00227632,0.00227632,0.00227632,1610656740,2021-01-14T20:39:00
0.00238387,0.00238387,0.00238387,0.00238387,1610652540,2021-01-14T19:29:00
0.00235424,0.00235424,0.00235424,0.00235424,1610636940,2021-01-14T15:09:00
0.00220722,0.00220722,0.00220722,0.00220722,1610617980,2021-01-14T09:53:00
0.00201087,0.00201087,0.00201087,0.00201087,1610553480,2021-01-13T15:58:00
0.00203199,0.00203199,0.00203199,0.00203199,1610547360,2021-01-13T14:16:00
0.00206021,0.00206021,0.00206021,0.00206021,1610545860,2021-01-13T13:51:00
0.00196602,0.00196602,0.00196602,0.00196602,1610545320,2021-01-13T13:42:00
0.00197688,0.00197688,0.00197688,0.00197688,1610531640,2021-01-13T09:54:00
0.00204031,0.00204031,0.00204031,0.00204031,1610451840,2021-01-12T11:44:00
0.00209274,0.00209274,0.00209274,0.00209274,1610430840,2021-01-12T05:54:00
0.00200208,0.00200208,0.00200208,0.00200208,1610413020,2021-01-12T00:57:00
0.00198281,0.00198281,0.00198281,0.00198281,1610399880,2021-01-11T21:18:00
0.00174584,0.00174584,0.00174584,0.00174584,1610399760,2021-01-11T21:16:00
0.001688,0.001688,0.001688,0.001688,1610398800,2021-01-11T21:00:00
0.00159391,0.00159391,0.00159391,0.00159391,1610393520,2021-01-11T19:32:00
0.00214007,0.00214007,0.00214007,0.00214007,1610287920,2021-01-10T14:12:00
0.0020971,0.0020971,0.0020971,0.0020971,1610234340,2021-01-09T23:19:00
0.00210834,0.00210834,0.00210834,0.00210834,1610229960,2021-01-09T22:06:00
0.00199078,0.00199078,0.00199078,0.00199078,1610219340,2021-01-09T19:09:00
0.00204466,0.00204466,0.00197392,0.00197392,1610218200,2021-01-09T18:50:00
0.00192726,0.00198087,0.00192726,0.00198087,1610218140,2021-01-09T18:49:00
0.00186064,0.00186064,0.00186064,0.00186064,1610214660,2021-01-09T17:51:00
0.0018896,0.0018896,0.0018896,0.0018896,1610199660,2021-01-09T13:41:00
0.00187567,0.00187567,0.00187567,0.00187567,1610199360,2021-01-09T13:36:00
0.00183203,0.00183203,0.00183203,0.00183203,1610196600,2021-01-09T12:50:00
0.00180962,0.00180962,0.00180962,0.00180962,1610195220,2021-01-09T12:27:00
0.00187846,0.00187846,0.00187846,0.00187846,1610193720,2021-01-09T12:02:00
0.00194714,0.00194714,0.00194714,0.00194714,1610188500,2021-01-09T10:35:00
0.00192665,0.00192665,0.00192665,0.00192665,1610179380,2021-01-09T08:03:00
0.00192458,0.00192458,0.00192458,0.00192458,1610167380,2021-01-09T04:43:00
0.0019007,0.0019007,0.0019007,0.0019007,1610134020,2021-01-08T19:27:00
0.00189533,0.00189533,0.00189533,0.00189533,1610132100,2021-01-08T18:55:00
0.00193958,0.00193958,0.00193958,0.00193958,1610128440,2021-01-08T17:54:00
0.00194404,0.00194404,0.00194404,0.00194404,1610122500,2021-01-08T16:15:00
0.0019052,0.0019052,0.0019052,0.0019052,1610098080,2021-01-08T09:28:00
0.0019087,0.0019087,0.0019087,0.0019087,1610097240,2021-01-08T09:14:00
0.0019778,0.0019778,0.0019778,0.0019778,1610065440,2021-01-08T00:24:00
0.0019984,0.0019984,0.0019984,0.0019984,1610057520,2021-01-07T22:12:00
0.00201013,0.00201013,0.00201013,0.00201013,1610055360,2021-01-07T21:36:00
0.00199141,0.00199141,0.00199141,0.00199141,1610048340,2021-01-07T19:39:00
0.00207037,0.00207037,0.00207037,0.00207037,1610029200,2021-01-07T14:20:00
0.00196115,0.00196115,0.00196115,0.00196115,1610015100,2021-01-07T10:25:00
0.00191912,0.00191912,0.00191912,0.00191912,1610008740,2021-01-07T08:39:00
0.00191992,0.00191992,0.00191992,0.00191992,1609990260,2021-01-07T03:31:00
0.00187817,0.00187817,0.00187817,0.00187817,1609986180,2021-01-07T02:23:00
0.00191187,0.00191187,0.00191187,0.00191187,1609980900,2021-01-07T00:55:00
0.00195347,0.00195347,0.00193138,0.00193138,1609979400,2021-01-07T00:30:00
0.00193835,0.00193835,0.00193835,0.00193835,1609978860,2021-01-07T00:21:00
0.0021628,0.0021628,0.00210248,0.00210248,1609978620,2021-01-07T00:17:00
0.00210722,0.00210722,0.00210722,0.00210722,1609975620,2021-01-06T23:27:00
0.00207409,0.00207409,0.00207409,0.00207409,1609974240,2021-01-06T23:04:00
0.00207828,0.00207828,0.00207828,0.00207828,1609955580,2021-01-06T17:53:00
0.00206643,0.00206643,0.00206643,0.00206643,1609955340,2021-01-06T17:49:00
0.00204647,0.00204647,0.00204647,0.00204647,1609955280,2021-01-06T17:48:00
0.00201264,0.00201264,0.00201264,0.00201264,1609954920,2021-01-06T17:42:00
0.001982,0.001982,0.001982,0.001982,1609954140,2021-01-06T17:29:00
0.00195806,0.00195806,0.00195806,0.00195806,1609953960,2021-01-06T17:26:00
0.00192815,0.00192815,0.00192815,0.00192815,1609952220,2021-01-06T16:57:00
0.00187933,0.00187933,0.00187933,0.00187933,1609949940,2021-01-06T16:19:00
0.00181132,0.00181132,0.00181132,0.00181132,1609947360,2021-01-06T15:36:00
0.0017477,0.0017477,0.0017477,0.0017477,1609947000,2021-01-06T15:30:00
0.0017411,0.0017411,0.00174075,0.00174075,1609946640,2021-01-06T15:24:00
0.0015976,0.0015976,0.0015976,0.0015976,1609946460,2021-01-06T15:21:00
0.00163724,0.00163724,0.00159414,0.00159414,1609946340,2021-01-06T15:19:00
0.00156464,0.00156464,0.00156464,0.00156464,1609945380,2021-01-06T15:03:00
0.00168986,0.00168986,0.00168986,0.00168986,1609945260,2021-01-06T15:01:00
0.00214139,0.00214139,0.00214139,0.00214139,1609945200,2021-01-06T15:00:00
0.00235347,0.00235347,0.00235347,0.00235347,1609921740,2021-01-06T08:29:00
0.00237771,0.00237771,0.00237771,0.00237771,1609920840,2021-01-06T08:14:00
0.00235227,0.00235227,0.00235227,0.00235227,1609920000,2021-01-06T08:00:00
0.00234103,0.00234103,0.00234103,0.00234103,1609917480,2021-01-06T07:18:00
0.00223908,0.00223908,0.00223908,0.00223908,1609865820,2021-01-05T16:57:00
0.00215767,0.00215767,0.00215767,0.00215767,1609858140,2021-01-05T14:49:00
0.00216334,0.00216334,0.00216334,0.00216334,1609856280,2021-01-05T14:18:00
0.00220506,0.00220506,0.00220506,0.00220506,1609855320,2021-01-05T14:02:00
0.00225551,0.00225551,0.00225551,0.00225551,1609854180,2021-01-05T13:43:00
0.00224092,0.00224092,0.00224092,0.00224092,1609848960,2021-01-05T12:16:00
0.00223265,0.00223265,0.00223265,0.00223265,1609846140,2021-01-05T11:29:00
0.00223087,0.00223087,0.00223087,0.00223087,1609840980,2021-01-05T10:03:00
0.00214252,0.00214252,0.00214252,0.00214252,1609826820,2021-01-05T06:07:00
0.00215076,0.00215076,0.00215076,0.00215076,1609826340,2021-01-05T05:59:00
0.00221415,0.00221415,0.00221415,0.00221415,1609822680,2021-01-05T04:58:00
0.00227175,0.00227175,0.00227175,0.00227175,1609822260,2021-01-05T04:51:00
0.00221774,0.00221774,0.00221774,0.00221774,1609821240,2021-01-05T04:34:00
0.00212369,0.00212369,0.00212369,0.00212369,1609802040,2021-01-04T23:14:00
0.00214411,0.00214411,0.00214411,0.00214411,1609798860,2021-01-04T22:21:00
0.00220043,0.00220043,0.00220043,0.00220043,1609789800,2021-01-04T19:50:00
0.00217056,0.00217056,0.00217056,0.00217056,1609781280,2021-01-04T17:28:00
0.00207083,0.00207083,0.00207083,0.00207083,1609761540,2021-01-04T11:59:00
0.00232884,0.00232884,0.00232884,0.00232884,1609742160,2021-01-04T06:36:00
0.00202393,0.00202393,0.00202393,0.00202393,1609719840,2021-01-04T00:24:00
0.00193743,0.00193743,0.00193743,0.00193743,1609701720,2021-01-03T19:22:00
0.00196461,0.00196461,0.00196461,0.00196461,1609697220,2021-01-03T18:07:00
0.00188962,0.00188962,0.00188962,0.00188962,1609689120,2021-01-03T15:52:00
0.00172002,0.00172002,0.00172002,0.00172002,1609668780,2021-01-03T10:13:00
0.00171224,0.00171224,0.00171224,0.00171224,1609664160,2021-01-03T08:56:00
0.00157931,0.00157931,0.00157931,0.00157931,1609643580,2021-01-03T03:13:00
0.00157012,0.00157012,0.00157012,0.00157012,1609630080,2021-01-02T23:28:00
0.00159323,0.00159323,0.00159323,0.00159323,1609623840,2021-01-02T21:44:00
0.00162499,0.00162499,0.00162499,0.00162499,1609621020,2021-01-02T20:57:00
0.00161822,0.00161822,0.00161822,0.00161822,1609620000,2021-01-02T20:40:00
0.00151818,0.00151818,0.00151818,0.00151818,1609588080,2021-01-02T11:48:00
0.00151504,0.00151504,0.00151504,0.00151504,1609587540,2021-01-02T11:39:00
0.00153041,0.00153041,0.00153041,0.00153041,1609583580,2021-01-02T10:33:00
0.00152018,0.00152018,0.00152018,0.00152018,1609567620,2021-01-02T06:07:00
0.00151459,0.00151459,0.00151459,0.00151459,1609557480,2021-01-02T03:18:00
0.00150709,0.00150709,0.00150709,0.00150709,1609528380,2021-01-01T19:13:00
0.00152515,0.00152515,0.00152515,0.00152515,1609510380,2021-01-01T14:13:00
0.00153323,0.00153323,0.00153323,0.00153323,1609508700,2021-01-01T13:45:00
0.00152143,0.00152143,0.00152143,0.00152143,1609499820,2021-01-01T11:17:00
0.00150119,0.00150119,0.00150119,0.00150119,1609497180,2021-01-01T10:33:00
0.0014823,0.0014823,0.0014823,0.0014823,1609496280,2021-01-01T10:18:00
0.00146829,0.00146829,0.00146829,0.00146829,1609495980,2021-01-01T10:13:00
0.00145965,0.00145965,0.00145965,0.00145965,1609495380,2021-01-01T10:03:00
0.00148271,0.00148271,0.00148271,0.00148271,1609488840,2021-01-01T08:14:00
0.00152155,0.00152155,0.00152155,0.00152155,1609485780,2021-01-01T07:23:00
0.00154927,0.00154927,0.00154927,0.00154927,1609475040,2021-01-01T04:24:00
0.00152526,0.00152526,0.00152526,0.00152526,1609461960,2021-01-01T00:46:00
0.00153699,0.00153699,0.00153699,0.00153699,1609460340,2021-01-01T00:19:00
0.00156412,0.00156412,0.00156412,0.00156412,1609457220,2020-12-31T23:27:00
0.00159343,0.00159343,0.00159343,0.00159343,1609456560,2020-12-31T23:16:00
0.00159226,0.00159226,0.00159226,0.00159226,1609427160,2020-12-31T15:06:00
0.00162647,0.00162647,0.00162647,0.00162647,1609368420,2020-12-30T22:47:00
0.00163645,0.00163645,0.00163645,0.00163645,1609366860,2020-12-30T22:21:00
0.0016473,0.0016473,0.0016473,0.0016473,1609363020,2020-12-30T21:17:00
0.00159114,0.00159114,0.00159114,0.00159114,1609337340,2020-12-30T14:09:00
0.00156597,0.00156597,0.00156597,0.00156597,1609336980,2020-12-30T14:03:00
0.00159329,0.00159329,0.00159329,0.00159329,1609314360,2020-12-30T07:46:00
0.00157769,0.00157769,0.00157769,0.00157769,1609266240,2020-12-29T18:24:00
0.00161154,0.00161154,0.00161154,0.00161154,1609237800,2020-12-29T10:30:00
0.00160938,0.00160938,0.00160938,0.00160938,1609236060,2020-12-29T10:01:00
0.00154954,0.00154954,0.00154954,0.00154954,1609219380,2020-12-29T05:23:00
0.00155354,0.00155354,0.00155354,0.00155354,1609218120,2020-12-29T05:02:00
0.00157404,0.00157404,0.00157404,0.00157404,1609206300,2020-12-29T01:45:00
0.00156339,0.00156339,0.00156339,0.00156339,1609205400,2020-12-29T01:30:00
0.00159348,0.00159348,0.00159348,0.00159348,1609197300,2020-12-28T23:15:00
0.00149102,0.00149102,0.00149102,0.00149102,1609190160,2020-12-28T21:16:00
0.00146699,0.00146699,0.00146699,0.00146699,1609188900,2020-12-28T20:55:00
0.00148439,0.00148439,0.00148439,0.00148439,1609185780,2020-12-28T20:03:00
0.00146934,0.00146934,0.00146934,0.00146934,1609177620,2020-12-28T17:47:00
0.00149122,0.00149122,0.00149122,0.00149122,1609177380,2020-12-28T17:43:00
0.00152006,0.00152006,0.00152006,0.00152006,1609176180,2020-12-28T17:23:00
0.00151884,0.00151884,0.00151884,0.00151884,1609140480,2020-12-28T07:28:00
0.00146563,0.00146563,0.00146563,0.00146563,1609117860,2020-12-28T01:11:00
0.00143048,0.00143048,0.00143048,0.00143048,1609112280,2020-12-27T23:38:00
0.0014281,0.0014281,0.0014281,0.0014281,1609106040,2020-12-27T21:54:00
0.00145972,0.00145972,0.00145972,0.00145972,1609092780,2020-12-27T18:13:00
0.0014724,0.0014724,0.0014724,0.0014724,1609090320,2020-12-27T17:32:00
0.00131632,0.00131632,0.00131632,0.00131632,1608980940,2020-12-26T11:09:00
0.00131327,0.00131327,0.00131327,0.00131327,1608915420,2020-12-25T16:57:00
0.00133037,0.00133037,0.00133037,0.00133037,1608910380,2020-12-25T15:33:00
0.00129151,0.00129151,0.00129151,0.00129151,1608852900,2020-12-24T23:35:00
0.00126453,0.00126453,0.00126453,0.00126453,1608847920,2020-12-24T22:12:00
0.00124811,0.00124811,0.00124811,0.00124811,1608845880,2020-12-24T21:38:00
0.00123085,0.00123085,0.00123085,0.00123085,1608844800,2020-12-24T21:20:00
0.00121784,0.00121784,0.00121784,0.00121784,1608844740,2020-12-24T21:19:00
0.00116007,0.00116007,0.00116007,0.00116007,1608796560,2020-12-24T07:56:00
0.00115688,0.00115688,0.00115688,0.00115688,1608793980,2020-12-24T07:13:00
0.00121443,0.00121443,0.00121443,0.00121443,1608760380,2020-12-23T21:53:00
0.00121606,0.00121606,0.00121606,0.00121606,1608757500,2020-12-23T21:05:00
0.00119503,0.00119503,0.00119503,0.00119503,1608744360,2020-12-23T17:26:00
0.00119973,0.00119973,0.00119973,0.00119973,1608735600,2020-12-23T15:00:00
0.00123103,0.00123103,0.00123103,0.00123103,1608708720,2020-12-23T07:32:00
0.00126336,0.00126336,0.00126336,0.00126336,1608706680,2020-12-23T06:58:00
0.00123771,0.00123771,0.00123771,0.00123771,1608706380,2020-12-23T06:53:00
0.00121723,0.00121723,0.00121723,0.00121723,1608705420,2020-12-23T06:37:00
0.00120515,0.00120515,0.00120515,0.00120515,1608704760,2020-12-23T06:26:00
0.00120815,0.00120815,0.00120815,0.00120815,1608696420,2020-12-23T04:07:00
0.00121306,0.00121306,0.00121306,0.00121306,1608686820,2020-12-23T01:27:00
0.00120941,0.00120941,0.00120941,0.00120941,1608683160,2020-12-23T00:26:00
0.00120041,0.00120041,0.00120041,0.00120041,1608682680,2020-12-23T00:18:00
0.00121434,0.00121434,0.00121434,0.00121434,1608679440,2020-12-22T23:24:00
0.00122108,0.00122108,0.00122108,0.00122108,1608678960,2020-12-22T23:16:00
0.00131484,0.00131484,0.00131484,0.00131484,1608673560,2020-12-22T21:46:00
0.00141189,0.00141189,0.00141189,0.00141189,1608668760,2020-12-22T20:26:00
0.00136215,0.00136215,0.00136215,0.00136215,1608635880,2020-12-22T11:18:00
0.00137339,0.00137339,0.00137339,0.00137339,1608615660,2020-12-22T05:41:00
0.00139368,0.00139368,0.00139368,0.00139368,1608610380,2020-12-22T04:13:00
0.00119808,0.00119808,0.00119808,0.00119808,1608609600,2020-12-22T04:00:00
0.00127615,0.00127615,0.00127615,0.00127615,1608592680,2020-12-21T23:18:00
0.0012731,0.0012731,0.0012731,0.0012731,1608592500,2020-12-21T23:15:00
0.00126672,0.00126672,0.00126672,0.00126672,1608585420,2020-12-21T21:17:00
0.00122776,0.00122776,0.00122776,0.00122776,1608555000,2020-12-21T12:50:00
0.00123519,0.00123519,0.00123519,0.00123519,1608548220,2020-12-21T10:57:00
0.00127796,0.00127796,0.00127796,0.00127796,1608543600,2020-12-21T09:40:00
0.00127729,0.00127729,0.00127729,0.00127729,1608543180,2020-12-21T09:33:00
0.00126288,0.00126288,0.00126288,0.00126288,1608542340,2020-12-21T09:19:00
0.00128775,0.00128775,0.00128775,0.00128775,1608531660,2020-12-21T06:21:00
0.00123822,0.00123822,0.00123822,0.00123822,1608526560,2020-12-21T04:56:00
0.00122485,0.00122485,0.00122485,0.00122485,1608525240,2020-12-21T04:34:00
0.00121766,0.00121766,0.00121766,0.00121766,1608519660,2020-12-21T03:01:00
0.00121391,0.00121391,0.00121391,0.00121391,1608503640,2020-12-20T22:34:00
0.00126629,0.00126629,0.00126629,0.00126629,1608460320,2020-12-20T10:32:00
0.00122376,0.00122376,0.00122376,0.00122376,1608458340,2020-12-20T09:59:00
0.00123839,0.00123839,0.00123839,0.00123839,1608455160,2020-12-20T09:06:00
0.00125889,0.00125889,0.00125889,0.00125889,1608388620,2020-12-19T14:37:00
0.00124012,0.00124012,0.00124012,0.00124012,1608337800,2020-12-19T00:30:00
0.00122305,0.00122305,0.00122305,0.00122305,1608329340,2020-12-18T22:09:00
0.00122064,0.00122064,0.00122064,0.00122064,1608327540,2020-12-18T21:39:00
0.00119054,0.00119054,0.00119054,0.00119054,1608321540,2020-12-18T19:59:00
0.00117744,0.00117744,0.00117744,0.00117744,1608320040,2020-12-18T19:34:00
0.00117937,0.00117937,0.00117937,0.00117937,1608276360,2020-12-18T07:26:00
0.00119135,0.00119135,0.00119135,0.00119135,1608261060,2020-12-18T03:11:00
0.00117034,0.00117034,0.00117034,0.00117034,1608260880,2020-12-18T03:08:00
0.0011349,0.0011349,0.0011349,0.0011349,1608248280,2020-12-17T23:38:00
0.00114663,0.00114663,0.00114663,0.00114663,1608237180,2020-12-17T20:33:00
0.0011134,0.0011134,0.0011134,0.0011134,1608152460,2020-12-16T21:01:00
0.00109687,0.00109687,0.00109687,0.00109687,1608142080,2020-12-16T18:08:00
0.00108701,0.00108701,0.00108701,0.00108701,1608133620,2020-12-16T15:47:00
0.00103809,0.00103809,0.00103809,0.00103809,1608097200,2020-12-16T05:40:00
0.00104388,0.00104388,0.00104388,0.00104388,1607995800,2020-12-15T01:30:00
0.00102591,0.00102591,0.00102591,0.00102591,1607991600,2020-12-15T00:20:00
0.00101124,0.00101124,0.00101124,0.00101124,1607978880,2020-12-14T20:48:00
0.00100127,0.00100127,0.00100127,0.00100127,1607970000,2020-12-14T18:20:00
0.000985344,0.000985344,0.000985344,0.000985344,1607969700,2020-12-14T18:15:00
0.000970257,0.000970257,0.000970257,0.000970257,1607954460,2020-12-14T14:01:00
0.000971141,0.000971141,0.000971141,0.000971141,1607936640,2020-12-14T09:04:00
0.00095934,0.00095934,0.00095934,0.00095934,1607934480,2020-12-14T08:28:00
0.00098585,0.00098585,0.00098585,0.00098585,1607887500,2020-12-13T19:25:00
0.000943894,0.000943894,0.000943894,0.000943894,1607845860,2020-12-13T07:51:00
0.000976704,0.000976704,0.000976704,0.000976704,1607830320,2020-12-13T03:32:00
0.000987988,0.000987988,0.000987988,0.000987988,1607786820,2020-12-12T15:27:00
0.000982086,0.000982086,0.000982086,0.000982086,1607781420,2020-12-12T13:57:00
0.000990337,0.000990337,0.000990337,0.000990337,1607772060,2020-12-12T11:21:00
0.000973253,0.000973253,0.000973253,0.000973253,1607726700,2020-12-11T22:45:00
0.000960925,0.000960925,0.000960925,0.000960925,1607722320,2020-12-11T21:32:00
0.000967334,0.000967334,0.000967334,0.000967334,1607707620,2020-12-11T17:27:00
0.000967872,0.000967872,0.000967872,0.000967872,1607683200,2020-12-11T10:40:00
0.00101401,0.00101401,0.00101401,0.00101401,1607634300,2020-12-10T21:05:00
0.000978544,0.000978544,0.000978544,0.000978544,1607611800,2020-12-10T14:50:00
0.000986974,0.000986974,0.000986974,0.000986974,1607606400,2020-12-10T13:20:00
0.0010084,0.0010084,0.0010084,0.0010084,1607585280,2020-12-10T07:28:00
0.0010259,0.0010259,0.0010259,0.0010259,1607544000,2020-12-09T20:00:00
0.000985971,0.000985971,0.000985971,0.000985971,1607492640,2020-12-09T05:44:00
0.00101775,0.00101775,0.00101775,0.00101775,1607455680,2020-12-08T19:28:00
0.00102531,0.00102531,0.00102531,0.00102531,1607452140,2020-12-08T18:29:00
0.00101801,0.00101801,0.00101801,0.00101801,1607434920,2020-12-08T13:42:00
0.00100396,0.00100396,0.00100396,0.00100396,1607424900,2020-12-08T10:55:00
0.000992041,0.000992041,0.000992041,0.000992041,1607424540,2020-12-08T10:49:00
0.000992102,0.000992102,0.000992102,0.000992102,1607420220,2020-12-08T09:37:00
0.00100189,0.00100189,0.00100189,0.00100189,1607410800,2020-12-08T07:00:00
0.000993814,0.000993814,0.000993814,0.000993814,1607383620,2020-12-07T23:27:00
0.000992943,0.000992943,0.000992943,0.000992943,1607371740,2020-12-07T20:09:00
0.000987983,0.000987983,0.000987983,0.000987983,1607370480,2020-12-07T19:48:00
0.000976474,0.000976474,0.000976474,0.000976474,1607370000,2020-12-07T19:40:00
0.00096493,0.00096493,0.00096493,0.00096493,1607365980,2020-12-07T18:33:00
0.000956655,0.000956655,0.000956655,0.000956655,1607365620,2020-12-07T18:27:00
0.00095271,0.00095271,0.00095271,0.00095271,1607362320,2020-12-07T17:32:00
0.000947049,0.000947049,0.000947049,0.000947049,1607291520,2020-12-06T21:52:00
0.000935667,0.000935667,0.000935667,0.000935667,1607291100,2020-12-06T21:45:00
0.000932176,0.000932176,0.000932176,0.000932176,1607250780,2020-12-06T10:33:00
0.000920886,0.000920886,0.000920886,0.000920886,1607250720,2020-12-06T10:32:00
0.000923799,0.000923799,0.000923799,0.000923799,1607172180,2020-12-05T12:43:00
0.000946452,0.000946452,0.000946452,0.000946452,1607170740,2020-12-05T12:19:00
0.000953264,0.000953264,0.000953264,0.000953264,1607161680,2020-12-05T09:48:00
0.000981384,0.000981384,0.000981384,0.000981384,1607018940,2020-12-03T18:09:00
0.000963894,0.000963894,0.000963894,0.000963894,1606967640,2020-12-03T03:54:00
0.00098308,0.00098308,0.00098308,0.00098308,1606958220,2020-12-03T01:17:00
0.000990589,0.000990589,0.000990589,0.000990589,1606944000,2020-12-02T21:20:00
0.00100207,0.00100207,0.00100207,0.00100207,1606943160,2020-12-02T21:06:00
0.000994277,0.000994277,0.000994277,0.000994277,1606930440,2020-12-02T17:34:00
0.00100387,0.00100387,0.00100387,0.00100387,1606911540,2020-12-02T12:19:00
0.00101548,0.00101548,0.00101548,0.00101548,1606909260,2020-12-02T11:41:00
0.00103158,0.00103158,0.00103158,0.00103158,1606907820,2020-12-02T11:17:00
0.00100191,0.00100191,0.00100191,0.00100191,1606886340,2020-12-02T05:19:00
0.00102163,0.00102163,0.00102163,0.00102163,1606745340,2020-11-30T14:09:00
0.00100673,0.00100673,0.00100673,0.00100673,1606723140,2020-11-30T07:59:00
0.000958517,0.000958517,0.000958517,0.000958517,1606682040,2020-11-29T20:34:00
0.000952953,0.000952953,0.000952953,0.000952953,1606655820,2020-11-29T13:17:00
0.000936787,0.000936787,0.000936787,0.000936787,1606618680,2020-11-29T02:58:00
0.000956674,0.000956674,0.000956674,0.000956674,1606602660,2020-11-28T22:31:00
0.000925093,0.000925093,0.000925093,0.000925093,1606564320,2020-11-28T11:52:00
0.000919446,0.000919446,0.000919446,0.000919446,1606514820,2020-11-27T22:07:00
0.000916807,0.000916807,0.000916807,0.000916807,1606514220,2020-11-27T21:57:00
0.000907885,0.000907885,0.000907885,0.000907885,1606483800,2020-11-27T13:30:00
0.000902859,0.000902859,0.000902859,0.000902859,1606404060,2020-11-26T15:21:00
0.000911487,0.000911487,0.000911487,0.000911487,1606403700,2020-11-26T15:15:00
0.000915904,0.000915904,0.000915904,0.000915904,1606399680,2020-11-26T14:08:00
0.00102579,0.00102579,0.00102579,0.00102579,1606353360,2020-11-26T01:16:00
0.00104759,0.00104759,0.00104759,0.00104759,1606335420,2020-11-25T20:17:00
0.00105201,0.00105201,0.00105201,0.00105201,1606326420,2020-11-25T17:47:00
0.00105075,0.00105075,0.00105075,0.00105075,1606323360,2020-11-25T16:56:00
0.00105885,0.00105885,0.00105885,0.00105885,1606295400,2020-11-25T09:10:00
0.001074,0.001074,0.001074,0.001074,1606270920,2020-11-25T02:22:00
0.00110154,0.00110154,0.00110154,0.00110154,1606243320,2020-11-24T18:42:00
0.00112314,0.00112314,0.00112314,0.00112314,1606199640,2020-11-24T06:34:00
0.00115171,0.00115171,0.00114645,0.00114645,1606194120,2020-11-24T05:02:00
0.0010994,0.0010994,0.0010994,0.0010994,1606163940,2020-11-23T20:39:00
0.00108616,0.00108616,0.00108616,0.00108616,1606160160,2020-11-23T19:36:00
0.00106454,0.00106454,0.00106454,0.00106454,1606105260,2020-11-23T04:21:00
0.00102934,0.00102934,0.00102934,0.00102934,1606099380,2020-11-23T02:43:00
0.00103022,0.00103022,0.00103022,0.00103022,1606092900,2020-11-23T00:55:00
0.00106613,0.00106613,0.00106613,0.00106613,1606086000,2020-11-22T23:00:00
0.00104025,0.00104025,0.00104025,0.00104025,1606072560,2020-11-22T19:16:00
0.000975132,0.000975132,0.000975132,0.000975132,1606057860,2020-11-22T15:11:00
0.000980021,0.000980021,0.000980021,0.000980021,1606035660,2020-11-22T09:01:00
0.000982635,0.000982635,0.000982635,0.000982635,1605997440,2020-11-21T22:24:00
0.0009876,0.0009876,0.0009876,0.0009876,1605990300,2020-11-21T20:25:00
0.00094043,0.00094043,0.00094043,0.00094043,1605958800,2020-11-21T11:40:00
0.000929369,0.000929369,0.000929369,0.000929369,1605941760,2020-11-21T06:56:00
0.00090906,0.00090906,0.00090906,0.00090906,1605933480,2020-11-21T04:38:00
0.00091002,0.00091002,0.00091002,0.00091002,1605892440,2020-11-20T17:14:00
0.000891106,0.000891106,0.000891106,0.000891106,1605890640,2020-11-20T16:44:00
0.00085851,0.00085851,0.00085851,0.00085851,1605861060,2020-11-20T08:31:00
0.000829041,0.000829041,0.000829041,0.000829041,1605831600,2020-11-20T00:20:00
0.000798759,0.000798759,0.000798759,0.000798759,1605829740,2020-11-19T23:49:00
0.000768746,0.000768746,0.000768746,0.000768746,1605825540,2020-11-19T22:39:00
0.000770653,0.000770653,0.000770653,0.000770653,1605757440,2020-11-19T03:44:00
0.000753204,0.000753204,0.000753204,0.000753204,1605755220,2020-11-19T03:07:00
0.000744566,0.000744566,0.000744566,0.000744566,1605755040,2020-11-19T03:04:00
0.000741634,0.000741634,0.000741634,0.000741634,1605693660,2020-11-18T10:01:00
0.0007384,0.0007384,0.0007384,0.0007384,1605688620,2020-11-18T08:37:00
0.000793726,0.000793726,0.000793726,0.000793726,1605688380,2020-11-18T08:33:00
0.000862884,0.000862884,0.000862884,0.000862884,1605668280,2020-11-18T02:58:00
0.000828967,0.000828967,0.000828967,0.000828967,1605608640,2020-11-17T10:24:00
0.00083411,0.00083411,0.00083411,0.00083411,1605608460,2020-11-17T10:21:00
0.000861054,0.000861054,0.000861054,0.000861054,1605608400,2020-11-17T10:20:00
0.000872865,0.000872865,0.000872865,0.000872865,1605496980,2020-11-16T03:23:00
0.000892821,0.000892821,0.000892821,0.000892821,1605453360,2020-11-15T15:16:00
0.000885626,0.000885626,0.000885626,0.000885626,1605448260,2020-11-15T13:51:00
0.000887952,0.000887952,0.000887952,0.000887952,1605446820,2020-11-15T13:27:00
0.000899643,0.000899643,0.000899643,0.000899643,1605430380,2020-11-15T08:53:00
0.000896286,0.000896286,0.000896286,0.000896286,1605375480,2020-11-14T17:38:00
0.000909946,0.000909946,0.000909946,0.000909946,1605360000,2020-11-14T13:20:00
0.000930674,0.000930674,0.000930674,0.000930674,1605282120,2020-11-13T15:42:00
0.000935927,0.000935927,0.000935927,0.000935927,1605269100,2020-11-13T12:05:00
0.000940218,0.000940218,0.000940218,0.000940218,1605266340,2020-11-13T11:19:00
0.000862543,0.000862543,0.000862543,0.000862543,1605266040,2020-11-13T11:14:00
0.000867315,0.000867315,0.000867315,0.000867315,1605265680,2020-11-13T11:08:00
0.000885748,0.000885748,0.000885748,0.000885748,1605193140,2020-11-12T14:59:00
0.000930266,0.000930266,0.000930266,0.000930266,1605190020,2020-11-12T14:07:00
0.000951788,0.000951788,0.000951788,0.000951788,1605123300,2020-11-11T19:35:00
0.00094255,0.00094255,0.00094255,0.00094255,1605112020,2020-11-11T16:27:00
0.000930985,0.000930985,0.000930985,0.000930985,1605066840,2020-11-11T03:54:00
0.000910793,0.000910793,0.000910793,0.000910793,1605059040,2020-11-11T01:44:00
0.000898299,0.000898299,0.000898299,0.000898299,1605057480,2020-11-11T01:18:00
0.00085854,0.00085854,0.00085854,0.00085854,1604969400,2020-11-10T00:50:00
0.00085777,0.00085777,0.00085777,0.00085777,1604969280,2020-11-10T00:48:00
0.000880567,0.000880567,0.000880567,0.000880567,1604885340,2020-11-09T01:29:00
0.000876266,0.000876266,0.000876266,0.000876266,1604885220,2020-11-09T01:27:00
0.00087575,0.00087575,0.00087575,0.00087575,1604878980,2020-11-08T23:43:00
0.000876177,0.000876177,0.000876177,0.000876177,1604865480,2020-11-08T19:58:00
0.000848519,0.000848519,0.000848519,0.000848519,1604828760,2020-11-08T09:46:00
0.000848908,0.000848908,0.000848908,0.000848908,1604816460,2020-11-08T06:21:00
0.000851298,0.000851298,0.000851298,0.000851298,1604809260,2020-11-08T04:21:00
0.000838849,0.000838849,0.000838849,0.000838849,1604784540,2020-11-07T21:29:00
0.000828839,0.000828839,0.000828839,0.000828839,1604783520,2020-11-07T21:12:00
0.000873959,0.000873959,0.000873959,0.000873959,1604781060,2020-11-07T20:31:00
0.000984206,0.000984206,0.000984206,0.000984206,1604749800,2020-11-07T11:50:00
0.000984343,0.000984343,0.000984343,0.000984343,1604745660,2020-11-07T10:41:00
0.000985864,0.000985864,0.000985864,0.000985864,1604744760,2020-11-07T10:26:00
0.000987482,0.000987482,0.000987482,0.000987482,1604734260,2020-11-07T07:31:00
0.00105672,0.00105672,0.00105672,0.00105672,1604706600,2020-11-06T23:50:00
0.00102825,0.00102825,0.00102825,0.00102825,1604661600,2020-11-06T11:20:00
0.000941847,0.000941847,0.000941847,0.000941847,1604632380,2020-11-06T03:13:00
0.000874155,0.000874155,0.000874155,0.000874155,1604536020,2020-11-05T00:27:00
0.000870831,0.000870831,0.000870831,0.000870831,1604533800,2020-11-04T23:50:00
0.000882981,0.000882981,0.000882981,0.000882981,1604515920,2020-11-04T18:52:00
0.000829947,0.000829947,0.000829947,0.000829947,1604493240,2020-11-04T12:34:00
0.000813464,0.000813464,0.000813464,0.000813464,1604483580,2020-11-04T09:53:00
0.000827289,0.000827289,0.000827289,0.000827289,1604461860,2020-11-04T03:51:00
0.000825324,0.000825324,0.000825324,0.000825324,1604461680,2020-11-04T03:48:00
0.00081689,0.00081689,0.00081689,0.00081689,1604460840,2020-11-04T03:34:00
0.000812893,0.000812893,0.000812893,0.000812893,1604447040,2020-11-03T23:44:00
0.000793088,0.000793088,0.000793088,0.000793088,1604404620,2020-11-03T11:57:00
0.000782062,0.000782062,0.000782062,0.000782062,1604399880,2020-11-03T10:38:00
0.000780422,0.000780422,0.000780422,0.000780422,1604398860,2020-11-03T10:21:00
0.000885665,0.000885665,0.000817262,0.000817262,1604392020,2020-11-03T08:27:00
0.000913096,0.000913096,0.000913096,0.000913096,1604387400,2020-11-03T07:10:00
0.000927895,0.000927895,0.000927895,0.000927895,1604327700,2020-11-02T14:35:00
0.00095898,0.00095898,0.00095898,0.00095898,1604305380,2020-11-02T08:23:00
0.000961968,0.000961968,0.000961968,0.000961968,1604292300,2020-11-02T04:45:00
0.000972868,0.000972868,0.000972868,0.000972868,1604290800,2020-11-02T04:20:00
0.000954043,0.000954043,0.000954043,0.000954043,1604236140,2020-11-01T13:09:00
0.000956273,0.000956273,0.000956273,0.000956273,1604209380,2020-11-01T05:43:00
0.000947172,0.000947172,0.000947172,0.000947172,1604171820,2020-10-31T19:17:00
0.000959567,0.000959567,0.000959567,0.000959567,1604150220,2020-10-31T13:17:00
0.000939767,0.000939767,0.000939767,0.000939767,1604061360,2020-10-30T12:36:00
0.000949931,0.000949931,0.000949931,0.000949931,1604037720,2020-10-30T06:02:00
0.000981799,0.000981799,0.000981799,0.000981799,1604019960,2020-10-30T01:06:00
0.000968815,0.000968815,0.000968815,0.000968815,1604018640,2020-10-30T00:44:00
0.000990572,0.000990572,0.000990572,0.000990572,1604003040,2020-10-29T20:24:00
0.000980893,0.000980893,0.000980893,0.000980893,1603953600,2020-10-29T06:40:00
0.000956468,0.000956468,0.000956468,0.000956468,1603953180,2020-10-29T06:33:00
0.00096284,0.00096284,0.00096284,0.00096284,1603951560,2020-10-29T06:06:00
0.000922692,0.000922692,0.000922692,0.000922692,1603919880,2020-10-28T21:18:00
0.00102514,0.00102514,0.000940767,0.000940767,1603910340,2020-10-28T18:39:00
0.00111231,0.00111231,0.00111231,0.00111231,1603893360,2020-10-28T13:56:00
0.0011943,0.0011943,0.0011943,0.0011943,1603839840,2020-10-27T23:04:00
0.00120191,0.00120191,0.00120191,0.00120191,1603831380,2020-10-27T20:43:00
0.00118092,0.00118092,0.00118092,0.00118092,1603810320,2020-10-27T14:52:00
0.00118778,0.00118778,0.00118778,0.00118778,1603804860,2020-10-27T13:21:00
0.00118636,0.00118636,0.00118636,0.00118636,1603800660,2020-10-27T12:11:00
0.00118081,0.00118081,0.00118081,0.00118081,1603800600,2020-10-27T12:10:00
0.00118701,0.00118701,0.00118701,0.00118701,1603799100,2020-10-27T11:45:00
0.00116691,0.00116691,0.00116691,0.00116691,1603753140,2020-10-26T22:59:00
0.00118082,0.00118082,0.00118082,0.00118082,1603734060,2020-10-26T17:41:00
0.00126981,0.00126981,0.00126981,0.00126981,1603679700,2020-10-26T02:35:00
0.00128579,0.00128579,0.00128579,0.00128579,1603614600,2020-10-25T08:30:00
0.00129823,0.00129823,0.00129823,0.00129823,1603593120,2020-10-25T02:32:00
0.00130218,0.00130218,0.00130218,0.00130218,1603564020,2020-10-24T18:27:00
0.00130536,0.00130536,0.00130536,0.00130536,1603563600,2020-10-24T18:20:00
0.00130885,0.00130885,0.00130885,0.00130885,1603562460,2020-10-24T18:01:00
0.00131057,0.00131057,0.00131057,0.00131057,1603562100,2020-10-24T17:55:00
0.00132804,0.00132804,0.00131281,0.00131281,1603561620,2020-10-24T17:47:00
0.00133279,0.00133279,0.00133279,0.00133279,1603561500,2020-10-24T17:45:00
0.001348,0.001348,0.00134143,0.00134143,1603561440,2020-10-24T17:44:00
0.00135629,0.00135629,0.00135629,0.00135629,1603561380,2020-10-24T17:43:00
0.00137049,0.00137049,0.00137049,0.00137049,1603561260,2020-10-24T17:41:00
0.00137248,0.00137248,0.00136332,0.00136332,1603561200,2020-10-24T17:40:00
0.00138548,0.00139424,0.00138548,0.00139424,1603561140,2020-10-24T17:39:00
0.00145373,0.00145373,0.00140151,0.00140151,1603561080,2020-10-24T17:38:00
0.00144196,0.00144196,0.00144196,0.00144196,1603561020,2020-10-24T17:37:00
0.00143631,0.00143805,0.00143631,0.00143805,1603560960,2020-10-24T17:36:00
0.0014067,0.00141406,0.0014067,0.00141406,1603560900,2020-10-24T17:35:00
0.00133383,0.00135367,0.00133383,0.00135367,1603560840,2020-10-24T17:34:00
0.00132411,0.00133088,0.00132411,0.00133088,1603560780,2020-10-24T17:33:00
0.00131262,0.00131262,0.00131262,0.00131262,1603560720,2020-10-24T17:32:00
0.00131114,0.00131114,0.00131114,0.00131114,1603560240,2020-10-24T17:24:00
0.00130749,0.00130749,0.00130749,0.00130749,1603551600,2020-10-24T15:00:00
0.00129294,0.00129294,0.00129294,0.00129294,1603531440,2020-10-24T09:24:00
0.00128324,0.00128324,0.00128324,0.00128324,1603505940,2020-10-24T02:19:00
0.00130236,0.00130236,0.00130236,0.00130236,1603463520,2020-10-23T14:32:00
0.00129851,0.00129851,0.00129851,0.00129851,1603411920,2020-10-23T00:12:00
0.00130966,0.00130966,0.00130966,0.00130966,1603390260,2020-10-22T18:11:00
0.00132422,0.00132422,0.00132422,0.00132422,1603389900,2020-10-22T18:05:00
0.00129539,0.00129539,0.00129539,0.00129539,1603381440,2020-10-22T15:44:00
0.00126025,0.00126025,0.00126025,0.00126025,1603373820,2020-10-22T13:37:00
0.00121267,0.00121267,0.00121267,0.00121267,1603347240,2020-10-22T06:14:00
0.00121796,0.00121796,0.00121796,0.00121796,1603305480,2020-10-21T18:38:00
0.00123154,0.00123154,0.00123154,0.00123154,1603298280,2020-10-21T16:38:00
0.00113403,0.00113403,0.00113403,0.00113403,1603281540,2020-10-21T11:59:00
0.00105055,0.00105055,0.00105055,0.00105055,1603223160,2020-10-20T19:46:00
0.00104457,0.00104457,0.00104457,0.00104457,1603217520,2020-10-20T18:12:00
0.00103425,0.00103425,0.00103425,0.00103425,1603211280,2020-10-20T16:28:00
0.00100848,0.00100848,0.00100848,0.00100848,1603198500,2020-10-20T12:55:00
0.00101857,0.00101857,0.00101857,0.00101857,1603139460,2020-10-19T20:31:00
0.00101795,0.00101795,0.00101795,0.00101795,1603132980,2020-10-19T18:43:00
0.00100944,0.00100944,0.00100944,0.00100944,1603132140,2020-10-19T18:29:00
0.00101115,0.00101115,0.00101115,0.00101115,1603132020,2020-10-19T18:27:00
0.00101102,0.00101102,0.00101102,0.00101102,1603120260,2020-10-19T15:11:00
0.000991986,0.000991986,0.000991986,0.000991986,1603099260,2020-10-19T09:21:00
0.000989451,0.000989451,0.000989451,0.000989451,1603063920,2020-10-18T23:32:00
0.000976962,0.000976962,0.000976962,0.000976962,1603046280,2020-10-18T18:38:00
0.000961711,0.000961711,0.000961711,0.000961711,1603012800,2020-10-18T09:20:00
0.000935922,0.000935922,0.000935922,0.000935922,1602988260,2020-10-18T02:31:00
0.00093753,0.00093753,0.00093753,0.00093753,1602983220,2020-10-18T01:07:00
0.000944122,0.000944122,0.000944122,0.000944122,1602972180,2020-10-17T22:03:00
0.000968434,0.000968434,0.000968434,0.000968434,1602951480,2020-10-17T16:18:00
0.00100276,0.00100276,0.00100276,0.00100276,1602936900,2020-10-17T12:15:00
0.00101379,0.00101379,0.00101379,0.00101379,1602925620,2020-10-17T09:07:00
0.001038,0.001038,0.001038,0.001038,1602925140,2020-10-17T08:59:00
0.00103427,0.00103427,0.00103427,0.00103427,1602899460,2020-10-17T01:51:00
0.00106423,0.00106423,0.00106423,0.00106423,1602854640,2020-10-16T13:24:00
0.0010584,0.0010584,0.0010584,0.0010584,1602840840,2020-10-16T09:34:00
0.00107526,0.00107526,0.00107526,0.00107526,1602784920,2020-10-15T18:02:00
0.00107385,0.00107385,0.00107385,0.00107385,1602760740,2020-10-15T11:19:00
0.00110715,0.00110715,0.00110715,0.00110715,1602723120,2020-10-15T00:52:00
0.00110216,0.00110216,0.00110216,0.00110216,1602704040,2020-10-14T19:34:00
0.00112914,0.00112914,0.00112914,0.00112914,1602684780,2020-10-14T14:13:00
0.00111138,0.00111138,0.00111138,0.00111138,1602677700,2020-10-14T12:15:00
0.00110004,0.00110004,0.00110004,0.00110004,1602672420,2020-10-14T10:47:00
0.0010856,0.0010856,0.0010856,0.0010856,1602668520,2020-10-14T09:42:00
0.00107527,0.00107527,0.00107527,0.00107527,1602643320,2020-10-14T02:42:00
0.00109728,0.00109728,0.00109728,0.00109728,1602642900,2020-10-14T02:35:00
0.00110347,0.00110347,0.00110347,0.00110347,1602628620,2020-10-13T22:37:00
0.00112145,0.00112145,0.00112145,0.00112145,1602577140,2020-10-13T08:19:00
0.00112152,0.00112152,0.00112152,0.00112152,1602541620,2020-10-12T22:27:00
0.00103627,0.00103627,0.00103627,0.00103627,1602505080,2020-10-12T12:18:00
0.00106079,0.00106079,0.00106079,0.00106079,1602495180,2020-10-12T09:33:00
0.00110323,0.00110323,0.00110323,0.00110323,1602485400,2020-10-12T06:50:00
0.00114403,0.00114403,0.00114403,0.00114403,1602469260,2020-10-12T02:21:00
0.00114548,0.00114548,0.00114548,0.00114548,1602440160,2020-10-11T18:16:00
0.00114753,0.00114753,0.00114753,0.00114753,1602425820,2020-10-11T14:17:00
0.00115529,0.00115529,0.00115529,0.00115529,1602424800,2020-10-11T14:00:00
0.00116201,0.00116201,0.00116201,0.00116201,1602413340,2020-10-11T10:49:00
0.00116425,0.00116425,0.00116425,0.00116425,1602399540,2020-10-11T06:59:00
0.00115395,0.00115395,0.00115395,0.00115395,1602378420,2020-10-11T01:07:00
0.00115769,0.00115769,0.00115769,0.00115769,1602296400,2020-10-10T02:20:00
0.00114217,0.00114217,0.00114217,0.00114217,1602296040,2020-10-10T02:14:00
0.00112207,0.00112207,0.00112207,0.00112207,1602287760,2020-10-09T23:56:00
0.00111949,0.00111949,0.00111949,0.00111949,1602284040,2020-10-09T22:54:00
0.00110845,0.00110845,0.00110845,0.00110845,1602263040,2020-10-09T17:04:00
0.00110446,0.00110446,0.00110446,0.00110446,1602256800,2020-10-09T15:20:00
0.00107967,0.00107967,0.00107967,0.00107967,1602235020,2020-10-09T09:17:00
0.00104548,0.00104548,0.00104548,0.00104548,1602140700,2020-10-08T07:05:00
0.00103512,0.00103512,0.00103512,0.00103512,1602140460,2020-10-08T07:01:00
0.00105293,0.00105293,0.00105293,0.00105293,1602135180,2020-10-08T05:33:00
0.00106196,0.00106196,0.00106196,0.00106196,1602131700,2020-10-08T04:35:00
0.00107566,0.00107566,0.00107566,0.00107566,1602107280,2020-10-07T21:48:00
0.00106145,0.00106145,0.00106145,0.00106145,1602060300,2020-10-07T08:45:00
0.00103657,0.00103657,0.00103657,0.00103657,1602019200,2020-10-06T21:20:00
0.00106702,0.00106702,0.00106702,0.00106702,1602000540,2020-10-06T16:09:00
0.00108151,0.00108151,0.00108151,0.00108151,1601980080,2020-10-06T10:28:00
0.00109167,0.00109167,0.00109167,0.00109167,1601949600,2020-10-06T02:00:00
0.00108299,0.00108299,0.00108299,0.00108299,1601934060,2020-10-05T21:41:00
0.00106457,0.00106457,0.00106457,0.00106457,1601918220,2020-10-05T17:17:00
0.00107058,0.00107058,0.00107058,0.00107058,1601887740,2020-10-05T08:49:00
0.00108826,0.00108826,0.00108826,0.00108826,1601866080,2020-10-05T02:48:00
0.00109142,0.00109142,0.00109142,0.00109142,1601862240,2020-10-05T01:44:00
0.00107953,0.00107953,0.00107953,0.00107953,1601840220,2020-10-04T19:37:00
0.00107602,0.00107602,0.00107602,0.00107602,1601798820,2020-10-04T08:07:00
0.00107365,0.00107365,0.00107365,0.00107365,1601752740,2020-10-03T19:19:00
0.001073,0.001073,0.001073,0.001073,1601751360,2020-10-03T18:56:00
0.00107372,0.00107372,0.00107372,0.00107372,1601737620,2020-10-03T15:07:00
0.00108033,0.00108033,0.00108033,0.00108033,1601730900,2020-10-03T13:15:00
0.00109017,0.00109017,0.00109017,0.00109017,1601730060,2020-10-03T13:01:00
0.00109625,0.00109625,0.00109625,0.00109625,1601725680,2020-10-03T11:48:00
0.0011002,0.0011002,0.0011002,0.0011002,1601725560,2020-10-03T11:46:00
0.00110613,0.00110613,0.00110613,0.00110613,1601725500,2020-10-03T11:45:00
0.00110105,0.00110105,0.00110105,0.00110105,1601694600,2020-10-03T03:10:00
0.00109692,0.00109692,0.00109692,0.00109692,1601685660,2020-10-03T00:41:00
0.00108725,0.00108725,0.00108725,0.00108725,1601685060,2020-10-03T00:31:00
0.0010573,0.0010573,0.0010573,0.0010573,1601638860,2020-10-02T11:41:00
0.00111162,0.00111162,0.00111162,0.00111162,1601539980,2020-10-01T08:13:00
0.00111336,0.00111336,0.00111336,0.00111336,1601534160,2020-10-01T06:36:00
0.00113385,0.00113385,0.00113385,0.00113385,1601530920,2020-10-01T05:42:00
0.00113425,0.00113425,0.00113425,0.00113425,1601526480,2020-10-01T04:28:00
0.00110071,0.00110071,0.00110071,0.00110071,1601522460,2020-10-01T03:21:00
0.00105162,0.00105162,0.00105162,0.00105162,1601373660,2020-09-29T10:01:00
0.00106268,0.00106268,0.00106268,0.00106268,1601361000,2020-09-29T06:30:00
0.00114906,0.00114906,0.00114906,0.00114906,1601337180,2020-09-28T23:53:00
0.00114782,0.00114782,0.00114782,0.00114782,1601336160,2020-09-28T23:36:00
0.00115081,0.00115081,0.00115081,0.00115081,1601252700,2020-09-28T00:25:00
0.00113446,0.00113446,0.00113446,0.00113446,1601248800,2020-09-27T23:20:00
0.00114498,0.00114498,0.00114498,0.00114498,1601248620,2020-09-27T23:17:00
0.00115095,0.00115095,0.00115095,0.00115095,1601216580,2020-09-27T14:23:00
0.00117896,0.00117896,0.00117896,0.00117896,1601158740,2020-09-26T22:19:00
0.00116503,0.00116503,0.00116503,0.00116503,1601158140,2020-09-26T22:09:00
0.00116883,0.00116883,0.00116883,0.00116883,1601120820,2020-09-26T11:47:00
0.00115717,0.00115717,0.00115717,0.00115717,1601118420,2020-09-26T11:07:00
0.0011303,0.0011303,0.0011303,0.0011303,1601057520,2020-09-25T18:12:00
0.00107478,0.00107478,0.00107478,0.00107478,1601035980,2020-09-25T12:13:00
0.00102151,0.00102151,0.00102151,0.00102151,1601030100,2020-09-25T10:35:00
0.00101226,0.00101226,0.00101226,0.00101226,1601001120,2020-09-25T02:32:00
0.000923778,0.000923778,0.000923778,0.000923778,1600940340,2020-09-24T09:39:00
0.000887354,0.000887354,0.000887354,0.000887354,1600905720,2020-09-24T00:02:00
0.000883408,0.000883408,0.000883408,0.000883408,1600892580,2020-09-23T20:23:00
0.000890681,0.000890681,0.000890681,0.000890681,1600838520,2020-09-23T05:22:00
0.00089951,0.00089951,0.00089951,0.00089951,1600821300,2020-09-23T00:35:00
0.000898053,0.000898053,0.000898053,0.000898053,1600819440,2020-09-23T00:04:00
0.000871008,0.000871008,0.000871008,0.000871008,1600819320,2020-09-23T00:02:00
0.000936014,0.000936014,0.000936014,0.000936014,1600812900,2020-09-22T22:15:00
0.00102419,0.00102419,0.00102419,0.00102419,1600737000,2020-09-22T01:10:00
0.000961738,0.000961738,0.000961738,0.000961738,1600729440,2020-09-21T23:04:00
0.000958742,0.000958742,0.000958742,0.000958742,1600656240,2020-09-21T02:44:00
0.000939095,0.000939095,0.000939095,0.000939095,1600655820,2020-09-21T02:37:00
0.000919679,0.000919679,0.000919679,0.000919679,1600654740,2020-09-21T02:19:00
0.000896565,0.000896565,0.000896565,0.000896565,1600654560,2020-09-21T02:16:00
0.000865666,0.000865666,0.000865666,0.000865666,1600648560,2020-09-21T00:36:00
0.00082754,0.00082754,0.00082754,0.00082754,1600646640,2020-09-21T00:04:00
0.000794145,0.000794145,0.000794145,0.000794145,1600646220,2020-09-20T23:57:00
0.000765381,0.000765381,0.000765381,0.000765381,1600641780,2020-09-20T22:43:00
0.000930147,0.000930147,0.000930147,0.000930147,1600639560,2020-09-20T22:06:00
0.00115694,0.00115694,0.00115694,0.00115694,1600622940,2020-09-20T17:29:00
0.00116948,0.00116948,0.00116948,0.00116948,1600608540,2020-09-20T13:29:00
0.0012158,0.0012158,0.0012158,0.0012158,1600599300,2020-09-20T10:55:00
0.00121079,0.00121079,0.00121079,0.00121079,1600593720,2020-09-20T09:22:00
0.00121617,0.00121617,0.00121617,0.00121617,1600592700,2020-09-20T09:05:00
0.00122033,0.00122033,0.00122033,0.00122033,1600584900,2020-09-20T06:55:00
0.00123318,0.00123318,0.00123318,0.00123318,1600574880,2020-09-20T04:08:00
0.00125428,0.00125428,0.00125428,0.00125428,1600565460,2020-09-20T01:31:00
0.00121497,0.00121497,0.00121497,0.00121497,1600562580,2020-09-20T00:43:00
0.00111252,0.00111252,0.00111252,0.00111252,1600547040,2020-09-19T20:24:00
0.0010511,0.0010511,0.0010511,0.0010511,1600546140,2020-09-19T20:09:00
0.00102962,0.00102962,0.00102962,0.00102962,1600496220,2020-09-19T06:17:00
0.00102884,0.00102884,0.00102884,0.00102884,1600491300,2020-09-19T04:55:00
0.00103433,0.00103433,0.00103433,0.00103433,1600448400,2020-09-18T17:00:00
0.00102262,0.00102262,0.00102262,0.00102262,1600429980,2020-09-18T11:53:00
0.000961977,0.000961977,0.000961977,0.000961977,1600428000,2020-09-18T11:20:00
0.000968273,0.000968273,0.000968273,0.000968273,1600410840,2020-09-18T06:34:00
0.000974867,0.000974867,0.000974867,0.000974867,1600403520,2020-09-18T04:32:00
0.000945954,0.000945954,0.000945954,0.000945954,1600399140,2020-09-18T03:19:00
0.000916443,0.000916443,0.000916443,0.000916443,1600397880,2020-09-18T02:58:00
0.000912115,0.000912115,0.000912115,0.000912115,1600381620,2020-09-17T22:27:00
0.0009847,0.0009847,0.000843444,0.000843444,1600381440,2020-09-17T22:24:00
0.00121433,0.00121433,0.00121433,0.00121433,1600336740,2020-09-17T09:59:00
0.00120192,0.00120192,0.00120192,0.00120192,1600326840,2020-09-17T07:14:00
0.00116577,0.00116577,0.00116577,0.00116577,1600326600,2020-09-17T07:10:00
0.00112759,0.00112759,0.00112759,0.00112759,1600295220,2020-09-16T22:27:00
0.00114493,0.00114493,0.00114493,0.00114493,1600291320,2020-09-16T21:22:00
0.00112044,0.00112044,0.00112044,0.00112044,1600288560,2020-09-16T20:36:00
0.00112521,0.00112521,0.00112521,0.00112521,1600221660,2020-09-16T02:01:00
0.00118464,0.00118464,0.00118464,0.00118464,1600150260,2020-09-15T06:11:00
0.00115201,0.00115201,0.00115201,0.00115201,1600150140,2020-09-15T06:09:00
0.00111773,0.00111773,0.00111773,0.00111773,1600150080,2020-09-15T06:08:00
0.00109445,0.00109445,0.00109445,0.00109445,1600144200,2020-09-15T04:30:00
0.00106474,0.00106474,0.00106474,0.00106474,1600116540,2020-09-14T20:49:00
0.00100778,0.00100778,0.00100778,0.00100778,1600033560,2020-09-13T21:46:00
0.00110836,0.00110836,0.00110836,0.00110836,1599972960,2020-09-13T04:56:00
0.00111058,0.00111058,0.00111058,0.00111058,1599936120,2020-09-12T18:42:00
0.00123216,0.00123216,0.00123216,0.00123216,1599922560,2020-09-12T14:56:00
0.00116824,0.00116824,0.00116824,0.00116824,1599898860,2020-09-12T08:21:00
0.00114613,0.00114613,0.00114613,0.00114613,1599852540,2020-09-11T19:29:00
0.00116537,0.00116537,0.00116537,0.00116537,1599827100,2020-09-11T12:25:00
0.00118674,0.00118674,0.00118674,0.00118674,1599821760,2020-09-11T10:56:00
0.00120857,0.00120857,0.00120857,0.00120857,1599804960,2020-09-11T06:16:00
0.00128162,0.00128162,0.00128162,0.00128162,1599804900,2020-09-11T06:15:00
0.00134131,0.00134131,0.00134131,0.00134131,1599785280,2020-09-11T00:48:00
0.00130532,0.00130532,0.00130532,0.00130532,1599784020,2020-09-11T00:27:00
0.00133888,0.00133888,0.00133888,0.00133888,1599775980,2020-09-10T22:13:00
0.00126738,0.00126738,0.00126738,0.00126738,1599765600,2020-09-10T19:20:00
0.001268,0.001268,0.001268,0.001268,1599733800,2020-09-10T10:30:00
0.00126268,0.00126268,0.00126268,0.00126268,1599710220,2020-09-10T03:57:00
0.00117461,0.00117461,0.00117461,0.00117461,1599686700,2020-09-09T21:25:00
0.00117835,0.00117835,0.00117835,0.00117835,1599671820,2020-09-09T17:17:00
0.00116381,0.00116381,0.00116381,0.00116381,1599589680,2020-09-08T18:28:00
0.00113629,0.00113629,0.00113629,0.00113629,1599551640,2020-09-08T07:54:00
0.00114783,0.00114783,0.00114783,0.00114783,1599540780,2020-09-08T04:53:00
0.00122094,0.00122094,0.00122094,0.00122094,1599539400,2020-09-08T04:30:00
0.00125023,0.00125023,0.00125023,0.00125023,1599537720,2020-09-08T04:02:00
0.00123694,0.00123694,0.00123694,0.00123694,1599517920,2020-09-07T22:32:00
0.00123253,0.00123253,0.00123253,0.00123253,1599494520,2020-09-07T16:02:00
0.00127268,0.00127268,0.00127268,0.00127268,1599447960,2020-09-07T03:06:00
0.00130516,0.00130516,0.00130516,0.00130516,1599436740,2020-09-06T23:59:00
0.00129578,0.00129578,0.00129578,0.00129578,1599436320,2020-09-06T23:52:00
0.00126044,0.00126044,0.00126044,0.00126044,1599420840,2020-09-06T19:34:00
0.0012195,0.0012195,0.0012195,0.0012195,1599387960,2020-09-06T10:26:00
0.00125109,0.00125109,0.00125109,0.00125109,1599379680,2020-09-06T08:08:00
0.00125197,0.00125197,0.00125197,0.00125197,1599379500,2020-09-06T08:05:00
0.00120953,0.00120953,0.00120953,0.00120953,1599363360,2020-09-06T03:36:00
0.00130414,0.00130414,0.00130414,0.00130414,1599362700,2020-09-06T03:25:00
0.00146693,0.00146693,0.00146693,0.00146693,1599342240,2020-09-05T21:44:00
0.00152088,0.00152088,0.00152088,0.00152088,1599324840,2020-09-05T16:54:00
0.00168081,0.00168081,0.00168081,0.00168081,1599294660,2020-09-05T08:31:00
0.00174252,0.00174252,0.00174252,0.00174252,1599289080,2020-09-05T06:58:00
0.00166487,0.00166487,0.00166487,0.00166487,1599242880,2020-09-04T18:08:00
0.00167385,0.00167385,0.00167385,0.00167385,1599225840,2020-09-04T13:24:00
0.00170827,0.00170827,0.00170827,0.00170827,1599161040,2020-09-03T19:24:00
0.00178623,0.00178623,0.00178623,0.00178623,1599142260,2020-09-03T14:11:00
0.00198054,0.00198054,0.00198054,0.00198054,1599142200,2020-09-03T14:10:00
0.00224129,0.00224129,0.00224129,0.00224129,1599079260,2020-09-02T20:41:00
0.0023414,0.0023414,0.0023414,0.0023414,1599073620,2020-09-02T19:07:00
0.00225831,0.00225831,0.00225831,0.00225831,1599069780,2020-09-02T18:03:00
0.00216465,0.00216465,0.00216465,0.00216465,1599069420,2020-09-02T17:57:00
0.00207377,0.00207377,0.00207377,0.00207377,1599069120,2020-09-02T17:52:00
0.00205821,0.00205821,0.00205821,0.00205821,1599010380,2020-09-02T01:33:00
0.0020694,0.0020694,0.0020694,0.0020694,1598993520,2020-09-01T20:52:00
0.0020855,0.0020855,0.0020855,0.0020855,1598986140,2020-09-01T18:49:00
0.00203642,0.00203642,0.00203642,0.00203642,1598981040,2020-09-01T17:24:00
0.00201138,0.00201138,0.00201138,0.00201138,1598977620,2020-09-01T16:27:00
0.00194063,0.00194063,0.00194063,0.00194063,1598973600,2020-09-01T15:20:00
0.00179629,0.00179629,0.00179629,0.00179629,1598942220,2020-09-01T06:37:00
0.00167126,0.00167126,0.00167126,0.00167126,1598909340,2020-08-31T21:29:00
0.00172359,0.00172359,0.00172359,0.00172359,1598893980,2020-08-31T17:13:00
0.00185004,0.00185004,0.00185004,0.00185004,1598884260,2020-08-31T14:31:00
0.00178533,0.00178533,0.00178533,0.00178533,1598879700,2020-08-31T13:15:00
0.00150427,0.00150427,0.00150427,0.00150427,1598864520,2020-08-31T09:02:00
0.00143131,0.00143131,0.00143131,0.00143131,1598843700,2020-08-31T03:15:00
0.00134127,0.00134127,0.00134127,0.00134127,1598828760,2020-08-30T23:06:00
0.00126231,0.00126231,0.00126231,0.00126231,1598825280,2020-08-30T22:08:00
0.00134641,0.00134641,0.00134641,0.00134641,1598825040,2020-08-30T22:04:00
0.00164298,0.00164298,0.00164298,0.00164298,1598821140,2020-08-30T20:59:00
0.00181699,0.00181699,0.00181699,0.00181699,1598802720,2020-08-30T15:52:00
0.00189215,0.00189215,0.00189215,0.00189215,1598801400,2020-08-30T15:30:00
0.00180583,0.00180583,0.00180583,0.00180583,1598785440,2020-08-30T11:04:00
0.00170372,0.00170372,0.00170372,0.00170372,1598776800,2020-08-30T08:40:00
0.00167039,0.00167039,0.00167039,0.00167039,1598765820,2020-08-30T05:37:00
0.00173685,0.00173685,0.00173685,0.00173685,1598765760,2020-08-30T05:36:00
0.00178425,0.00178425,0.00178425,0.00178425,1598764980,2020-08-30T05:23:00
0.00183566,0.00183566,0.00183566,0.00183566,1598764920,2020-08-30T05:22:00
0.00186711,0.00186711,0.00186711,0.00186711,1598764860,2020-08-30T05:21:00
0.00192572,0.00192572,0.00192572,0.00192572,1598723400,2020-08-29T17:50:00
0.00189388,0.00189388,0.00189388,0.00189388,1598722260,2020-08-29T17:31:00
0.0016844,0.0016844,0.0016844,0.0016844,1598716500,2020-08-29T15:55:00
0.00158031,0.00158031,0.00158031,0.00158031,1598712240,2020-08-29T14:44:00
0.00154534,0.00154534,0.00154534,0.00154534,1598671560,2020-08-29T03:26:00
0.0016079,0.0016079,0.0016079,0.0016079,1598639280,2020-08-28T18:28:00
0.00169929,0.00169929,0.00169929,0.00169929,1598636940,2020-08-28T17:49:00
0.00167455,0.00167455,0.00167455,0.00167455,1598626440,2020-08-28T14:54:00
0.00171313,0.00171313,0.00171313,0.00171313,1598625540,2020-08-28T14:39:00
0.00174165,0.00174165,0.00174165,0.00174165,1598620920,2020-08-28T13:22:00
0.00171893,0.00171893,0.00171893,0.00171893,1598620680,2020-08-28T13:18:00
0.00169206,0.00169206,0.00169206,0.00169206,1598620320,2020-08-28T13:12:00
0.00169778,0.00169778,0.00169778,0.00169778,1598617620,2020-08-28T12:27:00
0.00172726,0.00172726,0.00172726,0.00172726,1598615820,2020-08-28T11:57:00
0.00168545,0.00168545,0.00168545,0.00168545,1598591040,2020-08-28T05:04:00
0.00169654,0.00169654,0.00169654,0.00169654,1598586000,2020-08-28T03:40:00
0.00164249,0.00164249,0.00164249,0.00164249,1598576100,2020-08-28T00:55:00
0.00153896,0.00153896,0.00153896,0.00153896,1598570040,2020-08-27T23:14:00
0.00152269,0.00152269,0.00152269,0.00152269,1598563020,2020-08-27T21:17:00
0.00150826,0.00150826,0.00150826,0.00150826,1598562720,2020-08-27T21:12:00
0.00158079,0.00158079,0.00158079,0.00158079,1598559120,2020-08-27T20:12:00
0.00169759,0.00169759,0.00169759,0.00169759,1598524440,2020-08-27T10:34:00
0.00166707,0.00166707,0.00166707,0.00166707,1598509500,2020-08-27T06:25:00
0.00169239,0.00169239,0.00169239,0.00169239,1598473860,2020-08-26T20:31:00
0.00174895,0.00174895,0.00174895,0.00174895,1598431440,2020-08-26T08:44:00
0.00176602,0.00176602,0.00176602,0.00176602,1598386500,2020-08-25T20:15:00
0.00171894,0.00171894,0.00171894,0.00171894,1598373300,2020-08-25T16:35:00
0.00179771,0.00179771,0.00179771,0.00179771,1598340600,2020-08-25T07:30:00
0.0019419,0.0019419,0.0019419,0.0019419,1598333940,2020-08-25T05:39:00
0.00182526,0.00182526,0.00182526,0.00182526,1598330100,2020-08-25T04:35:00
0.0018039,0.0018039,0.0018039,0.0018039,1598328720,2020-08-25T04:12:00
0.00192257,0.00192257,0.00192257,0.00192257,1598317560,2020-08-25T01:06:00
0.00201306,0.00201306,0.00201306,0.00201306,1598306820,2020-08-24T22:07:00
0.00210445,0.00210445,0.00210445,0.00210445,1598267700,2020-08-24T11:15:00
0.00202405,0.00202405,0.00202405,0.00202405,1598253300,2020-08-24T07:15:00
0.00171865,0.00171865,0.00171865,0.00171865,1598248920,2020-08-24T06:02:00
0.00152813,0.00152813,0.00152813,0.00152813,1598239380,2020-08-24T03:23:00
0.00141555,0.00141555,0.00141555,0.00141555,1598221740,2020-08-23T22:29:00
0.00144341,0.00144341,0.00144341,0.00144341,1598221680,2020-08-23T22:28:00
0.00167697,0.00167697,0.00167697,0.00167697,1598221320,2020-08-23T22:22:00
0.00166415,0.00166415,0.00166415,0.00166415,1598211780,2020-08-23T19:43:00
0.00170843,0.00170843,0.00170843,0.00170843,1598210760,2020-08-23T19:26:00
0.00181101,0.00181101,0.00181101,0.00181101,1598187180,2020-08-23T12:53:00
0.00196002,0.00196002,0.00196002,0.00196002,1598180580,2020-08-23T11:03:00
0.00204585,0.00204585,0.00204585,0.00204585,1598176620,2020-08-23T09:57:00
0.00198228,0.00198228,0.00198228,0.00198228,1598176500,2020-08-23T09:55:00
0.00185596,0.00185596,0.00185596,0.00185596,1598172420,2020-08-23T08:47:00
0.001814,0.001814,0.001814,0.001814,1598168940,2020-08-23T07:49:00
0.00173628,0.00173628,0.00173628,0.00173628,1598127600,2020-08-22T20:20:00
0.00188964,0.00188964,0.00188964,0.00188964,1598127360,2020-08-22T20:16:00
0.00176285,0.00176285,0.00176285,0.00176285,1598115180,2020-08-22T16:53:00
0.00159184,0.00159184,0.00159184,0.00159184,1598099040,2020-08-22T12:24:00
0.0016633,0.0016633,0.0016633,0.0016633,1598095860,2020-08-22T11:31:00
0.00169029,0.00169029,0.00169029,0.00169029,1598088300,2020-08-22T09:25:00
0.00167747,0.00167747,0.00167747,0.00167747,1598085480,2020-08-22T08:38:00
0.00198165,0.00198165,0.00198165,0.00198165,1598085360,2020-08-22T08:36:00
0.00209723,0.00209723,0.00209723,0.00209723,1598085300,2020-08-22T08:35:00
0.0019836,0.0019836,0.0019836,0.0019836,1598079660,2020-08-22T07:01:00
0.001902,0.001902,0.001902,0.001902,1598070060,2020-08-22T04:21:00
0.00174885,0.00174885,0.00174885,0.00174885,1598054100,2020-08-21T23:55:00
0.00177852,0.00177852,0.00177852,0.00177852,1598053260,2020-08-21T23:41:00
0.00194964,0.00194964,0.00194964,0.00194964,1598049120,2020-08-21T22:32:00
0.00222199,0.00222199,0.00222199,0.00222199,1597990260,2020-08-21T06:11:00
0.00231911,0.00231911,0.00231911,0.00231911,1597963800,2020-08-20T22:50:00
0.00216703,0.00216703,0.00216703,0.00216703,1597959000,2020-08-20T21:30:00
0.00201839,0.00201839,0.00201839,0.00201839,1597948140,2020-08-20T18:29:00
0.00209774,0.00209774,0.00209774,0.00209774,1597944600,2020-08-20T17:30:00
0.00205734,0.00205734,0.00205734,0.00205734,1597943640,2020-08-20T17:14:00
0.00204812,0.00204812,0.00204812,0.00204812,1597940040,2020-08-20T16:14:00
0.00194513,0.00194513,0.00194513,0.00194513,1597935300,2020-08-20T14:55:00
0.0018612,0.0018612,0.0018612,0.0018612,1597927920,2020-08-20T12:52:00
0.00188633,0.00188633,0.00188633,0.00188633,1597927740,2020-08-20T12:49:00
0.0015544,0.001671,0.0015544,0.001671,1597911060,2020-08-20T08:11:00
0.00170451,0.00170451,0.00170451,0.00170451,1597908180,2020-08-20T07:23:00
0.00172909,0.00172909,0.00172909,0.00172909,1597903920,2020-08-20T06:12:00
0.0018607,0.0018607,0.0018607,0.0018607,1597888500,2020-08-20T01:55:00
0.00201891,0.00201891,0.00201891,0.00201891,1597887960,2020-08-20T01:46:00
0.00199018,0.00199018,0.00199018,0.00199018,1597885140,2020-08-20T00:59:00
0.00207982,0.00207982,0.00207982,0.00207982,1597883700,2020-08-20T00:35:00
0.0022155,0.0022155,0.0022155,0.0022155,1597882860,2020-08-20T00:21:00
0.00215732,0.00215732,0.00215732,0.00215732,1597880940,2020-08-19T23:49:00
0.00206027,0.00206027,0.00206027,0.00206027,1597880700,2020-08-19T23:45:00
0.00202409,0.00202409,0.00202409,0.00202409,1597880640,2020-08-19T23:44:00
0.00192134,0.00192134,0.00192134,0.00192134,1597880460,2020-08-19T23:41:00
0.00179853,0.00179853,0.00179853,0.00179853,1597877580,2020-08-19T22:53:00
0.00173216,0.00173216,0.00173216,0.00173216,1597876020,2020-08-19T22:27:00
0.00179348,0.00179348,0.00179348,0.00179348,1597873380,2020-08-19T21:43:00
0.0019255,0.0019255,0.0019255,0.0019255,1597868940,2020-08-19T20:29:00
0.0019353,0.0019353,0.0019353,0.0019353,1597867920,2020-08-19T20:12:00
0.00207724,0.00207724,0.00207724,0.00207724,1597866180,2020-08-19T19:43:00
0.0023671,0.0023671,0.0023671,0.0023671,1597865460,2020-08-19T19:31:00
0.00249497,0.00249497,0.00249497,0.00249497,1597864740,2020-08-19T19:19:00
0.00241034,0.00241034,0.00241034,0.00241034,1597863540,2020-08-19T18:59:00
0.00230473,0.00230473,0.00230473,0.00230473,1597863180,2020-08-19T18:53:00
0.00229751,0.00229751,0.00229751,0.00229751,1597854120,2020-08-19T16:22:00
0.00218008,0.00218008,0.00218008,0.00218008,1597853280,2020-08-19T16:08:00
0.00201402,0.00201402,0.00201402,0.00201402,1597850280,2020-08-19T15:18:00
0.00197205,0.00197205,0.00197205,0.00197205,1597830720,2020-08-19T09:52:00
0.00188532,0.00188532,0.00188532,0.00188532,1597829760,2020-08-19T09:36:00
0.00184775,0.00184775,0.00184775,0.00184775,1597817820,2020-08-19T06:17:00
0.0019034,0.0019034,0.0019034,0.0019034,1597807500,2020-08-19T03:25:00
0.00176734,0.00176734,0.00176734,0.00176734,1597807200,2020-08-19T03:20:00
0.00166726,0.00166726,0.00166726,0.00166726,1597807080,2020-08-19T03:18:00
0.00143665,0.00143665,0.00143665,0.00143665,1597804920,2020-08-19T02:42:00
0.00138939,0.00138939,0.00138939,0.00138939,1597804860,2020-08-19T02:41:00
0.00147787,0.00147787,0.00147787,0.00147787,1597804800,2020-08-19T02:40:00
0.00164217,0.00164217,0.00164217,0.00164217,1597804680,2020-08-19T02:38:00
0.00180154,0.00180154,0.00180154,0.00180154,1597804620,2020-08-19T02:37:00
0.00146285,0.00146285,0.00146285,0.00146285,1597804560,2020-08-19T02:36:00
0.0014927,0.0014927,0.0014927,0.0014927,1597804500,2020-08-19T02:35:00
0.00198693,0.00198693,0.00198693,0.00198693,1597804380,2020-08-19T02:33:00
0.00234658,0.00234658,0.00234658,0.00234658,1597796340,2020-08-19T00:19:00
0.00236465,0.00236465,0.00236465,0.00236465,1597794420,2020-08-18T23:47:00
0.00242554,0.00242554,0.00242554,0.00242554,1597792800,2020-08-18T23:20:00
0.00242313,0.00242313,0.00242313,0.00242313,1597792500,2020-08-18T23:15:00
0.00238109,0.00238109,0.00238109,0.00238109,1597791360,2020-08-18T22:56:00
0.00245188,0.00245188,0.00245188,0.00245188,1597790100,2020-08-18T22:35:00
0.00264489,0.00264489,0.00264489,0.00264489,1597769400,2020-08-18T16:50:00
0.00294904,0.00294904,0.00294904,0.00294904,1597755720,2020-08-18T13:02:00
0.00275246,0.00275246,0.00275246,0.00275246,1597739040,2020-08-18T08:24:00
0.00273719,0.00273719,0.00273719,0.00273719,1597700280,2020-08-17T21:38:00
0.00283458,0.00283458,0.00283458,0.00283458,1597695600,2020-08-17T20:20:00
0.00304426,0.00304426,0.00304426,0.00304426,1597689840,2020-08-17T18:44:00
0.00315237,0.00315237,0.00315237,0.00315237,1597689540,2020-08-17T18:39:00
0.00315585,0.00315585,0.00315585,0.00315585,1597687740,2020-08-17T18:09:00
0.00295347,0.00295347,0.00295347,0.00295347,1597687080,2020-08-17T17:58:00
0.00273249,0.00273249,0.00273249,0.00273249,1597667880,2020-08-17T12:38:00
0.00276411,0.00276411,0.00276411,0.00276411,1597631160,2020-08-17T02:26:00
0.00283773,0.00283773,0.00283773,0.00283773,1597629540,2020-08-17T01:59:00
0.00272981,0.00272981,0.00272981,0.00272981,1597628580,2020-08-17T01:43:00
0.00269814,0.00269814,0.00269814,0.00269814,1597627320,2020-08-17T01:22:00
0.00263195,0.00263195,0.00263195,0.00263195,1597626660,2020-08-17T01:11:00
0.00267582,0.00267582,0.00267582,0.00267582,1597621080,2020-08-16T23:38:00
0.00253327,0.00253327,0.00253327,0.00253327,1597620960,2020-08-16T23:36:00
0.00233654,0.00233654,0.00233654,0.00233654,1597616640,2020-08-16T22:24:00
0.00228955,0.00228955,0.00228955,0.00228955,1597612680,2020-08-16T21:18:00
0.00222202,0.00222202,0.00222202,0.00222202,1597607460,2020-08-16T19:51:00
0.00227737,0.00227737,0.00227737,0.00227737,1597601760,2020-08-16T18:16:00
0.00243876,0.00243876,0.00243876,0.00243876,1597573920,2020-08-16T10:32:00
0.00263873,0.00263873,0.00263873,0.00263873,1597569960,2020-08-16T09:26:00
0.00274609,0.00274609,0.00274609,0.00274609,1597555800,2020-08-16T05:30:00
0.00273939,0.00273939,0.00273939,0.00273939,1597534140,2020-08-15T23:29:00
0.00263144,0.00263144,0.00263144,0.00263144,1597530240,2020-08-15T22:24:00
0.00303373,0.00303373,0.00303373,0.00303373,1597529220,2020-08-15T22:07:00
0.00354093,0.00354093,0.00354093,0.00354093,1597529160,2020-08-15T22:06:00
0.00345739,0.00345739,0.00345739,0.00345739,1597529040,2020-08-15T22:04:00
0.00332885,0.00332885,0.00332885,0.00332885,1597528320,2020-08-15T21:52:00
0.00321599,0.00321599,0.00321599,0.00321599,1597526460,2020-08-15T21:21:00
0.00315182,0.00315182,0.00315182,0.00315182,1597526340,2020-08-15T21:19:00
0.00309573,0.00309573,0.00309573,0.00309573,1597525980,2020-08-15T21:13:00
0.00304619,0.00304619,0.00304619,0.00304619,1597525380,2020-08-15T21:03:00
0.00298593,0.00298593,0.00298593,0.00298593,1597516500,2020-08-15T18:35:00
0.00289694,0.00289694,0.00289694,0.00289694,1597514580,2020-08-15T18:03:00
0.00281479,0.00281479,0.00281479,0.00281479,1597512480,2020-08-15T17:28:00
0.0026954,0.0026954,0.0026954,0.0026954,1597512360,2020-08-15T17:26:00
0.00250217,0.00250217,0.00250217,0.00250217,1597510320,2020-08-15T16:52:00
0.00238887,0.00238887,0.00238887,0.00238887,1597475580,2020-08-15T07:13:00
0.00230971,0.00230971,0.00230971,0.00230971,1597475340,2020-08-15T07:09:00
0.00236256,0.00236256,0.00236256,0.00236256,1597460040,2020-08-15T02:54:00
0.0023362,0.0023362,0.0023362,0.0023362,1597449300,2020-08-14T23:55:00
0.00193465,0.00193465,0.00193465,0.00193465,1597412460,2020-08-14T13:41:00
0.00155495,0.00155495,0.00155495,0.00155495,1597405740,2020-08-14T11:49:00
0.0014922,0.0014922,0.0014922,0.0014922,1597405440,2020-08-14T11:44:00
0.00175114,0.00175114,0.00175114,0.00175114,1597405020,2020-08-14T11:37:00
0.00199022,0.00199022,0.00199022,0.00199022,1597371480,2020-08-14T02:18:00
0.00206042,0.00206042,0.00206042,0.00206042,1597355400,2020-08-13T21:50:00
0.00172166,0.00172166,0.00172166,0.00172166,1597347180,2020-08-13T19:33:00
0.00175657,0.00175657,0.00175657,0.00175657,1597336560,2020-08-13T16:36:00
0.00206818,0.00206818,0.00206818,0.00206818,1597314900,2020-08-13T10:35:00
0.00206213,0.00206213,0.00206213,0.00206213,1597297740,2020-08-13T05:49:00
0.00174587,0.00174587,0.00174587,0.00174587,1597254000,2020-08-12T17:40:00
0.00139955,0.00139955,0.00139955,0.00139955,1597230720,2020-08-12T11:12:00
0.00141947,0.00141947,0.00141947,0.00141947,1597230420,2020-08-12T11:07:00
0.00153382,0.00153382,0.00153382,0.00153382,1597229160,2020-08-12T10:46:00
0.00152176,0.00152176,0.00152176,0.00152176,1597225860,2020-08-12T09:51:00
0.00176952,0.00176952,0.00176952,0.00176952,1597212540,2020-08-12T06:09:00
0.00175834,0.00175834,0.00175834,0.00175834,1597202460,2020-08-12T03:21:00
0.00159805,0.00159805,0.00159805,0.00159805,1597172340,2020-08-11T18:59:00
0.00164899,0.00164899,0.00164899,0.00164899,1597163880,2020-08-11T16:38:00
0.0017804,0.0017804,0.0017804,0.0017804,1597158900,2020-08-11T15:15:00
0.00217858,0.00217858,0.00217858,0.00217858,1597127100,2020-08-11T06:25:00
0.00225004,0.00225004,0.00225004,0.00225004,1597106520,2020-08-11T00:42:00
0.00213398,0.00213398,0.00213398,0.00213398,1597101720,2020-08-10T23:22:00
0.00189133,0.00189133,0.00189133,0.00189133,1597099740,2020-08-10T22:49:00
0.00188846,0.00188846,0.00188846,0.00188846,1597099680,2020-08-10T22:48:00
0.00205659,0.00205659,0.00205659,0.00205659,1597085880,2020-08-10T18:58:00
0.00178108,0.00178108,0.00178108,0.00178108,1597066680,2020-08-10T13:38:00
0.00163694,0.00163694,0.00163694,0.00163694,1597066020,2020-08-10T13:27:00
0.00176664,0.00176664,0.00176664,0.00176664,1597062720,2020-08-10T12:32:00
0.00186653,0.00186653,0.00186653,0.00186653,1597055880,2020-08-10T10:38:00
0.00203724,0.00203724,0.00203724,0.00203724,1597049880,2020-08-10T08:58:00
0.002355,0.002355,0.002355,0.002355,1597040100,2020-08-10T06:15:00
0.00247229,0.00247229,0.00247229,0.00247229,1597037880,2020-08-10T05:38:00
0.00261279,0.00261279,0.00261279,0.00261279,1597020000,2020-08-10T00:40:00
0.00275006,0.00275006,0.00275006,0.00275006,1597019820,2020-08-10T00:37:00
0.00284054,0.00284054,0.00284054,0.00284054,1597019100,2020-08-10T00:25:00
0.00299959,0.00299959,0.00299959,0.00299959,1597018980,2020-08-10T00:23:00
0.00276113,0.00276113,0.00276113,0.00276113,1597018680,2020-08-10T00:18:00
0.00262145,0.00262145,0.00262145,0.00262145,1597018560,2020-08-10T00:16:00
0.0024849,0.0024849,0.0024849,0.0024849,1597007100,2020-08-09T21:05:00
0.00261583,0.00261583,0.00261583,0.00261583,1597006560,2020-08-09T20:56:00
0.0028308,0.0028308,0.0028308,0.0028308,1597005060,2020-08-09T20:31:00
0.00272814,0.00272814,0.00272814,0.00272814,1597003620,2020-08-09T20:07:00
0.00252364,0.00252364,0.00252364,0.00252364,1597003140,2020-08-09T19:59:00
0.0023668,0.0023668,0.0023668,0.0023668,1597002720,2020-08-09T19:52:00
0.00231941,0.00231941,0.00231941,0.00231941,1596995160,2020-08-09T17:46:00
0.00233568,0.00233568,0.00233568,0.00233568,1596989460,2020-08-09T16:11:00
0.00184804,0.00184804,0.00184804,0.00184804,1596984180,2020-08-09T14:43:00
0.00178799,0.00178799,0.00178799,0.00178799,1596984120,2020-08-09T14:42:00
0.00196098,0.00196098,0.00196098,0.00196098,1596982380,2020-08-09T14:13:00
0.00190847,0.00190847,0.00190847,0.00190847,1596980820,2020-08-09T13:47:00
0.00204331,0.00204331,0.00204331,0.00204331,1596959340,2020-08-09T07:49:00
0.00200995,0.00200995,0.00200995,0.00200995,1596958260,2020-08-09T07:31:00
0.00195807,0.00195807,0.00195807,0.00195807,1596953280,2020-08-09T06:08:00
0.00184673,0.00184673,0.00184673,0.00184673,1596952200,2020-08-09T05:50:00
0.00175382,0.00175382,0.00175382,0.00175382,1596951420,2020-08-09T05:37:00
0.00167732,0.00167732,0.00167732,0.00167732,1596951360,2020-08-09T05:36:00
0.00161318,0.00161318,0.00161318,0.00161318,1596951300,2020-08-09T05:35:00
0.00172402,0.00172402,0.00172402,0.00172402,1596950880,2020-08-09T05:28:00
0.00217785,0.00217785,0.00217785,0.00217785,1596949560,2020-08-09T05:06:00
0.00249692,0.00249692,0.00249692,0.00249692,1596949440,2020-08-09T05:04:00
0.00240901,0.00240901,0.00240901,0.00240901,1596948360,2020-08-09T04:46:00
0.00262196,0.00262196,0.00262196,0.00262196,1596942360,2020-08-09T03:06:00
0.00225004,0.00266067,0.00225004,0.00266067,1596942300,2020-08-09T03:05:00
0.00242393,0.00242393,0.00242393,0.00242393,1596942180,2020-08-09T03:03:00
0.00238126,0.00317088,0.00238126,0.00317088,1596942120,2020-08-09T03:02:00
0.00236382,0.00236382,0.00236382,0.00236382,1596941460,2020-08-09T02:51:00
0.00245467,0.00245467,0.00245467,0.00245467,1596941400,2020-08-09T02:50:00
0.00225713,0.00225713,0.00225713,0.00225713,1596941040,2020-08-09T02:44:00
0.00211923,0.00211923,0.00211923,0.00211923,1596939360,2020-08-09T02:16:00
0.00268616,0.00268616,0.00246139,0.00246139,1596935520,2020-08-09T01:12:00
0.00218983,0.00218983,0.00218983,0.00218983,1596935100,2020-08-09T01:05:00
0.00184677,0.00184677,0.00184677,0.00184677,1596933720,2020-08-09T00:42:00
0.00191727,0.00191727,0.00175037,0.00175037,1596932640,2020-08-09T00:24:00
0.00210282,0.00210282,0.00210282,0.00210282,1596932520,2020-08-09T00:22:00
0.00204919,0.00204919,0.00204919,0.00204919,1596932340,2020-08-09T00:19:00
0.00202654,0.00202654,0.00202654,0.00202654,1596931920,2020-08-09T00:12:00
0.0021536,0.0021536,0.0021536,0.0021536,1596931320,2020-08-09T00:02:00
0.00226766,0.00226766,0.00226766,0.00226766,1596930840,2020-08-08T23:54:00
0.00221713,0.00221713,0.00221713,0.00221713,1596930480,2020-08-08T23:48:00
0.00217259,0.00217259,0.00217259,0.00217259,1596930180,2020-08-08T23:43:00
0.0021634,0.0021634,0.0021634,0.0021634,1596929760,2020-08-08T23:36:00
0.00204733,0.00204733,0.00204733,0.00204733,1596929340,2020-08-08T23:29:00
0.00182432,0.00182432,0.00182432,0.00182432,1596929160,2020-08-08T23:26:00
0.00172147,0.00172147,0.00172147,0.00172147,1596923280,2020-08-08T21:48:00
0.0016717,0.0016717,0.0016717,0.0016717,1596923040,2020-08-08T21:44:00
0.00163198,0.00163198,0.00163198,0.00163198,1596922980,2020-08-08T21:43:00
0.00160789,0.00160789,0.00160789,0.00160789,1596922800,2020-08-08T21:40:00
0.00159161,0.00159161,0.00159161,0.00159161,1596922680,2020-08-08T21:38:00
0.00155789,0.00155789,0.00155789,0.00155789,1596922380,2020-08-08T21:33:00
0.00157811,0.00157811,0.00157811,0.00157811,1596919860,2020-08-08T20:51:00
0.00162297,0.00162297,0.00162297,0.00162297,1596919800,2020-08-08T20:50:00
0.0015965,0.0015965,0.0015965,0.0015965,1596918840,2020-08-08T20:34:00
0.00154799,0.00154799,0.00154799,0.00154799,1596918600,2020-08-08T20:30:00
0.00152523,0.00152523,0.00152523,0.00152523,1596918540,2020-08-08T20:29:00
0.00148175,0.00148175,0.00148175,0.00148175,1596912240,2020-08-08T18:44:00
0.00145324,0.00145324,0.00145324,0.00145324,1596907740,2020-08-08T17:29:00
0.00146078,0.00146078,0.00146078,0.00146078,1596898560,2020-08-08T14:56:00
0.00149854,0.00149854,0.00149854,0.00149854,1596898200,2020-08-08T14:50:00
0.00159394,0.00159394,0.00159394,0.00159394,1596898140,2020-08-08T14:49:00
0.00175635,0.00175635,0.00175635,0.00175635,1596897000,2020-08-08T14:30:00
0.00179985,0.00179985,0.00179985,0.00179985,1596896880,2020-08-08T14:28:00
0.00166355,0.00166355,0.00166355,0.00166355,1596895320,2020-08-08T14:02:00
0.00162133,0.00162133,0.00162133,0.00162133,1596890820,2020-08-08T12:47:00
0.00169516,0.00169516,0.00169516,0.00169516,1596889980,2020-08-08T12:33:00
0.0018499,0.0018499,0.0018499,0.0018499,1596887040,2020-08-08T11:44:00
0.00180488,0.00180488,0.00180488,0.00180488,1596884100,2020-08-08T10:55:00
0.00152122,0.00152122,0.00152122,0.00152122,1596882060,2020-08-08T10:21:00
0.0016165,0.0016165,0.0016165,0.0016165,1596880260,2020-08-08T09:51:00
0.00172878,0.00172878,0.00172878,0.00172878,1596880020,2020-08-08T09:47:00
0.00184715,0.00184715,0.00184715,0.00184715,1596877080,2020-08-08T08:58:00
0.0020603,0.0020603,0.0020603,0.0020603,1596877020,2020-08-08T08:57:00
0.00206137,0.00206137,0.00206137,0.00206137,1596876960,2020-08-08T08:56:00
0.00210152,0.00210152,0.00210152,0.00210152,1596876840,2020-08-08T08:54:00
0.00163463,0.00163463,0.00163463,0.00163463,1596876780,2020-08-08T08:53:00
0.00123285,0.00123285,0.00123285,0.00123285,1596876720,2020-08-08T08:52:00
0.00115902,0.00115902,0.00115902,0.00115902,1596872520,2020-08-08T07:42:00
0.00127433,0.00127433,0.00127433,0.00127433,1596745440,2020-08-06T20:24:00
0.00124168,0.00124168,0.00124168,0.00124168,1596723120,2020-08-06T14:12:00
0.00124967,0.00124967,0.00124967,0.00124967,1596701880,2020-08-06T08:18:00
0.00127996,0.00127996,0.00127996,0.00127996,1596681000,2020-08-06T02:30:00
0.00134274,0.00134274,0.00134274,0.00134274,1596656340,2020-08-05T19:39:00
0.00144296,0.00144296,0.00144296,0.00144296,1596605820,2020-08-05T05:37:00
0.00141496,0.00141496,0.00141496,0.00141496,1596604920,2020-08-05T05:22:00
0.00142755,0.00142755,0.00142755,0.00142755,1596602820,2020-08-05T04:47:00
0.0014567,0.0014567,0.0014567,0.0014567,1596601500,2020-08-05T04:25:00
0.00140363,0.00140363,0.00140363,0.00140363,1596599700,2020-08-05T03:55:00
0.00169332,0.00169332,0.00169332,0.00169332,1596598200,2020-08-05T03:30:00
0.00199684,0.00199684,0.00199684,0.00199684,1596594240,2020-08-05T02:24:00
0.00205711,0.00205711,0.00205711,0.00205711,1596593280,2020-08-05T02:08:00
0.0019712,0.0019712,0.0019712,0.0019712,1596593160,2020-08-05T02:06:00
0.00171482,0.00171482,0.00171482,0.00171482,1596583500,2020-08-04T23:25:00
0.00150143,0.00150143,0.00150143,0.00150143,1596561060,2020-08-04T17:11:00
0.0016175,0.0016175,0.0016175,0.0016175,1596546300,2020-08-04T13:05:00
0.00171741,0.00171741,0.00171741,0.00171741,1596540060,2020-08-04T11:21:00
0.00167721,0.00167721,0.00167721,0.00167721,1596538020,2020-08-04T10:47:00
0.00162943,0.00162943,0.00162943,0.00162943,1596536220,2020-08-04T10:17:00
0.00160827,0.00160827,0.00160827,0.00160827,1596529980,2020-08-04T08:33:00
0.0015401,0.0015401,0.0015401,0.0015401,1596524460,2020-08-04T07:01:00
0.00149972,0.00149972,0.00149972,0.00149972,1596523980,2020-08-04T06:53:00
0.00145234,0.00145234,0.00145234,0.00145234,1596523740,2020-08-04T06:49:00
0.00139096,0.00139096,0.00139096,0.00139096,1596495960,2020-08-03T23:06:00
0.00138214,0.00138214,0.00138214,0.00138214,1596492660,2020-08-03T22:11:00
0.00143469,0.00143469,0.00143469,0.00143469,1596454800,2020-08-03T11:40:00
0.00142459,0.00142459,0.00142459,0.00142459,1596451260,2020-08-03T10:41:00
0.00155979,0.00155979,0.00155979,0.00155979,1596437760,2020-08-03T06:56:00
0.00171125,0.00171125,0.00171125,0.00171125,1596396420,2020-08-02T19:27:00
0.00164493,0.00164493,0.00164493,0.00164493,1596345000,2020-08-02T05:10:00
0.00159586,0.00164203,0.00159586,0.00164203,1596330720,2020-08-02T01:12:00
0.00172606,0.00172606,0.00172606,0.00172606,1596330480,2020-08-02T01:08:00
0.00187152,0.00187152,0.00187152,0.00187152,1596329760,2020-08-02T00:56:00
0.00185157,0.00185157,0.00185157,0.00185157,1596312960,2020-08-01T20:16:00
0.00202953,0.00202953,0.00202953,0.00202953,1596306780,2020-08-01T18:33:00
0.00221538,0.00221538,0.00221538,0.00221538,1596306720,2020-08-01T18:32:00
0.00211324,0.00211324,0.00211324,0.00211324,1596306540,2020-08-01T18:29:00
0.00202034,0.00202034,0.00202034,0.00202034,1596306360,2020-08-01T18:26:00
0.00194391,0.00194391,0.00194391,0.00194391,1596306300,2020-08-01T18:25:00
0.00206735,0.00206735,0.00200204,0.00200204,1596306180,2020-08-01T18:23:00
0.00196706,0.00196706,0.00196706,0.00196706,1596306120,2020-08-01T18:22:00
0.00187334,0.00187334,0.00187334,0.00187334,1596306060,2020-08-01T18:21:00
0.0017043,0.00178747,0.0017043,0.00178747,1596305880,2020-08-01T18:18:00
0.00151855,0.00151855,0.00151855,0.00151855,1596300900,2020-08-01T16:55:00
0.00160869,0.00160869,0.00160869,0.00160869,1596282420,2020-08-01T11:47:00
0.00169169,0.00169169,0.00169169,0.00169169,1596282300,2020-08-01T11:45:00
0.00153024,0.00153024,0.00153024,0.00153024,1596272940,2020-08-01T09:09:00
0.00144629,0.00144629,0.00144629,0.00144629,1596261480,2020-08-01T05:58:00
0.00155994,0.00155994,0.00155994,0.00155994,1596260340,2020-08-01T05:39:00
0.00158282,0.00158282,0.00158282,0.00158282,1596260220,2020-08-01T05:37:00
0.0015881,0.0015881,0.0015881,0.0015881,1596258960,2020-08-01T05:16:00
0.00175432,0.00175432,0.00175432,0.00175432,1596258420,2020-08-01T05:07:00
0.00155716,0.00155716,0.00155716,0.00155716,1596258360,2020-08-01T05:06:00
0.0014478,0.0014478,0.0014478,0.0014478,1596258000,2020-08-01T05:00:00
0.00122715,0.00122715,0.00122715,0.00122715,1596257820,2020-08-01T04:57:00
0.0010415,0.0010415,0.0010415,0.0010415,1596255300,2020-08-01T04:15:00
0.00112734,0.00112734,0.00112734,0.00112734,1596204120,2020-07-31T14:02:00
0.00123868,0.00123868,0.00123868,0.00123868,1596149580,2020-07-30T22:53:00
0.00124961,0.00124961,0.00124961,0.00124961,1596147000,2020-07-30T22:10:00
0.00120596,0.00120596,0.00120596,0.00120596,1596113220,2020-07-30T12:47:00
0.00120516,0.00120516,0.00120516,0.00120516,1596110880,2020-07-30T12:08:00
0.00123175,0.00123175,0.00123175,0.00123175,1596070440,2020-07-30T00:54:00
0.00120743,0.00120743,0.00120743,0.00120743,1596066780,2020-07-29T23:53:00
0.00140127,0.00140127,0.00140127,0.00140127,1596066540,2020-07-29T23:49:00
0.00161933,0.00161933,0.00161933,0.00161933,1596066000,2020-07-29T23:40:00
0.00157552,0.00157552,0.00157552,0.00157552,1596063660,2020-07-29T23:01:00
0.00155079,0.00155079,0.00155079,0.00155079,1596062760,2020-07-29T22:46:00
0.0014895,0.0014895,0.0014895,0.0014895,1596060840,2020-07-29T22:14:00
0.00144565,0.00144565,0.00144565,0.00144565,1596060660,2020-07-29T22:11:00
0.00137945,0.00137945,0.00137945,0.00137945,1596060540,2020-07-29T22:09:00
0.00133395,0.00133395,0.00133395,0.00133395,1596060480,2020-07-29T22:08:00
0.00130033,0.00130033,0.00130033,0.00130033,1596057960,2020-07-29T21:26:00
0.00124322,0.00124322,0.00124322,0.00124322,1596027600,2020-07-29T13:00:00
0.00120895,0.00120895,0.00120895,0.00120895,1596027000,2020-07-29T12:50:00
0.00115676,0.00115676,0.00115676,0.00115676,1596010200,2020-07-29T08:10:00
0.00109627,0.00109627,0.00109627,0.00109627,1596009480,2020-07-29T07:58:00
0.00105573,0.00105573,0.00105573,0.00105573,1596009360,2020-07-29T07:56:00
0.00128191,0.00128191,0.00128191,0.00128191,1595999280,2020-07-29T05:08:00
0.0016003,0.0016003,0.0016003,0.0016003,1595995140,2020-07-29T03:59:00
0.00154277,0.00154277,0.00154277,0.00154277,1595994900,2020-07-29T03:55:00
0.00148464,0.00148464,0.00148464,0.00148464,1595994780,2020-07-29T03:53:00
0.00143628,0.00143628,0.00143628,0.00143628,1595987640,2020-07-29T01:54:00
0.0013818,0.0013818,0.0013818,0.0013818,1595985240,2020-07-29T01:14:00
0.00133727,0.00133727,0.00133727,0.00133727,1595984220,2020-07-29T00:57:00
0.00129797,0.00129797,0.00129797,0.00129797,1595984160,2020-07-29T00:56:00
0.00125262,0.00125262,0.00125262,0.00125262,1595983980,2020-07-29T00:53:00
0.00122026,0.00122026,0.00122026,0.00122026,1595976600,2020-07-28T22:50:00
0.00116461,0.00116461,0.00116461,0.00116461,1595976540,2020-07-28T22:49:00
0.00112029,0.00112029,0.00112029,0.00112029,1595976480,2020-07-28T22:48:00
0.00107462,0.00107462,0.00107462,0.00107462,1595976420,2020-07-28T22:47:00
0.00102608,0.00102608,0.00102608,0.00102608,1595976360,2020-07-28T22:46:00
0.000990574,0.000990574,0.000990574,0.000990574,1595976000,2020-07-28T22:40:00
0.000948548,0.000948548,0.000948548,0.000948548,1595954700,2020-07-28T16:45:00
0.00110846,0.00110846,0.00110846,0.00110846,1595944200,2020-07-28T13:50:00
0.00133213,0.00133213,0.00133213,0.00133213,1595944140,2020-07-28T13:49:00
0.00123679,0.00128846,0.00123679,0.00128846,1595944020,2020-07-28T13:47:00
0.00119498,0.00119498,0.00119498,0.00119498,1595943960,2020-07-28T13:46:00
0.00115304,0.00115304,0.00115304,0.00115304,1595943840,2020-07-28T13:44:00
0.00112186,0.00112744,0.00112186,0.00112744,1595943660,2020-07-28T13:41:00
0.00122927,0.00122927,0.00122927,0.00122927,1595943600,2020-07-28T13:40:00
0.00141916,0.00141916,0.00141916,0.00141916,1595943540,2020-07-28T13:39:00
0.00137318,0.00137318,0.00137318,0.00137318,1595942940,2020-07-28T13:29:00
0.0012906,0.00132678,0.0012906,0.00132678,1595942880,2020-07-28T13:28:00
0.00123898,0.00123898,0.00123898,0.00123898,1595942820,2020-07-28T13:27:00
0.00118936,0.00118936,0.00118936,0.00118936,1595942580,2020-07-28T13:23:00
0.00114215,0.00114215,0.00114215,0.00114215,1595942520,2020-07-28T13:22:00
0.00111004,0.00111004,0.00111004,0.00111004,1595942160,2020-07-28T13:16:00
0.00106593,0.00106593,0.00106593,0.00106593,1595942100,2020-07-28T13:15:00
0.00102191,0.00102191,0.00102191,0.00102191,1595942040,2020-07-28T13:14:00
0.000975973,0.000975973,0.000975973,0.000975973,1595941920,2020-07-28T13:12:00
0.000935794,0.000935794,0.000935794,0.000935794,1595940840,2020-07-28T12:54:00
0.00088895,0.00088895,0.00088895,0.00088895,1595915040,2020-07-28T05:44:00
0.000870113,0.000870113,0.000870113,0.000870113,1595898780,2020-07-28T01:13:00
0.000779848,0.000779848,0.000779848,0.000779848,1595703360,2020-07-25T18:56:00
0.000723394,0.000723394,0.000723394,0.000723394,1595622120,2020-07-24T20:22:00
0.000530133,0.000530133,0.000530133,0.000530133,1595097900,2020-07-18T18:45:00
