price_open,price_high,price_low,price_close,timestamp,date
3.34163e-11,3.34163e-11,3.34163e-11,3.34163e-11,1672180500,2022-12-27T22:35:00
5.17372e-11,5.17372e-11,5.17372e-11,5.17372e-11,1659275820,2022-07-31T13:57:00
3.95595e-11,3.95595e-11,3.95595e-11,3.95595e-11,1656113520,2022-06-24T23:32:00
1.06378e-10,1.06378e-10,1.06378e-10,1.06378e-10,1650886980,2022-04-25T11:43:00
6.61526e-12,6.61526e-12,6.61526e-12,6.61526e-12,1647129660,2022-03-13T00:01:00
1.7627e-10,1.7627e-10,1.7627e-10,1.7627e-10,1637590380,2021-11-22T14:13:00
1.75195e-10,1.75195e-10,1.75195e-10,1.75195e-10,1637570220,2021-11-22T08:37:00
1.90078e-10,1.90078e-10,1.90078e-10,1.90078e-10,1636772220,2021-11-13T02:57:00
1.89175e-10,1.89175e-10,1.89175e-10,1.89175e-10,1636320240,2021-11-07T21:24:00
1.84469e-10,1.84469e-10,1.84469e-10,1.84469e-10,1635868860,2021-11-02T16:01:00
1.74394e-10,1.74394e-10,1.74394e-10,1.74394e-10,1635681000,2021-10-31T11:50:00
1.8043e-10,1.8043e-10,1.8043e-10,1.8043e-10,1635569760,2021-10-30T04:56:00
1.76413e-10,1.76413e-10,1.76413e-10,1.76413e-10,1635310800,2021-10-27T05:00:00
1.46152e-10,1.46152e-10,1.46152e-10,1.46152e-10,1633953600,2021-10-11T12:00:00
1.36769e-10,1.36769e-10,1.36769e-10,1.36769e-10,1633238160,2021-10-03T05:16:00
1.16661e-10,1.16661e-10,1.16661e-10,1.16661e-10,1632949680,2021-09-29T21:08:00
1.21427e-10,1.21427e-10,1.21427e-10,1.21427e-10,1632639060,2021-09-26T06:51:00
1.24937e-10,1.24937e-10,1.24937e-10,1.24937e-10,1632593760,2021-09-25T18:16:00
1.19958e-10,1.19958e-10,1.19958e-10,1.19958e-10,1632593040,2021-09-25T18:04:00
2.60112e-10,2.60112e-10,2.60112e-10,2.60112e-10,1632374040,2021-09-23T05:14:00
1.25157e-10,1.25157e-10,1.25157e-10,1.25157e-10,1632227940,2021-09-21T12:39:00
1.3726e-10,1.3726e-10,1.3726e-10,1.3726e-10,1630400580,2021-08-31T09:03:00
1.32519e-10,1.32519e-10,1.32519e-10,1.32519e-10,1629452040,2021-08-20T09:34:00
1.26164e-10,1.26164e-10,1.26164e-10,1.26164e-10,1629272760,2021-08-18T07:46:00
1.31057e-10,1.31057e-10,1.31057e-10,1.31057e-10,1629163500,2021-08-17T01:25:00
1.32143e-10,1.32143e-10,1.32143e-10,1.32143e-10,1629048120,2021-08-15T17:22:00
1.32159e-10,1.32159e-10,1.32159e-10,1.32159e-10,1629040560,2021-08-15T15:16:00
1.37538e-10,1.37538e-10,1.37538e-10,1.37538e-10,1628887020,2021-08-13T20:37:00
1.32707e-10,1.32707e-10,1.32707e-10,1.32707e-10,1628515920,2021-08-09T13:32:00
1.28092e-10,1.28092e-10,1.28092e-10,1.28092e-10,1628454840,2021-08-08T20:34:00
1.29878e-10,1.29878e-10,1.29878e-10,1.29878e-10,1628436060,2021-08-08T15:21:00
1.26566e-10,1.26566e-10,1.26566e-10,1.26566e-10,1628300880,2021-08-07T01:48:00
1.2565e-10,1.2565e-10,1.2565e-10,1.2565e-10,1628283600,2021-08-06T21:00:00
1.26855e-10,1.26855e-10,1.26855e-10,1.26855e-10,1628277840,2021-08-06T19:24:00
1.23064e-10,1.23064e-10,1.23064e-10,1.23064e-10,1628257500,2021-08-06T13:45:00
3.56984e-11,3.56984e-11,3.56984e-11,3.56984e-11,1628249280,2021-08-06T11:28:00
1.20802e-10,1.20802e-10,1.20802e-10,1.20802e-10,1628106840,2021-08-04T19:54:00
1.27121e-10,1.27121e-10,1.27121e-10,1.27121e-10,1628104740,2021-08-04T19:19:00
1.20788e-10,1.20788e-10,1.20788e-10,1.20788e-10,1628103360,2021-08-04T18:56:00
1.07429e-10,1.07429e-10,1.07429e-10,1.07429e-10,1628024340,2021-08-03T20:59:00
1.07078e-10,1.07078e-10,1.07078e-10,1.07078e-10,1627982580,2021-08-03T09:23:00
1.10198e-10,1.10198e-10,1.10198e-10,1.10198e-10,1627957260,2021-08-03T02:21:00
1.08846e-10,1.08846e-10,1.08846e-10,1.08846e-10,1627868580,2021-08-02T01:43:00
1.08641e-10,1.08641e-10,1.08641e-10,1.08641e-10,1627865760,2021-08-02T00:56:00
1.10972e-10,1.10972e-10,1.10972e-10,1.10972e-10,1627824180,2021-08-01T13:23:00
1.11486e-10,1.11486e-10,1.11486e-10,1.11486e-10,1627790160,2021-08-01T03:56:00
1.09739e-10,1.09739e-10,1.09739e-10,1.09739e-10,1627783020,2021-08-01T01:57:00
1.05151e-10,1.05151e-10,1.05151e-10,1.05151e-10,1627763220,2021-07-31T20:27:00
1.04954e-10,1.04954e-10,1.04954e-10,1.04954e-10,1627735920,2021-07-31T12:52:00
1.04582e-10,1.04582e-10,1.04582e-10,1.04582e-10,1627692420,2021-07-31T00:47:00
1.00261e-10,1.00261e-10,1.00261e-10,1.00261e-10,1627662180,2021-07-30T16:23:00
1.01019e-10,1.01019e-10,1.01019e-10,1.01019e-10,1627603140,2021-07-29T23:59:00
9.8141e-11,9.8141e-11,9.8141e-11,9.8141e-11,1627590360,2021-07-29T20:26:00
9.70735e-11,9.70735e-11,9.70735e-11,9.70735e-11,1627568460,2021-07-29T14:21:00
9.47614e-11,9.47614e-11,9.47614e-11,9.47614e-11,1627545420,2021-07-29T07:57:00
9.32863e-11,9.32863e-11,9.32863e-11,9.32863e-11,1627531320,2021-07-29T04:02:00
9.43847e-11,9.43847e-11,9.43847e-11,9.43847e-11,1627526520,2021-07-29T02:42:00
9.35582e-11,9.35582e-11,9.35582e-11,9.35582e-11,1627522260,2021-07-29T01:31:00
9.44845e-11,9.44845e-11,9.44845e-11,9.44845e-11,1627520400,2021-07-29T01:00:00
9.4387e-11,9.4387e-11,9.4387e-11,9.4387e-11,1627506900,2021-07-28T21:15:00
9.42584e-11,9.42584e-11,9.42584e-11,9.42584e-11,1627462020,2021-07-28T08:47:00
9.32273e-11,9.32273e-11,9.32273e-11,9.32273e-11,1627429740,2021-07-27T23:49:00
9.37577e-11,9.37577e-11,9.37577e-11,9.37577e-11,1627429440,2021-07-27T23:44:00
9.24125e-11,9.24125e-11,9.24125e-11,9.24125e-11,1627422780,2021-07-27T21:53:00
9.29369e-11,9.29369e-11,9.29369e-11,9.29369e-11,1627422180,2021-07-27T21:43:00
8.99814e-11,8.99814e-11,8.99814e-11,8.99814e-11,1627368720,2021-07-27T06:52:00
9.05591e-11,9.05591e-11,9.05591e-11,9.05591e-11,1627363500,2021-07-27T05:25:00
9.18274e-11,9.18274e-11,9.18274e-11,9.18274e-11,1627348680,2021-07-27T01:18:00
9.30549e-11,9.30549e-11,9.30549e-11,9.30549e-11,1627342680,2021-07-26T23:38:00
9.37304e-11,9.37304e-11,9.37304e-11,9.37304e-11,1627342080,2021-07-26T23:28:00
9.30721e-11,9.30721e-11,9.30721e-11,9.30721e-11,1627340040,2021-07-26T22:54:00
9.95406e-11,9.95406e-11,9.95406e-11,9.95406e-11,1627320240,2021-07-26T17:24:00
9.89847e-11,9.89847e-11,9.89847e-11,9.89847e-11,1627318560,2021-07-26T16:56:00
9.87403e-11,9.87403e-11,9.87403e-11,9.87403e-11,1627293480,2021-07-26T09:58:00
9.84902e-11,9.84902e-11,9.84902e-11,9.84902e-11,1627293240,2021-07-26T09:54:00
9.8439e-11,9.8439e-11,9.8439e-11,9.8439e-11,1627291980,2021-07-26T09:33:00
9.91254e-11,9.91254e-11,9.91254e-11,9.91254e-11,1627282200,2021-07-26T06:50:00
9.90724e-11,9.90724e-11,9.90724e-11,9.90724e-11,1627281720,2021-07-26T06:42:00
9.77694e-11,9.77694e-11,9.77694e-11,9.77694e-11,1627279440,2021-07-26T06:04:00
9.73871e-11,9.73871e-11,9.73871e-11,9.73871e-11,1627279140,2021-07-26T05:59:00
8.89582e-11,8.91822e-11,8.89582e-11,8.91822e-11,1627253400,2021-07-25T22:50:00
8.83863e-11,8.83863e-11,8.83863e-11,8.83863e-11,1627253220,2021-07-25T22:47:00
8.99696e-11,8.99696e-11,8.99696e-11,8.99696e-11,1627252080,2021-07-25T22:28:00
9.01238e-11,9.01238e-11,9.01238e-11,9.01238e-11,1627249980,2021-07-25T21:53:00
8.91063e-11,8.91063e-11,8.91063e-11,8.91063e-11,1627241940,2021-07-25T19:39:00
8.82949e-11,8.82949e-11,8.82949e-11,8.82949e-11,1627236540,2021-07-25T18:09:00
9.04425e-11,9.04425e-11,9.04425e-11,9.04425e-11,1627235880,2021-07-25T17:58:00
9.47569e-11,9.47569e-11,9.47569e-11,9.47569e-11,1627235820,2021-07-25T17:57:00
1.0257e-10,1.0257e-10,9.75268e-11,9.75268e-11,1627235700,2021-07-25T17:55:00
1.09842e-10,1.09842e-10,1.09842e-10,1.09842e-10,1627234860,2021-07-25T17:41:00
1.09716e-10,1.09716e-10,1.09716e-10,1.09716e-10,1627224840,2021-07-25T14:54:00
1.08396e-10,1.08396e-10,1.08396e-10,1.08396e-10,1627224420,2021-07-25T14:47:00
1.10482e-10,1.10482e-10,1.10482e-10,1.10482e-10,1627224360,2021-07-25T14:46:00
1.17006e-10,1.17006e-10,1.17006e-10,1.17006e-10,1627217100,2021-07-25T12:45:00
1.24998e-10,1.24998e-10,1.24998e-10,1.24998e-10,1627214640,2021-07-25T12:04:00
1.29946e-10,1.29946e-10,1.29946e-10,1.29946e-10,1627212720,2021-07-25T11:32:00
1.29231e-10,1.29231e-10,1.29231e-10,1.29231e-10,1627211400,2021-07-25T11:10:00
1.30184e-10,1.30184e-10,1.30184e-10,1.30184e-10,1627207920,2021-07-25T10:12:00
1.28884e-10,1.28884e-10,1.28884e-10,1.28884e-10,1627206600,2021-07-25T09:50:00
1.30349e-10,1.30349e-10,1.30349e-10,1.30349e-10,1627198800,2021-07-25T07:40:00
1.34248e-10,1.34248e-10,1.34248e-10,1.34248e-10,1627198620,2021-07-25T07:37:00
1.38448e-10,1.38448e-10,1.38448e-10,1.38448e-10,1627198560,2021-07-25T07:36:00
1.38909e-10,1.38909e-10,1.38909e-10,1.38909e-10,1627189800,2021-07-25T05:10:00
1.40057e-10,1.40057e-10,1.40057e-10,1.40057e-10,1627189680,2021-07-25T05:08:00
1.40264e-10,1.40264e-10,1.40264e-10,1.40264e-10,1627188840,2021-07-25T04:54:00
1.40302e-10,1.40302e-10,1.40302e-10,1.40302e-10,1627187340,2021-07-25T04:29:00
1.40652e-10,1.40652e-10,1.40652e-10,1.40652e-10,1627183920,2021-07-25T03:32:00
1.40264e-10,1.40264e-10,1.40264e-10,1.40264e-10,1627182420,2021-07-25T03:07:00
1.40191e-10,1.40191e-10,1.40191e-10,1.40191e-10,1627180260,2021-07-25T02:31:00
1.47138e-10,1.47138e-10,1.47138e-10,1.47138e-10,1627177620,2021-07-25T01:47:00
1.54805e-10,1.54805e-10,1.54805e-10,1.54805e-10,1627177020,2021-07-25T01:37:00
1.56741e-10,1.56741e-10,1.56741e-10,1.56741e-10,1627170540,2021-07-24T23:49:00
1.55713e-10,1.55713e-10,1.55713e-10,1.55713e-10,1627164660,2021-07-24T22:11:00
1.54648e-10,1.54648e-10,1.54648e-10,1.54648e-10,1627161900,2021-07-24T21:25:00
1.56393e-10,1.56393e-10,1.56393e-10,1.56393e-10,1627152120,2021-07-24T18:42:00
1.59549e-10,1.59549e-10,1.59549e-10,1.59549e-10,1627151760,2021-07-24T18:36:00
1.61219e-10,1.61219e-10,1.61219e-10,1.61219e-10,1627151640,2021-07-24T18:34:00
1.5943e-10,1.5943e-10,1.5943e-10,1.5943e-10,1627148640,2021-07-24T17:44:00
1.5782e-10,1.5782e-10,1.5782e-10,1.5782e-10,1627140720,2021-07-24T15:32:00
1.57784e-10,1.57784e-10,1.57784e-10,1.57784e-10,1627135080,2021-07-24T13:58:00
1.55776e-10,1.55776e-10,1.55776e-10,1.55776e-10,1627134900,2021-07-24T13:55:00
1.56837e-10,1.56837e-10,1.56837e-10,1.56837e-10,1627134000,2021-07-24T13:40:00
1.55449e-10,1.55449e-10,1.55449e-10,1.55449e-10,1627123980,2021-07-24T10:53:00
1.54263e-10,1.54263e-10,1.54263e-10,1.54263e-10,1627114680,2021-07-24T08:18:00
1.52966e-10,1.52966e-10,1.52966e-10,1.52966e-10,1627114020,2021-07-24T08:07:00
1.53248e-10,1.53248e-10,1.53248e-10,1.53248e-10,1627113540,2021-07-24T07:59:00
1.61544e-10,1.61544e-10,1.61544e-10,1.61544e-10,1627110720,2021-07-24T07:12:00
1.71018e-10,1.71018e-10,1.71018e-10,1.71018e-10,1627110120,2021-07-24T07:02:00
1.73104e-10,1.73104e-10,1.73104e-10,1.73104e-10,1627109820,2021-07-24T06:57:00
1.72259e-10,1.72259e-10,1.72259e-10,1.72259e-10,1627105020,2021-07-24T05:37:00
1.89696e-10,1.89696e-10,1.89696e-10,1.89696e-10,1627104600,2021-07-24T05:30:00
2.09649e-10,2.09649e-10,2.09649e-10,2.09649e-10,1627092900,2021-07-24T02:15:00
2.08123e-10,2.08123e-10,2.08123e-10,2.08123e-10,1627090800,2021-07-24T01:40:00
2.09591e-10,2.09591e-10,2.09591e-10,2.09591e-10,1627088040,2021-07-24T00:54:00
2.10718e-10,2.10718e-10,2.10718e-10,2.10718e-10,1627087740,2021-07-24T00:49:00
2.09869e-10,2.09869e-10,2.09869e-10,2.09869e-10,1627087320,2021-07-24T00:42:00
2.088e-10,2.088e-10,2.088e-10,2.088e-10,1627084140,2021-07-23T23:49:00
2.08072e-10,2.08072e-10,2.08072e-10,2.08072e-10,1627083960,2021-07-23T23:46:00
2.06729e-10,2.06729e-10,2.06729e-10,2.06729e-10,1627081320,2021-07-23T23:02:00
2.04198e-10,2.04198e-10,2.04198e-10,2.04198e-10,1627077300,2021-07-23T21:55:00
2.02466e-10,2.02466e-10,2.02466e-10,2.02466e-10,1627073220,2021-07-23T20:47:00
2.03634e-10,2.03634e-10,2.03634e-10,2.03634e-10,1627072740,2021-07-23T20:39:00
2.02889e-10,2.02889e-10,2.02889e-10,2.02889e-10,1627071300,2021-07-23T20:15:00
2.02344e-10,2.02344e-10,2.02344e-10,2.02344e-10,1627069980,2021-07-23T19:53:00
2.07766e-10,2.07766e-10,2.07766e-10,2.07766e-10,1627069320,2021-07-23T19:42:00
2.14263e-10,2.14263e-10,2.14263e-10,2.14263e-10,1627068840,2021-07-23T19:34:00
2.19019e-10,2.19019e-10,2.19019e-10,2.19019e-10,1627068480,2021-07-23T19:28:00
2.25834e-10,2.25834e-10,2.25834e-10,2.25834e-10,1627067460,2021-07-23T19:11:00
2.24274e-10,2.24274e-10,2.24274e-10,2.24274e-10,1627065360,2021-07-23T18:36:00
2.22173e-10,2.22173e-10,2.22173e-10,2.22173e-10,1627064580,2021-07-23T18:23:00
2.21177e-10,2.21177e-10,2.21177e-10,2.21177e-10,1627064340,2021-07-23T18:19:00
2.21136e-10,2.21136e-10,2.21136e-10,2.21136e-10,1627063920,2021-07-23T18:12:00
2.19772e-10,2.19772e-10,2.19772e-10,2.19772e-10,1627063200,2021-07-23T18:00:00
2.18524e-10,2.18524e-10,2.18524e-10,2.18524e-10,1627062540,2021-07-23T17:49:00
2.18704e-10,2.18704e-10,2.18704e-10,2.18704e-10,1627061700,2021-07-23T17:35:00
2.18958e-10,2.18958e-10,2.18958e-10,2.18958e-10,1627061400,2021-07-23T17:30:00
2.19448e-10,2.19448e-10,2.19448e-10,2.19448e-10,1627059780,2021-07-23T17:03:00
2.20774e-10,2.20774e-10,2.20774e-10,2.20774e-10,1627057020,2021-07-23T16:17:00
2.22343e-10,2.22343e-10,2.22343e-10,2.22343e-10,1627055880,2021-07-23T15:58:00
2.22954e-10,2.22954e-10,2.22954e-10,2.22954e-10,1627051980,2021-07-23T14:53:00
2.22599e-10,2.22599e-10,2.22599e-10,2.22599e-10,1627051500,2021-07-23T14:45:00
2.23341e-10,2.23341e-10,2.23341e-10,2.23341e-10,1627051020,2021-07-23T14:37:00
2.2621e-10,2.2621e-10,2.2621e-10,2.2621e-10,1627049520,2021-07-23T14:12:00
2.25949e-10,2.25949e-10,2.25949e-10,2.25949e-10,1627048140,2021-07-23T13:49:00
2.25262e-10,2.25262e-10,2.25262e-10,2.25262e-10,1627045980,2021-07-23T13:13:00
2.23937e-10,2.23937e-10,2.23937e-10,2.23937e-10,1627045920,2021-07-23T13:12:00
2.24833e-10,2.24833e-10,2.24833e-10,2.24833e-10,1627044660,2021-07-23T12:51:00
2.26796e-10,2.26796e-10,2.26796e-10,2.26796e-10,1627043040,2021-07-23T12:24:00
2.24896e-10,2.24896e-10,2.24896e-10,2.24896e-10,1627042740,2021-07-23T12:19:00
2.22864e-10,2.22864e-10,2.22864e-10,2.22864e-10,1627042380,2021-07-23T12:13:00
2.23119e-10,2.23119e-10,2.23119e-10,2.23119e-10,1627041180,2021-07-23T11:53:00
2.22988e-10,2.22988e-10,2.22988e-10,2.22988e-10,1627040280,2021-07-23T11:38:00
2.21525e-10,2.21525e-10,2.21525e-10,2.21525e-10,1627040220,2021-07-23T11:37:00
2.22752e-10,2.22752e-10,2.22752e-10,2.22752e-10,1627039560,2021-07-23T11:26:00
2.25356e-10,2.25356e-10,2.25356e-10,2.25356e-10,1627038120,2021-07-23T11:02:00
2.22902e-10,2.22902e-10,2.22902e-10,2.22902e-10,1627037940,2021-07-23T10:59:00
2.14863e-10,2.14863e-10,2.14863e-10,2.14863e-10,1627037520,2021-07-23T10:52:00
2.16077e-10,2.16077e-10,2.16077e-10,2.16077e-10,1627037400,2021-07-23T10:50:00
2.15682e-10,2.15682e-10,2.15682e-10,2.15682e-10,1627033800,2021-07-23T09:50:00
2.15728e-10,2.15728e-10,2.15728e-10,2.15728e-10,1627033080,2021-07-23T09:38:00
2.14509e-10,2.15074e-10,2.14509e-10,2.15074e-10,1627029960,2021-07-23T08:46:00
2.09974e-10,2.09974e-10,2.09974e-10,2.09974e-10,1627029540,2021-07-23T08:39:00
2.05768e-10,2.05768e-10,2.05768e-10,2.05768e-10,1627029240,2021-07-23T08:34:00
2.05223e-10,2.05223e-10,2.05223e-10,2.05223e-10,1627028940,2021-07-23T08:29:00
2.07044e-10,2.07044e-10,2.07044e-10,2.07044e-10,1627028700,2021-07-23T08:25:00
2.16163e-10,2.16163e-10,2.16163e-10,2.16163e-10,1627028280,2021-07-23T08:18:00
2.27668e-10,2.27668e-10,2.27668e-10,2.27668e-10,1627026840,2021-07-23T07:54:00
2.27578e-10,2.27578e-10,2.27578e-10,2.27578e-10,1627026540,2021-07-23T07:49:00
2.26073e-10,2.26073e-10,2.26073e-10,2.26073e-10,1627026120,2021-07-23T07:42:00
2.27822e-10,2.27822e-10,2.27822e-10,2.27822e-10,1627026060,2021-07-23T07:41:00
2.26832e-10,2.26832e-10,2.26832e-10,2.26832e-10,1627025820,2021-07-23T07:37:00
2.28647e-10,2.28647e-10,2.28647e-10,2.28647e-10,1627025220,2021-07-23T07:27:00
2.38581e-10,2.38581e-10,2.38581e-10,2.38581e-10,1627024500,2021-07-23T07:15:00
2.52628e-10,2.52628e-10,2.52628e-10,2.52628e-10,1627024140,2021-07-23T07:09:00
2.52271e-10,2.52271e-10,2.52271e-10,2.52271e-10,1627023420,2021-07-23T06:57:00
2.51547e-10,2.51547e-10,2.51547e-10,2.51547e-10,1627021560,2021-07-23T06:26:00
2.50125e-10,2.50125e-10,2.50125e-10,2.50125e-10,1627020900,2021-07-23T06:15:00
2.51813e-10,2.51813e-10,2.51813e-10,2.51813e-10,1627020780,2021-07-23T06:13:00
2.52177e-10,2.52177e-10,2.52177e-10,2.52177e-10,1627020000,2021-07-23T06:00:00
2.52129e-10,2.52129e-10,2.52129e-10,2.52129e-10,1627019700,2021-07-23T05:55:00
2.51689e-10,2.51689e-10,2.51689e-10,2.51689e-10,1627019580,2021-07-23T05:53:00
2.45229e-10,2.45229e-10,2.45229e-10,2.45229e-10,1627018260,2021-07-23T05:31:00
2.3899e-10,2.3899e-10,2.3899e-10,2.3899e-10,1627017240,2021-07-23T05:14:00
2.38298e-10,2.38298e-10,2.38298e-10,2.38298e-10,1627016400,2021-07-23T05:00:00
2.46033e-10,2.46033e-10,2.46033e-10,2.46033e-10,1627016280,2021-07-23T04:58:00
2.53969e-10,2.53969e-10,2.53969e-10,2.53969e-10,1627016040,2021-07-23T04:54:00
2.5644e-10,2.5644e-10,2.5644e-10,2.5644e-10,1627015140,2021-07-23T04:39:00
2.54392e-10,2.54392e-10,2.54392e-10,2.54392e-10,1627014540,2021-07-23T04:29:00
2.52889e-10,2.52889e-10,2.52889e-10,2.52889e-10,1627014420,2021-07-23T04:27:00
2.50789e-10,2.50789e-10,2.50789e-10,2.50789e-10,1627012740,2021-07-23T03:59:00
2.49925e-10,2.49925e-10,2.49925e-10,2.49925e-10,1627011420,2021-07-23T03:37:00
2.48527e-10,2.48527e-10,2.48527e-10,2.48527e-10,1627011000,2021-07-23T03:30:00
2.48638e-10,2.48638e-10,2.48638e-10,2.48638e-10,1627009440,2021-07-23T03:04:00
2.5005e-10,2.5005e-10,2.5005e-10,2.5005e-10,1627009260,2021-07-23T03:01:00
2.4969e-10,2.4969e-10,2.4969e-10,2.4969e-10,1627008600,2021-07-23T02:50:00
2.49577e-10,2.49577e-10,2.49577e-10,2.49577e-10,1627006860,2021-07-23T02:21:00
2.45912e-10,2.45912e-10,2.45912e-10,2.45912e-10,1627006320,2021-07-23T02:12:00
2.36821e-10,2.36821e-10,2.36821e-10,2.36821e-10,1627004040,2021-07-23T01:34:00
2.33261e-10,2.33261e-10,2.33261e-10,2.33261e-10,1627003380,2021-07-23T01:23:00
2.28254e-10,2.28254e-10,2.28254e-10,2.28254e-10,1627002840,2021-07-23T01:14:00
2.30374e-10,2.30374e-10,2.30374e-10,2.30374e-10,1627002780,2021-07-23T01:13:00
1.70018e-10,1.70018e-10,1.70018e-10,1.70018e-10,1627002360,2021-07-23T01:06:00
1.69102e-10,1.69102e-10,1.69102e-10,1.69102e-10,1627002060,2021-07-23T01:01:00
1.6999e-10,1.6999e-10,1.6999e-10,1.6999e-10,1627001520,2021-07-23T00:52:00
1.69299e-10,1.69299e-10,1.69299e-10,1.69299e-10,1627001400,2021-07-23T00:50:00
1.68109e-10,1.68109e-10,1.68109e-10,1.68109e-10,1626998820,2021-07-23T00:07:00
1.68996e-10,1.68996e-10,1.68996e-10,1.68996e-10,1626997320,2021-07-22T23:42:00
1.71396e-10,1.71396e-10,1.71396e-10,1.71396e-10,1626996000,2021-07-22T23:20:00
1.70842e-10,1.70842e-10,1.70842e-10,1.70842e-10,1626995760,2021-07-22T23:16:00
1.70117e-10,1.70117e-10,1.70117e-10,1.70117e-10,1626995520,2021-07-22T23:12:00
1.68779e-10,1.70121e-10,1.68779e-10,1.70121e-10,1626995220,2021-07-22T23:07:00
1.65892e-10,1.65892e-10,1.65892e-10,1.65892e-10,1626995100,2021-07-22T23:05:00
1.66016e-10,1.66016e-10,1.66016e-10,1.66016e-10,1626994800,2021-07-22T23:00:00
1.6575e-10,1.6575e-10,1.6575e-10,1.6575e-10,1626993480,2021-07-22T22:38:00
1.65155e-10,1.65155e-10,1.65155e-10,1.65155e-10,1626993060,2021-07-22T22:31:00
1.64992e-10,1.64992e-10,1.64992e-10,1.64992e-10,1626993000,2021-07-22T22:30:00
1.66079e-10,1.66079e-10,1.66079e-10,1.66079e-10,1626992220,2021-07-22T22:17:00
1.68333e-10,1.68333e-10,1.66774e-10,1.66774e-10,1626991740,2021-07-22T22:09:00
1.69273e-10,1.69273e-10,1.69273e-10,1.69273e-10,1626991320,2021-07-22T22:02:00
1.71046e-10,1.71046e-10,1.71046e-10,1.71046e-10,1626991260,2021-07-22T22:01:00
1.75213e-10,1.75213e-10,1.75213e-10,1.75213e-10,1626991140,2021-07-22T21:59:00
1.74846e-10,1.74846e-10,1.74846e-10,1.74846e-10,1626991020,2021-07-22T21:57:00
1.7373e-10,1.7373e-10,1.7373e-10,1.7373e-10,1626990600,2021-07-22T21:50:00
1.70072e-10,1.70072e-10,1.70072e-10,1.70072e-10,1626990360,2021-07-22T21:46:00
1.65322e-10,1.65322e-10,1.65322e-10,1.65322e-10,1626990300,2021-07-22T21:45:00
1.64432e-10,1.64432e-10,1.64432e-10,1.64432e-10,1626990120,2021-07-22T21:42:00
1.33463e-10,1.33463e-10,1.33463e-10,1.33463e-10,1626989520,2021-07-22T21:32:00
1.32089e-10,1.32089e-10,1.32089e-10,1.32089e-10,1626989400,2021-07-22T21:30:00
1.25953e-10,1.25953e-10,1.25953e-10,1.25953e-10,1626989160,2021-07-22T21:26:00
1.19883e-10,1.19883e-10,1.19883e-10,1.19883e-10,1626988380,2021-07-22T21:13:00
1.18483e-10,1.18483e-10,1.18384e-10,1.18384e-10,1626987120,2021-07-22T20:52:00
1.18466e-10,1.18466e-10,1.18466e-10,1.18466e-10,1626986760,2021-07-22T20:46:00
1.18084e-10,1.18084e-10,1.18084e-10,1.18084e-10,1626986700,2021-07-22T20:45:00
1.16484e-10,1.16484e-10,1.16484e-10,1.16484e-10,1626986280,2021-07-22T20:38:00
1.15825e-10,1.15825e-10,1.15825e-10,1.15825e-10,1626986160,2021-07-22T20:36:00
1.14049e-10,1.14049e-10,1.14049e-10,1.14049e-10,1626985980,2021-07-22T20:33:00
1.11955e-10,1.11955e-10,1.11955e-10,1.11955e-10,1626985740,2021-07-22T20:29:00
1.11318e-10,1.11318e-10,1.11318e-10,1.11318e-10,1626985380,2021-07-22T20:23:00
1.14464e-10,1.14464e-10,1.14464e-10,1.14464e-10,1626984000,2021-07-22T20:00:00
9.71812e-11,9.71812e-11,9.71812e-11,9.71812e-11,1626983880,2021-07-22T19:58:00
9.69664e-11,9.69664e-11,9.69664e-11,9.69664e-11,1626983460,2021-07-22T19:51:00
9.21407e-11,9.21407e-11,9.21407e-11,9.21407e-11,1626983400,2021-07-22T19:50:00
9.10953e-11,9.12942e-11,9.10953e-11,9.12942e-11,1626983340,2021-07-22T19:49:00
9.07036e-11,9.07036e-11,9.07036e-11,9.07036e-11,1626983280,2021-07-22T19:48:00
8.71733e-11,8.71733e-11,8.71733e-11,8.71733e-11,1626983220,2021-07-22T19:47:00
8.26661e-11,8.26661e-11,8.26661e-11,8.26661e-11,1626983100,2021-07-22T19:45:00
7.79011e-11,7.79011e-11,7.79011e-11,7.79011e-11,1626982920,2021-07-22T19:42:00
7.2961e-11,7.2961e-11,7.2961e-11,7.2961e-11,1626981360,2021-07-22T19:16:00
7.26688e-11,7.26688e-11,7.26688e-11,7.26688e-11,1626981240,2021-07-22T19:14:00
7.25724e-11,7.25724e-11,7.25724e-11,7.25724e-11,1626980820,2021-07-22T19:07:00
7.23993e-11,7.23993e-11,7.23993e-11,7.23993e-11,1626980580,2021-07-22T19:03:00
7.23743e-11,7.23743e-11,7.23743e-11,7.23743e-11,1626979560,2021-07-22T18:46:00
7.22132e-11,7.22132e-11,7.22132e-11,7.22132e-11,1626979500,2021-07-22T18:45:00
7.20304e-11,7.20304e-11,7.20304e-11,7.20304e-11,1626979320,2021-07-22T18:42:00
7.18864e-11,7.18864e-11,7.18864e-11,7.18864e-11,1626979260,2021-07-22T18:41:00
7.06427e-11,7.06427e-11,7.06427e-11,7.06427e-11,1626979200,2021-07-22T18:40:00
6.9328e-11,6.9328e-11,6.9328e-11,6.9328e-11,1626978480,2021-07-22T18:28:00
6.91154e-11,6.91154e-11,6.91154e-11,6.91154e-11,1626977760,2021-07-22T18:16:00
6.86263e-11,6.89389e-11,6.86263e-11,6.89389e-11,1626977640,2021-07-22T18:14:00
6.8538e-11,6.8538e-11,6.8538e-11,6.8538e-11,1626976860,2021-07-22T18:01:00
6.82427e-11,6.82427e-11,6.82427e-11,6.82427e-11,1626976680,2021-07-22T17:58:00
6.82802e-11,6.82802e-11,6.82802e-11,6.82802e-11,1626976620,2021-07-22T17:57:00
6.72895e-11,6.79581e-11,6.72895e-11,6.79581e-11,1626976140,2021-07-22T17:49:00
6.6777e-11,6.6777e-11,6.6777e-11,6.6777e-11,1626975900,2021-07-22T17:45:00
6.65038e-11,6.65038e-11,6.65038e-11,6.65038e-11,1626975720,2021-07-22T17:42:00
6.55216e-11,6.55216e-11,6.55216e-11,6.55216e-11,1626975480,2021-07-22T17:38:00
7.04925e-11,7.04925e-11,7.04925e-11,7.04925e-11,1626975420,2021-07-22T17:37:00
7.83109e-11,7.83109e-11,7.83109e-11,7.83109e-11,1626975240,2021-07-22T17:34:00
4.39314e-10,4.39314e-10,4.39314e-10,4.39314e-10,1626974880,2021-07-22T17:28:00
2.98709e-09,2.98709e-09,2.98709e-09,2.98709e-09,1626968100,2021-07-22T15:35:00
2.9855e-09,2.9855e-09,2.9855e-09,2.9855e-09,1626966420,2021-07-22T15:07:00
2.59622e-09,2.59622e-09,2.59622e-09,2.59622e-09,1626962880,2021-07-22T14:08:00
2.97904e-09,2.97904e-09,2.97904e-09,2.97904e-09,1626960180,2021-07-22T13:23:00
2.9315e-09,2.9315e-09,2.9315e-09,2.9315e-09,1626959340,2021-07-22T13:09:00
2.92393e-09,2.92393e-09,2.92393e-09,2.92393e-09,1626958560,2021-07-22T12:56:00
2.91542e-09,2.91542e-09,2.91542e-09,2.91542e-09,1626955020,2021-07-22T11:57:00
2.91361e-09,2.91361e-09,2.91361e-09,2.91361e-09,1626948240,2021-07-22T10:04:00
2.9274e-09,2.9274e-09,2.9274e-09,2.9274e-09,1626946500,2021-07-22T09:35:00
2.93063e-09,2.93063e-09,2.93063e-09,2.93063e-09,1626940380,2021-07-22T07:53:00
2.47153e-09,2.47153e-09,2.47153e-09,2.47153e-09,1626933660,2021-07-22T06:01:00
2.90802e-09,2.90802e-09,2.90802e-09,2.90802e-09,1626933000,2021-07-22T05:50:00
2.93688e-09,2.93688e-09,2.93688e-09,2.93688e-09,1626931080,2021-07-22T05:18:00
2.94226e-09,2.94226e-09,2.94226e-09,2.94226e-09,1626929220,2021-07-22T04:47:00
2.93939e-09,2.93939e-09,2.93939e-09,2.93939e-09,1626926160,2021-07-22T03:56:00
2.51962e-09,2.51962e-09,2.51962e-09,2.51962e-09,1626924900,2021-07-22T03:35:00
2.82542e-09,2.82542e-09,2.82542e-09,2.82542e-09,1626918960,2021-07-22T01:56:00
2.94755e-09,2.94755e-09,2.94755e-09,2.94755e-09,1626915900,2021-07-22T01:05:00
2.97358e-09,2.97358e-09,2.97358e-09,2.97358e-09,1626913200,2021-07-22T00:20:00
2.95162e-09,2.95162e-09,2.95162e-09,2.95162e-09,1626912360,2021-07-22T00:06:00
2.93054e-09,2.93054e-09,2.93054e-09,2.93054e-09,1626912120,2021-07-22T00:02:00
2.93817e-09,2.93817e-09,2.93817e-09,2.93817e-09,1626910380,2021-07-21T23:33:00
2.90494e-09,2.90494e-09,2.90494e-09,2.90494e-09,1626904020,2021-07-21T21:47:00
2.8707e-09,2.8707e-09,2.8707e-09,2.8707e-09,1626899760,2021-07-21T20:36:00
2.94387e-09,2.94387e-09,2.94387e-09,2.94387e-09,1626892260,2021-07-21T18:31:00
2.88071e-09,2.88071e-09,2.88071e-09,2.88071e-09,1626888420,2021-07-21T17:27:00
2.91798e-09,2.91798e-09,2.91798e-09,2.91798e-09,1626885060,2021-07-21T16:31:00
2.87598e-09,2.87598e-09,2.87598e-09,2.87598e-09,1626884040,2021-07-21T16:14:00
2.8632e-09,2.8632e-09,2.8632e-09,2.8632e-09,1626882900,2021-07-21T15:55:00
2.81201e-09,2.81201e-09,2.81201e-09,2.81201e-09,1626878160,2021-07-21T14:36:00
2.80328e-09,2.80328e-09,2.80328e-09,2.80328e-09,1626877440,2021-07-21T14:24:00
2.7814e-09,2.7814e-09,2.7814e-09,2.7814e-09,1626876060,2021-07-21T14:01:00
2.76928e-09,2.76928e-09,2.76928e-09,2.76928e-09,1626873660,2021-07-21T13:21:00
2.76903e-09,2.76903e-09,2.76903e-09,2.76903e-09,1626873000,2021-07-21T13:10:00
2.77627e-09,2.77627e-09,2.77503e-09,2.77503e-09,1626872100,2021-07-21T12:55:00
2.77712e-09,2.77712e-09,2.77712e-09,2.77712e-09,1626871320,2021-07-21T12:42:00
2.75089e-09,2.75089e-09,2.75089e-09,2.75089e-09,1626868920,2021-07-21T12:02:00
2.75246e-09,2.75246e-09,2.75246e-09,2.75246e-09,1626868440,2021-07-21T11:54:00
2.76488e-09,2.76488e-09,2.76488e-09,2.76488e-09,1626867960,2021-07-21T11:46:00
2.71789e-09,2.71789e-09,2.71789e-09,2.71789e-09,1626864000,2021-07-21T10:40:00
2.71482e-09,2.71482e-09,2.71482e-09,2.71482e-09,1626863640,2021-07-21T10:34:00
2.68386e-09,2.68386e-09,2.68386e-09,2.68386e-09,1626854880,2021-07-21T08:08:00
2.69094e-09,2.69094e-09,2.69094e-09,2.69094e-09,1626851700,2021-07-21T07:15:00
2.69667e-09,2.69667e-09,2.69667e-09,2.69667e-09,1626850380,2021-07-21T06:53:00
2.68055e-09,2.68055e-09,2.68055e-09,2.68055e-09,1626848220,2021-07-21T06:17:00
2.64688e-09,2.64688e-09,2.64688e-09,2.64688e-09,1626841560,2021-07-21T04:26:00
2.61269e-09,2.61269e-09,2.61269e-09,2.61269e-09,1626838680,2021-07-21T03:38:00
2.60598e-09,2.60598e-09,2.60598e-09,2.60598e-09,1626837600,2021-07-21T03:20:00
2.60277e-09,2.60277e-09,2.60277e-09,2.60277e-09,1626836340,2021-07-21T02:59:00
2.58848e-09,2.58848e-09,2.58848e-09,2.58848e-09,1626835980,2021-07-21T02:53:00
2.57179e-09,2.57179e-09,2.57179e-09,2.57179e-09,1626830820,2021-07-21T01:27:00
2.56202e-09,2.56202e-09,2.56202e-09,2.56202e-09,1626830460,2021-07-21T01:21:00
2.55327e-09,2.55327e-09,2.55327e-09,2.55327e-09,1626830160,2021-07-21T01:16:00
2.53038e-09,2.53038e-09,2.53038e-09,2.53038e-09,1626829980,2021-07-21T01:13:00
2.57262e-09,2.57262e-09,2.57262e-09,2.57262e-09,1626823680,2021-07-20T23:28:00
2.55864e-09,2.55864e-09,2.55864e-09,2.55864e-09,1626823260,2021-07-20T23:21:00
2.55659e-09,2.55659e-09,2.55659e-09,2.55659e-09,1626823200,2021-07-20T23:20:00
2.55303e-09,2.55303e-09,2.55303e-09,2.55303e-09,1626823080,2021-07-20T23:18:00
2.52865e-09,2.52865e-09,2.52865e-09,2.52865e-09,1626822240,2021-07-20T23:04:00
2.53383e-09,2.53383e-09,2.53383e-09,2.53383e-09,1626821220,2021-07-20T22:47:00
2.53551e-09,2.53551e-09,2.53551e-09,2.53551e-09,1626821100,2021-07-20T22:45:00
2.54155e-09,2.54155e-09,2.54155e-09,2.54155e-09,1626820980,2021-07-20T22:43:00
2.54156e-09,2.54156e-09,2.54156e-09,2.54156e-09,1626820860,2021-07-20T22:41:00
2.54238e-09,2.54238e-09,2.54238e-09,2.54238e-09,1626820800,2021-07-20T22:40:00
2.55449e-09,2.55449e-09,2.55449e-09,2.55449e-09,1626817680,2021-07-20T21:48:00
2.57352e-09,2.57352e-09,2.57352e-09,2.57352e-09,1626817620,2021-07-20T21:47:00
2.56694e-09,2.56694e-09,2.56694e-09,2.56694e-09,1626817260,2021-07-20T21:41:00
2.55859e-09,2.55859e-09,2.55859e-09,2.55859e-09,1626817080,2021-07-20T21:38:00
2.54788e-09,2.54788e-09,2.54788e-09,2.54788e-09,1626816960,2021-07-20T21:36:00
2.53266e-09,2.53266e-09,2.53266e-09,2.53266e-09,1626815700,2021-07-20T21:15:00
2.55002e-09,2.55002e-09,2.55002e-09,2.55002e-09,1626813720,2021-07-20T20:42:00
1.43064e-09,2.54109e-09,1.43064e-09,2.54109e-09,1626811260,2021-07-20T20:01:00
2.571e-09,2.571e-09,2.571e-09,2.571e-09,1626809700,2021-07-20T19:35:00
2.55866e-09,2.55866e-09,2.55866e-09,2.55866e-09,1626809640,2021-07-20T19:34:00
2.50238e-09,2.50238e-09,2.50238e-09,2.50238e-09,1626808560,2021-07-20T19:16:00
2.55468e-09,2.55468e-09,2.55468e-09,2.55468e-09,1626808140,2021-07-20T19:09:00
2.53481e-09,2.53481e-09,2.53481e-09,2.53481e-09,1626807780,2021-07-20T19:03:00
2.50004e-09,2.50004e-09,2.50004e-09,2.50004e-09,1626805440,2021-07-20T18:24:00
2.50355e-09,2.50355e-09,2.50355e-09,2.50355e-09,1626805320,2021-07-20T18:22:00
2.4861e-09,2.4861e-09,2.4861e-09,2.4861e-09,1626804720,2021-07-20T18:12:00
2.47865e-09,2.47865e-09,2.47865e-09,2.47865e-09,1626804600,2021-07-20T18:10:00
2.47866e-09,2.47866e-09,2.47866e-09,2.47866e-09,1626803520,2021-07-20T17:52:00
2.46963e-09,2.46963e-09,2.46963e-09,2.46963e-09,1626802260,2021-07-20T17:31:00
2.45288e-09,2.45288e-09,2.45288e-09,2.45288e-09,1626800940,2021-07-20T17:09:00
2.44965e-09,2.44965e-09,2.44965e-09,2.44965e-09,1626800220,2021-07-20T16:57:00
2.45185e-09,2.45185e-09,2.45185e-09,2.45185e-09,1626798060,2021-07-20T16:21:00
2.44025e-09,2.44025e-09,2.44025e-09,2.44025e-09,1626797460,2021-07-20T16:11:00
2.44299e-09,2.44299e-09,2.44299e-09,2.44299e-09,1626795360,2021-07-20T15:36:00
2.40831e-09,2.40831e-09,2.40831e-09,2.40831e-09,1626793920,2021-07-20T15:12:00
2.40593e-09,2.40593e-09,2.40593e-09,2.40593e-09,1626793140,2021-07-20T14:59:00
2.38887e-09,2.38887e-09,2.38887e-09,2.38887e-09,1626790080,2021-07-20T14:08:00
2.34831e-09,2.34831e-09,2.34831e-09,2.34831e-09,1626788580,2021-07-20T13:43:00
2.35305e-09,2.35305e-09,2.35305e-09,2.35305e-09,1626787740,2021-07-20T13:29:00
2.36466e-09,2.36466e-09,2.36466e-09,2.36466e-09,1626786900,2021-07-20T13:15:00
2.35877e-09,2.35877e-09,2.35877e-09,2.35877e-09,1626786060,2021-07-20T13:01:00
2.37643e-09,2.37643e-09,2.37643e-09,2.37643e-09,1626785520,2021-07-20T12:52:00
2.37428e-09,2.37428e-09,2.37428e-09,2.37428e-09,1626785280,2021-07-20T12:48:00
2.36218e-09,2.36218e-09,2.36218e-09,2.36218e-09,1626780840,2021-07-20T11:34:00
2.34828e-09,2.34828e-09,2.34828e-09,2.34828e-09,1626776880,2021-07-20T10:28:00
2.35819e-09,2.35819e-09,2.35819e-09,2.35819e-09,1626773040,2021-07-20T09:24:00
2.37313e-09,2.37313e-09,2.37313e-09,2.37313e-09,1626767340,2021-07-20T07:49:00
2.3862e-09,2.3862e-09,2.3862e-09,2.3862e-09,1626766080,2021-07-20T07:28:00
2.33969e-09,2.33969e-09,2.33969e-09,2.33969e-09,1626759960,2021-07-20T05:46:00
2.35076e-09,2.35076e-09,2.35076e-09,2.35076e-09,1626758400,2021-07-20T05:20:00
2.35236e-09,2.35236e-09,2.35236e-09,2.35236e-09,1626758100,2021-07-20T05:15:00
2.32899e-09,2.32899e-09,2.32899e-09,2.32899e-09,1626757440,2021-07-20T05:04:00
2.35557e-09,2.35557e-09,2.35557e-09,2.35557e-09,1626756480,2021-07-20T04:48:00
2.33577e-09,2.33577e-09,2.33577e-09,2.33577e-09,1626755880,2021-07-20T04:38:00
2.32412e-09,2.32412e-09,2.32412e-09,2.32412e-09,1626751920,2021-07-20T03:32:00
2.39564e-09,2.39564e-09,2.39564e-09,2.39564e-09,1626746400,2021-07-20T02:00:00
2.40537e-09,2.40537e-09,2.40537e-09,2.40537e-09,1626745980,2021-07-20T01:53:00
2.41879e-09,2.44933e-09,2.41879e-09,2.44933e-09,1626745260,2021-07-20T01:41:00
2.39643e-09,2.39643e-09,2.39643e-09,2.39643e-09,1626744720,2021-07-20T01:32:00
2.37284e-09,2.37284e-09,2.37284e-09,2.37284e-09,1626743940,2021-07-20T01:19:00
2.29514e-09,2.29514e-09,2.29514e-09,2.29514e-09,1626743700,2021-07-20T01:15:00
2.26767e-09,2.26767e-09,2.25435e-09,2.25435e-09,1626743460,2021-07-20T01:11:00
2.162e-09,2.162e-09,2.162e-09,2.162e-09,1626743280,2021-07-20T01:08:00
2.45137e-09,2.45137e-09,2.45137e-09,2.45137e-09,1626743100,2021-07-20T01:05:00
2.61427e-09,2.61427e-09,2.61427e-09,2.61427e-09,1626742860,2021-07-20T01:01:00
2.58387e-09,2.58387e-09,2.58387e-09,2.58387e-09,1626742200,2021-07-20T00:50:00
2.58707e-09,2.58707e-09,2.58707e-09,2.58707e-09,1626741960,2021-07-20T00:46:00
2.59727e-09,2.59727e-09,2.59727e-09,2.59727e-09,1626741840,2021-07-20T00:44:00
2.57707e-09,2.57707e-09,2.57707e-09,2.57707e-09,1626741360,2021-07-20T00:36:00
2.59491e-09,2.59491e-09,2.59491e-09,2.59491e-09,1626741240,2021-07-20T00:34:00
2.52945e-09,2.52945e-09,2.52945e-09,2.52945e-09,1626740940,2021-07-20T00:29:00
2.59037e-09,2.59037e-09,2.59037e-09,2.59037e-09,1626739080,2021-07-19T23:58:00
2.57965e-09,2.57965e-09,2.57965e-09,2.57965e-09,1626738120,2021-07-19T23:42:00
2.59397e-09,2.59397e-09,2.59397e-09,2.59397e-09,1626737940,2021-07-19T23:39:00
2.5837e-09,2.58786e-09,2.5837e-09,2.58786e-09,1626737520,2021-07-19T23:32:00
2.57135e-09,2.57135e-09,2.57135e-09,2.57135e-09,1626736320,2021-07-19T23:12:00
2.55396e-09,2.55396e-09,2.55396e-09,2.55396e-09,1626734280,2021-07-19T22:38:00
2.51711e-09,2.51711e-09,2.51711e-09,2.51711e-09,1626733020,2021-07-19T22:17:00
2.4831e-09,2.4831e-09,2.4831e-09,2.4831e-09,1626732780,2021-07-19T22:13:00
2.48487e-09,2.48487e-09,2.48487e-09,2.48487e-09,1626729480,2021-07-19T21:18:00
2.49678e-09,2.49678e-09,2.49678e-09,2.49678e-09,1626727920,2021-07-19T20:52:00
2.50997e-09,2.50997e-09,2.50997e-09,2.50997e-09,1626725700,2021-07-19T20:15:00
2.49739e-09,2.49739e-09,2.49739e-09,2.49739e-09,1626725100,2021-07-19T20:05:00
2.49032e-09,2.49032e-09,2.49032e-09,2.49032e-09,1626722640,2021-07-19T19:24:00
2.34527e-09,2.34527e-09,2.34527e-09,2.34527e-09,1626721500,2021-07-19T19:05:00
2.50898e-09,2.50898e-09,2.50898e-09,2.50898e-09,1626720240,2021-07-19T18:44:00
2.51151e-09,2.51151e-09,2.51151e-09,2.51151e-09,1626720120,2021-07-19T18:42:00
2.51227e-09,2.51227e-09,2.51227e-09,2.51227e-09,1626720000,2021-07-19T18:40:00
2.51355e-09,2.51355e-09,2.51355e-09,2.51355e-09,1626719760,2021-07-19T18:36:00
2.51474e-09,2.51474e-09,2.51474e-09,2.51474e-09,1626719580,2021-07-19T18:33:00
2.51569e-09,2.51569e-09,2.51569e-09,2.51569e-09,1626719520,2021-07-19T18:32:00
2.51794e-09,2.51794e-09,2.51794e-09,2.51794e-09,1626718620,2021-07-19T18:17:00
2.51902e-09,2.51902e-09,2.51902e-09,2.51902e-09,1626718440,2021-07-19T18:14:00
2.52058e-09,2.52058e-09,2.52058e-09,2.52058e-09,1626718380,2021-07-19T18:13:00
2.52326e-09,2.52326e-09,2.52326e-09,2.52326e-09,1626718200,2021-07-19T18:10:00
2.52772e-09,2.52772e-09,2.52772e-09,2.52772e-09,1626717840,2021-07-19T18:04:00
2.52823e-09,2.52823e-09,2.52823e-09,2.52823e-09,1626717600,2021-07-19T18:00:00
2.53603e-09,2.53603e-09,2.53603e-09,2.53603e-09,1626716820,2021-07-19T17:47:00
2.53098e-09,2.53098e-09,2.53098e-09,2.53098e-09,1626716280,2021-07-19T17:38:00
2.53477e-09,2.53477e-09,2.53477e-09,2.53477e-09,1626715860,2021-07-19T17:31:00
2.51051e-09,2.51051e-09,2.51051e-09,2.51051e-09,1626715800,2021-07-19T17:30:00
2.51644e-09,2.51644e-09,2.51644e-09,2.51644e-09,1626715680,2021-07-19T17:28:00
2.50439e-09,2.50439e-09,2.50439e-09,2.50439e-09,1626715260,2021-07-19T17:21:00
2.49343e-09,2.49343e-09,2.49343e-09,2.49343e-09,1626714960,2021-07-19T17:16:00
2.50204e-09,2.50204e-09,2.50204e-09,2.50204e-09,1626714660,2021-07-19T17:11:00
2.50312e-09,2.50312e-09,2.50312e-09,2.50312e-09,1626713520,2021-07-19T16:52:00
2.50518e-09,2.50518e-09,2.50518e-09,2.50518e-09,1626712380,2021-07-19T16:33:00
2.50779e-09,2.50779e-09,2.50779e-09,2.50779e-09,1626712200,2021-07-19T16:30:00
2.50903e-09,2.50903e-09,2.50903e-09,2.50903e-09,1626712140,2021-07-19T16:29:00
2.52715e-09,2.52715e-09,2.52715e-09,2.52715e-09,1626708000,2021-07-19T15:20:00
2.52048e-09,2.52048e-09,2.52048e-09,2.52048e-09,1626707460,2021-07-19T15:11:00
2.50796e-09,2.50796e-09,2.50796e-09,2.50796e-09,1626701220,2021-07-19T13:27:00
2.50655e-09,2.50655e-09,2.50655e-09,2.50655e-09,1626698880,2021-07-19T12:48:00
2.56164e-09,2.56164e-09,2.56164e-09,2.56164e-09,1626697740,2021-07-19T12:29:00
2.58045e-09,2.58045e-09,2.58045e-09,2.58045e-09,1626696840,2021-07-19T12:14:00
2.5666e-09,2.5666e-09,2.5666e-09,2.5666e-09,1626696120,2021-07-19T12:02:00
2.56816e-09,2.56816e-09,2.56816e-09,2.56816e-09,1626696060,2021-07-19T12:01:00
2.58736e-09,2.58736e-09,2.56944e-09,2.56944e-09,1626692040,2021-07-19T10:54:00
2.57748e-09,2.57748e-09,2.57748e-09,2.57748e-09,1626691740,2021-07-19T10:49:00
2.56026e-09,2.56026e-09,2.56026e-09,2.56026e-09,1626691320,2021-07-19T10:42:00
2.56134e-09,2.56134e-09,2.56134e-09,2.56134e-09,1626689160,2021-07-19T10:06:00
2.56138e-09,2.56138e-09,2.56138e-09,2.56138e-09,1626688800,2021-07-19T10:00:00
2.55882e-09,2.55882e-09,2.55882e-09,2.55882e-09,1626688560,2021-07-19T09:56:00
2.56523e-09,2.56523e-09,2.56523e-09,2.56523e-09,1626687600,2021-07-19T09:40:00
2.55262e-09,2.55262e-09,2.55262e-09,2.55262e-09,1626686640,2021-07-19T09:24:00
2.58861e-09,2.58861e-09,2.58861e-09,2.58861e-09,1626676800,2021-07-19T06:40:00
2.59275e-09,2.59275e-09,2.59275e-09,2.59275e-09,1626676500,2021-07-19T06:35:00
2.59152e-09,2.59152e-09,2.59152e-09,2.59152e-09,1626676380,2021-07-19T06:33:00
2.59041e-09,2.59041e-09,2.59041e-09,2.59041e-09,1626676260,2021-07-19T06:31:00
2.58942e-09,2.59059e-09,2.58942e-09,2.59059e-09,1626676200,2021-07-19T06:30:00
2.57572e-09,2.57572e-09,2.57572e-09,2.57572e-09,1626675000,2021-07-19T06:10:00
2.54775e-09,2.54775e-09,2.54775e-09,2.54775e-09,1626663660,2021-07-19T03:01:00
2.54759e-09,2.54759e-09,2.54759e-09,2.54759e-09,1626662400,2021-07-19T02:40:00
2.56832e-09,2.56832e-09,2.56832e-09,2.56832e-09,1626655080,2021-07-19T00:38:00
2.57886e-09,2.57886e-09,2.57886e-09,2.57886e-09,1626652920,2021-07-19T00:02:00
2.57225e-09,2.57225e-09,2.57225e-09,2.57225e-09,1626652200,2021-07-18T23:50:00
2.56436e-09,2.56436e-09,2.56436e-09,2.56436e-09,1626650640,2021-07-18T23:24:00
2.56033e-09,2.56033e-09,2.56033e-09,2.56033e-09,1626647940,2021-07-18T22:39:00
2.55405e-09,2.55405e-09,2.55405e-09,2.55405e-09,1626645120,2021-07-18T21:52:00
2.54285e-09,2.54285e-09,2.54285e-09,2.54285e-09,1626643020,2021-07-18T21:17:00
2.55973e-09,2.55973e-09,2.55973e-09,2.55973e-09,1626640440,2021-07-18T20:34:00
2.54761e-09,2.54761e-09,2.54761e-09,2.54761e-09,1626638160,2021-07-18T19:56:00
2.51204e-09,2.51204e-09,2.51204e-09,2.51204e-09,1626638040,2021-07-18T19:54:00
2.56437e-09,2.56437e-09,2.56437e-09,2.56437e-09,1626636900,2021-07-18T19:35:00
2.56123e-09,2.56123e-09,2.56123e-09,2.56123e-09,1626632760,2021-07-18T18:26:00
2.5543e-09,2.5543e-09,2.5543e-09,2.5543e-09,1626632580,2021-07-18T18:23:00
2.55497e-09,2.55497e-09,2.55497e-09,2.55497e-09,1626632040,2021-07-18T18:14:00
2.52905e-09,2.52905e-09,2.52905e-09,2.52905e-09,1626629100,2021-07-18T17:25:00
2.53031e-09,2.53031e-09,2.53031e-09,2.53031e-09,1626627960,2021-07-18T17:06:00
2.54681e-09,2.54681e-09,2.54681e-09,2.54681e-09,1626624060,2021-07-18T16:01:00
2.60819e-09,2.60819e-09,2.60819e-09,2.60819e-09,1626616920,2021-07-18T14:02:00
2.58524e-09,2.58524e-09,2.58524e-09,2.58524e-09,1626616620,2021-07-18T13:57:00
2.62077e-09,2.62077e-09,2.62077e-09,2.62077e-09,1626610980,2021-07-18T12:23:00
2.60337e-09,2.60337e-09,2.60337e-09,2.60337e-09,1626604980,2021-07-18T10:43:00
2.57985e-09,2.57985e-09,2.57985e-09,2.57985e-09,1626602460,2021-07-18T10:01:00
2.57599e-09,2.57851e-09,2.57599e-09,2.57851e-09,1626598440,2021-07-18T08:54:00
2.58965e-09,2.58965e-09,2.58965e-09,2.58965e-09,1626584820,2021-07-18T05:07:00
2.57656e-09,2.57656e-09,2.57656e-09,2.57656e-09,1626580140,2021-07-18T03:49:00
2.57385e-09,2.57385e-09,2.57385e-09,2.57385e-09,1626578640,2021-07-18T03:24:00
2.67843e-09,2.67843e-09,2.67843e-09,2.67843e-09,1626572280,2021-07-18T01:38:00
1.85012e-09,1.85012e-09,1.85012e-09,1.85012e-09,1626571500,2021-07-18T01:25:00
2.67914e-09,2.67914e-09,2.67914e-09,2.67914e-09,1626558900,2021-07-17T21:55:00
2.66855e-09,2.66855e-09,2.66855e-09,2.66855e-09,1626556980,2021-07-17T21:23:00
2.67374e-09,2.67374e-09,2.67374e-09,2.67374e-09,1626555420,2021-07-17T20:57:00
2.67022e-09,2.67022e-09,2.67022e-09,2.67022e-09,1626549720,2021-07-17T19:22:00
2.68896e-09,2.68896e-09,2.68896e-09,2.68896e-09,1626549600,2021-07-17T19:20:00
2.67971e-09,2.67971e-09,2.67971e-09,2.67971e-09,1626546900,2021-07-17T18:35:00
2.68384e-09,2.68384e-09,2.68384e-09,2.68384e-09,1626545760,2021-07-17T18:16:00
2.67992e-09,2.67992e-09,2.67992e-09,2.67992e-09,1626544680,2021-07-17T17:58:00
2.67107e-09,2.67107e-09,2.67107e-09,2.67107e-09,1626543600,2021-07-17T17:40:00
2.67009e-09,2.67009e-09,2.67009e-09,2.67009e-09,1626542460,2021-07-17T17:21:00
2.67478e-09,2.67478e-09,2.67478e-09,2.67478e-09,1626541680,2021-07-17T17:08:00
2.67111e-09,2.67111e-09,2.67111e-09,2.67111e-09,1626541500,2021-07-17T17:05:00
2.64468e-09,2.64468e-09,2.64468e-09,2.64468e-09,1626537480,2021-07-17T15:58:00
2.64229e-09,2.64229e-09,2.64229e-09,2.64229e-09,1626537360,2021-07-17T15:56:00
2.63936e-09,2.63936e-09,2.63936e-09,2.63936e-09,1626537240,2021-07-17T15:54:00
2.63986e-09,2.63986e-09,2.63986e-09,2.63986e-09,1626533220,2021-07-17T14:47:00
2.63628e-09,2.63628e-09,2.63628e-09,2.63628e-09,1626532260,2021-07-17T14:31:00
2.62907e-09,2.62907e-09,2.62907e-09,2.62907e-09,1626530880,2021-07-17T14:08:00
2.62813e-09,2.62813e-09,2.62813e-09,2.62813e-09,1626529800,2021-07-17T13:50:00
2.60821e-09,2.60821e-09,2.60821e-09,2.60821e-09,1626523200,2021-07-17T12:00:00
2.62286e-09,2.62286e-09,2.62286e-09,2.62286e-09,1626521760,2021-07-17T11:36:00
2.6588e-09,2.6588e-09,2.6588e-09,2.6588e-09,1626515160,2021-07-17T09:46:00
2.63173e-09,2.63173e-09,2.63173e-09,2.63173e-09,1626510240,2021-07-17T08:24:00
2.64221e-09,2.64221e-09,2.64221e-09,2.64221e-09,1626505860,2021-07-17T07:11:00
2.63993e-09,2.63993e-09,2.63993e-09,2.63993e-09,1626502380,2021-07-17T06:13:00
2.62553e-09,2.62553e-09,2.62553e-09,2.62553e-09,1626500520,2021-07-17T05:42:00
2.64331e-09,2.64331e-09,2.64331e-09,2.64331e-09,1626500100,2021-07-17T05:35:00
2.64623e-09,2.64623e-09,2.64623e-09,2.64623e-09,1626498300,2021-07-17T05:05:00
2.65886e-09,2.65886e-09,2.65886e-09,2.65886e-09,1626496020,2021-07-17T04:27:00
2.65681e-09,2.65767e-09,2.65681e-09,2.65767e-09,1626495840,2021-07-17T04:24:00
2.65414e-09,2.65414e-09,2.65414e-09,2.65414e-09,1626495660,2021-07-17T04:21:00
2.43893e-09,2.43893e-09,2.43893e-09,2.43893e-09,1626495360,2021-07-17T04:16:00
2.65528e-09,2.65528e-09,2.65528e-09,2.65528e-09,1626495180,2021-07-17T04:13:00
2.64936e-09,2.64936e-09,2.64936e-09,2.64936e-09,1626494340,2021-07-17T03:59:00
2.67212e-09,2.67212e-09,2.67212e-09,2.67212e-09,1626493980,2021-07-17T03:53:00
2.65495e-09,2.65495e-09,2.65495e-09,2.65495e-09,1626493560,2021-07-17T03:46:00
2.85825e-09,2.85825e-09,2.85825e-09,2.85825e-09,1626493260,2021-07-17T03:41:00
3.08358e-09,3.08358e-09,3.08358e-09,3.08358e-09,1626491580,2021-07-17T03:13:00
3.07564e-09,3.07564e-09,3.07564e-09,3.07564e-09,1626490320,2021-07-17T02:52:00
3.10158e-09,3.10158e-09,3.10158e-09,3.10158e-09,1626486960,2021-07-17T01:56:00
3.08631e-09,3.08631e-09,3.08631e-09,3.08631e-09,1626486600,2021-07-17T01:50:00
3.09865e-09,3.09865e-09,3.09865e-09,3.09865e-09,1626482400,2021-07-17T00:40:00
3.07343e-09,3.07343e-09,3.07343e-09,3.07343e-09,1626479460,2021-07-16T23:51:00
3.09452e-09,3.09452e-09,3.09452e-09,3.09452e-09,1626479280,2021-07-16T23:48:00
3.09606e-09,3.09606e-09,3.09606e-09,3.09606e-09,1626478140,2021-07-16T23:29:00
3.08926e-09,3.08926e-09,3.08926e-09,3.08926e-09,1626477300,2021-07-16T23:15:00
3.082e-09,3.082e-09,3.082e-09,3.082e-09,1626477000,2021-07-16T23:10:00
3.06381e-09,3.06381e-09,3.06381e-09,3.06381e-09,1626476520,2021-07-16T23:02:00
3.09035e-09,3.09035e-09,3.09035e-09,3.09035e-09,1626475860,2021-07-16T22:51:00
3.08188e-09,3.08188e-09,3.08188e-09,3.08188e-09,1626475380,2021-07-16T22:43:00
3.08348e-09,3.08348e-09,3.08348e-09,3.08348e-09,1626474180,2021-07-16T22:23:00
3.07436e-09,3.07436e-09,3.07436e-09,3.07436e-09,1626471000,2021-07-16T21:30:00
3.07038e-09,3.07038e-09,3.07038e-09,3.07038e-09,1626470760,2021-07-16T21:26:00
3.06122e-09,3.06122e-09,3.06122e-09,3.06122e-09,1626469440,2021-07-16T21:04:00
3.04443e-09,3.04443e-09,3.04443e-09,3.04443e-09,1626468840,2021-07-16T20:54:00
3.04348e-09,3.04348e-09,3.04348e-09,3.04348e-09,1626466980,2021-07-16T20:23:00
3.04342e-09,3.04342e-09,3.04342e-09,3.04342e-09,1626466500,2021-07-16T20:15:00
2.98397e-09,2.98397e-09,2.98397e-09,2.98397e-09,1626464940,2021-07-16T19:49:00
2.9433e-09,2.9433e-09,2.9433e-09,2.9433e-09,1626460080,2021-07-16T18:28:00
2.93579e-09,2.93579e-09,2.93579e-09,2.93579e-09,1626459900,2021-07-16T18:25:00
2.92744e-09,2.92744e-09,2.92744e-09,2.92744e-09,1626458760,2021-07-16T18:06:00
2.9111e-09,2.9111e-09,2.9111e-09,2.9111e-09,1626457080,2021-07-16T17:38:00
2.9334e-09,2.9334e-09,2.9334e-09,2.9334e-09,1626455880,2021-07-16T17:18:00
2.91367e-09,2.91367e-09,2.91367e-09,2.91367e-09,1626454380,2021-07-16T16:53:00
2.87089e-09,2.87089e-09,2.87089e-09,2.87089e-09,1626451980,2021-07-16T16:13:00
2.83053e-09,2.83053e-09,2.83053e-09,2.83053e-09,1626451380,2021-07-16T16:03:00
2.78059e-09,2.78059e-09,2.78059e-09,2.78059e-09,1626451080,2021-07-16T15:58:00
2.72856e-09,2.75892e-09,2.72856e-09,2.75892e-09,1626450960,2021-07-16T15:56:00
2.64906e-09,2.64906e-09,2.64906e-09,2.64906e-09,1626450540,2021-07-16T15:49:00
2.5385e-09,2.5385e-09,2.5385e-09,2.5385e-09,1626440640,2021-07-16T13:04:00
2.49728e-09,2.49728e-09,2.49728e-09,2.49728e-09,1626432600,2021-07-16T10:50:00
2.53029e-09,2.53029e-09,2.53029e-09,2.53029e-09,1626418200,2021-07-16T06:50:00
2.57779e-09,2.57779e-09,2.57779e-09,2.57779e-09,1626413340,2021-07-16T05:29:00
2.22474e-09,2.22474e-09,2.22474e-09,2.22474e-09,1626406800,2021-07-16T03:40:00
2.41701e-09,2.41701e-09,2.41701e-09,2.41701e-09,1626402540,2021-07-16T02:29:00
2.52737e-09,2.52737e-09,2.52737e-09,2.52737e-09,1626396180,2021-07-16T00:43:00
2.51324e-09,2.51324e-09,2.51324e-09,2.51324e-09,1626365760,2021-07-15T16:16:00
2.53478e-09,2.53478e-09,2.53478e-09,2.53478e-09,1626357480,2021-07-15T13:58:00
2.57066e-09,2.57066e-09,2.57066e-09,2.57066e-09,1626347460,2021-07-15T11:11:00
2.57327e-09,2.57327e-09,2.57327e-09,2.57327e-09,1626345900,2021-07-15T10:45:00
2.59962e-09,2.59962e-09,2.59962e-09,2.59962e-09,1626342900,2021-07-15T09:55:00
2.57459e-09,2.57459e-09,2.57459e-09,2.57459e-09,1626334440,2021-07-15T07:34:00
2.57569e-09,2.57569e-09,2.57569e-09,2.57569e-09,1626330600,2021-07-15T06:30:00
2.66153e-09,2.66153e-09,2.66153e-09,2.66153e-09,1626310860,2021-07-15T01:01:00
2.63427e-09,2.63427e-09,2.63047e-09,2.63047e-09,1626296400,2021-07-14T21:00:00
2.64659e-09,2.64659e-09,2.64659e-09,2.64659e-09,1626278220,2021-07-14T15:57:00
2.64767e-09,2.64767e-09,2.64767e-09,2.64767e-09,1626278040,2021-07-14T15:54:00
2.66732e-09,2.66732e-09,2.66732e-09,2.66732e-09,1626274320,2021-07-14T14:52:00
2.58679e-09,2.58679e-09,2.58679e-09,2.58679e-09,1626259260,2021-07-14T10:41:00
2.52253e-09,2.52253e-09,2.52253e-09,2.52253e-09,1626252180,2021-07-14T08:43:00
2.50506e-09,2.50506e-09,2.50506e-09,2.50506e-09,1626250140,2021-07-14T08:09:00
2.51758e-09,2.51758e-09,2.51758e-09,2.51758e-09,1626231000,2021-07-14T02:50:00
2.52045e-09,2.52045e-09,2.52045e-09,2.52045e-09,1626230340,2021-07-14T02:39:00
2.51518e-09,2.51518e-09,2.51518e-09,2.51518e-09,1626229920,2021-07-14T02:32:00
2.50762e-09,2.50762e-09,2.50762e-09,2.50762e-09,1626227640,2021-07-14T01:54:00
2.48967e-09,2.48967e-09,2.48967e-09,2.48967e-09,1626227460,2021-07-14T01:51:00
2.47039e-09,2.47039e-09,2.47039e-09,2.47039e-09,1626226920,2021-07-14T01:42:00
2.50688e-09,2.50688e-09,2.50688e-09,2.50688e-09,1626221340,2021-07-14T00:09:00
2.53366e-09,2.53366e-09,2.53366e-09,2.53366e-09,1626215400,2021-07-13T22:30:00
2.5718e-09,2.58696e-09,2.5718e-09,2.58696e-09,1626201240,2021-07-13T18:34:00
2.57535e-09,2.57535e-09,2.57535e-09,2.57535e-09,1626198540,2021-07-13T17:49:00
2.5908e-09,2.5908e-09,2.5908e-09,2.5908e-09,1626190560,2021-07-13T15:36:00
2.57721e-09,2.57721e-09,2.57721e-09,2.57721e-09,1626187320,2021-07-13T14:42:00
2.56162e-09,2.56162e-09,2.56162e-09,2.56162e-09,1626180600,2021-07-13T12:50:00
2.61945e-09,2.61945e-09,2.61945e-09,2.61945e-09,1626176160,2021-07-13T11:36:00
2.60625e-09,2.60625e-09,2.60625e-09,2.60625e-09,1626171780,2021-07-13T10:23:00
2.58096e-09,2.58096e-09,2.58096e-09,2.58096e-09,1626156420,2021-07-13T06:07:00
2.60142e-09,2.60142e-09,2.60142e-09,2.60142e-09,1626154080,2021-07-13T05:28:00
2.63707e-09,2.63707e-09,2.63707e-09,2.63707e-09,1626152280,2021-07-13T04:58:00
2.63726e-09,2.63726e-09,2.63726e-09,2.63726e-09,1626151440,2021-07-13T04:44:00
2.65111e-09,2.65111e-09,2.65111e-09,2.65111e-09,1626144960,2021-07-13T02:56:00
2.71845e-09,2.71845e-09,2.71845e-09,2.71845e-09,1626141780,2021-07-13T02:03:00
2.82774e-09,2.82774e-09,2.82774e-09,2.82774e-09,1626141120,2021-07-13T01:52:00
2.8018e-09,2.8018e-09,2.8018e-09,2.8018e-09,1626140460,2021-07-13T01:41:00
2.78567e-09,2.78567e-09,2.78567e-09,2.78567e-09,1626132420,2021-07-12T23:27:00
2.8012e-09,2.8012e-09,2.8012e-09,2.8012e-09,1626125700,2021-07-12T21:35:00
2.78908e-09,2.78908e-09,2.78908e-09,2.78908e-09,1626124920,2021-07-12T21:22:00
2.80551e-09,2.80551e-09,2.80551e-09,2.80551e-09,1626122880,2021-07-12T20:48:00
2.83904e-09,2.83904e-09,2.83904e-09,2.83904e-09,1626114060,2021-07-12T18:21:00
2.83163e-09,2.83163e-09,2.83163e-09,2.83163e-09,1626111540,2021-07-12T17:39:00
2.93597e-09,2.93597e-09,2.93597e-09,2.93597e-09,1626099240,2021-07-12T14:14:00
2.95876e-09,2.95876e-09,2.95876e-09,2.95876e-09,1626094440,2021-07-12T12:54:00
2.98461e-09,2.98461e-09,2.98461e-09,2.98461e-09,1626091860,2021-07-12T12:11:00
3.03199e-09,3.03199e-09,3.03199e-09,3.03199e-09,1626091740,2021-07-12T12:09:00
3.07861e-09,3.07861e-09,3.07861e-09,3.07861e-09,1626088740,2021-07-12T11:19:00
3.12464e-09,3.12464e-09,3.12464e-09,3.12464e-09,1626074700,2021-07-12T07:25:00
3.15458e-09,3.15458e-09,3.15458e-09,3.15458e-09,1626063840,2021-07-12T04:24:00
3.13413e-09,3.13413e-09,3.13413e-09,3.13413e-09,1626061560,2021-07-12T03:46:00
3.1282e-09,3.14793e-09,3.1282e-09,3.14793e-09,1626061200,2021-07-12T03:40:00
3.12988e-09,3.12988e-09,3.12988e-09,3.12988e-09,1626060720,2021-07-12T03:32:00
3.16921e-09,3.16921e-09,3.16921e-09,3.16921e-09,1626059460,2021-07-12T03:11:00
3.20792e-09,3.20792e-09,3.20792e-09,3.20792e-09,1626059100,2021-07-12T03:05:00
3.22737e-09,3.22737e-09,3.22737e-09,3.22737e-09,1626057540,2021-07-12T02:39:00
3.21317e-09,3.21317e-09,3.21317e-09,3.21317e-09,1626053340,2021-07-12T01:29:00
3.2104e-09,3.2104e-09,3.2104e-09,3.2104e-09,1626053220,2021-07-12T01:27:00
3.20988e-09,3.20988e-09,3.20988e-09,3.20988e-09,1626052680,2021-07-12T01:18:00
3.2057e-09,3.2057e-09,3.2057e-09,3.2057e-09,1626049920,2021-07-12T00:32:00
3.1855e-09,3.1855e-09,3.1855e-09,3.1855e-09,1626049800,2021-07-12T00:30:00
3.17145e-09,3.17145e-09,3.17145e-09,3.17145e-09,1626049740,2021-07-12T00:29:00
3.17076e-09,3.17076e-09,3.17076e-09,3.17076e-09,1626049560,2021-07-12T00:26:00
3.1671e-09,3.1671e-09,3.1671e-09,3.1671e-09,1626048240,2021-07-12T00:04:00
3.14878e-09,3.14878e-09,3.14878e-09,3.14878e-09,1626047700,2021-07-11T23:55:00
3.16632e-09,3.16632e-09,3.16632e-09,3.16632e-09,1626047580,2021-07-11T23:53:00
3.14313e-09,3.14313e-09,3.14313e-09,3.14313e-09,1626047460,2021-07-11T23:51:00
3.16232e-09,3.16232e-09,3.16232e-09,3.16232e-09,1626047280,2021-07-11T23:48:00
3.15176e-09,3.15176e-09,3.15176e-09,3.15176e-09,1626047160,2021-07-11T23:46:00
3.3017e-09,3.3017e-09,3.3017e-09,3.3017e-09,1626046920,2021-07-11T23:42:00
3.43628e-09,3.46016e-09,3.43628e-09,3.46016e-09,1626046860,2021-07-11T23:41:00
3.48609e-09,3.48609e-09,3.48609e-09,3.48609e-09,1626046800,2021-07-11T23:40:00
3.56464e-09,3.56464e-09,3.56464e-09,3.56464e-09,1626046740,2021-07-11T23:39:00
3.5733e-09,3.5733e-09,3.5733e-09,3.5733e-09,1626046080,2021-07-11T23:28:00
3.571e-09,3.571e-09,3.571e-09,3.571e-09,1626045900,2021-07-11T23:25:00
3.5666e-09,3.5666e-09,3.5666e-09,3.5666e-09,1626045480,2021-07-11T23:18:00
3.56517e-09,3.56517e-09,3.56517e-09,3.56517e-09,1626045360,2021-07-11T23:16:00
3.54964e-09,3.54964e-09,3.54964e-09,3.54964e-09,1626045240,2021-07-11T23:14:00
3.57774e-09,3.57774e-09,3.57774e-09,3.57774e-09,1626045000,2021-07-11T23:10:00
3.55745e-09,3.55745e-09,3.55745e-09,3.55745e-09,1626044940,2021-07-11T23:09:00
3.56826e-09,3.56826e-09,3.56826e-09,3.56826e-09,1626044760,2021-07-11T23:06:00
3.57261e-09,3.57261e-09,3.57261e-09,3.57261e-09,1626044640,2021-07-11T23:04:00
3.58475e-09,3.58475e-09,3.57393e-09,3.57393e-09,1626044580,2021-07-11T23:03:00
3.60079e-09,3.60079e-09,3.60079e-09,3.60079e-09,1626044520,2021-07-11T23:02:00
3.62693e-09,3.62693e-09,3.62693e-09,3.62693e-09,1626044460,2021-07-11T23:01:00
3.67966e-09,3.67966e-09,3.66295e-09,3.66295e-09,1626044400,2021-07-11T23:00:00
3.69824e-09,3.69824e-09,3.69824e-09,3.69824e-09,1626044340,2021-07-11T22:59:00
3.82745e-09,3.82745e-09,3.82745e-09,3.82745e-09,1626044280,2021-07-11T22:58:00
3.96917e-09,3.96917e-09,3.96917e-09,3.96917e-09,1626044160,2021-07-11T22:56:00
4.02488e-09,4.02488e-09,3.98439e-09,3.98439e-09,1626044100,2021-07-11T22:55:00
4.06413e-09,4.06413e-09,4.06413e-09,4.06413e-09,1626043800,2021-07-11T22:50:00
4.05057e-09,4.05057e-09,4.05057e-09,4.05057e-09,1626043680,2021-07-11T22:48:00
4.03336e-09,4.043e-09,4.03336e-09,4.043e-09,1626043620,2021-07-11T22:47:00
4.01511e-09,4.01511e-09,4.01511e-09,4.01511e-09,1626043560,2021-07-11T22:46:00
3.9969e-09,3.9969e-09,3.9969e-09,3.9969e-09,1626043500,2021-07-11T22:45:00
3.96278e-09,3.97578e-09,3.96116e-09,3.97578e-09,1626043320,2021-07-11T22:42:00
4.00338e-09,4.00338e-09,4.00338e-09,4.00338e-09,1626043200,2021-07-11T22:40:00
3.98245e-09,3.98245e-09,3.98245e-09,3.98245e-09,1626043140,2021-07-11T22:39:00
3.9542e-09,3.9542e-09,3.9542e-09,3.9542e-09,1626043080,2021-07-11T22:38:00
3.90625e-09,3.93297e-09,3.90625e-09,3.93297e-09,1626043020,2021-07-11T22:37:00
3.88684e-09,3.88684e-09,3.88684e-09,3.88684e-09,1626042960,2021-07-11T22:36:00
3.82323e-09,3.87106e-09,3.82323e-09,3.87106e-09,1626042900,2021-07-11T22:35:00
3.66822e-09,3.74998e-09,3.66822e-09,3.74998e-09,1626042840,2021-07-11T22:34:00
3.63371e-09,3.65517e-09,3.63371e-09,3.65517e-09,1626042780,2021-07-11T22:33:00
3.59092e-09,3.59092e-09,3.59092e-09,3.59092e-09,1626042720,2021-07-11T22:32:00
3.4029e-09,3.4029e-09,3.4029e-09,3.4029e-09,1626042660,2021-07-11T22:31:00
2.96068e-09,3.14281e-09,2.96068e-09,3.14281e-09,1626042480,2021-07-11T22:28:00
2.8915e-09,2.8915e-09,2.8915e-09,2.8915e-09,1626039240,2021-07-11T21:34:00
2.89421e-09,2.89421e-09,2.89421e-09,2.89421e-09,1626034800,2021-07-11T20:20:00
2.91095e-09,2.91095e-09,2.91095e-09,2.91095e-09,1626032580,2021-07-11T19:43:00
2.92407e-09,2.92407e-09,2.92407e-09,2.92407e-09,1626030300,2021-07-11T19:05:00
2.94093e-09,2.94093e-09,2.94093e-09,2.94093e-09,1626029280,2021-07-11T18:48:00
2.92793e-09,2.92793e-09,2.92793e-09,2.92793e-09,1626027540,2021-07-11T18:19:00
2.95256e-09,2.95256e-09,2.95256e-09,2.95256e-09,1626026160,2021-07-11T17:56:00
2.93122e-09,2.93122e-09,2.93122e-09,2.93122e-09,1625997600,2021-07-11T10:00:00
2.85371e-09,2.85371e-09,2.85371e-09,2.85371e-09,1625980560,2021-07-11T05:16:00
2.87072e-09,2.87072e-09,2.87072e-09,2.87072e-09,1625979600,2021-07-11T05:00:00
2.86175e-09,2.86175e-09,2.86175e-09,2.86175e-09,1625977920,2021-07-11T04:32:00
2.87105e-09,2.87105e-09,2.87105e-09,2.87105e-09,1625977440,2021-07-11T04:24:00
2.87847e-09,2.87847e-09,2.87847e-09,2.87847e-09,1625972340,2021-07-11T02:59:00
2.89183e-09,2.89183e-09,2.89183e-09,2.89183e-09,1625967900,2021-07-11T01:45:00
2.88263e-09,2.88263e-09,2.88263e-09,2.88263e-09,1625967540,2021-07-11T01:39:00
2.8953e-09,2.8953e-09,2.8953e-09,2.8953e-09,1625964540,2021-07-11T00:49:00
2.89121e-09,2.89121e-09,2.89121e-09,2.89121e-09,1625963940,2021-07-11T00:39:00
2.86251e-09,2.86251e-09,2.86251e-09,2.86251e-09,1625950680,2021-07-10T20:58:00
2.87265e-09,2.87265e-09,2.87265e-09,2.87265e-09,1625946060,2021-07-10T19:41:00
2.86255e-09,2.86255e-09,2.86255e-09,2.86255e-09,1625944440,2021-07-10T19:14:00
2.8574e-09,2.8574e-09,2.8574e-09,2.8574e-09,1625942040,2021-07-10T18:34:00
2.93473e-09,2.93473e-09,2.93473e-09,2.93473e-09,1625935260,2021-07-10T16:41:00
2.88641e-09,2.88641e-09,2.88641e-09,2.88641e-09,1625932440,2021-07-10T15:54:00
2.88698e-09,2.88698e-09,2.88698e-09,2.88698e-09,1625926680,2021-07-10T14:18:00
2.89452e-09,2.89452e-09,2.89452e-09,2.89452e-09,1625922060,2021-07-10T13:01:00
2.89701e-09,2.89701e-09,2.89701e-09,2.89701e-09,1625921400,2021-07-10T12:50:00
2.88156e-09,2.88156e-09,2.88156e-09,2.88156e-09,1625918700,2021-07-10T12:05:00
2.85854e-09,2.85854e-09,2.85854e-09,2.85854e-09,1625915940,2021-07-10T11:19:00
2.88103e-09,2.88103e-09,2.88103e-09,2.88103e-09,1625912880,2021-07-10T10:28:00
2.88155e-09,2.88155e-09,2.88155e-09,2.88155e-09,1625912700,2021-07-10T10:25:00
2.88054e-09,2.88054e-09,2.88054e-09,2.88054e-09,1625912640,2021-07-10T10:24:00
2.88053e-09,2.88053e-09,2.88053e-09,2.88053e-09,1625911500,2021-07-10T10:05:00
2.89164e-09,2.89164e-09,2.89164e-09,2.89164e-09,1625910600,2021-07-10T09:50:00
2.88812e-09,2.88812e-09,2.88812e-09,2.88812e-09,1625910000,2021-07-10T09:40:00
2.88199e-09,2.88199e-09,2.88199e-09,2.88199e-09,1625909040,2021-07-10T09:24:00
2.87769e-09,2.87769e-09,2.87769e-09,2.87769e-09,1625904060,2021-07-10T08:01:00
2.88242e-09,2.88242e-09,2.88242e-09,2.88242e-09,1625901540,2021-07-10T07:19:00
2.87631e-09,2.87631e-09,2.87631e-09,2.87631e-09,1625901240,2021-07-10T07:14:00
2.8744e-09,2.8744e-09,2.8744e-09,2.8744e-09,1625900940,2021-07-10T07:09:00
2.86753e-09,2.86753e-09,2.86753e-09,2.86753e-09,1625899620,2021-07-10T06:47:00
2.88081e-09,2.88081e-09,2.88081e-09,2.88081e-09,1625889180,2021-07-10T03:53:00
2.92913e-09,2.92913e-09,2.92913e-09,2.92913e-09,1625881380,2021-07-10T01:43:00
2.95207e-09,2.95207e-09,2.95207e-09,2.95207e-09,1625880480,2021-07-10T01:28:00
2.95179e-09,2.95179e-09,2.95179e-09,2.95179e-09,1625878860,2021-07-10T01:01:00
2.93955e-09,2.93955e-09,2.93955e-09,2.93955e-09,1625870640,2021-07-09T22:44:00
3.0622e-09,3.0622e-09,3.0622e-09,3.0622e-09,1625866980,2021-07-09T21:43:00
3.15638e-09,3.15638e-09,3.15638e-09,3.15638e-09,1625857560,2021-07-09T19:06:00
3.15361e-09,3.15361e-09,3.15361e-09,3.15361e-09,1625855040,2021-07-09T18:24:00
3.14846e-09,3.14846e-09,3.14846e-09,3.14846e-09,1625853600,2021-07-09T18:00:00
3.19774e-09,3.19774e-09,3.19774e-09,3.19774e-09,1625843520,2021-07-09T15:12:00
3.15872e-09,3.15872e-09,3.15872e-09,3.15872e-09,1625841780,2021-07-09T14:43:00
3.15466e-09,3.15466e-09,3.15466e-09,3.15466e-09,1625838780,2021-07-09T13:53:00
3.16941e-09,3.16941e-09,3.16941e-09,3.16941e-09,1625838060,2021-07-09T13:41:00
3.14624e-09,3.14624e-09,3.14624e-09,3.14624e-09,1625825280,2021-07-09T10:08:00
3.1464e-09,3.1464e-09,3.1464e-09,3.1464e-09,1625823660,2021-07-09T09:41:00
3.14199e-09,3.14199e-09,3.14199e-09,3.14199e-09,1625823180,2021-07-09T09:33:00
3.14094e-09,3.14094e-09,3.14094e-09,3.14094e-09,1625813100,2021-07-09T06:45:00
3.17837e-09,3.17837e-09,3.17837e-09,3.17837e-09,1625809260,2021-07-09T05:41:00
3.13902e-09,3.13902e-09,3.13902e-09,3.13902e-09,1625805000,2021-07-09T04:30:00
3.09297e-09,3.09297e-09,3.09297e-09,3.09297e-09,1625792040,2021-07-09T00:54:00
3.10388e-09,3.10388e-09,3.10388e-09,3.10388e-09,1625790780,2021-07-09T00:33:00
3.10913e-09,3.10913e-09,3.10913e-09,3.10913e-09,1625789760,2021-07-09T00:16:00
3.16152e-09,3.16152e-09,3.16152e-09,3.16152e-09,1625788140,2021-07-08T23:49:00
3.14841e-09,3.14841e-09,3.14841e-09,3.14841e-09,1625785560,2021-07-08T23:06:00
3.1658e-09,3.1658e-09,3.1658e-09,3.1658e-09,1625779740,2021-07-08T21:29:00
3.17888e-09,3.17888e-09,3.17888e-09,3.17888e-09,1625778240,2021-07-08T21:04:00
3.18607e-09,3.18607e-09,3.18607e-09,3.18607e-09,1625776260,2021-07-08T20:31:00
3.18632e-09,3.18632e-09,3.18632e-09,3.18632e-09,1625776080,2021-07-08T20:28:00
3.17611e-09,3.17611e-09,3.17611e-09,3.17611e-09,1625775780,2021-07-08T20:23:00
3.17815e-09,3.17815e-09,3.17815e-09,3.17815e-09,1625774160,2021-07-08T19:56:00
3.16435e-09,3.16435e-09,3.16435e-09,3.16435e-09,1625774040,2021-07-08T19:54:00
3.20518e-09,3.20518e-09,3.20518e-09,3.20518e-09,1625773740,2021-07-08T19:49:00
3.194e-09,3.194e-09,3.194e-09,3.194e-09,1625773320,2021-07-08T19:42:00
3.19153e-09,3.19153e-09,3.19153e-09,3.19153e-09,1625772960,2021-07-08T19:36:00
3.1261e-09,3.1261e-09,3.1261e-09,3.1261e-09,1625772300,2021-07-08T19:25:00
3.09402e-09,3.09402e-09,3.09402e-09,3.09402e-09,1625771040,2021-07-08T19:04:00
3.09533e-09,3.09533e-09,3.09533e-09,3.09533e-09,1625765880,2021-07-08T17:38:00
3.1088e-09,3.1088e-09,3.1088e-09,3.1088e-09,1625764020,2021-07-08T17:07:00
3.13383e-09,3.13383e-09,3.13383e-09,3.13383e-09,1625759940,2021-07-08T15:59:00
3.10672e-09,3.10672e-09,3.10672e-09,3.10672e-09,1625752560,2021-07-08T13:56:00
3.14955e-09,3.14955e-09,3.14955e-09,3.14955e-09,1625745780,2021-07-08T12:03:00
3.27854e-09,3.27854e-09,3.27854e-09,3.27854e-09,1625728680,2021-07-08T07:18:00
3.26309e-09,3.26309e-09,3.26309e-09,3.26309e-09,1625728080,2021-07-08T07:08:00
3.3799e-09,3.3799e-09,3.3799e-09,3.3799e-09,1625709240,2021-07-08T01:54:00
3.36012e-09,3.36012e-09,3.36012e-09,3.36012e-09,1625705880,2021-07-08T00:58:00
3.38328e-09,3.38328e-09,3.38328e-09,3.38328e-09,1625705640,2021-07-08T00:54:00
3.41508e-09,3.41508e-09,3.41508e-09,3.41508e-09,1625701020,2021-07-07T23:37:00
3.4325e-09,3.4325e-09,3.4325e-09,3.4325e-09,1625693820,2021-07-07T21:37:00
3.46787e-09,3.46787e-09,3.46787e-09,3.46787e-09,1625692740,2021-07-07T21:19:00
3.44256e-09,3.44256e-09,3.44256e-09,3.44256e-09,1625678280,2021-07-07T17:18:00
3.44128e-09,3.44128e-09,3.44128e-09,3.44128e-09,1625672880,2021-07-07T15:48:00
3.4986e-09,3.4986e-09,3.4986e-09,3.4986e-09,1625651700,2021-07-07T09:55:00
3.51188e-09,3.51188e-09,3.51188e-09,3.51188e-09,1625645040,2021-07-07T08:04:00
3.49882e-09,3.49882e-09,3.49882e-09,3.49882e-09,1625641080,2021-07-07T06:58:00
3.49814e-09,3.49814e-09,3.49814e-09,3.49814e-09,1625637360,2021-07-07T05:56:00
3.50678e-09,3.50678e-09,3.50678e-09,3.50678e-09,1625633580,2021-07-07T04:53:00
3.43862e-09,3.43862e-09,3.43862e-09,3.43862e-09,1625617380,2021-07-07T00:23:00
3.44905e-09,3.44905e-09,3.44905e-09,3.44905e-09,1625617020,2021-07-07T00:17:00
3.43519e-09,3.43519e-09,3.43519e-09,3.43519e-09,1625616900,2021-07-07T00:15:00
3.37494e-09,3.37494e-09,3.37494e-09,3.37494e-09,1625615580,2021-07-06T23:53:00
3.36171e-09,3.36171e-09,3.36171e-09,3.36171e-09,1625613300,2021-07-06T23:15:00
3.39529e-09,3.39529e-09,3.39529e-09,3.39529e-09,1625612820,2021-07-06T23:07:00
3.44353e-09,3.44353e-09,3.44353e-09,3.44353e-09,1625611440,2021-07-06T22:44:00
3.55141e-09,3.55141e-09,3.55141e-09,3.55141e-09,1625602140,2021-07-06T20:09:00
3.56322e-09,3.56322e-09,3.56322e-09,3.56322e-09,1625601180,2021-07-06T19:53:00
3.57838e-09,3.57838e-09,3.57838e-09,3.57838e-09,1625578680,2021-07-06T13:38:00
3.58316e-09,3.58316e-09,3.58316e-09,3.58316e-09,1625574600,2021-07-06T12:30:00
3.60857e-09,3.60857e-09,3.60857e-09,3.60857e-09,1625561520,2021-07-06T08:52:00
3.59292e-09,3.59292e-09,3.59292e-09,3.59292e-09,1625556240,2021-07-06T07:24:00
3.56594e-09,3.56594e-09,3.56594e-09,3.56594e-09,1625548560,2021-07-06T05:16:00
3.45439e-09,3.45439e-09,3.45439e-09,3.45439e-09,1625542800,2021-07-06T03:40:00
3.4433e-09,3.4433e-09,3.4433e-09,3.4433e-09,1625537040,2021-07-06T02:04:00
3.439e-09,3.439e-09,3.439e-09,3.439e-09,1625527680,2021-07-05T23:28:00
3.43949e-09,3.43949e-09,3.43949e-09,3.43949e-09,1625522880,2021-07-05T22:08:00
3.46555e-09,3.46555e-09,3.46555e-09,3.46555e-09,1625522160,2021-07-05T21:56:00
3.485e-09,3.485e-09,3.485e-09,3.485e-09,1625517180,2021-07-05T20:33:00
1.71099e-11,1.71099e-11,1.71099e-11,1.71099e-11,1625515260,2021-07-05T20:01:00
3.44844e-09,3.44844e-09,3.44844e-09,3.44844e-09,1625500080,2021-07-05T15:48:00
3.46456e-09,3.46456e-09,3.46456e-09,3.46456e-09,1625498880,2021-07-05T15:28:00
3.5684e-09,3.5684e-09,3.5684e-09,3.5684e-09,1625479980,2021-07-05T10:13:00
3.54519e-09,3.54519e-09,3.54519e-09,3.54519e-09,1625477340,2021-07-05T09:29:00
3.56688e-09,3.56688e-09,3.56688e-09,3.56688e-09,1625476860,2021-07-05T09:21:00
3.55249e-09,3.55249e-09,3.55249e-09,3.55249e-09,1625475360,2021-07-05T08:56:00
3.52981e-09,3.52981e-09,3.52981e-09,3.52981e-09,1625475120,2021-07-05T08:52:00
3.52402e-09,3.52402e-09,3.52402e-09,3.52402e-09,1625464080,2021-07-05T05:48:00
3.55277e-09,3.55277e-09,3.55277e-09,3.55277e-09,1625461440,2021-07-05T05:04:00
3.54463e-09,3.54463e-09,3.54463e-09,3.54463e-09,1625459280,2021-07-05T04:28:00
3.53393e-09,3.53393e-09,3.53393e-09,3.53393e-09,1625455020,2021-07-05T03:17:00
3.5442e-09,3.5442e-09,3.5442e-09,3.5442e-09,1625454060,2021-07-05T03:01:00
3.58728e-09,3.58728e-09,3.58728e-09,3.58728e-09,1625450880,2021-07-05T02:08:00
3.58407e-09,3.58407e-09,3.58407e-09,3.58407e-09,1625450400,2021-07-05T02:00:00
3.6976e-09,3.6976e-09,3.6976e-09,3.6976e-09,1625433420,2021-07-04T21:17:00
3.69887e-09,3.69887e-09,3.69887e-09,3.69887e-09,1625433120,2021-07-04T21:12:00
3.75766e-09,3.75766e-09,3.75766e-09,3.75766e-09,1625433000,2021-07-04T21:10:00
3.72223e-09,3.72223e-09,3.72223e-09,3.72223e-09,1625431800,2021-07-04T20:50:00
3.83699e-09,3.83699e-09,3.83699e-09,3.83699e-09,1625431260,2021-07-04T20:41:00
3.76002e-09,3.76002e-09,3.76002e-09,3.76002e-09,1625427960,2021-07-04T19:46:00
3.7844e-09,3.7844e-09,3.78144e-09,3.78144e-09,1625427060,2021-07-04T19:31:00
3.73942e-09,3.73942e-09,3.73942e-09,3.73942e-09,1625422680,2021-07-04T18:18:00
3.70781e-09,3.70781e-09,3.70781e-09,3.70781e-09,1625412360,2021-07-04T15:26:00
3.73972e-09,3.73972e-09,3.73972e-09,3.73972e-09,1625407920,2021-07-04T14:12:00
3.75049e-09,3.75049e-09,3.75049e-09,3.75049e-09,1625398560,2021-07-04T11:36:00
3.74282e-09,3.74282e-09,3.74282e-09,3.74282e-09,1625393160,2021-07-04T10:06:00
3.7192e-09,3.7192e-09,3.7192e-09,3.7192e-09,1625391840,2021-07-04T09:44:00
3.73607e-09,3.73607e-09,3.73607e-09,3.73607e-09,1625388960,2021-07-04T08:56:00
3.75891e-09,3.75891e-09,3.75891e-09,3.75891e-09,1625388420,2021-07-04T08:47:00
3.76508e-09,3.76508e-09,3.76508e-09,3.76508e-09,1625384940,2021-07-04T07:49:00
3.74286e-09,3.74286e-09,3.74286e-09,3.74286e-09,1625384820,2021-07-04T07:47:00
3.77099e-09,3.77099e-09,3.77099e-09,3.77099e-09,1625384760,2021-07-04T07:46:00
3.72189e-09,3.72189e-09,3.72189e-09,3.72189e-09,1625381400,2021-07-04T06:50:00
3.61545e-09,3.61545e-09,3.61545e-09,3.61545e-09,1625372820,2021-07-04T04:27:00
3.59959e-09,3.59959e-09,3.59959e-09,3.59959e-09,1625367900,2021-07-04T03:05:00
3.60567e-09,3.60567e-09,3.60567e-09,3.60567e-09,1625366820,2021-07-04T02:47:00
3.60638e-09,3.60638e-09,3.60638e-09,3.60638e-09,1625365620,2021-07-04T02:27:00
3.6048e-09,3.6048e-09,3.6048e-09,3.6048e-09,1625363100,2021-07-04T01:45:00
3.61785e-09,3.61785e-09,3.61785e-09,3.61785e-09,1625361180,2021-07-04T01:13:00
3.67505e-09,3.67505e-09,3.67505e-09,3.67505e-09,1625359200,2021-07-04T00:40:00
3.65218e-09,3.65218e-09,3.65218e-09,3.65218e-09,1625358600,2021-07-04T00:30:00
3.62229e-09,3.62229e-09,3.62229e-09,3.62229e-09,1625354760,2021-07-03T23:26:00
3.64867e-09,3.64867e-09,3.64867e-09,3.64867e-09,1625354580,2021-07-03T23:23:00
3.65172e-09,3.65172e-09,3.65172e-09,3.65172e-09,1625353800,2021-07-03T23:10:00
3.61901e-09,3.61901e-09,3.61901e-09,3.61901e-09,1625352360,2021-07-03T22:46:00
3.64993e-09,3.64993e-09,3.64993e-09,3.64993e-09,1625341020,2021-07-03T19:37:00
3.68626e-09,3.68626e-09,3.68626e-09,3.68626e-09,1625337840,2021-07-03T18:44:00
3.74038e-09,3.74038e-09,3.74038e-09,3.74038e-09,1625336340,2021-07-03T18:19:00
3.7484e-09,3.7484e-09,3.7484e-09,3.7484e-09,1625335680,2021-07-03T18:08:00
3.75209e-09,3.75209e-09,3.75209e-09,3.75209e-09,1625332020,2021-07-03T17:07:00
3.75419e-09,3.75419e-09,3.75419e-09,3.75419e-09,1625331360,2021-07-03T16:56:00
3.79729e-09,3.79729e-09,3.79729e-09,3.79729e-09,1625327160,2021-07-03T15:46:00
3.8356e-09,3.8356e-09,3.8356e-09,3.8356e-09,1625326440,2021-07-03T15:34:00
3.8216e-09,3.8216e-09,3.8216e-09,3.8216e-09,1625323740,2021-07-03T14:49:00
3.82915e-09,3.82915e-09,3.82915e-09,3.82915e-09,1625323380,2021-07-03T14:43:00
3.81469e-09,3.81469e-09,3.81469e-09,3.81469e-09,1625316600,2021-07-03T12:50:00
3.82991e-09,3.82991e-09,3.82991e-09,3.82991e-09,1625316480,2021-07-03T12:48:00
3.83556e-09,3.83556e-09,3.83556e-09,3.83556e-09,1625314740,2021-07-03T12:19:00
3.84389e-09,3.84389e-09,3.84389e-09,3.84389e-09,1625313420,2021-07-03T11:57:00
3.84645e-09,3.84645e-09,3.84645e-09,3.84645e-09,1625311500,2021-07-03T11:25:00
3.84233e-09,3.84233e-09,3.84233e-09,3.84233e-09,1625307960,2021-07-03T10:26:00
3.7367e-09,3.7367e-09,3.7367e-09,3.7367e-09,1625294880,2021-07-03T06:48:00
3.73442e-09,3.73442e-09,3.73442e-09,3.73442e-09,1625294820,2021-07-03T06:47:00
3.73579e-09,3.73579e-09,3.73579e-09,3.73579e-09,1625293860,2021-07-03T06:31:00
3.72083e-09,3.72083e-09,3.72083e-09,3.72083e-09,1625291040,2021-07-03T05:44:00
3.71627e-09,3.71627e-09,3.71627e-09,3.71627e-09,1625290860,2021-07-03T05:41:00
3.71215e-09,3.71215e-09,3.71215e-09,3.71215e-09,1625288400,2021-07-03T05:00:00
3.71e-09,3.71e-09,3.71e-09,3.71e-09,1625287560,2021-07-03T04:46:00
3.69088e-09,3.69088e-09,3.69088e-09,3.69088e-09,1625285400,2021-07-03T04:10:00
3.678e-09,3.678e-09,3.678e-09,3.678e-09,1625275080,2021-07-03T01:18:00
3.67697e-09,3.67697e-09,3.67697e-09,3.67697e-09,1625274720,2021-07-03T01:12:00
3.65485e-09,3.65485e-09,3.65485e-09,3.65485e-09,1625261100,2021-07-02T21:25:00
3.64793e-09,3.64793e-09,3.64793e-09,3.64793e-09,1625258760,2021-07-02T20:46:00
3.6258e-09,3.6258e-09,3.6258e-09,3.6258e-09,1625258280,2021-07-02T20:38:00
3.64673e-09,3.64673e-09,3.64673e-09,3.64673e-09,1625257560,2021-07-02T20:26:00
3.64249e-09,3.64249e-09,3.64249e-09,3.64249e-09,1625252880,2021-07-02T19:08:00
3.63157e-09,3.63157e-09,3.63157e-09,3.63157e-09,1625250060,2021-07-02T18:21:00
3.70299e-09,3.70299e-09,3.70299e-09,3.70299e-09,1625246160,2021-07-02T17:16:00
3.68436e-09,3.68436e-09,3.68436e-09,3.68436e-09,1625246040,2021-07-02T17:14:00
3.7072e-09,3.7072e-09,3.7072e-09,3.7072e-09,1625245440,2021-07-02T17:04:00
3.73466e-09,3.73466e-09,3.73466e-09,3.73466e-09,1625244600,2021-07-02T16:50:00
3.7556e-09,3.7556e-09,3.7556e-09,3.7556e-09,1625244540,2021-07-02T16:49:00
3.75489e-09,3.75489e-09,3.75489e-09,3.75489e-09,1625244120,2021-07-02T16:42:00
3.78148e-09,3.78148e-09,3.78148e-09,3.78148e-09,1625243640,2021-07-02T16:34:00
3.75976e-09,3.75976e-09,3.75976e-09,3.75976e-09,1625240940,2021-07-02T15:49:00
3.7119e-09,3.7119e-09,3.7119e-09,3.7119e-09,1625233800,2021-07-02T13:50:00
3.67715e-09,3.67715e-09,3.67715e-09,3.67715e-09,1625233020,2021-07-02T13:37:00
3.20093e-09,3.20093e-09,3.20093e-09,3.20093e-09,1625231760,2021-07-02T13:16:00
3.67552e-09,3.67552e-09,3.67552e-09,3.67552e-09,1625231040,2021-07-02T13:04:00
3.66068e-09,3.66068e-09,3.66068e-09,3.66068e-09,1625230800,2021-07-02T13:00:00
3.64687e-09,3.64687e-09,3.64687e-09,3.64687e-09,1625226840,2021-07-02T11:54:00
3.63754e-09,3.63754e-09,3.63754e-09,3.63754e-09,1625223780,2021-07-02T11:03:00
3.6544e-09,3.6544e-09,3.6544e-09,3.6544e-09,1625208780,2021-07-02T06:53:00
3.66464e-09,3.66464e-09,3.66464e-09,3.66464e-09,1625204160,2021-07-02T05:36:00
3.68368e-09,3.68368e-09,3.68368e-09,3.68368e-09,1625201820,2021-07-02T04:57:00
3.73473e-09,3.73473e-09,3.73473e-09,3.73473e-09,1625196660,2021-07-02T03:31:00
3.72426e-09,3.72426e-09,3.72426e-09,3.72426e-09,1625194140,2021-07-02T02:49:00
3.74033e-09,3.74033e-09,3.74033e-09,3.74033e-09,1625192040,2021-07-02T02:14:00
3.73634e-09,3.73634e-09,3.73634e-09,3.73634e-09,1625191740,2021-07-02T02:09:00
3.73606e-09,3.73606e-09,3.73606e-09,3.73606e-09,1625191560,2021-07-02T02:06:00
3.78732e-09,3.78732e-09,3.78732e-09,3.78732e-09,1625188620,2021-07-02T01:17:00
3.77274e-09,3.77274e-09,3.77274e-09,3.77274e-09,1625188020,2021-07-02T01:07:00
3.75943e-09,3.75943e-09,3.75943e-09,3.75943e-09,1625182140,2021-07-01T23:29:00
3.77112e-09,3.77112e-09,3.77112e-09,3.77112e-09,1625181120,2021-07-01T23:12:00
3.72247e-09,3.72247e-09,3.72247e-09,3.72247e-09,1625169540,2021-07-01T19:59:00
3.72047e-09,3.72047e-09,3.72047e-09,3.72047e-09,1625168460,2021-07-01T19:41:00
3.78086e-09,3.78086e-09,3.78086e-09,3.78086e-09,1625165160,2021-07-01T18:46:00
3.78067e-09,3.78067e-09,3.78067e-09,3.78067e-09,1625163720,2021-07-01T18:22:00
3.73105e-09,3.73105e-09,3.73105e-09,3.73105e-09,1625158320,2021-07-01T16:52:00
3.73791e-09,3.73791e-09,3.73791e-09,3.73791e-09,1625156820,2021-07-01T16:27:00
3.73839e-09,3.73839e-09,3.73839e-09,3.73839e-09,1625156280,2021-07-01T16:18:00
3.78478e-09,3.78478e-09,3.78478e-09,3.78478e-09,1625156160,2021-07-01T16:16:00
3.77695e-09,3.77695e-09,3.77695e-09,3.77695e-09,1625153640,2021-07-01T15:34:00
3.80171e-09,3.80171e-09,3.80171e-09,3.80171e-09,1625152740,2021-07-01T15:19:00
3.75356e-09,3.75356e-09,3.75356e-09,3.75356e-09,1625151720,2021-07-01T15:02:00
3.79096e-09,3.79096e-09,3.79096e-09,3.79096e-09,1625149800,2021-07-01T14:30:00
3.82155e-09,3.82155e-09,3.82155e-09,3.82155e-09,1625148120,2021-07-01T14:02:00
3.84538e-09,3.84538e-09,3.84538e-09,3.84538e-09,1625144640,2021-07-01T13:04:00
3.84612e-09,3.84612e-09,3.84612e-09,3.84612e-09,1625143620,2021-07-01T12:47:00
3.85089e-09,3.85089e-09,3.85089e-09,3.85089e-09,1625140860,2021-07-01T12:01:00
3.84303e-09,3.84303e-09,3.84303e-09,3.84303e-09,1625139000,2021-07-01T11:30:00
3.82895e-09,3.82895e-09,3.82895e-09,3.82895e-09,1625138220,2021-07-01T11:17:00
3.75937e-09,3.75956e-09,3.75937e-09,3.75956e-09,1625136180,2021-07-01T10:43:00
3.78922e-09,3.78922e-09,3.78922e-09,3.78922e-09,1625134200,2021-07-01T10:10:00
3.80619e-09,3.80619e-09,3.80619e-09,3.80619e-09,1625127960,2021-07-01T08:26:00
3.80509e-09,3.80509e-09,3.80509e-09,3.80509e-09,1625126820,2021-07-01T08:07:00
3.83152e-09,3.83152e-09,3.83152e-09,3.83152e-09,1625126100,2021-07-01T07:55:00
1.87093e-13,1.87093e-13,1.87093e-13,1.87093e-13,1625124780,2021-07-01T07:33:00
3.85999e-09,3.85999e-09,3.85999e-09,3.85999e-09,1625123160,2021-07-01T07:06:00
3.9389e-09,3.9389e-09,3.9389e-09,3.9389e-09,1625118300,2021-07-01T05:45:00
3.91866e-09,3.91866e-09,3.91866e-09,3.91866e-09,1625117220,2021-07-01T05:27:00
3.89719e-09,3.89719e-09,3.89719e-09,3.89719e-09,1625114640,2021-07-01T04:44:00
3.91075e-09,3.91075e-09,3.91075e-09,3.91075e-09,1625110500,2021-07-01T03:35:00
3.91505e-09,3.91505e-09,3.91505e-09,3.91505e-09,1625109360,2021-07-01T03:16:00
3.89271e-09,3.89271e-09,3.89271e-09,3.89271e-09,1625109000,2021-07-01T03:10:00
4.00419e-09,4.00419e-09,4.00419e-09,4.00419e-09,1625104980,2021-07-01T02:03:00
4.07371e-09,4.07371e-09,4.07371e-09,4.07371e-09,1625097240,2021-06-30T23:54:00
4.12674e-09,4.12674e-09,4.12674e-09,4.12674e-09,1625096700,2021-06-30T23:45:00
4.12138e-09,4.12138e-09,4.12138e-09,4.12138e-09,1625095680,2021-06-30T23:28:00
4.14074e-09,4.14074e-09,4.14074e-09,4.14074e-09,1625094420,2021-06-30T23:07:00
4.12133e-09,4.12133e-09,4.12133e-09,4.12133e-09,1625094300,2021-06-30T23:05:00
4.14544e-09,4.14653e-09,4.14544e-09,4.14653e-09,1625094240,2021-06-30T23:04:00
4.11773e-09,4.11773e-09,4.11773e-09,4.11773e-09,1625093400,2021-06-30T22:50:00
4.09044e-09,4.09044e-09,4.09044e-09,4.09044e-09,1625091720,2021-06-30T22:22:00
4.12369e-09,4.12369e-09,4.12369e-09,4.12369e-09,1625091420,2021-06-30T22:17:00
4.11697e-09,4.11697e-09,4.11697e-09,4.11697e-09,1625088840,2021-06-30T21:34:00
4.08386e-09,4.08386e-09,4.08386e-09,4.08386e-09,1625088540,2021-06-30T21:29:00
4.08387e-09,4.08387e-09,4.08387e-09,4.08387e-09,1625088000,2021-06-30T21:20:00
4.11038e-09,4.11038e-09,4.11038e-09,4.11038e-09,1625087700,2021-06-30T21:15:00
4.04584e-09,4.04584e-09,4.04584e-09,4.04584e-09,1625086620,2021-06-30T20:57:00
4.00442e-09,4.00442e-09,4.00442e-09,4.00442e-09,1625079960,2021-06-30T19:06:00
3.92732e-09,3.92732e-09,3.92732e-09,3.92732e-09,1625078700,2021-06-30T18:45:00
3.88464e-09,3.88464e-09,3.88464e-09,3.88464e-09,1625078280,2021-06-30T18:38:00
3.90744e-09,3.90744e-09,3.90744e-09,3.90744e-09,1625077320,2021-06-30T18:22:00
4.12402e-09,4.12402e-09,4.12402e-09,4.12402e-09,1625074680,2021-06-30T17:38:00
4.41709e-09,4.41709e-09,4.41709e-09,4.41709e-09,1625061600,2021-06-30T14:00:00
4.46496e-09,4.46496e-09,4.46496e-09,4.46496e-09,1625054160,2021-06-30T11:56:00
4.4585e-09,4.4585e-09,4.4585e-09,4.4585e-09,1625053860,2021-06-30T11:51:00
4.42611e-09,4.42611e-09,4.42611e-09,4.42611e-09,1625047860,2021-06-30T10:11:00
4.41943e-09,4.41943e-09,4.41943e-09,4.41943e-09,1625046360,2021-06-30T09:46:00
4.408e-09,4.408e-09,4.408e-09,4.408e-09,1625043960,2021-06-30T09:06:00
4.42311e-09,4.42311e-09,4.42311e-09,4.42311e-09,1625043420,2021-06-30T08:57:00
4.45199e-09,4.45199e-09,4.45199e-09,4.45199e-09,1625041440,2021-06-30T08:24:00
4.45344e-09,4.45344e-09,4.45344e-09,4.45344e-09,1625040780,2021-06-30T08:13:00
4.48104e-09,4.48104e-09,4.48104e-09,4.48104e-09,1625040480,2021-06-30T08:08:00
4.45004e-09,4.45004e-09,4.45004e-09,4.45004e-09,1625040300,2021-06-30T08:05:00
4.44977e-09,4.44977e-09,4.44977e-09,4.44977e-09,1625039580,2021-06-30T07:53:00
4.44324e-09,4.44324e-09,4.44324e-09,4.44324e-09,1625036220,2021-06-30T06:57:00
4.39182e-09,4.39182e-09,4.39182e-09,4.39182e-09,1625033160,2021-06-30T06:06:00
4.38257e-09,4.38257e-09,4.38257e-09,4.38257e-09,1625032860,2021-06-30T06:01:00
4.38363e-09,4.38363e-09,4.38363e-09,4.38363e-09,1625032800,2021-06-30T06:00:00
4.37741e-09,4.37741e-09,4.37741e-09,4.37741e-09,1625029020,2021-06-30T04:57:00
4.43865e-09,4.43865e-09,4.43865e-09,4.43865e-09,1625026980,2021-06-30T04:23:00
4.41852e-09,4.41852e-09,4.41852e-09,4.41852e-09,1625025060,2021-06-30T03:51:00
4.43782e-09,4.43782e-09,4.43782e-09,4.43782e-09,1625024640,2021-06-30T03:44:00
4.43795e-09,4.43795e-09,4.43795e-09,4.43795e-09,1625024460,2021-06-30T03:41:00
4.47902e-09,4.47902e-09,4.47902e-09,4.47902e-09,1625023740,2021-06-30T03:29:00
4.51153e-09,4.51153e-09,4.51153e-09,4.51153e-09,1625023320,2021-06-30T03:22:00
4.55555e-09,4.55555e-09,4.55555e-09,4.55555e-09,1625021880,2021-06-30T02:58:00
4.53351e-09,4.53351e-09,4.53351e-09,4.53351e-09,1625016900,2021-06-30T01:35:00
4.54353e-09,4.54353e-09,4.54353e-09,4.54353e-09,1625010000,2021-06-29T23:40:00
4.56008e-09,4.56008e-09,4.56008e-09,4.56008e-09,1625009340,2021-06-29T23:29:00
4.55441e-09,4.55441e-09,4.55441e-09,4.55441e-09,1625008920,2021-06-29T23:22:00
4.54409e-09,4.54409e-09,4.54409e-09,4.54409e-09,1625008800,2021-06-29T23:20:00
4.54026e-09,4.54026e-09,4.54026e-09,4.54026e-09,1625006700,2021-06-29T22:45:00
4.54042e-09,4.54042e-09,4.54042e-09,4.54042e-09,1625005980,2021-06-29T22:33:00
4.56386e-09,4.56386e-09,4.56386e-09,4.56386e-09,1625005380,2021-06-29T22:23:00
4.60121e-09,4.60121e-09,4.60121e-09,4.60121e-09,1625004840,2021-06-29T22:14:00
4.57131e-09,4.57131e-09,4.57131e-09,4.57131e-09,1625004480,2021-06-29T22:08:00
4.59157e-09,4.59157e-09,4.59157e-09,4.59157e-09,1625003040,2021-06-29T21:44:00
4.57765e-09,4.57765e-09,4.57765e-09,4.57765e-09,1625000340,2021-06-29T20:59:00
4.58628e-09,4.58628e-09,4.58628e-09,4.58628e-09,1624996080,2021-06-29T19:48:00
4.59093e-09,4.59093e-09,4.59093e-09,4.59093e-09,1624995480,2021-06-29T19:38:00
4.58873e-09,4.58873e-09,4.58873e-09,4.58873e-09,1624995300,2021-06-29T19:35:00
4.60648e-09,4.60648e-09,4.60648e-09,4.60648e-09,1624994640,2021-06-29T19:24:00
4.56314e-09,4.56314e-09,4.56314e-09,4.56314e-09,1624992600,2021-06-29T18:50:00
4.58726e-09,4.58726e-09,4.58726e-09,4.58726e-09,1624992240,2021-06-29T18:44:00
4.59628e-09,4.59628e-09,4.59628e-09,4.59628e-09,1624990260,2021-06-29T18:11:00
4.62578e-09,4.62578e-09,4.62578e-09,4.62578e-09,1624987740,2021-06-29T17:29:00
4.61804e-09,4.61804e-09,4.61804e-09,4.61804e-09,1624985940,2021-06-29T16:59:00
4.62443e-09,4.62443e-09,4.62443e-09,4.62443e-09,1624985040,2021-06-29T16:44:00
4.64157e-09,4.64157e-09,4.64157e-09,4.64157e-09,1624981620,2021-06-29T15:47:00
4.67671e-09,4.67671e-09,4.67671e-09,4.67671e-09,1624977780,2021-06-29T14:43:00
4.70845e-09,4.70845e-09,4.70845e-09,4.70845e-09,1624977360,2021-06-29T14:36:00
4.71368e-09,4.71368e-09,4.71368e-09,4.71368e-09,1624975500,2021-06-29T14:05:00
4.60233e-09,4.60233e-09,4.60233e-09,4.60233e-09,1624972320,2021-06-29T13:12:00
4.6043e-09,4.6043e-09,4.6043e-09,4.6043e-09,1624972020,2021-06-29T13:07:00
4.63071e-09,4.63071e-09,4.63071e-09,4.63071e-09,1624965720,2021-06-29T11:22:00
4.59762e-09,4.59762e-09,4.59762e-09,4.59762e-09,1624963680,2021-06-29T10:48:00
4.52981e-09,4.52981e-09,4.52981e-09,4.52981e-09,1624958520,2021-06-29T09:22:00
4.52615e-09,4.52615e-09,4.52615e-09,4.52615e-09,1624958100,2021-06-29T09:15:00
4.53613e-09,4.53613e-09,4.53613e-09,4.53613e-09,1624957440,2021-06-29T09:04:00
4.5125e-09,4.5125e-09,4.5125e-09,4.5125e-09,1624955220,2021-06-29T08:27:00
4.50624e-09,4.50624e-09,4.50624e-09,4.50624e-09,1624955040,2021-06-29T08:24:00
4.53123e-09,4.53123e-09,4.53123e-09,4.53123e-09,1624951680,2021-06-29T07:28:00
4.57804e-09,4.57804e-09,4.57804e-09,4.57804e-09,1624951560,2021-06-29T07:26:00
4.60395e-09,4.60395e-09,4.60395e-09,4.60395e-09,1624948680,2021-06-29T06:38:00
4.55603e-09,4.55603e-09,4.55603e-09,4.55603e-09,1624948260,2021-06-29T06:31:00
4.53066e-09,4.53066e-09,4.53066e-09,4.53066e-09,1624945740,2021-06-29T05:49:00
4.54186e-09,4.54186e-09,4.54186e-09,4.54186e-09,1624943100,2021-06-29T05:05:00
4.53666e-09,4.53666e-09,4.53666e-09,4.53666e-09,1624941120,2021-06-29T04:32:00
4.53537e-09,4.53537e-09,4.53537e-09,4.53537e-09,1624940520,2021-06-29T04:22:00
4.54108e-09,4.54108e-09,4.54108e-09,4.54108e-09,1624939680,2021-06-29T04:08:00
4.4857e-09,4.4857e-09,4.4857e-09,4.4857e-09,1624938780,2021-06-29T03:53:00
4.51757e-09,4.51757e-09,4.51757e-09,4.51757e-09,1624937100,2021-06-29T03:25:00
4.49987e-09,4.49987e-09,4.49987e-09,4.49987e-09,1624935720,2021-06-29T03:02:00
4.48272e-09,4.49888e-09,4.48272e-09,4.49888e-09,1624935600,2021-06-29T03:00:00
4.57287e-09,4.57287e-09,4.57287e-09,4.57287e-09,1624933560,2021-06-29T02:26:00
4.54457e-09,4.54457e-09,4.54457e-09,4.54457e-09,1624932060,2021-06-29T02:01:00
4.56122e-09,4.56122e-09,4.56122e-09,4.56122e-09,1624932000,2021-06-29T02:00:00
4.56224e-09,4.56224e-09,4.56224e-09,4.56224e-09,1624931940,2021-06-29T01:59:00
4.55746e-09,4.55746e-09,4.55746e-09,4.55746e-09,1624931760,2021-06-29T01:56:00
4.26243e-09,4.26243e-09,4.26243e-09,4.26243e-09,1624930620,2021-06-29T01:37:00
4.57696e-09,4.57696e-09,4.57696e-09,4.57696e-09,1624929660,2021-06-29T01:21:00
4.56942e-09,4.56942e-09,4.56942e-09,4.56942e-09,1624927800,2021-06-29T00:50:00
4.51475e-09,4.51475e-09,4.51475e-09,4.51475e-09,1624925040,2021-06-29T00:04:00
4.55457e-09,4.55457e-09,4.55457e-09,4.55457e-09,1624921020,2021-06-28T22:57:00
4.56279e-09,4.56279e-09,4.56279e-09,4.56279e-09,1624919340,2021-06-28T22:29:00
4.55635e-09,4.55635e-09,4.55635e-09,4.55635e-09,1624919280,2021-06-28T22:28:00
4.6022e-09,4.6022e-09,4.6022e-09,4.6022e-09,1624916040,2021-06-28T21:34:00
4.5721e-09,4.5721e-09,4.5721e-09,4.5721e-09,1624915860,2021-06-28T21:31:00
4.59695e-09,4.59695e-09,4.59695e-09,4.59695e-09,1624915020,2021-06-28T21:17:00
4.56404e-09,4.56404e-09,4.56404e-09,4.56404e-09,1624913280,2021-06-28T20:48:00
4.575e-09,4.575e-09,4.575e-09,4.575e-09,1624912980,2021-06-28T20:43:00
4.59026e-09,4.59026e-09,4.59026e-09,4.59026e-09,1624912800,2021-06-28T20:40:00
4.57099e-09,4.57099e-09,4.57099e-09,4.57099e-09,1624911420,2021-06-28T20:17:00
4.59078e-09,4.59078e-09,4.59078e-09,4.59078e-09,1624909380,2021-06-28T19:43:00
4.60885e-09,4.60885e-09,4.60885e-09,4.60885e-09,1624908960,2021-06-28T19:36:00
4.52221e-09,4.52221e-09,4.52221e-09,4.52221e-09,1624907880,2021-06-28T19:18:00
4.51133e-09,4.51133e-09,4.51133e-09,4.51133e-09,1624907340,2021-06-28T19:09:00
4.48014e-09,4.48014e-09,4.48014e-09,4.48014e-09,1624905960,2021-06-28T18:46:00
4.51441e-09,4.51441e-09,4.51441e-09,4.51441e-09,1624905840,2021-06-28T18:44:00
4.54837e-09,4.54837e-09,4.54837e-09,4.54837e-09,1624899060,2021-06-28T16:51:00
4.53137e-09,4.53137e-09,4.53137e-09,4.53137e-09,1624898520,2021-06-28T16:42:00
4.54255e-09,4.54255e-09,4.54255e-09,4.54255e-09,1624896120,2021-06-28T16:02:00
4.51539e-09,4.51539e-09,4.49707e-09,4.49707e-09,1624895640,2021-06-28T15:54:00
4.49875e-09,4.49875e-09,4.49875e-09,4.49875e-09,1624895100,2021-06-28T15:45:00
4.39456e-09,4.39456e-09,4.39456e-09,4.39456e-09,1624891200,2021-06-28T14:40:00
4.36564e-09,4.36564e-09,4.36564e-09,4.36564e-09,1624890840,2021-06-28T14:34:00
4.33719e-09,4.33719e-09,4.33719e-09,4.33719e-09,1624889220,2021-06-28T14:07:00
4.35221e-09,4.35221e-09,4.35221e-09,4.35221e-09,1624887540,2021-06-28T13:39:00
4.37315e-09,4.37315e-09,4.37315e-09,4.37315e-09,1624886580,2021-06-28T13:23:00
4.35164e-09,4.35164e-09,4.35164e-09,4.35164e-09,1624883640,2021-06-28T12:34:00
4.31352e-09,4.31352e-09,4.31352e-09,4.31352e-09,1624880940,2021-06-28T11:49:00
4.30625e-09,4.30625e-09,4.30625e-09,4.30625e-09,1624880040,2021-06-28T11:34:00
4.30256e-09,4.30256e-09,4.30256e-09,4.30256e-09,1624879800,2021-06-28T11:30:00
4.32755e-09,4.32755e-09,4.32755e-09,4.32755e-09,1624879680,2021-06-28T11:28:00
4.31409e-09,4.31409e-09,4.31409e-09,4.31409e-09,1624879380,2021-06-28T11:23:00
4.31762e-09,4.31762e-09,4.31762e-09,4.31762e-09,1624879140,2021-06-28T11:19:00
4.42218e-09,4.42218e-09,4.42218e-09,4.42218e-09,1624872360,2021-06-28T09:26:00
4.41831e-09,4.41831e-09,4.41831e-09,4.41831e-09,1624869960,2021-06-28T08:46:00
4.45615e-09,4.45615e-09,4.45615e-09,4.45615e-09,1624868400,2021-06-28T08:20:00
4.27698e-09,4.27757e-09,4.27698e-09,4.27757e-09,1624864020,2021-06-28T07:07:00
4.27336e-09,4.27336e-09,4.27336e-09,4.27336e-09,1624863960,2021-06-28T07:06:00
4.27615e-09,4.27615e-09,4.27615e-09,4.27615e-09,1624863660,2021-06-28T07:01:00
4.26559e-09,4.26559e-09,4.26559e-09,4.26559e-09,1624863480,2021-06-28T06:58:00
4.27121e-09,4.27121e-09,4.27121e-09,4.27121e-09,1624863240,2021-06-28T06:54:00
4.25534e-09,4.25534e-09,4.25534e-09,4.25534e-09,1624858980,2021-06-28T05:43:00
4.25737e-09,4.25737e-09,4.25737e-09,4.25737e-09,1624857960,2021-06-28T05:26:00
4.24983e-09,4.24983e-09,4.24983e-09,4.24983e-09,1624856520,2021-06-28T05:02:00
4.2316e-09,4.2316e-09,4.2316e-09,4.2316e-09,1624855560,2021-06-28T04:46:00
4.23931e-09,4.23931e-09,4.23931e-09,4.23931e-09,1624855020,2021-06-28T04:37:00
4.27012e-09,4.27012e-09,4.27012e-09,4.27012e-09,1624853760,2021-06-28T04:16:00
4.24809e-09,4.24809e-09,4.24809e-09,4.24809e-09,1624852980,2021-06-28T04:03:00
4.1982e-09,4.1982e-09,4.1982e-09,4.1982e-09,1624852320,2021-06-28T03:52:00
4.1935e-09,4.1935e-09,4.1935e-09,4.1935e-09,1624851660,2021-06-28T03:41:00
4.22109e-09,4.22109e-09,4.22109e-09,4.22109e-09,1624851420,2021-06-28T03:37:00
4.18982e-09,4.18982e-09,4.18982e-09,4.18982e-09,1624851180,2021-06-28T03:33:00
4.22299e-09,4.22299e-09,4.22299e-09,4.22299e-09,1624850880,2021-06-28T03:28:00
4.19625e-09,4.19625e-09,4.19625e-09,4.19625e-09,1624850760,2021-06-28T03:26:00
4.19622e-09,4.19622e-09,4.19622e-09,4.19622e-09,1624850400,2021-06-28T03:20:00
4.20515e-09,4.20515e-09,4.20515e-09,4.20515e-09,1624849740,2021-06-28T03:09:00
4.37593e-09,4.37593e-09,4.37593e-09,4.37593e-09,1624848420,2021-06-28T02:47:00
4.5688e-09,4.5688e-09,4.5688e-09,4.5688e-09,1624848240,2021-06-28T02:44:00
4.56687e-09,4.56687e-09,4.56687e-09,4.56687e-09,1624848060,2021-06-28T02:41:00
4.53833e-09,4.56421e-09,4.53833e-09,4.56421e-09,1624847760,2021-06-28T02:36:00
4.55871e-09,4.55871e-09,4.55871e-09,4.55871e-09,1624847580,2021-06-28T02:33:00
4.52775e-09,4.52775e-09,4.52775e-09,4.52775e-09,1624847220,2021-06-28T02:27:00
4.55584e-09,4.55584e-09,4.55584e-09,4.55584e-09,1624846860,2021-06-28T02:21:00
4.55593e-09,4.55593e-09,4.55593e-09,4.55593e-09,1624846260,2021-06-28T02:11:00
4.54449e-09,4.54449e-09,4.54449e-09,4.54449e-09,1624843320,2021-06-28T01:22:00
4.56879e-09,4.56879e-09,4.56879e-09,4.56879e-09,1624842900,2021-06-28T01:15:00
4.56581e-09,4.56581e-09,4.56581e-09,4.56581e-09,1624842540,2021-06-28T01:09:00
4.56829e-09,4.56829e-09,4.56829e-09,4.56829e-09,1624841760,2021-06-28T00:56:00
4.55011e-09,4.55011e-09,4.55011e-09,4.55011e-09,1624841520,2021-06-28T00:52:00
4.55642e-09,4.55642e-09,4.55642e-09,4.55642e-09,1624841340,2021-06-28T00:49:00
4.52023e-09,4.52023e-09,4.52023e-09,4.52023e-09,1624837260,2021-06-27T23:41:00
4.52571e-09,4.52571e-09,4.52571e-09,4.52571e-09,1624836900,2021-06-27T23:35:00
4.57291e-09,4.57291e-09,4.57291e-09,4.57291e-09,1624836420,2021-06-27T23:27:00
4.65454e-09,4.65454e-09,4.65454e-09,4.65454e-09,1624836300,2021-06-27T23:25:00
4.62828e-09,4.62828e-09,4.62828e-09,4.62828e-09,1624835880,2021-06-27T23:18:00
4.61096e-09,4.61096e-09,4.61096e-09,4.61096e-09,1624835460,2021-06-27T23:11:00
4.63725e-09,4.63725e-09,4.63725e-09,4.63725e-09,1624835220,2021-06-27T23:07:00
4.62681e-09,4.62681e-09,4.62681e-09,4.62681e-09,1624833660,2021-06-27T22:41:00
4.61303e-09,4.61303e-09,4.61303e-09,4.61303e-09,1624833240,2021-06-27T22:34:00
4.58801e-09,4.58801e-09,4.58801e-09,4.58801e-09,1624832940,2021-06-27T22:29:00
4.56859e-09,4.56859e-09,4.56859e-09,4.56859e-09,1624832580,2021-06-27T22:23:00
4.46269e-09,4.46269e-09,4.46269e-09,4.46269e-09,1624831860,2021-06-27T22:11:00
4.37855e-09,4.37855e-09,4.37855e-09,4.37855e-09,1624831140,2021-06-27T21:59:00
4.36744e-09,4.36744e-09,4.36744e-09,4.36744e-09,1624829880,2021-06-27T21:38:00
4.35545e-09,4.35545e-09,4.35545e-09,4.35545e-09,1624828860,2021-06-27T21:21:00
4.34871e-09,4.34871e-09,4.34871e-09,4.34871e-09,1624828680,2021-06-27T21:18:00
4.34428e-09,4.34428e-09,4.34428e-09,4.34428e-09,1624828560,2021-06-27T21:16:00
4.3325e-09,4.3325e-09,4.3325e-09,4.3325e-09,1624828320,2021-06-27T21:12:00
4.33864e-09,4.33864e-09,4.33864e-09,4.33864e-09,1624827840,2021-06-27T21:04:00
4.31075e-09,4.31075e-09,4.31075e-09,4.31075e-09,1624827720,2021-06-27T21:02:00
4.32798e-09,4.32798e-09,4.32798e-09,4.32798e-09,1624827660,2021-06-27T21:01:00
4.34305e-09,4.34305e-09,4.34305e-09,4.34305e-09,1624827240,2021-06-27T20:54:00
4.34411e-09,4.34411e-09,4.34411e-09,4.34411e-09,1624824540,2021-06-27T20:09:00
4.34799e-09,4.34799e-09,4.34799e-09,4.34799e-09,1624824060,2021-06-27T20:01:00
4.3434e-09,4.3434e-09,4.3434e-09,4.3434e-09,1624823880,2021-06-27T19:58:00
4.34726e-09,4.34726e-09,4.34726e-09,4.34726e-09,1624823820,2021-06-27T19:57:00
4.33978e-09,4.33978e-09,4.33978e-09,4.33978e-09,1624823640,2021-06-27T19:54:00
4.35961e-09,4.35961e-09,4.35961e-09,4.35961e-09,1624823520,2021-06-27T19:52:00
4.41442e-09,4.41442e-09,4.41442e-09,4.41442e-09,1624823100,2021-06-27T19:45:00
4.40838e-09,4.40838e-09,4.40838e-09,4.40838e-09,1624822440,2021-06-27T19:34:00
4.37161e-09,4.37161e-09,4.37161e-09,4.37161e-09,1624819260,2021-06-27T18:41:00
4.39539e-09,4.39539e-09,4.39539e-09,4.39539e-09,1624816500,2021-06-27T17:55:00
4.42797e-09,4.42797e-09,4.42797e-09,4.42797e-09,1624815840,2021-06-27T17:44:00
4.42426e-09,4.42426e-09,4.42426e-09,4.42426e-09,1624815540,2021-06-27T17:39:00
4.42383e-09,4.42383e-09,4.42383e-09,4.42383e-09,1624815420,2021-06-27T17:37:00
4.40516e-09,4.41016e-09,4.40516e-09,4.41016e-09,1624815120,2021-06-27T17:32:00
4.40895e-09,4.40895e-09,4.40895e-09,4.40895e-09,1624815060,2021-06-27T17:31:00
4.39004e-09,4.39004e-09,4.39004e-09,4.39004e-09,1624813620,2021-06-27T17:07:00
4.45565e-09,4.45565e-09,4.45565e-09,4.45565e-09,1624812900,2021-06-27T16:55:00
4.45893e-09,4.45893e-09,4.45893e-09,4.45893e-09,1624812480,2021-06-27T16:48:00
4.46473e-09,4.46473e-09,4.46473e-09,4.46473e-09,1624811460,2021-06-27T16:31:00
4.45792e-09,4.45792e-09,4.45792e-09,4.45792e-09,1624808940,2021-06-27T15:49:00
4.46156e-09,4.46156e-09,4.46156e-09,4.46156e-09,1624808700,2021-06-27T15:45:00
4.4587e-09,4.4587e-09,4.4587e-09,4.4587e-09,1624806900,2021-06-27T15:15:00
4.4588e-09,4.4588e-09,4.4588e-09,4.4588e-09,1624806780,2021-06-27T15:13:00
4.46101e-09,4.46101e-09,4.46101e-09,4.46101e-09,1624805640,2021-06-27T14:54:00
4.46217e-09,4.46217e-09,4.46217e-09,4.46217e-09,1624805220,2021-06-27T14:47:00
4.45742e-09,4.45742e-09,4.45705e-09,4.45705e-09,1624805160,2021-06-27T14:46:00
4.46039e-09,4.46039e-09,4.46039e-09,4.46039e-09,1624805100,2021-06-27T14:45:00
4.449e-09,4.449e-09,4.449e-09,4.449e-09,1624804500,2021-06-27T14:35:00
4.41831e-09,4.41831e-09,4.41831e-09,4.41831e-09,1624804320,2021-06-27T14:32:00
4.44235e-09,4.44235e-09,4.44235e-09,4.44235e-09,1624803780,2021-06-27T14:23:00
4.44187e-09,4.44187e-09,4.44187e-09,4.44187e-09,1624803480,2021-06-27T14:18:00
4.45957e-09,4.45957e-09,4.45957e-09,4.45957e-09,1624802640,2021-06-27T14:04:00
4.45521e-09,4.45521e-09,4.45521e-09,4.45521e-09,1624801980,2021-06-27T13:53:00
4.43781e-09,4.43781e-09,4.43781e-09,4.43781e-09,1624801740,2021-06-27T13:49:00
4.45965e-09,4.47979e-09,4.45965e-09,4.47979e-09,1624801260,2021-06-27T13:41:00
4.5118e-09,4.5118e-09,4.5118e-09,4.5118e-09,1624800840,2021-06-27T13:34:00
4.57703e-09,4.57703e-09,4.57703e-09,4.57703e-09,1624800660,2021-06-27T13:31:00
4.5557e-09,4.5557e-09,4.5557e-09,4.5557e-09,1624800600,2021-06-27T13:30:00
4.58916e-09,4.58916e-09,4.58916e-09,4.58916e-09,1624800120,2021-06-27T13:22:00
4.58145e-09,4.58145e-09,4.58145e-09,4.58145e-09,1624800060,2021-06-27T13:21:00
4.59104e-09,4.59104e-09,4.59104e-09,4.59104e-09,1624799880,2021-06-27T13:18:00
4.58773e-09,4.58773e-09,4.58773e-09,4.58773e-09,1624799760,2021-06-27T13:16:00
4.57865e-09,4.57865e-09,4.57865e-09,4.57865e-09,1624799040,2021-06-27T13:04:00
4.58769e-09,4.58769e-09,4.58769e-09,4.58769e-09,1624798860,2021-06-27T13:01:00
4.58836e-09,4.58836e-09,4.58836e-09,4.58836e-09,1624798740,2021-06-27T12:59:00
4.57757e-09,4.57757e-09,4.57757e-09,4.57757e-09,1624797960,2021-06-27T12:46:00
4.56758e-09,4.56758e-09,4.56758e-09,4.56758e-09,1624797840,2021-06-27T12:44:00
4.57844e-09,4.57844e-09,4.57844e-09,4.57844e-09,1624797060,2021-06-27T12:31:00
4.56855e-09,4.56855e-09,4.56855e-09,4.56855e-09,1624796700,2021-06-27T12:25:00
4.57201e-09,4.57201e-09,4.57201e-09,4.57201e-09,1624796400,2021-06-27T12:20:00
4.56243e-09,4.56243e-09,4.56243e-09,4.56243e-09,1624796340,2021-06-27T12:19:00
4.55588e-09,4.55588e-09,4.55588e-09,4.55588e-09,1624795860,2021-06-27T12:11:00
4.558e-09,4.558e-09,4.558e-09,4.558e-09,1624795320,2021-06-27T12:02:00
4.55015e-09,4.55015e-09,4.55015e-09,4.55015e-09,1624794300,2021-06-27T11:45:00
4.55265e-09,4.55265e-09,4.55265e-09,4.55265e-09,1624794060,2021-06-27T11:41:00
4.54393e-09,4.54393e-09,4.54393e-09,4.54393e-09,1624793520,2021-06-27T11:32:00
4.53473e-09,4.53473e-09,4.53473e-09,4.53473e-09,1624793340,2021-06-27T11:29:00
4.51812e-09,4.51812e-09,4.51812e-09,4.51812e-09,1624792320,2021-06-27T11:12:00
4.50986e-09,4.50986e-09,4.50986e-09,4.50986e-09,1624790460,2021-06-27T10:41:00
4.52722e-09,4.52722e-09,4.52722e-09,4.52722e-09,1624789380,2021-06-27T10:23:00
4.4944e-09,4.4944e-09,4.4944e-09,4.4944e-09,1624788720,2021-06-27T10:12:00
4.51616e-09,4.51616e-09,4.51616e-09,4.51616e-09,1624787340,2021-06-27T09:49:00
4.53107e-09,4.53107e-09,4.53107e-09,4.53107e-09,1624787100,2021-06-27T09:45:00
4.53995e-09,4.53995e-09,4.53995e-09,4.53995e-09,1624786860,2021-06-27T09:41:00
4.67328e-09,4.67328e-09,4.67328e-09,4.67328e-09,1624783620,2021-06-27T08:47:00
4.65265e-09,4.65265e-09,4.65265e-09,4.65265e-09,1624782300,2021-06-27T08:25:00
4.65366e-09,4.65366e-09,4.65366e-09,4.65366e-09,1624781220,2021-06-27T08:07:00
4.65739e-09,4.65739e-09,4.65739e-09,4.65739e-09,1624779660,2021-06-27T07:41:00
4.64771e-09,4.64771e-09,4.64771e-09,4.64771e-09,1624779240,2021-06-27T07:34:00
4.64987e-09,4.64987e-09,4.64987e-09,4.64987e-09,1624778640,2021-06-27T07:24:00
4.64924e-09,4.64924e-09,4.64924e-09,4.64924e-09,1624778160,2021-06-27T07:16:00
4.69737e-09,4.69737e-09,4.64955e-09,4.64955e-09,1624777680,2021-06-27T07:08:00
4.70126e-09,4.70126e-09,4.70126e-09,4.70126e-09,1624777440,2021-06-27T07:04:00
4.70681e-09,4.70681e-09,4.70681e-09,4.70681e-09,1624777020,2021-06-27T06:57:00
4.69577e-09,4.69577e-09,4.69577e-09,4.69577e-09,1624776660,2021-06-27T06:51:00
4.71931e-09,4.71931e-09,4.71931e-09,4.71931e-09,1624775220,2021-06-27T06:27:00
4.74664e-09,4.74664e-09,4.74664e-09,4.74664e-09,1624774440,2021-06-27T06:14:00
4.72536e-09,4.72536e-09,4.72536e-09,4.72536e-09,1624774080,2021-06-27T06:08:00
4.72825e-09,4.72825e-09,4.72825e-09,4.72825e-09,1624773900,2021-06-27T06:05:00
4.72383e-09,4.72383e-09,4.72383e-09,4.72383e-09,1624773360,2021-06-27T05:56:00
4.7331e-09,4.7331e-09,4.7331e-09,4.7331e-09,1624773240,2021-06-27T05:54:00
4.71985e-09,4.71985e-09,4.71985e-09,4.71985e-09,1624773000,2021-06-27T05:50:00
4.73337e-09,4.73337e-09,4.73337e-09,4.73337e-09,1624772760,2021-06-27T05:46:00
4.7593e-09,4.7593e-09,4.7593e-09,4.7593e-09,1624772460,2021-06-27T05:41:00
4.74446e-09,4.74446e-09,4.74446e-09,4.74446e-09,1624772280,2021-06-27T05:38:00
4.7374e-09,4.7374e-09,4.7374e-09,4.7374e-09,1624771800,2021-06-27T05:30:00
4.74152e-09,4.74152e-09,4.74152e-09,4.74152e-09,1624771380,2021-06-27T05:23:00
4.74068e-09,4.74068e-09,4.74068e-09,4.74068e-09,1624770900,2021-06-27T05:15:00
4.74388e-09,4.74388e-09,4.74388e-09,4.74388e-09,1624770720,2021-06-27T05:12:00
4.732e-09,4.732e-09,4.732e-09,4.732e-09,1624770240,2021-06-27T05:04:00
4.74187e-09,4.74187e-09,4.74187e-09,4.74187e-09,1624770180,2021-06-27T05:03:00
4.71084e-09,4.71084e-09,4.71084e-09,4.71084e-09,1624769280,2021-06-27T04:48:00
4.70714e-09,4.70714e-09,4.70714e-09,4.70714e-09,1624768740,2021-06-27T04:39:00
4.71166e-09,4.71166e-09,4.71166e-09,4.71166e-09,1624768620,2021-06-27T04:37:00
1.19976e-11,1.19976e-11,1.19976e-11,1.19976e-11,1624768140,2021-06-27T04:29:00
4.72394e-09,4.72394e-09,4.72394e-09,4.72394e-09,1624768080,2021-06-27T04:28:00
4.71882e-09,4.71882e-09,4.71882e-09,4.71882e-09,1624767900,2021-06-27T04:25:00
4.71924e-09,4.71924e-09,4.71924e-09,4.71924e-09,1624767240,2021-06-27T04:14:00
4.70665e-09,4.70665e-09,4.70665e-09,4.70665e-09,1624766460,2021-06-27T04:01:00
4.71568e-09,4.71568e-09,4.71568e-09,4.71568e-09,1624765680,2021-06-27T03:48:00
4.69407e-09,4.69407e-09,4.69407e-09,4.69407e-09,1624765380,2021-06-27T03:43:00
4.70701e-09,4.70701e-09,4.70701e-09,4.70701e-09,1624765200,2021-06-27T03:40:00
4.71562e-09,4.71562e-09,4.71562e-09,4.71562e-09,1624764780,2021-06-27T03:33:00
4.70677e-09,4.70677e-09,4.70677e-09,4.70677e-09,1624764420,2021-06-27T03:27:00
4.71897e-09,4.71897e-09,4.71897e-09,4.71897e-09,1624763940,2021-06-27T03:19:00
4.70194e-09,4.70194e-09,4.70194e-09,4.70194e-09,1624763520,2021-06-27T03:12:00
4.71257e-09,4.71257e-09,4.71257e-09,4.71257e-09,1624763340,2021-06-27T03:09:00
4.69601e-09,4.69601e-09,4.69601e-09,4.69601e-09,1624763280,2021-06-27T03:08:00
4.70297e-09,4.70297e-09,4.70297e-09,4.70297e-09,1624762500,2021-06-27T02:55:00
4.70022e-09,4.70022e-09,4.70022e-09,4.70022e-09,1624762020,2021-06-27T02:47:00
4.70476e-09,4.70476e-09,4.6989e-09,4.6989e-09,1624761480,2021-06-27T02:38:00
4.68924e-09,4.71173e-09,4.68924e-09,4.71173e-09,1624760580,2021-06-27T02:23:00
4.67433e-09,4.67433e-09,4.67433e-09,4.67433e-09,1624760400,2021-06-27T02:20:00
4.65918e-09,4.65918e-09,4.65918e-09,4.65918e-09,1624759680,2021-06-27T02:08:00
4.66359e-09,4.66359e-09,4.66359e-09,4.66359e-09,1624759380,2021-06-27T02:03:00
4.64657e-09,4.65491e-09,4.64657e-09,4.65491e-09,1624759320,2021-06-27T02:02:00
4.64854e-09,4.64854e-09,4.64854e-09,4.64854e-09,1624759080,2021-06-27T01:58:00
4.65021e-09,4.65021e-09,4.65021e-09,4.65021e-09,1624758780,2021-06-27T01:53:00
4.63846e-09,4.63846e-09,4.63846e-09,4.63846e-09,1624758060,2021-06-27T01:41:00
4.63417e-09,4.63417e-09,4.63417e-09,4.63417e-09,1624757580,2021-06-27T01:33:00
4.61611e-09,4.63323e-09,4.61611e-09,4.63323e-09,1624757460,2021-06-27T01:31:00
4.62309e-09,4.63334e-09,4.62309e-09,4.62627e-09,1624757340,2021-06-27T01:29:00
4.62069e-09,4.62069e-09,4.62069e-09,4.62069e-09,1624757100,2021-06-27T01:25:00
4.61439e-09,4.61439e-09,4.61439e-09,4.61439e-09,1624756980,2021-06-27T01:23:00
4.61899e-09,4.61899e-09,4.61899e-09,4.61899e-09,1624756860,2021-06-27T01:21:00
4.59044e-09,4.59044e-09,4.59044e-09,4.59044e-09,1624756440,2021-06-27T01:14:00
4.59206e-09,4.59206e-09,4.59206e-09,4.59206e-09,1624756380,2021-06-27T01:13:00
4.58493e-09,4.58493e-09,4.58493e-09,4.58493e-09,1624755780,2021-06-27T01:03:00
4.58559e-09,4.58559e-09,4.58559e-09,4.58559e-09,1624755420,2021-06-27T00:57:00
4.56725e-09,4.56725e-09,4.56725e-09,4.56725e-09,1624755300,2021-06-27T00:55:00
4.52065e-09,4.52065e-09,4.52065e-09,4.52065e-09,1624755000,2021-06-27T00:50:00
4.50899e-09,4.50899e-09,4.50899e-09,4.50899e-09,1624754460,2021-06-27T00:41:00
4.50932e-09,4.50932e-09,4.50932e-09,4.50932e-09,1624754220,2021-06-27T00:37:00
4.49414e-09,4.49414e-09,4.49414e-09,4.49414e-09,1624753860,2021-06-27T00:31:00
4.45348e-09,4.45348e-09,4.45348e-09,4.45348e-09,1624753020,2021-06-27T00:17:00
4.43962e-09,4.43962e-09,4.43135e-09,4.43135e-09,1624752840,2021-06-27T00:14:00
4.39545e-09,4.39545e-09,4.39545e-09,4.39545e-09,1624752300,2021-06-27T00:05:00
4.40112e-09,4.40112e-09,4.40112e-09,4.40112e-09,1624752060,2021-06-27T00:01:00
4.39229e-09,4.39229e-09,4.39229e-09,4.39229e-09,1624751940,2021-06-26T23:59:00
4.35402e-09,4.35402e-09,4.35402e-09,4.35402e-09,1624751340,2021-06-26T23:49:00
4.34543e-09,4.34543e-09,4.34543e-09,4.34543e-09,1624751280,2021-06-26T23:48:00
4.30132e-09,4.30132e-09,4.30132e-09,4.30132e-09,1624750140,2021-06-26T23:29:00
4.29741e-09,4.29741e-09,4.29741e-09,4.29741e-09,1624749840,2021-06-26T23:24:00
4.29088e-09,4.29088e-09,4.29088e-09,4.29088e-09,1624749780,2021-06-26T23:23:00
4.28974e-09,4.28974e-09,4.28974e-09,4.28974e-09,1624749660,2021-06-26T23:21:00
4.28644e-09,4.28644e-09,4.28644e-09,4.28644e-09,1624748760,2021-06-26T23:06:00
4.28839e-09,4.28839e-09,4.28839e-09,4.28839e-09,1624748700,2021-06-26T23:05:00
4.28723e-09,4.28723e-09,4.28723e-09,4.28723e-09,1624748520,2021-06-26T23:02:00
4.26539e-09,4.26539e-09,4.26539e-09,4.26539e-09,1624747980,2021-06-26T22:53:00
4.25567e-09,4.25567e-09,4.25567e-09,4.25567e-09,1624746900,2021-06-26T22:35:00
4.25368e-09,4.25368e-09,4.25368e-09,4.25368e-09,1624746840,2021-06-26T22:34:00
4.24784e-09,4.24784e-09,4.24784e-09,4.24784e-09,1624746120,2021-06-26T22:22:00
4.2489e-09,4.2489e-09,4.2489e-09,4.2489e-09,1624745760,2021-06-26T22:16:00
4.24941e-09,4.24941e-09,4.24941e-09,4.24941e-09,1624745640,2021-06-26T22:14:00
4.24643e-09,4.24643e-09,4.24643e-09,4.24643e-09,1624745460,2021-06-26T22:11:00
4.23492e-09,4.23492e-09,4.23492e-09,4.23492e-09,1624745100,2021-06-26T22:05:00
4.24049e-09,4.24049e-09,4.24049e-09,4.24049e-09,1624744920,2021-06-26T22:02:00
4.2271e-09,4.22978e-09,4.2271e-09,4.22978e-09,1624744500,2021-06-26T21:55:00
4.22291e-09,4.22291e-09,4.22291e-09,4.22291e-09,1624744440,2021-06-26T21:54:00
4.20262e-09,4.20262e-09,4.20262e-09,4.20262e-09,1624744260,2021-06-26T21:51:00
4.1782e-09,4.1782e-09,4.1782e-09,4.1782e-09,1624744200,2021-06-26T21:50:00
4.14632e-09,4.14632e-09,4.14632e-09,4.14632e-09,1624743900,2021-06-26T21:45:00
4.17534e-09,4.17534e-09,4.17534e-09,4.17534e-09,1624743360,2021-06-26T21:36:00
4.16316e-09,4.16316e-09,4.16316e-09,4.16316e-09,1624743180,2021-06-26T21:33:00
4.16063e-09,4.16063e-09,4.16063e-09,4.16063e-09,1624743000,2021-06-26T21:30:00
4.15869e-09,4.15869e-09,4.15869e-09,4.15869e-09,1624742820,2021-06-26T21:27:00
4.15635e-09,4.15635e-09,4.15635e-09,4.15635e-09,1624742580,2021-06-26T21:23:00
4.15403e-09,4.15403e-09,4.15403e-09,4.15403e-09,1624742400,2021-06-26T21:20:00
4.15574e-09,4.15574e-09,4.15574e-09,4.15574e-09,1624741560,2021-06-26T21:06:00
4.16809e-09,4.16809e-09,4.16809e-09,4.16809e-09,1624740480,2021-06-26T20:48:00
4.16324e-09,4.16324e-09,4.16324e-09,4.16324e-09,1624740360,2021-06-26T20:46:00
4.16166e-09,4.16166e-09,4.16166e-09,4.16166e-09,1624739940,2021-06-26T20:39:00
4.15274e-09,4.15274e-09,4.15274e-09,4.15274e-09,1624739400,2021-06-26T20:30:00
4.13913e-09,4.13913e-09,4.13913e-09,4.13913e-09,1624738800,2021-06-26T20:20:00
4.13626e-09,4.13626e-09,4.13626e-09,4.13626e-09,1624738500,2021-06-26T20:15:00
4.17899e-09,4.18468e-09,4.17899e-09,4.18468e-09,1624738380,2021-06-26T20:13:00
4.19407e-09,4.19407e-09,4.19407e-09,4.19407e-09,1624737840,2021-06-26T20:04:00
4.20099e-09,4.20099e-09,4.20099e-09,4.20099e-09,1624737360,2021-06-26T19:56:00
4.2e-09,4.2e-09,4.2e-09,4.2e-09,1624737120,2021-06-26T19:52:00
4.19901e-09,4.19901e-09,4.19901e-09,4.19901e-09,1624736760,2021-06-26T19:46:00
4.1986e-09,4.1986e-09,4.1986e-09,4.1986e-09,1624735920,2021-06-26T19:32:00
4.18536e-09,4.18536e-09,4.18536e-09,4.18536e-09,1624735020,2021-06-26T19:17:00
4.21088e-09,4.21088e-09,4.21088e-09,4.21088e-09,1624734780,2021-06-26T19:13:00
4.20785e-09,4.20785e-09,4.20785e-09,4.20785e-09,1624734660,2021-06-26T19:11:00
4.1927e-09,4.1927e-09,4.1927e-09,4.1927e-09,1624733940,2021-06-26T18:59:00
4.19369e-09,4.19369e-09,4.19369e-09,4.19369e-09,1624733520,2021-06-26T18:52:00
4.19563e-09,4.19563e-09,4.19563e-09,4.19563e-09,1624733040,2021-06-26T18:44:00
4.19682e-09,4.19682e-09,4.19682e-09,4.19682e-09,1624732380,2021-06-26T18:33:00
4.1802e-09,4.1802e-09,4.1802e-09,4.1802e-09,1624730760,2021-06-26T18:06:00
4.12246e-09,4.12246e-09,4.12246e-09,4.12246e-09,1624729380,2021-06-26T17:43:00
4.12491e-09,4.12491e-09,4.12491e-09,4.12491e-09,1624728540,2021-06-26T17:29:00
4.12335e-09,4.12335e-09,4.12335e-09,4.12335e-09,1624726500,2021-06-26T16:55:00
4.1242e-09,4.1242e-09,4.1242e-09,4.1242e-09,1624726440,2021-06-26T16:54:00
4.12419e-09,4.12419e-09,4.12419e-09,4.12419e-09,1624726260,2021-06-26T16:51:00
4.11202e-09,4.11239e-09,4.11202e-09,4.11239e-09,1624726140,2021-06-26T16:49:00
4.10509e-09,4.10509e-09,4.10509e-09,4.10509e-09,1624725600,2021-06-26T16:40:00
4.13883e-09,4.13883e-09,4.13883e-09,4.13883e-09,1624723560,2021-06-26T16:06:00
4.16174e-09,4.16174e-09,4.16174e-09,4.16174e-09,1624723440,2021-06-26T16:04:00
4.12368e-09,4.12368e-09,4.12368e-09,4.12368e-09,1624721940,2021-06-26T15:39:00
4.09892e-09,4.09892e-09,4.09892e-09,4.09892e-09,1624721880,2021-06-26T15:38:00
4.09904e-09,4.09904e-09,4.09904e-09,4.09904e-09,1624721220,2021-06-26T15:27:00
4.06991e-09,4.06991e-09,4.06991e-09,4.06991e-09,1624720980,2021-06-26T15:23:00
4.10168e-09,4.10168e-09,4.10168e-09,4.10168e-09,1624720500,2021-06-26T15:15:00
4.1176e-09,4.1176e-09,4.1176e-09,4.1176e-09,1624719240,2021-06-26T14:54:00
4.06946e-09,4.06946e-09,4.06946e-09,4.06946e-09,1624718940,2021-06-26T14:49:00
4.0982e-09,4.0982e-09,4.0982e-09,4.0982e-09,1624718760,2021-06-26T14:46:00
4.05299e-09,4.05299e-09,4.05299e-09,4.05299e-09,1624718220,2021-06-26T14:37:00
4.00239e-09,4.00239e-09,4.00239e-09,4.00239e-09,1624716720,2021-06-26T14:12:00
4.06538e-09,4.06538e-09,4.06538e-09,4.06538e-09,1624715100,2021-06-26T13:45:00
4.10431e-09,4.10431e-09,4.10431e-09,4.10431e-09,1624715040,2021-06-26T13:44:00
4.12558e-09,4.12558e-09,4.12558e-09,4.12558e-09,1624714620,2021-06-26T13:37:00
4.13018e-09,4.13018e-09,4.13018e-09,4.13018e-09,1624714380,2021-06-26T13:33:00
4.17768e-09,4.17768e-09,4.17768e-09,4.17768e-09,1624713480,2021-06-26T13:18:00
4.22861e-09,4.22861e-09,4.22861e-09,4.22861e-09,1624713120,2021-06-26T13:12:00
4.22761e-09,4.22761e-09,4.22663e-09,4.22663e-09,1624712940,2021-06-26T13:09:00
4.2226e-09,4.2226e-09,4.2226e-09,4.2226e-09,1624712820,2021-06-26T13:07:00
4.21882e-09,4.21882e-09,4.21882e-09,4.21882e-09,1624712760,2021-06-26T13:06:00
4.2145e-09,4.2145e-09,4.2145e-09,4.2145e-09,1624712340,2021-06-26T12:59:00
4.23165e-09,4.23165e-09,4.23165e-09,4.23165e-09,1624711380,2021-06-26T12:43:00
4.23163e-09,4.23163e-09,4.23163e-09,4.23163e-09,1624711020,2021-06-26T12:37:00
4.23744e-09,4.23744e-09,4.23744e-09,4.23744e-09,1624710360,2021-06-26T12:26:00
4.21407e-09,4.21407e-09,4.21407e-09,4.21407e-09,1624710120,2021-06-26T12:22:00
4.21489e-09,4.21489e-09,4.21489e-09,4.21489e-09,1624710060,2021-06-26T12:21:00
4.21898e-09,4.21898e-09,4.21898e-09,4.21898e-09,1624709700,2021-06-26T12:15:00
4.22431e-09,4.22431e-09,4.22431e-09,4.22431e-09,1624709460,2021-06-26T12:11:00
4.22322e-09,4.22322e-09,4.22322e-09,4.22322e-09,1624709340,2021-06-26T12:09:00
4.22421e-09,4.22421e-09,4.22421e-09,4.22421e-09,1624709160,2021-06-26T12:06:00
4.22346e-09,4.22356e-09,4.22346e-09,4.22356e-09,1624708620,2021-06-26T11:57:00
4.21832e-09,4.21832e-09,4.21832e-09,4.21832e-09,1624708200,2021-06-26T11:50:00
4.20446e-09,4.20446e-09,4.20446e-09,4.20446e-09,1624707900,2021-06-26T11:45:00
4.17316e-09,4.17316e-09,4.17316e-09,4.17316e-09,1624707000,2021-06-26T11:30:00
4.17167e-09,4.17167e-09,4.17167e-09,4.17167e-09,1624706880,2021-06-26T11:28:00
4.17153e-09,4.17153e-09,4.17153e-09,4.17153e-09,1624706580,2021-06-26T11:23:00
4.1693e-09,4.1693e-09,4.1693e-09,4.1693e-09,1624706460,2021-06-26T11:21:00
4.16306e-09,4.16306e-09,4.16306e-09,4.16306e-09,1624706340,2021-06-26T11:19:00
4.15695e-09,4.15695e-09,4.15695e-09,4.15695e-09,1624706160,2021-06-26T11:16:00
4.14614e-09,4.14614e-09,4.14614e-09,4.14614e-09,1624706040,2021-06-26T11:14:00
4.12002e-09,4.12002e-09,4.12002e-09,4.12002e-09,1624705380,2021-06-26T11:03:00
4.08747e-09,4.08747e-09,4.08747e-09,4.08747e-09,1624704840,2021-06-26T10:54:00
4.08248e-09,4.08248e-09,4.08248e-09,4.08248e-09,1624704420,2021-06-26T10:47:00
4.09094e-09,4.09094e-09,4.09094e-09,4.09094e-09,1624704180,2021-06-26T10:43:00
4.10101e-09,4.10101e-09,4.10101e-09,4.10101e-09,1624703700,2021-06-26T10:35:00
4.1056e-09,4.1056e-09,4.1056e-09,4.1056e-09,1624703340,2021-06-26T10:29:00
4.10166e-09,4.10166e-09,4.10166e-09,4.10166e-09,1624703280,2021-06-26T10:28:00
4.08448e-09,4.08448e-09,4.08448e-09,4.08448e-09,1624703100,2021-06-26T10:25:00
4.08981e-09,4.08981e-09,4.08981e-09,4.08981e-09,1624702920,2021-06-26T10:22:00
4.07788e-09,4.07788e-09,4.07788e-09,4.07788e-09,1624702860,2021-06-26T10:21:00
4.08948e-09,4.08948e-09,4.08948e-09,4.08948e-09,1624702560,2021-06-26T10:16:00
4.07447e-09,4.07447e-09,4.07447e-09,4.07447e-09,1624702260,2021-06-26T10:11:00
4.09105e-09,4.09105e-09,4.09105e-09,4.09105e-09,1624701480,2021-06-26T09:58:00
4.06796e-09,4.06796e-09,4.06796e-09,4.06796e-09,1624701240,2021-06-26T09:54:00
4.01092e-09,4.01092e-09,4.01092e-09,4.01092e-09,1624700220,2021-06-26T09:37:00
4.01674e-09,4.01674e-09,4.01674e-09,4.01674e-09,1624700100,2021-06-26T09:35:00
3.99095e-09,3.99095e-09,3.99095e-09,3.99095e-09,1624699800,2021-06-26T09:30:00
4.00178e-09,4.00178e-09,4.00178e-09,4.00178e-09,1624699560,2021-06-26T09:26:00
3.94069e-09,3.94069e-09,3.94069e-09,3.94069e-09,1624699440,2021-06-26T09:24:00
3.94524e-09,3.94524e-09,3.94524e-09,3.94524e-09,1624699380,2021-06-26T09:23:00
3.92612e-09,3.92612e-09,3.92612e-09,3.92612e-09,1624699320,2021-06-26T09:22:00
3.94204e-09,3.94204e-09,3.94204e-09,3.94204e-09,1624699260,2021-06-26T09:21:00
3.94007e-09,3.94007e-09,3.94007e-09,3.94007e-09,1624698840,2021-06-26T09:14:00
3.94134e-09,3.94134e-09,3.94134e-09,3.94134e-09,1624698180,2021-06-26T09:03:00
3.9124e-09,3.9124e-09,3.9124e-09,3.9124e-09,1624698060,2021-06-26T09:01:00
3.96024e-09,3.96024e-09,3.96024e-09,3.96024e-09,1624698000,2021-06-26T09:00:00
3.91475e-09,3.91475e-09,3.91475e-09,3.91475e-09,1624697940,2021-06-26T08:59:00
3.89835e-09,3.89835e-09,3.89835e-09,3.89835e-09,1624697880,2021-06-26T08:58:00
3.91493e-09,3.91493e-09,3.91493e-09,3.91493e-09,1624697580,2021-06-26T08:53:00
3.91833e-09,3.91833e-09,3.91833e-09,3.91833e-09,1624697460,2021-06-26T08:51:00
3.86556e-09,3.86556e-09,3.86556e-09,3.86556e-09,1624697340,2021-06-26T08:49:00
3.81728e-09,3.81728e-09,3.81728e-09,3.81728e-09,1624694940,2021-06-26T08:09:00
3.82877e-09,3.82877e-09,3.82877e-09,3.82877e-09,1624694040,2021-06-26T07:54:00
3.99167e-09,3.99167e-09,3.99167e-09,3.99167e-09,1624689300,2021-06-26T06:35:00
3.98737e-09,3.98737e-09,3.98737e-09,3.98737e-09,1624685220,2021-06-26T05:27:00
3.97294e-09,3.97294e-09,3.97294e-09,3.97294e-09,1624684620,2021-06-26T05:17:00
3.94686e-09,3.94686e-09,3.94686e-09,3.94686e-09,1624675860,2021-06-26T02:51:00
3.90942e-09,3.90942e-09,3.90942e-09,3.90942e-09,1624674780,2021-06-26T02:33:00
3.95909e-09,3.95909e-09,3.95909e-09,3.95909e-09,1624673220,2021-06-26T02:07:00
3.92923e-09,3.92923e-09,3.92923e-09,3.92923e-09,1624671840,2021-06-26T01:44:00
3.94833e-09,3.94833e-09,3.94833e-09,3.94833e-09,1624670280,2021-06-26T01:18:00
3.96169e-09,3.96169e-09,3.96169e-09,3.96169e-09,1624668660,2021-06-26T00:51:00
3.9173e-09,3.9173e-09,3.9173e-09,3.9173e-09,1624666080,2021-06-26T00:08:00
3.91756e-09,3.91756e-09,3.91756e-09,3.91756e-09,1624665480,2021-06-25T23:58:00
4.02137e-09,4.02137e-09,4.02137e-09,4.02137e-09,1624659360,2021-06-25T22:16:00
4.04031e-09,4.04031e-09,4.04031e-09,4.04031e-09,1624655040,2021-06-25T21:04:00
4.01374e-09,4.01374e-09,4.01374e-09,4.01374e-09,1624651080,2021-06-25T19:58:00
4.01466e-09,4.01466e-09,4.01466e-09,4.01466e-09,1624650000,2021-06-25T19:40:00
3.99421e-09,3.99421e-09,3.99421e-09,3.99421e-09,1624645680,2021-06-25T18:28:00
3.98188e-09,3.98188e-09,3.98188e-09,3.98188e-09,1624645440,2021-06-25T18:24:00
3.95742e-09,3.95742e-09,3.95742e-09,3.95742e-09,1624644660,2021-06-25T18:11:00
3.95802e-09,3.95802e-09,3.95802e-09,3.95802e-09,1624641840,2021-06-25T17:24:00
3.94828e-09,3.94828e-09,3.94828e-09,3.94828e-09,1624640580,2021-06-25T17:03:00
3.9529e-09,3.9529e-09,3.9529e-09,3.9529e-09,1624635660,2021-06-25T15:41:00
3.9142e-09,3.9142e-09,3.9142e-09,3.9142e-09,1624635360,2021-06-25T15:36:00
4.02994e-09,4.02994e-09,4.02994e-09,4.02994e-09,1624631700,2021-06-25T14:35:00
4.03377e-09,4.03377e-09,4.03377e-09,4.03377e-09,1624630740,2021-06-25T14:19:00
4.01488e-09,4.01488e-09,4.01488e-09,4.01488e-09,1624628880,2021-06-25T13:48:00
3.99399e-09,3.99399e-09,3.99399e-09,3.99399e-09,1624628640,2021-06-25T13:44:00
4.09352e-09,4.09352e-09,4.09352e-09,4.09352e-09,1624628040,2021-06-25T13:34:00
4.1483e-09,4.1483e-09,4.1483e-09,4.1483e-09,1624624380,2021-06-25T12:33:00
4.27504e-09,4.27504e-09,4.27504e-09,4.27504e-09,1624615800,2021-06-25T10:10:00
4.32177e-09,4.32177e-09,4.32177e-09,4.32177e-09,1624611780,2021-06-25T09:03:00
4.31915e-09,4.31915e-09,4.31915e-09,4.31915e-09,1624611540,2021-06-25T08:59:00
4.34807e-09,4.34807e-09,4.34807e-09,4.34807e-09,1624602780,2021-06-25T06:33:00
4.39075e-09,4.39075e-09,4.39075e-09,4.39075e-09,1624598160,2021-06-25T05:16:00
4.4635e-09,4.4635e-09,4.4635e-09,4.4635e-09,1624593720,2021-06-25T04:02:00
4.45567e-09,4.45567e-09,4.45567e-09,4.45567e-09,1624592640,2021-06-25T03:44:00
4.46656e-09,4.46656e-09,4.46656e-09,4.46656e-09,1624590720,2021-06-25T03:12:00
4.48423e-09,4.48423e-09,4.48423e-09,4.48423e-09,1624588440,2021-06-25T02:34:00
4.44658e-09,4.44658e-09,4.44658e-09,4.44658e-09,1624587840,2021-06-25T02:24:00
4.43302e-09,4.43302e-09,4.43302e-09,4.43302e-09,1624586700,2021-06-25T02:05:00
4.43761e-09,4.43761e-09,4.43761e-09,4.43761e-09,1624586040,2021-06-25T01:54:00
4.42583e-09,4.42583e-09,4.42583e-09,4.42583e-09,1624585860,2021-06-25T01:51:00
4.45787e-09,4.45787e-09,4.45787e-09,4.45787e-09,1624585140,2021-06-25T01:39:00
4.49369e-09,4.49369e-09,4.49369e-09,4.49369e-09,1624583700,2021-06-25T01:15:00
4.57323e-09,4.57323e-09,4.57323e-09,4.57323e-09,1624581600,2021-06-25T00:40:00
4.55609e-09,4.55609e-09,4.55609e-09,4.55609e-09,1624580640,2021-06-25T00:24:00
4.55363e-09,4.55363e-09,4.55363e-09,4.55363e-09,1624577820,2021-06-24T23:37:00
4.59841e-09,4.59841e-09,4.59841e-09,4.59841e-09,1624570260,2021-06-24T21:31:00
4.57426e-09,4.57426e-09,4.57426e-09,4.57426e-09,1624569660,2021-06-24T21:21:00
4.60102e-09,4.60102e-09,4.60102e-09,4.60102e-09,1624567500,2021-06-24T20:45:00
4.64253e-09,4.64253e-09,4.64253e-09,4.64253e-09,1624564500,2021-06-24T19:55:00
4.64078e-09,4.64078e-09,4.64078e-09,4.64078e-09,1624563840,2021-06-24T19:44:00
4.61027e-09,4.61027e-09,4.61027e-09,4.61027e-09,1624563660,2021-06-24T19:41:00
4.63246e-09,4.63246e-09,4.63246e-09,4.63246e-09,1624561320,2021-06-24T19:02:00
4.62401e-09,4.62401e-09,4.62401e-09,4.62401e-09,1624560360,2021-06-24T18:46:00
4.58974e-09,4.58974e-09,4.58974e-09,4.58974e-09,1624559280,2021-06-24T18:28:00
4.61155e-09,4.61155e-09,4.61155e-09,4.61155e-09,1624558020,2021-06-24T18:07:00
4.64756e-09,4.64756e-09,4.64756e-09,4.64756e-09,1624554000,2021-06-24T17:00:00
4.67589e-09,4.67589e-09,4.67589e-09,4.67589e-09,1624552500,2021-06-24T16:35:00
4.65941e-09,4.65941e-09,4.65941e-09,4.65941e-09,1624551300,2021-06-24T16:15:00
4.67697e-09,4.67697e-09,4.67697e-09,4.67697e-09,1624550400,2021-06-24T16:00:00
4.73285e-09,4.73285e-09,4.73285e-09,4.73285e-09,1624548660,2021-06-24T15:31:00
4.72867e-09,4.72867e-09,4.72867e-09,4.72867e-09,1624547760,2021-06-24T15:16:00
4.68609e-09,4.68609e-09,4.68609e-09,4.68609e-09,1624546740,2021-06-24T14:59:00
4.65989e-09,4.65989e-09,4.65989e-09,4.65989e-09,1624546500,2021-06-24T14:55:00
4.68889e-09,4.68889e-09,4.68889e-09,4.68889e-09,1624545780,2021-06-24T14:43:00
4.65596e-09,4.65596e-09,4.65596e-09,4.65596e-09,1624544280,2021-06-24T14:18:00
4.67988e-09,4.67988e-09,4.67988e-09,4.67988e-09,1624539240,2021-06-24T12:54:00
4.67453e-09,4.67453e-09,4.67453e-09,4.67453e-09,1624538940,2021-06-24T12:49:00
4.70127e-09,4.70127e-09,4.70127e-09,4.70127e-09,1624538580,2021-06-24T12:43:00
4.62924e-09,4.62924e-09,4.62924e-09,4.62924e-09,1624532040,2021-06-24T10:54:00
4.63076e-09,4.63076e-09,4.63076e-09,4.63076e-09,1624531620,2021-06-24T10:47:00
4.6397e-09,4.6397e-09,4.6397e-09,4.6397e-09,1624530780,2021-06-24T10:33:00
4.61854e-09,4.61854e-09,4.61854e-09,4.61854e-09,1624529220,2021-06-24T10:07:00
4.62457e-09,4.62457e-09,4.62457e-09,4.62457e-09,1624523580,2021-06-24T08:33:00
4.61055e-09,4.61055e-09,4.61055e-09,4.61055e-09,1624521540,2021-06-24T07:59:00
4.60563e-09,4.60563e-09,4.60563e-09,4.60563e-09,1624518480,2021-06-24T07:08:00
4.62613e-09,4.62613e-09,4.62613e-09,4.62613e-09,1624514460,2021-06-24T06:01:00
4.68477e-09,4.68477e-09,4.68477e-09,4.68477e-09,1624512840,2021-06-24T05:34:00
4.63267e-09,4.63267e-09,4.63267e-09,4.63267e-09,1624510020,2021-06-24T04:47:00
4.66968e-09,4.66968e-09,4.66968e-09,4.66968e-09,1624509840,2021-06-24T04:44:00
4.63948e-09,4.63948e-09,4.63948e-09,4.63948e-09,1624506420,2021-06-24T03:47:00
4.64377e-09,4.64377e-09,4.64377e-09,4.64377e-09,1624506000,2021-06-24T03:40:00
4.69976e-09,4.69976e-09,4.69976e-09,4.69976e-09,1624505940,2021-06-24T03:39:00
4.6391e-09,4.6391e-09,4.6391e-09,4.6391e-09,1624504080,2021-06-24T03:08:00
4.63697e-09,4.63697e-09,4.63697e-09,4.63697e-09,1624503480,2021-06-24T02:58:00
4.68e-09,4.68e-09,4.68e-09,4.68e-09,1624502820,2021-06-24T02:47:00
4.67149e-09,4.67149e-09,4.67149e-09,4.67149e-09,1624501620,2021-06-24T02:27:00
4.68802e-09,4.68802e-09,4.68802e-09,4.68802e-09,1624501440,2021-06-24T02:24:00
4.71398e-09,4.71398e-09,4.71398e-09,4.71398e-09,1624501320,2021-06-24T02:22:00
4.68445e-09,4.68445e-09,4.68445e-09,4.68445e-09,1624501200,2021-06-24T02:20:00
4.71764e-09,4.71764e-09,4.71764e-09,4.71764e-09,1624500660,2021-06-24T02:11:00
4.67958e-09,4.67958e-09,4.67958e-09,4.67958e-09,1624500600,2021-06-24T02:10:00
4.72211e-09,4.72211e-09,4.72211e-09,4.72211e-09,1624500420,2021-06-24T02:07:00
4.77088e-09,4.77088e-09,4.77088e-09,4.77088e-09,1624498260,2021-06-24T01:31:00
4.7507e-09,4.7507e-09,4.7507e-09,4.7507e-09,1624497960,2021-06-24T01:26:00
4.80518e-09,4.80518e-09,4.80518e-09,4.80518e-09,1624496100,2021-06-24T00:55:00
4.81703e-09,4.81703e-09,4.81703e-09,4.81703e-09,1624493280,2021-06-24T00:08:00
4.79391e-09,4.79391e-09,4.79391e-09,4.79391e-09,1624491120,2021-06-23T23:32:00
4.78521e-09,4.78521e-09,4.78521e-09,4.78521e-09,1624490100,2021-06-23T23:15:00
4.83594e-09,4.83594e-09,4.83594e-09,4.83594e-09,1624489260,2021-06-23T23:01:00
4.81967e-09,4.81967e-09,4.81967e-09,4.81967e-09,1624487880,2021-06-23T22:38:00
4.88634e-09,4.88634e-09,4.88634e-09,4.88634e-09,1624487040,2021-06-23T22:24:00
4.86093e-09,4.86093e-09,4.86093e-09,4.86093e-09,1624486680,2021-06-23T22:18:00
4.83778e-09,4.83778e-09,4.83778e-09,4.83778e-09,1624484640,2021-06-23T21:44:00
4.85718e-09,4.85718e-09,4.85718e-09,4.85718e-09,1624484040,2021-06-23T21:34:00
4.83733e-09,4.83733e-09,4.82353e-09,4.82353e-09,1624482600,2021-06-23T21:10:00
4.83542e-09,4.83542e-09,4.83542e-09,4.83542e-09,1624480860,2021-06-23T20:41:00
4.83798e-09,4.83798e-09,4.83798e-09,4.83798e-09,1624479480,2021-06-23T20:18:00
4.89532e-09,4.89532e-09,4.89532e-09,4.89532e-09,1624477920,2021-06-23T19:52:00
4.93702e-09,4.93702e-09,4.93702e-09,4.93702e-09,1624472700,2021-06-23T18:25:00
4.97729e-09,4.97729e-09,4.97729e-09,4.97729e-09,1624471260,2021-06-23T18:01:00
4.99918e-09,4.99918e-09,4.99918e-09,4.99918e-09,1624468260,2021-06-23T17:11:00
4.99504e-09,4.99504e-09,4.99504e-09,4.99504e-09,1624462380,2021-06-23T15:33:00
5.00263e-09,5.00263e-09,5.00263e-09,5.00263e-09,1624460820,2021-06-23T15:07:00
5.04994e-09,5.04994e-09,5.04994e-09,5.04994e-09,1624460700,2021-06-23T15:05:00
5.04897e-09,5.04897e-09,5.04897e-09,5.04897e-09,1624459920,2021-06-23T14:52:00
5.0507e-09,5.0507e-09,5.0507e-09,5.0507e-09,1624459140,2021-06-23T14:39:00
5.05926e-09,5.05926e-09,5.05926e-09,5.05926e-09,1624456740,2021-06-23T13:59:00
5.11034e-09,5.11034e-09,5.11034e-09,5.11034e-09,1624452180,2021-06-23T12:43:00
5.08967e-09,5.08967e-09,5.08967e-09,5.08967e-09,1624450860,2021-06-23T12:21:00
5.05326e-09,5.05326e-09,5.05326e-09,5.05326e-09,1624439880,2021-06-23T09:18:00
5.05451e-09,5.05451e-09,5.05451e-09,5.05451e-09,1624439640,2021-06-23T09:14:00
5.06772e-09,5.06772e-09,5.06772e-09,5.06772e-09,1624439340,2021-06-23T09:09:00
5.15279e-09,5.15279e-09,5.15279e-09,5.15279e-09,1624432320,2021-06-23T07:12:00
5.1491e-09,5.1491e-09,5.1491e-09,5.1491e-09,1624431420,2021-06-23T06:57:00
5.22206e-09,5.22206e-09,5.22206e-09,5.22206e-09,1624428840,2021-06-23T06:14:00
5.21045e-09,5.21045e-09,5.21045e-09,5.21045e-09,1624427880,2021-06-23T05:58:00
5.10843e-09,5.10843e-09,5.10843e-09,5.10843e-09,1624425600,2021-06-23T05:20:00
5.12256e-09,5.12256e-09,5.12256e-09,5.12256e-09,1624416120,2021-06-23T02:42:00
5.10825e-09,5.10825e-09,5.10825e-09,5.10825e-09,1624415820,2021-06-23T02:37:00
5.11006e-09,5.11006e-09,5.11006e-09,5.11006e-09,1624415160,2021-06-23T02:26:00
5.07409e-09,5.07409e-09,5.07409e-09,5.07409e-09,1624414920,2021-06-23T02:22:00
5.10045e-09,5.10045e-09,5.10045e-09,5.10045e-09,1624414380,2021-06-23T02:13:00
5.06057e-09,5.06057e-09,5.06057e-09,5.06057e-09,1624413540,2021-06-23T01:59:00
5.02334e-09,5.02334e-09,5.02334e-09,5.02334e-09,1624412700,2021-06-23T01:45:00
5.03615e-09,5.03615e-09,5.03615e-09,5.03615e-09,1624411680,2021-06-23T01:28:00
4.93043e-09,4.93043e-09,4.93043e-09,4.93043e-09,1624410240,2021-06-23T01:04:00
4.88912e-09,4.88912e-09,4.88912e-09,4.88912e-09,1624409460,2021-06-23T00:51:00
4.74772e-09,4.74772e-09,4.74772e-09,4.74772e-09,1624404840,2021-06-22T23:34:00
4.80466e-09,4.80466e-09,4.80466e-09,4.80466e-09,1624404600,2021-06-22T23:30:00
4.76266e-09,4.76266e-09,4.76266e-09,4.76266e-09,1624404360,2021-06-22T23:26:00
4.84615e-09,4.84615e-09,4.84615e-09,4.84615e-09,1624403940,2021-06-22T23:19:00
4.82717e-09,4.82717e-09,4.82717e-09,4.82717e-09,1624401240,2021-06-22T22:34:00
4.83769e-09,4.83769e-09,4.83769e-09,4.83769e-09,1624400580,2021-06-22T22:23:00
4.8676e-09,4.8676e-09,4.8676e-09,4.8676e-09,1624398600,2021-06-22T21:50:00
4.95913e-09,4.95913e-09,4.95913e-09,4.95913e-09,1624396680,2021-06-22T21:18:00
4.97992e-09,4.97992e-09,4.97992e-09,4.97992e-09,1624393860,2021-06-22T20:31:00
4.92335e-09,4.92335e-09,4.92335e-09,4.92335e-09,1624393200,2021-06-22T20:20:00
4.96305e-09,4.96305e-09,4.96305e-09,4.96305e-09,1624393140,2021-06-22T20:19:00
4.98506e-09,4.98506e-09,4.98506e-09,4.98506e-09,1624392120,2021-06-22T20:02:00
4.9783e-09,4.9783e-09,4.9783e-09,4.9783e-09,1624390620,2021-06-22T19:37:00
4.90787e-09,4.90787e-09,4.90787e-09,4.90787e-09,1624385160,2021-06-22T18:06:00
4.89854e-09,4.89854e-09,4.89854e-09,4.89854e-09,1624383000,2021-06-22T17:30:00
4.97745e-09,4.97745e-09,4.97745e-09,4.97745e-09,1624379160,2021-06-22T16:26:00
4.8467e-09,4.8467e-09,4.8467e-09,4.8467e-09,1624376700,2021-06-22T15:45:00
4.63006e-09,4.63006e-09,4.63006e-09,4.63006e-09,1624372680,2021-06-22T14:38:00
4.89933e-09,4.90669e-09,4.89933e-09,4.90669e-09,1624355040,2021-06-22T09:44:00
4.95456e-09,4.95456e-09,4.95456e-09,4.95456e-09,1624352520,2021-06-22T09:02:00
5.06497e-09,5.06497e-09,5.06497e-09,5.06497e-09,1624349580,2021-06-22T08:13:00
5.08624e-09,5.08624e-09,5.08624e-09,5.08624e-09,1624345260,2021-06-22T07:01:00
5.11095e-09,5.11095e-09,5.11095e-09,5.11095e-09,1624341180,2021-06-22T05:53:00
5.18806e-09,5.18806e-09,5.18806e-09,5.18806e-09,1624338180,2021-06-22T05:03:00
5.18912e-09,5.18912e-09,5.18912e-09,5.18912e-09,1624338060,2021-06-22T05:01:00
5.17376e-09,5.17376e-09,5.17376e-09,5.17376e-09,1624337040,2021-06-22T04:44:00
5.14181e-09,5.14181e-09,5.14181e-09,5.14181e-09,1624331940,2021-06-22T03:19:00
5.15151e-09,5.15151e-09,5.15151e-09,5.15151e-09,1624327560,2021-06-22T02:06:00
5.17642e-09,5.17642e-09,5.17642e-09,5.17642e-09,1624327440,2021-06-22T02:04:00
5.16794e-09,5.16794e-09,5.16794e-09,5.16794e-09,1624326840,2021-06-22T01:54:00
5.17646e-09,5.17646e-09,5.17646e-09,5.17646e-09,1624325100,2021-06-22T01:25:00
5.12458e-09,5.12458e-09,5.12458e-09,5.12458e-09,1624324440,2021-06-22T01:14:00
5.08567e-09,5.08567e-09,5.08567e-09,5.08567e-09,1624323720,2021-06-22T01:02:00
4.99916e-09,4.99916e-09,4.99605e-09,4.99605e-09,1624322940,2021-06-22T00:49:00
4.96112e-09,4.96112e-09,4.96112e-09,4.96112e-09,1624320960,2021-06-22T00:16:00
5.02852e-09,5.02852e-09,5.02852e-09,5.02852e-09,1624317960,2021-06-21T23:26:00
4.96492e-09,4.96492e-09,4.96492e-09,4.96492e-09,1624315620,2021-06-21T22:47:00
4.94744e-09,4.94744e-09,4.94744e-09,4.94744e-09,1624314780,2021-06-21T22:33:00
5.01062e-09,5.01062e-09,5.01062e-09,5.01062e-09,1624314000,2021-06-21T22:20:00
5.02632e-09,5.02632e-09,5.02632e-09,5.02632e-09,1624312800,2021-06-21T22:00:00
5.12772e-09,5.12772e-09,5.12772e-09,5.12772e-09,1624309560,2021-06-21T21:06:00
5.13835e-09,5.13835e-09,5.13835e-09,5.13835e-09,1624304460,2021-06-21T19:41:00
5.11134e-09,5.11134e-09,5.11134e-09,5.11134e-09,1624304100,2021-06-21T19:35:00
5.09929e-09,5.09929e-09,5.09929e-09,5.09929e-09,1624303920,2021-06-21T19:32:00
5.14904e-09,5.14904e-09,5.14904e-09,5.14904e-09,1624303800,2021-06-21T19:30:00
5.17564e-09,5.17564e-09,5.17564e-09,5.17564e-09,1624302660,2021-06-21T19:11:00
5.19137e-09,5.19137e-09,5.19137e-09,5.19137e-09,1624301880,2021-06-21T18:58:00
5.17392e-09,5.17392e-09,5.17392e-09,5.17392e-09,1624301640,2021-06-21T18:54:00
5.14421e-09,5.14421e-09,5.14421e-09,5.14421e-09,1624297440,2021-06-21T17:44:00
5.13801e-09,5.13801e-09,5.13801e-09,5.13801e-09,1624297080,2021-06-21T17:38:00
5.1323e-09,5.1323e-09,5.1323e-09,5.1323e-09,1624296900,2021-06-21T17:35:00
5.09369e-09,5.09369e-09,5.09369e-09,5.09369e-09,1624296300,2021-06-21T17:25:00
5.12461e-09,5.12461e-09,5.12461e-09,5.12461e-09,1624296060,2021-06-21T17:21:00
5.11093e-09,5.11093e-09,5.11093e-09,5.11093e-09,1624294980,2021-06-21T17:03:00
5.10856e-09,5.10856e-09,5.10856e-09,5.10856e-09,1624294320,2021-06-21T16:52:00
5.08052e-09,5.08052e-09,5.08052e-09,5.08052e-09,1624293960,2021-06-21T16:46:00
5.1816e-09,5.1816e-09,5.1816e-09,5.1816e-09,1624290960,2021-06-21T15:56:00
5.218e-09,5.218e-09,5.218e-09,5.218e-09,1624290420,2021-06-21T15:47:00
5.22611e-09,5.22611e-09,5.22611e-09,5.22611e-09,1624288500,2021-06-21T15:15:00
5.26745e-09,5.26745e-09,5.26745e-09,5.26745e-09,1624284840,2021-06-21T14:14:00
5.17315e-09,5.17315e-09,5.17315e-09,5.17315e-09,1624279740,2021-06-21T12:49:00
5.12231e-09,5.12231e-09,5.12231e-09,5.12231e-09,1624273860,2021-06-21T11:11:00
5.38897e-09,5.38897e-09,5.38897e-09,5.38897e-09,1624271220,2021-06-21T10:27:00
5.43996e-09,5.43996e-09,5.43996e-09,5.43996e-09,1624268460,2021-06-21T09:41:00
5.57257e-09,5.57257e-09,5.57257e-09,5.57257e-09,1624266120,2021-06-21T09:02:00
5.55367e-09,5.55367e-09,5.55367e-09,5.55367e-09,1624264020,2021-06-21T08:27:00
5.60021e-09,5.60021e-09,5.60021e-09,5.60021e-09,1624263300,2021-06-21T08:15:00
5.60019e-09,5.60019e-09,5.60019e-09,5.60019e-09,1624259700,2021-06-21T07:15:00
5.66911e-09,5.66911e-09,5.66911e-09,5.66911e-09,1624259580,2021-06-21T07:13:00
5.91061e-09,5.91061e-09,5.91061e-09,5.91061e-09,1624255980,2021-06-21T06:13:00
5.89671e-09,5.89997e-09,5.89671e-09,5.89997e-09,1624255020,2021-06-21T05:57:00
5.88152e-09,5.88152e-09,5.88152e-09,5.88152e-09,1624254540,2021-06-21T05:49:00
5.86821e-09,5.86821e-09,5.82266e-09,5.82266e-09,1624249740,2021-06-21T04:29:00
5.93347e-09,5.93347e-09,5.93347e-09,5.93347e-09,1624248840,2021-06-21T04:14:00
6.06516e-09,6.06516e-09,6.06516e-09,6.06516e-09,1624245960,2021-06-21T03:26:00
6.06605e-09,6.06605e-09,6.06605e-09,6.06605e-09,1624244400,2021-06-21T03:00:00
6.06645e-09,6.06645e-09,6.06645e-09,6.06645e-09,1624243200,2021-06-21T02:40:00
6.13359e-09,6.13359e-09,6.13359e-09,6.13359e-09,1624241040,2021-06-21T02:04:00
6.1365e-09,6.1365e-09,6.1365e-09,6.1365e-09,1624240260,2021-06-21T01:51:00
6.09361e-09,6.09361e-09,6.09361e-09,6.09361e-09,1624239360,2021-06-21T01:36:00
6.13156e-09,6.13156e-09,6.13156e-09,6.13156e-09,1624238820,2021-06-21T01:27:00
6.04523e-09,6.04523e-09,6.04523e-09,6.04523e-09,1624237020,2021-06-21T00:57:00
5.92991e-09,5.92991e-09,5.92991e-09,5.92991e-09,1624236900,2021-06-21T00:55:00
5.95873e-09,5.95873e-09,5.95873e-09,5.95873e-09,1624234620,2021-06-21T00:17:00
5.94384e-09,5.94384e-09,5.94384e-09,5.94384e-09,1624232280,2021-06-20T23:38:00
5.95574e-09,5.95574e-09,5.95574e-09,5.95574e-09,1624230600,2021-06-20T23:10:00
6.01287e-09,6.01287e-09,6.01287e-09,6.01287e-09,1624229640,2021-06-20T22:54:00
5.99916e-09,5.99916e-09,5.99916e-09,5.99916e-09,1624228680,2021-06-20T22:38:00
6.00127e-09,6.00127e-09,6.00127e-09,6.00127e-09,1624227900,2021-06-20T22:25:00
6.00544e-09,6.00544e-09,6.00544e-09,6.00544e-09,1624227540,2021-06-20T22:19:00
5.96929e-09,5.96929e-09,5.96929e-09,5.96929e-09,1624227300,2021-06-20T22:15:00
5.97402e-09,5.97402e-09,5.97402e-09,5.97402e-09,1624226880,2021-06-20T22:08:00
5.88624e-09,5.88624e-09,5.88624e-09,5.88624e-09,1624226580,2021-06-20T22:03:00
5.93038e-09,5.93038e-09,5.93038e-09,5.93038e-09,1624225620,2021-06-20T21:47:00
5.90067e-09,5.90067e-09,5.90067e-09,5.90067e-09,1624222800,2021-06-20T21:00:00
5.76948e-09,5.76948e-09,5.76948e-09,5.76948e-09,1624219560,2021-06-20T20:06:00
5.80973e-09,5.80973e-09,5.80973e-09,5.80973e-09,1624218720,2021-06-20T19:52:00
5.60795e-09,5.60795e-09,5.60795e-09,5.60795e-09,1624213140,2021-06-20T18:19:00
5.55838e-09,5.55838e-09,5.55838e-09,5.55838e-09,1624212180,2021-06-20T18:03:00
5.5493e-09,5.5493e-09,5.5493e-09,5.5493e-09,1624207080,2021-06-20T16:38:00
5.56776e-09,5.56776e-09,5.56776e-09,5.56776e-09,1624206840,2021-06-20T16:34:00
5.5036e-09,5.5036e-09,5.5036e-09,5.5036e-09,1624203900,2021-06-20T15:45:00
5.48203e-09,5.48203e-09,5.48203e-09,5.48203e-09,1624202400,2021-06-20T15:20:00
5.46746e-09,5.46746e-09,5.46746e-09,5.46746e-09,1624202220,2021-06-20T15:17:00
5.43031e-09,5.43031e-09,5.43031e-09,5.43031e-09,1624201980,2021-06-20T15:13:00
5.43335e-09,5.43335e-09,5.43335e-09,5.43335e-09,1624198500,2021-06-20T14:15:00
5.43174e-09,5.43174e-09,5.43174e-09,5.43174e-09,1624194540,2021-06-20T13:09:00
5.38712e-09,5.38712e-09,5.38712e-09,5.38712e-09,1624192620,2021-06-20T12:37:00
5.5239e-09,5.5239e-09,5.5239e-09,5.5239e-09,1624189200,2021-06-20T11:40:00
5.55228e-09,5.55228e-09,5.55228e-09,5.55228e-09,1624188180,2021-06-20T11:23:00
5.78392e-09,5.78392e-09,5.78392e-09,5.78392e-09,1624182780,2021-06-20T09:53:00
5.79773e-09,5.79773e-09,5.79773e-09,5.79773e-09,1624182540,2021-06-20T09:49:00
5.79354e-09,5.79354e-09,5.79354e-09,5.79354e-09,1624179060,2021-06-20T08:51:00
5.77737e-09,5.77737e-09,5.77737e-09,5.77737e-09,1624178820,2021-06-20T08:47:00
5.81648e-09,5.81648e-09,5.81648e-09,5.81648e-09,1624177020,2021-06-20T08:17:00
5.80834e-09,5.80834e-09,5.80834e-09,5.80834e-09,1624175940,2021-06-20T07:59:00
5.76697e-09,5.76697e-09,5.76697e-09,5.76697e-09,1624175400,2021-06-20T07:50:00
5.80733e-09,5.80733e-09,5.80733e-09,5.80733e-09,1624175100,2021-06-20T07:45:00
5.81839e-09,5.81839e-09,5.81839e-09,5.81839e-09,1624174680,2021-06-20T07:38:00
5.81967e-09,5.81967e-09,5.81967e-09,5.81967e-09,1624173360,2021-06-20T07:16:00
5.81391e-09,5.81391e-09,5.81391e-09,5.81391e-09,1624172760,2021-06-20T07:06:00
5.86999e-09,5.86999e-09,5.86999e-09,5.86999e-09,1624172340,2021-06-20T06:59:00
5.88473e-09,5.88473e-09,5.88473e-09,5.88473e-09,1624171200,2021-06-20T06:40:00
5.86215e-09,5.86215e-09,5.86215e-09,5.86215e-09,1624170900,2021-06-20T06:35:00
5.85871e-09,5.85871e-09,5.85871e-09,5.85871e-09,1624170600,2021-06-20T06:30:00
5.87474e-09,5.87474e-09,5.87474e-09,5.87474e-09,1624169160,2021-06-20T06:06:00
5.87036e-09,5.87036e-09,5.87036e-09,5.87036e-09,1624169100,2021-06-20T06:05:00
5.86581e-09,5.86581e-09,5.86581e-09,5.86581e-09,1624168860,2021-06-20T06:01:00
5.86453e-09,5.86453e-09,5.86453e-09,5.86453e-09,1624168740,2021-06-20T05:59:00
5.84459e-09,5.84459e-09,5.84459e-09,5.84459e-09,1624168620,2021-06-20T05:57:00
5.82544e-09,5.82544e-09,5.82544e-09,5.82544e-09,1624168080,2021-06-20T05:48:00
5.80827e-09,5.80827e-09,5.80827e-09,5.80827e-09,1624167300,2021-06-20T05:35:00
5.81285e-09,5.81285e-09,5.81285e-09,5.81285e-09,1624166760,2021-06-20T05:26:00
5.77742e-09,5.77742e-09,5.77742e-09,5.77742e-09,1624164840,2021-06-20T04:54:00
5.67106e-09,5.67106e-09,5.67106e-09,5.67106e-09,1624164480,2021-06-20T04:48:00
5.57676e-09,5.57676e-09,5.57676e-09,5.57676e-09,1624163580,2021-06-20T04:33:00
5.52662e-09,5.52662e-09,5.52662e-09,5.52662e-09,1624162380,2021-06-20T04:13:00
5.42371e-09,5.46275e-09,5.42371e-09,5.46275e-09,1624162320,2021-06-20T04:12:00
5.42118e-09,5.42118e-09,5.42118e-09,5.42118e-09,1624162020,2021-06-20T04:07:00
5.35128e-09,5.35128e-09,5.35128e-09,5.35128e-09,1624161840,2021-06-20T04:04:00
5.22744e-09,5.22744e-09,5.22744e-09,5.22744e-09,1624161540,2021-06-20T03:59:00
5.15959e-09,5.15959e-09,5.15959e-09,5.15959e-09,1624161120,2021-06-20T03:52:00
5.15017e-09,5.15017e-09,5.15017e-09,5.15017e-09,1624159560,2021-06-20T03:26:00
5.09605e-09,5.09605e-09,5.09605e-09,5.09605e-09,1624158060,2021-06-20T03:01:00
5.09956e-09,5.09956e-09,5.09956e-09,5.09956e-09,1624155780,2021-06-20T02:23:00
5.16128e-09,5.16128e-09,5.16128e-09,5.16128e-09,1624154700,2021-06-20T02:05:00
5.16837e-09,5.16837e-09,5.16837e-09,5.16837e-09,1624154640,2021-06-20T02:04:00
5.18612e-09,5.18612e-09,5.18612e-09,5.18612e-09,1624153980,2021-06-20T01:53:00
5.17592e-09,5.17592e-09,5.17592e-09,5.17592e-09,1624153500,2021-06-20T01:45:00
5.16704e-09,5.16704e-09,5.16704e-09,5.16704e-09,1624152180,2021-06-20T01:23:00
5.16899e-09,5.16899e-09,5.16899e-09,5.16899e-09,1624152060,2021-06-20T01:21:00
5.14179e-09,5.14179e-09,5.14179e-09,5.14179e-09,1624149780,2021-06-20T00:43:00
5.09797e-09,5.09797e-09,5.09797e-09,5.09797e-09,1624148820,2021-06-20T00:27:00
5.12046e-09,5.12046e-09,5.12046e-09,5.12046e-09,1624147980,2021-06-20T00:13:00
5.17129e-09,5.17129e-09,5.17129e-09,5.17129e-09,1624147140,2021-06-19T23:59:00
5.17022e-09,5.17022e-09,5.17022e-09,5.17022e-09,1624146840,2021-06-19T23:54:00
5.13615e-09,5.13615e-09,5.13615e-09,5.13615e-09,1624146780,2021-06-19T23:53:00
5.1075e-09,5.1075e-09,5.1075e-09,5.1075e-09,1624146360,2021-06-19T23:46:00
5.07701e-09,5.07701e-09,5.07701e-09,5.07701e-09,1624144680,2021-06-19T23:18:00
5.04938e-09,5.04938e-09,5.04938e-09,5.04938e-09,1624143660,2021-06-19T23:01:00
5.10409e-09,5.10409e-09,5.10409e-09,5.10409e-09,1624142100,2021-06-19T22:35:00
5.07892e-09,5.07892e-09,5.07892e-09,5.07892e-09,1624141800,2021-06-19T22:30:00
5.08578e-09,5.08578e-09,5.08578e-09,5.08578e-09,1624141080,2021-06-19T22:18:00
5.07665e-09,5.07665e-09,5.07665e-09,5.07665e-09,1624141020,2021-06-19T22:17:00
5.12066e-09,5.12066e-09,5.12066e-09,5.12066e-09,1624140720,2021-06-19T22:12:00
5.07262e-09,5.07262e-09,5.07262e-09,5.07262e-09,1624140600,2021-06-19T22:10:00
5.11378e-09,5.11378e-09,5.11378e-09,5.11378e-09,1624140000,2021-06-19T22:00:00
5.08217e-09,5.08217e-09,5.08217e-09,5.08217e-09,1624139940,2021-06-19T21:59:00
5.118e-09,5.118e-09,5.118e-09,5.118e-09,1624139760,2021-06-19T21:56:00
5.09365e-09,5.09365e-09,5.09365e-09,5.09365e-09,1624139640,2021-06-19T21:54:00
5.10996e-09,5.10996e-09,5.10996e-09,5.10996e-09,1624139580,2021-06-19T21:53:00
5.09494e-09,5.09494e-09,5.09494e-09,5.09494e-09,1624139520,2021-06-19T21:52:00
5.10767e-09,5.10767e-09,5.10767e-09,5.10767e-09,1624139160,2021-06-19T21:46:00
5.06495e-09,5.06495e-09,5.06495e-09,5.06495e-09,1624138680,2021-06-19T21:38:00
5.01958e-09,5.01958e-09,5.01958e-09,5.01958e-09,1624138320,2021-06-19T21:32:00
4.95277e-09,4.95277e-09,4.95277e-09,4.95277e-09,1624136640,2021-06-19T21:04:00
4.91643e-09,4.91643e-09,4.91643e-09,4.91643e-09,1624135440,2021-06-19T20:44:00
4.93883e-09,4.93883e-09,4.93883e-09,4.93883e-09,1624135200,2021-06-19T20:40:00
4.92725e-09,4.92725e-09,4.92725e-09,4.92725e-09,1624134420,2021-06-19T20:27:00
4.89287e-09,4.89287e-09,4.89287e-09,4.89287e-09,1624134360,2021-06-19T20:26:00
4.94532e-09,4.94532e-09,4.94532e-09,4.94532e-09,1624133520,2021-06-19T20:12:00
4.89001e-09,4.89001e-09,4.89001e-09,4.89001e-09,1624132080,2021-06-19T19:48:00
4.94582e-09,4.94582e-09,4.94582e-09,4.94582e-09,1624130100,2021-06-19T19:15:00
4.94702e-09,4.94702e-09,4.94702e-09,4.94702e-09,1624129020,2021-06-19T18:57:00
4.93694e-09,4.93694e-09,4.93694e-09,4.93694e-09,1624128540,2021-06-19T18:49:00
4.94223e-09,4.94223e-09,4.94223e-09,4.94223e-09,1624127160,2021-06-19T18:26:00
4.9575e-09,4.9575e-09,4.9575e-09,4.9575e-09,1624127100,2021-06-19T18:25:00
4.91737e-09,4.91737e-09,4.91737e-09,4.91737e-09,1624126860,2021-06-19T18:21:00
4.98464e-09,4.98464e-09,4.98464e-09,4.98464e-09,1624125360,2021-06-19T17:56:00
4.95806e-09,4.95806e-09,4.95806e-09,4.95806e-09,1624124340,2021-06-19T17:39:00
4.96672e-09,4.96672e-09,4.96672e-09,4.96672e-09,1624123200,2021-06-19T17:20:00
4.92753e-09,4.92753e-09,4.92753e-09,4.92753e-09,1624123080,2021-06-19T17:18:00
4.99473e-09,4.99473e-09,4.99473e-09,4.99473e-09,1624122840,2021-06-19T17:14:00
4.88641e-09,4.88641e-09,4.88641e-09,4.88641e-09,1624122540,2021-06-19T17:09:00
4.87476e-09,4.87476e-09,4.87476e-09,4.87476e-09,1624120860,2021-06-19T16:41:00
4.82688e-09,4.82688e-09,4.82688e-09,4.82688e-09,1624118280,2021-06-19T15:58:00
4.81088e-09,4.81088e-09,4.81088e-09,4.81088e-09,1624117260,2021-06-19T15:41:00
4.85537e-09,4.85537e-09,4.85537e-09,4.85537e-09,1624116840,2021-06-19T15:34:00
4.88218e-09,4.88218e-09,4.88218e-09,4.88218e-09,1624116360,2021-06-19T15:26:00
4.86669e-09,4.86669e-09,4.86669e-09,4.86669e-09,1624115640,2021-06-19T15:14:00
4.87104e-09,4.87104e-09,4.87104e-09,4.87104e-09,1624115040,2021-06-19T15:04:00
4.8329e-09,4.8329e-09,4.8329e-09,4.8329e-09,1624113240,2021-06-19T14:34:00
4.80334e-09,4.80334e-09,4.80334e-09,4.80334e-09,1624112220,2021-06-19T14:17:00
4.80993e-09,4.80993e-09,4.80993e-09,4.80993e-09,1624109700,2021-06-19T13:35:00
4.82159e-09,4.82159e-09,4.82159e-09,4.82159e-09,1624107540,2021-06-19T12:59:00
4.86963e-09,4.86963e-09,4.86963e-09,4.86963e-09,1624104900,2021-06-19T12:15:00
4.78664e-09,4.78664e-09,4.78664e-09,4.78664e-09,1624103880,2021-06-19T11:58:00
4.78699e-09,4.78699e-09,4.78699e-09,4.78699e-09,1624097640,2021-06-19T10:14:00
4.79112e-09,4.79112e-09,4.79112e-09,4.79112e-09,1624097160,2021-06-19T10:06:00
4.78628e-09,4.78628e-09,4.78628e-09,4.78628e-09,1624097040,2021-06-19T10:04:00
4.7859e-09,4.7859e-09,4.7859e-09,4.7859e-09,1624096260,2021-06-19T09:51:00
4.7707e-09,4.7707e-09,4.7707e-09,4.7707e-09,1624095900,2021-06-19T09:45:00
4.80939e-09,4.80939e-09,4.80939e-09,4.80939e-09,1624095540,2021-06-19T09:39:00
4.80182e-09,4.80182e-09,4.80182e-09,4.80182e-09,1624095420,2021-06-19T09:37:00
4.79744e-09,4.79744e-09,4.79744e-09,4.79744e-09,1624095300,2021-06-19T09:35:00
4.79136e-09,4.79136e-09,4.79136e-09,4.79136e-09,1624095240,2021-06-19T09:34:00
4.76496e-09,4.76496e-09,4.76496e-09,4.76496e-09,1624094520,2021-06-19T09:22:00
4.79981e-09,4.79981e-09,4.79981e-09,4.79981e-09,1624092780,2021-06-19T08:53:00
4.79619e-09,4.79619e-09,4.79619e-09,4.79619e-09,1624092000,2021-06-19T08:40:00
4.77837e-09,4.77837e-09,4.77837e-09,4.77837e-09,1624088580,2021-06-19T07:43:00
4.73142e-09,4.73142e-09,4.73142e-09,4.73142e-09,1624087740,2021-06-19T07:29:00
4.76955e-09,4.76955e-09,4.76955e-09,4.76955e-09,1624087020,2021-06-19T07:17:00
4.7677e-09,4.7677e-09,4.7677e-09,4.7677e-09,1624086900,2021-06-19T07:15:00
4.78437e-09,4.78437e-09,4.78437e-09,4.78437e-09,1624084260,2021-06-19T06:31:00
4.78058e-09,4.78058e-09,4.78058e-09,4.78058e-09,1624084200,2021-06-19T06:30:00
4.7368e-09,4.7368e-09,4.7368e-09,4.7368e-09,1624081560,2021-06-19T05:46:00
4.71453e-09,4.71453e-09,4.71453e-09,4.71453e-09,1624080240,2021-06-19T05:24:00
4.68971e-09,4.68971e-09,4.68971e-09,4.68971e-09,1624078620,2021-06-19T04:57:00
4.72297e-09,4.72297e-09,4.72297e-09,4.72297e-09,1624078260,2021-06-19T04:51:00
4.7074e-09,4.7074e-09,4.7074e-09,4.7074e-09,1624077660,2021-06-19T04:41:00
4.72035e-09,4.72035e-09,4.72035e-09,4.72035e-09,1624075680,2021-06-19T04:08:00
4.71597e-09,4.71597e-09,4.71597e-09,4.71597e-09,1624073040,2021-06-19T03:24:00
4.74794e-09,4.74794e-09,4.74794e-09,4.74794e-09,1624072980,2021-06-19T03:23:00
4.74806e-09,4.74806e-09,4.74806e-09,4.74806e-09,1624072620,2021-06-19T03:17:00
4.7555e-09,4.7555e-09,4.7555e-09,4.7555e-09,1624072380,2021-06-19T03:13:00
4.78468e-09,4.78468e-09,4.78468e-09,4.78468e-09,1624071060,2021-06-19T02:51:00
4.79265e-09,4.79265e-09,4.79265e-09,4.79265e-09,1624070520,2021-06-19T02:42:00
4.82897e-09,4.82897e-09,4.82897e-09,4.82897e-09,1624065900,2021-06-19T01:25:00
4.80106e-09,4.80189e-09,4.80106e-09,4.80189e-09,1624065240,2021-06-19T01:14:00
4.83023e-09,4.83023e-09,4.83023e-09,4.83023e-09,1624065180,2021-06-19T01:13:00
4.80005e-09,4.80005e-09,4.80005e-09,4.80005e-09,1624063920,2021-06-19T00:52:00
4.80043e-09,4.80043e-09,4.80043e-09,4.80043e-09,1624062780,2021-06-19T00:33:00
4.83226e-09,4.83226e-09,4.8002e-09,4.8002e-09,1624062300,2021-06-19T00:25:00
4.82524e-09,4.82524e-09,4.82524e-09,4.82524e-09,1624062120,2021-06-19T00:22:00
4.79892e-09,4.79892e-09,4.79892e-09,4.79892e-09,1624061580,2021-06-19T00:13:00
4.80887e-09,4.80887e-09,4.80887e-09,4.80887e-09,1624061160,2021-06-19T00:06:00
4.8103e-09,4.8103e-09,4.8103e-09,4.8103e-09,1624060680,2021-06-18T23:58:00
4.78005e-09,4.78005e-09,4.78005e-09,4.78005e-09,1624059060,2021-06-18T23:31:00
4.77311e-09,4.77311e-09,4.77311e-09,4.77311e-09,1624059000,2021-06-18T23:30:00
4.75047e-09,4.75047e-09,4.75047e-09,4.75047e-09,1624055340,2021-06-18T22:29:00
4.75416e-09,4.75416e-09,4.75416e-09,4.75416e-09,1624054860,2021-06-18T22:21:00
4.73884e-09,4.73884e-09,4.73884e-09,4.73884e-09,1624054020,2021-06-18T22:07:00
4.76067e-09,4.76067e-09,4.76067e-09,4.76067e-09,1624052460,2021-06-18T21:41:00
4.72765e-09,4.72765e-09,4.72765e-09,4.72765e-09,1624052040,2021-06-18T21:34:00
4.72852e-09,4.72852e-09,4.72852e-09,4.72852e-09,1624051560,2021-06-18T21:26:00
4.71259e-09,4.71259e-09,4.71259e-09,4.71259e-09,1624049640,2021-06-18T20:54:00
4.72019e-09,4.72019e-09,4.72019e-09,4.72019e-09,1624049520,2021-06-18T20:52:00
4.71287e-09,4.71287e-09,4.71287e-09,4.71287e-09,1624048800,2021-06-18T20:40:00
4.67052e-09,4.67052e-09,4.67052e-09,4.67052e-09,1624047300,2021-06-18T20:15:00
4.66499e-09,4.66499e-09,4.66499e-09,4.66499e-09,1624044000,2021-06-18T19:20:00
4.66146e-09,4.66146e-09,4.66146e-09,4.66146e-09,1624041480,2021-06-18T18:38:00
4.76081e-09,4.76081e-09,4.76081e-09,4.76081e-09,1624038720,2021-06-18T17:52:00
4.75925e-09,4.75925e-09,4.75925e-09,4.75925e-09,1624038180,2021-06-18T17:43:00
4.75274e-09,4.75274e-09,4.75274e-09,4.75274e-09,1624036140,2021-06-18T17:09:00
4.76782e-09,4.76782e-09,4.76782e-09,4.76782e-09,1624035780,2021-06-18T17:03:00
4.78677e-09,4.78677e-09,4.78677e-09,4.78677e-09,1624034940,2021-06-18T16:49:00
4.81376e-09,4.81376e-09,4.81376e-09,4.81376e-09,1624034220,2021-06-18T16:37:00
4.78668e-09,4.78668e-09,4.78668e-09,4.78668e-09,1624033500,2021-06-18T16:25:00
4.75136e-09,4.75136e-09,4.75136e-09,4.75136e-09,1624032660,2021-06-18T16:11:00
4.73984e-09,4.73984e-09,4.73984e-09,4.73984e-09,1624032000,2021-06-18T16:00:00
4.73688e-09,4.73688e-09,4.73688e-09,4.73688e-09,1624031640,2021-06-18T15:54:00
4.77259e-09,4.77259e-09,4.77259e-09,4.77259e-09,1624030560,2021-06-18T15:36:00
4.80795e-09,4.80795e-09,4.80795e-09,4.80795e-09,1624029360,2021-06-18T15:16:00
4.8012e-09,4.8012e-09,4.8012e-09,4.8012e-09,1624028820,2021-06-18T15:07:00
4.76391e-09,4.76391e-09,4.76391e-09,4.76391e-09,1624028340,2021-06-18T14:59:00
4.74268e-09,4.74268e-09,4.74268e-09,4.74268e-09,1624027680,2021-06-18T14:48:00
4.70971e-09,4.70971e-09,4.70971e-09,4.70971e-09,1624027440,2021-06-18T14:44:00
4.74141e-09,4.74141e-09,4.74141e-09,4.74141e-09,1624027320,2021-06-18T14:42:00
4.74202e-09,4.74202e-09,4.74202e-09,4.74202e-09,1624027260,2021-06-18T14:41:00
4.74381e-09,4.74381e-09,4.74381e-09,4.74381e-09,1624026960,2021-06-18T14:36:00
4.7166e-09,4.7166e-09,4.7166e-09,4.7166e-09,1624026900,2021-06-18T14:35:00
4.68297e-09,4.68297e-09,4.68297e-09,4.68297e-09,1624025700,2021-06-18T14:15:00
4.69352e-09,4.69352e-09,4.69352e-09,4.69352e-09,1624025640,2021-06-18T14:14:00
4.73702e-09,4.73702e-09,4.73702e-09,4.73702e-09,1624025520,2021-06-18T14:12:00
4.7551e-09,4.7551e-09,4.7551e-09,4.7551e-09,1624024620,2021-06-18T13:57:00
4.72593e-09,4.72593e-09,4.72593e-09,4.72593e-09,1624024080,2021-06-18T13:48:00
4.72511e-09,4.72511e-09,4.72511e-09,4.72511e-09,1624023900,2021-06-18T13:45:00
4.75637e-09,4.75637e-09,4.75637e-09,4.75637e-09,1624023180,2021-06-18T13:33:00
4.73742e-09,4.73742e-09,4.73742e-09,4.73742e-09,1624023060,2021-06-18T13:31:00
4.72802e-09,4.72802e-09,4.72802e-09,4.72802e-09,1624022160,2021-06-18T13:16:00
4.74826e-09,4.74826e-09,4.74826e-09,4.74826e-09,1624021740,2021-06-18T13:09:00
4.72181e-09,4.72181e-09,4.72181e-09,4.72181e-09,1624021560,2021-06-18T13:06:00
4.74553e-09,4.74553e-09,4.74553e-09,4.74553e-09,1624020540,2021-06-18T12:49:00
4.71426e-09,4.71426e-09,4.71426e-09,4.71426e-09,1624020480,2021-06-18T12:48:00
4.7659e-09,4.7659e-09,4.7659e-09,4.7659e-09,1624019640,2021-06-18T12:34:00
4.7878e-09,4.7878e-09,4.7878e-09,4.7878e-09,1624018080,2021-06-18T12:08:00
4.83891e-09,4.83891e-09,4.83891e-09,4.83891e-09,1624017480,2021-06-18T11:58:00
4.83802e-09,4.83802e-09,4.83802e-09,4.83802e-09,1624016700,2021-06-18T11:45:00
4.84667e-09,4.84667e-09,4.84667e-09,4.84667e-09,1624015320,2021-06-18T11:22:00
4.84516e-09,4.84516e-09,4.84516e-09,4.84516e-09,1624014720,2021-06-18T11:12:00
4.83234e-09,4.83234e-09,4.83234e-09,4.83234e-09,1624014060,2021-06-18T11:01:00
4.79539e-09,4.82447e-09,4.79539e-09,4.82447e-09,1624014000,2021-06-18T11:00:00
4.81172e-09,4.81172e-09,4.81172e-09,4.81172e-09,1624013520,2021-06-18T10:52:00
4.81387e-09,4.81387e-09,4.81387e-09,4.81387e-09,1624013460,2021-06-18T10:51:00
4.83867e-09,4.83867e-09,4.83867e-09,4.83867e-09,1624008660,2021-06-18T09:31:00
4.82172e-09,4.82172e-09,4.82172e-09,4.82172e-09,1624007460,2021-06-18T09:11:00
4.77949e-09,4.77949e-09,4.77949e-09,4.77949e-09,1624004940,2021-06-18T08:29:00
4.77217e-09,4.77217e-09,4.77217e-09,4.77217e-09,1624004820,2021-06-18T08:27:00
4.77406e-09,4.77406e-09,4.77406e-09,4.77406e-09,1624004580,2021-06-18T08:23:00
4.77133e-09,4.77133e-09,4.77133e-09,4.77133e-09,1624004160,2021-06-18T08:16:00
4.74067e-09,4.74067e-09,4.74067e-09,4.74067e-09,1624003920,2021-06-18T08:12:00
4.76107e-09,4.76107e-09,4.76107e-09,4.76107e-09,1624003680,2021-06-18T08:08:00
4.74064e-09,4.74064e-09,4.74064e-09,4.74064e-09,1624000260,2021-06-18T07:11:00
4.70987e-09,4.70987e-09,4.70987e-09,4.70987e-09,1624000020,2021-06-18T07:07:00
4.74334e-09,4.74334e-09,4.74334e-09,4.74334e-09,1623998880,2021-06-18T06:48:00
4.90381e-09,4.90381e-09,4.90381e-09,4.90381e-09,1623994680,2021-06-18T05:38:00
5.01661e-09,5.01661e-09,5.01661e-09,5.01661e-09,1623994560,2021-06-18T05:36:00
5.01443e-09,5.01443e-09,5.01443e-09,5.01443e-09,1623993720,2021-06-18T05:22:00
5.0491e-09,5.0491e-09,5.0491e-09,5.0491e-09,1623993300,2021-06-18T05:15:00
5.04833e-09,5.04833e-09,5.04833e-09,5.04833e-09,1623992760,2021-06-18T05:06:00
5.01841e-09,5.01841e-09,5.01841e-09,5.01841e-09,1623990960,2021-06-18T04:36:00
5.01106e-09,5.01106e-09,5.01106e-09,5.01106e-09,1623989940,2021-06-18T04:19:00
5.00761e-09,5.00761e-09,5.00761e-09,5.00761e-09,1623989700,2021-06-18T04:15:00
4.98214e-09,4.98214e-09,4.98214e-09,4.98214e-09,1623989460,2021-06-18T04:11:00
5.01953e-09,5.01953e-09,5.01953e-09,5.01953e-09,1623988560,2021-06-18T03:56:00
5.02083e-09,5.02083e-09,5.02083e-09,5.02083e-09,1623988200,2021-06-18T03:50:00
5.01336e-09,5.01336e-09,5.01336e-09,5.01336e-09,1623988020,2021-06-18T03:47:00
5.01334e-09,5.01334e-09,5.01334e-09,5.01334e-09,1623987960,2021-06-18T03:46:00
5.01052e-09,5.01052e-09,5.01052e-09,5.01052e-09,1623987660,2021-06-18T03:41:00
5.00861e-09,5.00861e-09,5.00861e-09,5.00861e-09,1623987600,2021-06-18T03:40:00
4.97598e-09,4.97598e-09,4.97598e-09,4.97598e-09,1623987300,2021-06-18T03:35:00
4.98008e-09,4.98008e-09,4.98008e-09,4.98008e-09,1623986820,2021-06-18T03:27:00
5.0139e-09,5.0139e-09,5.0139e-09,5.0139e-09,1623985560,2021-06-18T03:06:00
5.01175e-09,5.01175e-09,5.01175e-09,5.01175e-09,1623985080,2021-06-18T02:58:00
5.00242e-09,5.00585e-09,5.00242e-09,5.00585e-09,1623984660,2021-06-18T02:51:00
4.98694e-09,4.98694e-09,4.98694e-09,4.98694e-09,1623983940,2021-06-18T02:39:00
4.99078e-09,4.99078e-09,4.99078e-09,4.99078e-09,1623983700,2021-06-18T02:35:00
4.95375e-09,4.95375e-09,4.95375e-09,4.95375e-09,1623983460,2021-06-18T02:31:00
4.94881e-09,4.94881e-09,4.94881e-09,4.94881e-09,1623982620,2021-06-18T02:17:00
4.93437e-09,4.93437e-09,4.93437e-09,4.93437e-09,1623981600,2021-06-18T02:00:00
4.89199e-09,4.89199e-09,4.89199e-09,4.89199e-09,1623980640,2021-06-18T01:44:00
4.88941e-09,4.88941e-09,4.88941e-09,4.88941e-09,1623980580,2021-06-18T01:43:00
4.85584e-09,4.85584e-09,4.85584e-09,4.85584e-09,1623980460,2021-06-18T01:41:00
4.88914e-09,4.88914e-09,4.88914e-09,4.88914e-09,1623980400,2021-06-18T01:40:00
4.88826e-09,4.88826e-09,4.88826e-09,4.88826e-09,1623980220,2021-06-18T01:37:00
4.89492e-09,4.89492e-09,4.89492e-09,4.89492e-09,1623979500,2021-06-18T01:25:00
4.92859e-09,4.92859e-09,4.92859e-09,4.92859e-09,1623979440,2021-06-18T01:24:00
4.94954e-09,4.94954e-09,4.94954e-09,4.94954e-09,1623976260,2021-06-18T00:31:00
4.95381e-09,4.95381e-09,4.95381e-09,4.95381e-09,1623975480,2021-06-18T00:18:00
4.92365e-09,4.92365e-09,4.92365e-09,4.92365e-09,1623974580,2021-06-18T00:03:00
4.95101e-09,4.95101e-09,4.95101e-09,4.95101e-09,1623974160,2021-06-17T23:56:00
4.94598e-09,4.94598e-09,4.94598e-09,4.94598e-09,1623973920,2021-06-17T23:52:00
4.93656e-09,4.93656e-09,4.93656e-09,4.93656e-09,1623972840,2021-06-17T23:34:00
4.90335e-09,4.90335e-09,4.90335e-09,4.90335e-09,1623972180,2021-06-17T23:23:00
4.91502e-09,4.91502e-09,4.91502e-09,4.91502e-09,1623971820,2021-06-17T23:17:00
4.93151e-09,4.93151e-09,4.93151e-09,4.93151e-09,1623971640,2021-06-17T23:14:00
4.9323e-09,4.9323e-09,4.9323e-09,4.9323e-09,1623971400,2021-06-17T23:10:00
4.92498e-09,4.92498e-09,4.92498e-09,4.92498e-09,1623971100,2021-06-17T23:05:00
4.86894e-09,4.86894e-09,4.86894e-09,4.86894e-09,1623968880,2021-06-17T22:28:00
4.89665e-09,4.89665e-09,4.89665e-09,4.89665e-09,1623968280,2021-06-17T22:18:00
4.88977e-09,4.88977e-09,4.88977e-09,4.88977e-09,1623968160,2021-06-17T22:16:00
4.82299e-09,4.82299e-09,4.82299e-09,4.82299e-09,1623968040,2021-06-17T22:14:00
4.8351e-09,4.8351e-09,4.8351e-09,4.8351e-09,1623967800,2021-06-17T22:10:00
4.96053e-09,4.96293e-09,4.96053e-09,4.96293e-09,1623967500,2021-06-17T22:05:00
4.96258e-09,4.96258e-09,4.96258e-09,4.96258e-09,1623967260,2021-06-17T22:01:00
4.96204e-09,4.96204e-09,4.96204e-09,4.96204e-09,1623967200,2021-06-17T22:00:00
5.02158e-09,5.02551e-09,5.02158e-09,5.02551e-09,1623967080,2021-06-17T21:58:00
5.00666e-09,5.00666e-09,5.00666e-09,5.00666e-09,1623966420,2021-06-17T21:47:00
4.9755e-09,4.99566e-09,4.9755e-09,4.99566e-09,1623966360,2021-06-17T21:46:00
4.96009e-09,4.96009e-09,4.96009e-09,4.96009e-09,1623966300,2021-06-17T21:45:00
4.95596e-09,4.95596e-09,4.95596e-09,4.95596e-09,1623966060,2021-06-17T21:41:00
4.9521e-09,4.9521e-09,4.9521e-09,4.9521e-09,1623965760,2021-06-17T21:36:00
4.92215e-09,4.92215e-09,4.92215e-09,4.92215e-09,1623965400,2021-06-17T21:30:00
4.94954e-09,4.94954e-09,4.94954e-09,4.94954e-09,1623964680,2021-06-17T21:18:00
4.94838e-09,4.94838e-09,4.94838e-09,4.94838e-09,1623964440,2021-06-17T21:14:00
4.95622e-09,4.95622e-09,4.95622e-09,4.95622e-09,1623964140,2021-06-17T21:09:00
4.94851e-09,4.94851e-09,4.94851e-09,4.94851e-09,1623963660,2021-06-17T21:01:00
4.93896e-09,4.93896e-09,4.93896e-09,4.93896e-09,1623963240,2021-06-17T20:54:00
4.93665e-09,4.93665e-09,4.93665e-09,4.93665e-09,1623962940,2021-06-17T20:49:00
4.93334e-09,4.93334e-09,4.93334e-09,4.93334e-09,1623962100,2021-06-17T20:35:00
4.90923e-09,4.90923e-09,4.90923e-09,4.90923e-09,1623961980,2021-06-17T20:33:00
4.88894e-09,4.88894e-09,4.88894e-09,4.88894e-09,1623961620,2021-06-17T20:27:00
4.8618e-09,4.8618e-09,4.8618e-09,4.8618e-09,1623961020,2021-06-17T20:17:00
4.84868e-09,4.84868e-09,4.84868e-09,4.84868e-09,1623959760,2021-06-17T19:56:00
4.86183e-09,4.86183e-09,4.86183e-09,4.86183e-09,1623959520,2021-06-17T19:52:00
4.89091e-09,4.89091e-09,4.89091e-09,4.89091e-09,1623959460,2021-06-17T19:51:00
4.89012e-09,4.89012e-09,4.89012e-09,4.89012e-09,1623959160,2021-06-17T19:46:00
4.87405e-09,4.87405e-09,4.87405e-09,4.87405e-09,1623958320,2021-06-17T19:32:00
4.85982e-09,4.85982e-09,4.85982e-09,4.85982e-09,1623957660,2021-06-17T19:21:00
4.82429e-09,4.82429e-09,4.82429e-09,4.82429e-09,1623957420,2021-06-17T19:17:00
4.82315e-09,4.82315e-09,4.82315e-09,4.82315e-09,1623956040,2021-06-17T18:54:00
4.85026e-09,4.85026e-09,4.85026e-09,4.85026e-09,1623955500,2021-06-17T18:45:00
4.82984e-09,4.82984e-09,4.82984e-09,4.82984e-09,1623953700,2021-06-17T18:15:00
4.83697e-09,4.83697e-09,4.83697e-09,4.83697e-09,1623953340,2021-06-17T18:09:00
4.83396e-09,4.83396e-09,4.83396e-09,4.83396e-09,1623952380,2021-06-17T17:53:00
4.83526e-09,4.83526e-09,4.83526e-09,4.83526e-09,1623951180,2021-06-17T17:33:00
4.83874e-09,4.83874e-09,4.83874e-09,4.83874e-09,1623950880,2021-06-17T17:28:00
4.85379e-09,4.85379e-09,4.85379e-09,4.85379e-09,1623950520,2021-06-17T17:22:00
4.88297e-09,4.88297e-09,4.88297e-09,4.88297e-09,1623950100,2021-06-17T17:15:00
4.89811e-09,4.89811e-09,4.89811e-09,4.89811e-09,1623949920,2021-06-17T17:12:00
4.90461e-09,4.90461e-09,4.90461e-09,4.90461e-09,1623949680,2021-06-17T17:08:00
4.90546e-09,4.90546e-09,4.90546e-09,4.90546e-09,1623949200,2021-06-17T17:00:00
4.90617e-09,4.90617e-09,4.90617e-09,4.90617e-09,1623949140,2021-06-17T16:59:00
4.90406e-09,4.90406e-09,4.90406e-09,4.90406e-09,1623949020,2021-06-17T16:57:00
4.9064e-09,4.9064e-09,4.9064e-09,4.9064e-09,1623948960,2021-06-17T16:56:00
4.93036e-09,4.93036e-09,4.93036e-09,4.93036e-09,1623948600,2021-06-17T16:50:00
4.94751e-09,4.94751e-09,4.94751e-09,4.94751e-09,1623947040,2021-06-17T16:24:00
4.94282e-09,4.94282e-09,4.94282e-09,4.94282e-09,1623946680,2021-06-17T16:18:00
4.99451e-09,4.99451e-09,4.99451e-09,4.99451e-09,1623946320,2021-06-17T16:12:00
4.9814e-09,4.9814e-09,4.9814e-09,4.9814e-09,1623945240,2021-06-17T15:54:00
4.96805e-09,4.96805e-09,4.96805e-09,4.96805e-09,1623945060,2021-06-17T15:51:00
5.00565e-09,5.00565e-09,5.00565e-09,5.00565e-09,1623944760,2021-06-17T15:46:00
5.00178e-09,5.00178e-09,5.00178e-09,5.00178e-09,1623944220,2021-06-17T15:37:00
4.97929e-09,4.97929e-09,4.97929e-09,4.97929e-09,1623944100,2021-06-17T15:35:00
5.00557e-09,5.00557e-09,5.00557e-09,5.00557e-09,1623943740,2021-06-17T15:29:00
4.98389e-09,4.98389e-09,4.98389e-09,4.98389e-09,1623943620,2021-06-17T15:27:00
4.99616e-09,4.99616e-09,4.99616e-09,4.99616e-09,1623942960,2021-06-17T15:16:00
4.95843e-09,4.95843e-09,4.95843e-09,4.95843e-09,1623941940,2021-06-17T14:59:00
4.95253e-09,4.95253e-09,4.95253e-09,4.95253e-09,1623941640,2021-06-17T14:54:00
5.03702e-09,5.03702e-09,5.03702e-09,5.03702e-09,1623941040,2021-06-17T14:44:00
5.07455e-09,5.07455e-09,5.07455e-09,5.07455e-09,1623940620,2021-06-17T14:37:00
4.9584e-09,4.9584e-09,4.9584e-09,4.9584e-09,1623939780,2021-06-17T14:23:00
4.95142e-09,4.95142e-09,4.95142e-09,4.95142e-09,1623939600,2021-06-17T14:20:00
4.94066e-09,4.94066e-09,4.94066e-09,4.94066e-09,1623939360,2021-06-17T14:16:00
4.91247e-09,4.91247e-09,4.91247e-09,4.91247e-09,1623939000,2021-06-17T14:10:00
4.88374e-09,4.88374e-09,4.88374e-09,4.88374e-09,1623938220,2021-06-17T13:57:00
4.91203e-09,4.91203e-09,4.91203e-09,4.91203e-09,1623938040,2021-06-17T13:54:00
4.88062e-09,4.9096e-09,4.88062e-09,4.9096e-09,1623937920,2021-06-17T13:52:00
4.90915e-09,4.90915e-09,4.90915e-09,4.90915e-09,1623937140,2021-06-17T13:39:00
4.89913e-09,4.89913e-09,4.89913e-09,4.89913e-09,1623936600,2021-06-17T13:30:00
4.9024e-09,4.9024e-09,4.9024e-09,4.9024e-09,1623936240,2021-06-17T13:24:00
4.92216e-09,4.92216e-09,4.92216e-09,4.92216e-09,1623935340,2021-06-17T13:09:00
4.91898e-09,4.91898e-09,4.91898e-09,4.91898e-09,1623935280,2021-06-17T13:08:00
4.9298e-09,4.9298e-09,4.9298e-09,4.9298e-09,1623932820,2021-06-17T12:27:00
4.92461e-09,4.92461e-09,4.92461e-09,4.92461e-09,1623932640,2021-06-17T12:24:00
4.97342e-09,4.97342e-09,4.97342e-09,4.97342e-09,1623931500,2021-06-17T12:05:00
4.98345e-09,4.98345e-09,4.98345e-09,4.98345e-09,1623930420,2021-06-17T11:47:00
4.98216e-09,4.98216e-09,4.98216e-09,4.98216e-09,1623929700,2021-06-17T11:35:00
4.98884e-09,4.98884e-09,4.98884e-09,4.98884e-09,1623928680,2021-06-17T11:18:00
4.98924e-09,4.98924e-09,4.98924e-09,4.98924e-09,1623928080,2021-06-17T11:08:00
4.97467e-09,4.98053e-09,4.97467e-09,4.98053e-09,1623928020,2021-06-17T11:07:00
4.9728e-09,4.9728e-09,4.9728e-09,4.9728e-09,1623927900,2021-06-17T11:05:00
4.98024e-09,4.98024e-09,4.98024e-09,4.98024e-09,1623925200,2021-06-17T10:20:00
4.97792e-09,4.97792e-09,4.97792e-09,4.97792e-09,1623924540,2021-06-17T10:09:00
4.96875e-09,4.96875e-09,4.96875e-09,4.96875e-09,1623924360,2021-06-17T10:06:00
4.96448e-09,4.96448e-09,4.96448e-09,4.96448e-09,1623924120,2021-06-17T10:02:00
4.92977e-09,4.92977e-09,4.92977e-09,4.92977e-09,1623923880,2021-06-17T09:58:00
4.94733e-09,4.94733e-09,4.94733e-09,4.94733e-09,1623922680,2021-06-17T09:38:00
4.99992e-09,4.99992e-09,4.99992e-09,4.99992e-09,1623921060,2021-06-17T09:11:00
4.97616e-09,4.97616e-09,4.97616e-09,4.97616e-09,1623919560,2021-06-17T08:46:00
5.00019e-09,5.00019e-09,5.00019e-09,5.00019e-09,1623918540,2021-06-17T08:29:00
4.98355e-09,4.98355e-09,4.98355e-09,4.98355e-09,1623917820,2021-06-17T08:17:00
4.96696e-09,4.96903e-09,4.96696e-09,4.96903e-09,1623917340,2021-06-17T08:09:00
4.98252e-09,4.98252e-09,4.98252e-09,4.98252e-09,1623915720,2021-06-17T07:42:00
4.97597e-09,4.97597e-09,4.97597e-09,4.97597e-09,1623915660,2021-06-17T07:41:00
4.96464e-09,4.96464e-09,4.96464e-09,4.96464e-09,1623914040,2021-06-17T07:14:00
4.96362e-09,4.96362e-09,4.96362e-09,4.96362e-09,1623913980,2021-06-17T07:13:00
4.93593e-09,4.93593e-09,4.93593e-09,4.93593e-09,1623912480,2021-06-17T06:48:00
4.92989e-09,4.92989e-09,4.92989e-09,4.92989e-09,1623911340,2021-06-17T06:29:00
4.92839e-09,4.92839e-09,4.92839e-09,4.92839e-09,1623911280,2021-06-17T06:28:00
4.88237e-09,4.88237e-09,4.88237e-09,4.88237e-09,1623910680,2021-06-17T06:18:00
4.93227e-09,4.93227e-09,4.89418e-09,4.89418e-09,1623910620,2021-06-17T06:17:00
4.93382e-09,4.93382e-09,4.93382e-09,4.93382e-09,1623910560,2021-06-17T06:16:00
4.90611e-09,4.90611e-09,4.90611e-09,4.90611e-09,1623909900,2021-06-17T06:05:00
4.93534e-09,4.93534e-09,4.93534e-09,4.93534e-09,1623908580,2021-06-17T05:43:00
4.9261e-09,4.9261e-09,4.9261e-09,4.9261e-09,1623908520,2021-06-17T05:42:00
4.89336e-09,4.89336e-09,4.89336e-09,4.89336e-09,1623908460,2021-06-17T05:41:00
4.86517e-09,4.86517e-09,4.86517e-09,4.86517e-09,1623908340,2021-06-17T05:39:00
4.83759e-09,4.83759e-09,4.83759e-09,4.83759e-09,1623908100,2021-06-17T05:35:00
4.86384e-09,4.86384e-09,4.86384e-09,4.86384e-09,1623908040,2021-06-17T05:34:00
4.84807e-09,4.84807e-09,4.84807e-09,4.84807e-09,1623907860,2021-06-17T05:31:00
4.83716e-09,4.83716e-09,4.83716e-09,4.83716e-09,1623906480,2021-06-17T05:08:00
4.86879e-09,4.86879e-09,4.86879e-09,4.86879e-09,1623906420,2021-06-17T05:07:00
4.96863e-09,4.96863e-09,4.96863e-09,4.96863e-09,1623906300,2021-06-17T05:05:00
5.03021e-09,5.03021e-09,5.03021e-09,5.03021e-09,1623906180,2021-06-17T05:03:00
5.15631e-09,5.15631e-09,5.15631e-09,5.15631e-09,1623905580,2021-06-17T04:53:00
5.36496e-09,5.36496e-09,5.36496e-09,5.36496e-09,1623904200,2021-06-17T04:30:00
5.34005e-09,5.34005e-09,5.34005e-09,5.34005e-09,1623904080,2021-06-17T04:28:00
5.35637e-09,5.35637e-09,5.35637e-09,5.35637e-09,1623903540,2021-06-17T04:19:00
5.39823e-09,5.39823e-09,5.39823e-09,5.39823e-09,1623903180,2021-06-17T04:13:00
5.32419e-09,5.32419e-09,5.32419e-09,5.32419e-09,1623902580,2021-06-17T04:03:00
5.24997e-09,5.24997e-09,5.24997e-09,5.24997e-09,1623901860,2021-06-17T03:51:00
5.23323e-09,5.23323e-09,5.23323e-09,5.23323e-09,1623901440,2021-06-17T03:44:00
5.27255e-09,5.27255e-09,5.27255e-09,5.27255e-09,1623901320,2021-06-17T03:42:00
5.26521e-09,5.26521e-09,5.26521e-09,5.26521e-09,1623901200,2021-06-17T03:40:00
5.27166e-09,5.27166e-09,5.27166e-09,5.27166e-09,1623901140,2021-06-17T03:39:00
5.26744e-09,5.26744e-09,5.26744e-09,5.26744e-09,1623900660,2021-06-17T03:31:00
5.23233e-09,5.23233e-09,5.23233e-09,5.23233e-09,1623900180,2021-06-17T03:23:00
5.26134e-09,5.26134e-09,5.26134e-09,5.26134e-09,1623900120,2021-06-17T03:22:00
5.22021e-09,5.22021e-09,5.22021e-09,5.22021e-09,1623899940,2021-06-17T03:19:00
5.21223e-09,5.21223e-09,5.21223e-09,5.21223e-09,1623899400,2021-06-17T03:10:00
5.25152e-09,5.25152e-09,5.25152e-09,5.25152e-09,1623899340,2021-06-17T03:09:00
5.61066e-09,5.61066e-09,5.61066e-09,5.61066e-09,1623898500,2021-06-17T02:55:00
6.08435e-09,6.08435e-09,6.08435e-09,6.08435e-09,1623898200,2021-06-17T02:50:00
6.1513e-09,6.1513e-09,6.1513e-09,6.1513e-09,1623897540,2021-06-17T02:39:00
6.13944e-09,6.13944e-09,6.13944e-09,6.13944e-09,1623896760,2021-06-17T02:26:00
6.09032e-09,6.09032e-09,6.09032e-09,6.09032e-09,1623896580,2021-06-17T02:23:00
6.12216e-09,6.12216e-09,6.12216e-09,6.12216e-09,1623896100,2021-06-17T02:15:00
6.11068e-09,6.11068e-09,6.11068e-09,6.11068e-09,1623895800,2021-06-17T02:10:00
6.10912e-09,6.10912e-09,6.10912e-09,6.10912e-09,1623895560,2021-06-17T02:06:00
6.09727e-09,6.09727e-09,6.09727e-09,6.09727e-09,1623895440,2021-06-17T02:04:00
6.08848e-09,6.08848e-09,6.08848e-09,6.08848e-09,1623894960,2021-06-17T01:56:00
6.08011e-09,6.08011e-09,6.08011e-09,6.08011e-09,1623894840,2021-06-17T01:54:00
6.0716e-09,6.0716e-09,6.0716e-09,6.0716e-09,1623894240,2021-06-17T01:44:00
6.07125e-09,6.07125e-09,6.07125e-09,6.07125e-09,1623894120,2021-06-17T01:42:00
6.07067e-09,6.07067e-09,6.07067e-09,6.07067e-09,1623894060,2021-06-17T01:41:00
6.02738e-09,6.0618e-09,6.02738e-09,6.0618e-09,1623893760,2021-06-17T01:36:00
6.0364e-09,6.0364e-09,6.0364e-09,6.0364e-09,1623893640,2021-06-17T01:34:00
6.06471e-09,6.07743e-09,6.04271e-09,6.04271e-09,1623893580,2021-06-17T01:33:00
6.05649e-09,6.05649e-09,6.05649e-09,6.05649e-09,1623892680,2021-06-17T01:18:00
6.05701e-09,6.05701e-09,6.05701e-09,6.05701e-09,1623892620,2021-06-17T01:17:00
6.02947e-09,6.02947e-09,6.02947e-09,6.02947e-09,1623892560,2021-06-17T01:16:00
6.07629e-09,6.07629e-09,6.07629e-09,6.07629e-09,1623892440,2021-06-17T01:14:00
6.04637e-09,6.04637e-09,6.04637e-09,6.04637e-09,1623892320,2021-06-17T01:12:00
6.08729e-09,6.08729e-09,6.08729e-09,6.08729e-09,1623892080,2021-06-17T01:08:00
6.085e-09,6.085e-09,6.085e-09,6.085e-09,1623891540,2021-06-17T00:59:00
6.0605e-09,6.0605e-09,6.0605e-09,6.0605e-09,1623891420,2021-06-17T00:57:00
6.03475e-09,6.03475e-09,6.00663e-09,6.00663e-09,1623891360,2021-06-17T00:56:00
5.99327e-09,6.02873e-09,5.99327e-09,6.02873e-09,1623891300,2021-06-17T00:55:00
6.02244e-09,6.02244e-09,6.02244e-09,6.02244e-09,1623891240,2021-06-17T00:54:00
6.00493e-09,6.00493e-09,6.00493e-09,6.00493e-09,1623891000,2021-06-17T00:50:00
5.99582e-09,5.99582e-09,5.99582e-09,5.99582e-09,1623890940,2021-06-17T00:49:00
5.99702e-09,5.99702e-09,5.99702e-09,5.99702e-09,1623890760,2021-06-17T00:46:00
5.9928e-09,5.9928e-09,5.9928e-09,5.9928e-09,1623890700,2021-06-17T00:45:00
5.98868e-09,5.98868e-09,5.98868e-09,5.98868e-09,1623890640,2021-06-17T00:44:00
5.97736e-09,5.97736e-09,5.97736e-09,5.97736e-09,1623890400,2021-06-17T00:40:00
5.97502e-09,5.97502e-09,5.97502e-09,5.97502e-09,1623890340,2021-06-17T00:39:00
5.96866e-09,5.96866e-09,5.96866e-09,5.96866e-09,1623890160,2021-06-17T00:36:00
5.95582e-09,5.95582e-09,5.95582e-09,5.95582e-09,1623890040,2021-06-17T00:34:00
5.91745e-09,5.91745e-09,5.91745e-09,5.91745e-09,1623889980,2021-06-17T00:33:00
5.91205e-09,5.91205e-09,5.91205e-09,5.91205e-09,1623889740,2021-06-17T00:29:00
5.97026e-09,5.97026e-09,5.9102e-09,5.9102e-09,1623889440,2021-06-17T00:24:00
5.93184e-09,5.93184e-09,5.93184e-09,5.93184e-09,1623889380,2021-06-17T00:23:00
5.93593e-09,5.93593e-09,5.93593e-09,5.93593e-09,1623889200,2021-06-17T00:20:00
5.94498e-09,5.94498e-09,5.94498e-09,5.94498e-09,1623889140,2021-06-17T00:19:00
5.9644e-09,5.9644e-09,5.9644e-09,5.9644e-09,1623888960,2021-06-17T00:16:00
5.9893e-09,5.9893e-09,5.9893e-09,5.9893e-09,1623888480,2021-06-17T00:08:00
6.01366e-09,6.01366e-09,6.01366e-09,6.01366e-09,1623888420,2021-06-17T00:07:00
6.04112e-09,6.04112e-09,6.04112e-09,6.04112e-09,1623888180,2021-06-17T00:03:00
6.0675e-09,6.0675e-09,6.0675e-09,6.0675e-09,1623887580,2021-06-16T23:53:00
6.02631e-09,6.06374e-09,6.02631e-09,6.06374e-09,1623887400,2021-06-16T23:50:00
6.0389e-09,6.0389e-09,6.0389e-09,6.0389e-09,1623887100,2021-06-16T23:45:00
6.04124e-09,6.04124e-09,6.04124e-09,6.04124e-09,1623886980,2021-06-16T23:43:00
6.0872e-09,6.0872e-09,6.0872e-09,6.0872e-09,1623886320,2021-06-16T23:32:00
6.08825e-09,6.08825e-09,6.08825e-09,6.08825e-09,1623885840,2021-06-16T23:24:00
6.09251e-09,6.09251e-09,6.09251e-09,6.09251e-09,1623885600,2021-06-16T23:20:00
6.05373e-09,6.05373e-09,6.05373e-09,6.05373e-09,1623885480,2021-06-16T23:18:00
6.08921e-09,6.08921e-09,6.08921e-09,6.08921e-09,1623885180,2021-06-16T23:13:00
6.05827e-09,6.05827e-09,6.05827e-09,6.05827e-09,1623885000,2021-06-16T23:10:00
6.10371e-09,6.10371e-09,6.09497e-09,6.09497e-09,1623884400,2021-06-16T23:00:00
6.10529e-09,6.10529e-09,6.10529e-09,6.10529e-09,1623883620,2021-06-16T22:47:00
6.06942e-09,6.06942e-09,6.06942e-09,6.06942e-09,1623883320,2021-06-16T22:42:00
6.13829e-09,6.13829e-09,6.13829e-09,6.13829e-09,1623883200,2021-06-16T22:40:00
6.10169e-09,6.10169e-09,6.10169e-09,6.10169e-09,1623882720,2021-06-16T22:32:00
6.1711e-09,6.1711e-09,6.1711e-09,6.1711e-09,1623882300,2021-06-16T22:25:00
6.16933e-09,6.16933e-09,6.16933e-09,6.16933e-09,1623882120,2021-06-16T22:22:00
6.15769e-09,6.15769e-09,6.15769e-09,6.15769e-09,1623882000,2021-06-16T22:20:00
6.23751e-09,6.23751e-09,6.23751e-09,6.23751e-09,1623881820,2021-06-16T22:17:00
6.24755e-09,6.24755e-09,6.24755e-09,6.24755e-09,1623881520,2021-06-16T22:12:00
6.26296e-09,6.26296e-09,6.26296e-09,6.26296e-09,1623881400,2021-06-16T22:10:00
6.28887e-09,6.28887e-09,6.28887e-09,6.28887e-09,1623881220,2021-06-16T22:07:00
6.38037e-09,6.38037e-09,6.32214e-09,6.32214e-09,1623880620,2021-06-16T21:57:00
6.37641e-09,6.37641e-09,6.37641e-09,6.37641e-09,1623880500,2021-06-16T21:55:00
6.36286e-09,6.36286e-09,6.36286e-09,6.36286e-09,1623879960,2021-06-16T21:46:00
6.36306e-09,6.36306e-09,6.36306e-09,6.36306e-09,1623879360,2021-06-16T21:36:00
6.34489e-09,6.34489e-09,6.34489e-09,6.34489e-09,1623878880,2021-06-16T21:28:00
6.33825e-09,6.33825e-09,6.33825e-09,6.33825e-09,1623878820,2021-06-16T21:27:00
6.42276e-09,6.42276e-09,6.42276e-09,6.42276e-09,1623878700,2021-06-16T21:25:00
6.3894e-09,6.3894e-09,6.3894e-09,6.3894e-09,1623878640,2021-06-16T21:24:00
6.44652e-09,6.44652e-09,6.44652e-09,6.44652e-09,1623878400,2021-06-16T21:20:00
6.42931e-09,6.42931e-09,6.42931e-09,6.42931e-09,1623878280,2021-06-16T21:18:00
6.54005e-09,6.54005e-09,6.54005e-09,6.54005e-09,1623878220,2021-06-16T21:17:00
6.66668e-09,6.66668e-09,6.66668e-09,6.66668e-09,1623878160,2021-06-16T21:16:00
6.6239e-09,6.6239e-09,6.6239e-09,6.6239e-09,1623878040,2021-06-16T21:14:00
6.66303e-09,6.66303e-09,6.66303e-09,6.66303e-09,1623877740,2021-06-16T21:09:00
6.65784e-09,6.65784e-09,6.65784e-09,6.65784e-09,1623877680,2021-06-16T21:08:00
6.62148e-09,6.62148e-09,6.62148e-09,6.62148e-09,1623877620,2021-06-16T21:07:00
6.62941e-09,6.62941e-09,6.62941e-09,6.62941e-09,1623877140,2021-06-16T20:59:00
6.67379e-09,6.67379e-09,6.67379e-09,6.67379e-09,1623877020,2021-06-16T20:57:00
6.6291e-09,6.6291e-09,6.6291e-09,6.6291e-09,1623876840,2021-06-16T20:54:00
6.65201e-09,6.65201e-09,6.65201e-09,6.65201e-09,1623876240,2021-06-16T20:44:00
6.74261e-09,6.74261e-09,6.74261e-09,6.74261e-09,1623875940,2021-06-16T20:39:00
6.75733e-09,6.75733e-09,6.75733e-09,6.75733e-09,1623874560,2021-06-16T20:16:00
6.7642e-09,6.7642e-09,6.7642e-09,6.7642e-09,1623874080,2021-06-16T20:08:00
6.7793e-09,6.7793e-09,6.7793e-09,6.7793e-09,1623873120,2021-06-16T19:52:00
6.77529e-09,6.77529e-09,6.77529e-09,6.77529e-09,1623873060,2021-06-16T19:51:00
6.75232e-09,6.75232e-09,6.75232e-09,6.75232e-09,1623872820,2021-06-16T19:47:00
6.69821e-09,6.69821e-09,6.69821e-09,6.69821e-09,1623872700,2021-06-16T19:45:00
6.75079e-09,6.75079e-09,6.75079e-09,6.75079e-09,1623872460,2021-06-16T19:41:00
6.7423e-09,6.7423e-09,6.7423e-09,6.7423e-09,1623872340,2021-06-16T19:39:00
6.70969e-09,6.70969e-09,6.70969e-09,6.70969e-09,1623871620,2021-06-16T19:27:00
6.75892e-09,6.76938e-09,6.75892e-09,6.76938e-09,1623871560,2021-06-16T19:26:00
6.78289e-09,6.82248e-09,6.78289e-09,6.82248e-09,1623870780,2021-06-16T19:13:00
6.74293e-09,6.74293e-09,6.74293e-09,6.74293e-09,1623870600,2021-06-16T19:10:00
6.73707e-09,6.73707e-09,6.73707e-09,6.73707e-09,1623870240,2021-06-16T19:04:00
6.77139e-09,6.77139e-09,6.77139e-09,6.77139e-09,1623869460,2021-06-16T18:51:00
6.83196e-09,6.83196e-09,6.83196e-09,6.83196e-09,1623869400,2021-06-16T18:50:00
6.77608e-09,6.77608e-09,6.77608e-09,6.77608e-09,1623868140,2021-06-16T18:29:00
6.82062e-09,6.82062e-09,6.82062e-09,6.82062e-09,1623867780,2021-06-16T18:23:00
6.82343e-09,6.82343e-09,6.82343e-09,6.82343e-09,1623867660,2021-06-16T18:21:00
6.83608e-09,6.83608e-09,6.83608e-09,6.83608e-09,1623867600,2021-06-16T18:20:00
6.80659e-09,6.80659e-09,6.80659e-09,6.80659e-09,1623867540,2021-06-16T18:19:00
6.86655e-09,6.86655e-09,6.86655e-09,6.86655e-09,1623866940,2021-06-16T18:09:00
6.91821e-09,6.91821e-09,6.91821e-09,6.91821e-09,1623866760,2021-06-16T18:06:00
6.89429e-09,6.89429e-09,6.89429e-09,6.89429e-09,1623866700,2021-06-16T18:05:00
6.86706e-09,6.86706e-09,6.86706e-09,6.86706e-09,1623866580,2021-06-16T18:03:00
6.87858e-09,6.87858e-09,6.87858e-09,6.87858e-09,1623866220,2021-06-16T17:57:00
6.89346e-09,6.89346e-09,6.89346e-09,6.89346e-09,1623865860,2021-06-16T17:51:00
6.93223e-09,6.93223e-09,6.93223e-09,6.93223e-09,1623865320,2021-06-16T17:42:00
6.9253e-09,6.9253e-09,6.9253e-09,6.9253e-09,1623865200,2021-06-16T17:40:00
6.88489e-09,6.88489e-09,6.88489e-09,6.88489e-09,1623864660,2021-06-16T17:31:00
6.84701e-09,6.84701e-09,6.84701e-09,6.84701e-09,1623864540,2021-06-16T17:29:00
6.8263e-09,6.8263e-09,6.8263e-09,6.8263e-09,1623864360,2021-06-16T17:26:00
6.8183e-09,6.82302e-09,6.8183e-09,6.82302e-09,1623864300,2021-06-16T17:25:00
6.78368e-09,6.78368e-09,6.78368e-09,6.78368e-09,1623864000,2021-06-16T17:20:00
6.78255e-09,6.78255e-09,6.78255e-09,6.78255e-09,1623863940,2021-06-16T17:19:00
6.71139e-09,6.71139e-09,6.71139e-09,6.71139e-09,1623863880,2021-06-16T17:18:00
7.30205e-09,7.30205e-09,7.30205e-09,7.30205e-09,1623863820,2021-06-16T17:17:00
8.07262e-09,8.07262e-09,8.07262e-09,8.07262e-09,1623863640,2021-06-16T17:14:00
8.04714e-09,8.04714e-09,8.04714e-09,8.04714e-09,1623863280,2021-06-16T17:08:00
7.9974e-09,7.9974e-09,7.9974e-09,7.9974e-09,1623863160,2021-06-16T17:06:00
8.085e-09,8.085e-09,8.085e-09,8.085e-09,1623862620,2021-06-16T16:57:00
8.24528e-09,8.24528e-09,8.14695e-09,8.14695e-09,1623862020,2021-06-16T16:47:00
8.30262e-09,8.30262e-09,8.30262e-09,8.30262e-09,1623860580,2021-06-16T16:23:00
8.34308e-09,8.34308e-09,8.34308e-09,8.34308e-09,1623860520,2021-06-16T16:22:00
8.33831e-09,8.33831e-09,8.33831e-09,8.33831e-09,1623860040,2021-06-16T16:14:00
8.31302e-09,8.31302e-09,8.31302e-09,8.31302e-09,1623859620,2021-06-16T16:07:00
8.26386e-09,8.26386e-09,8.26386e-09,8.26386e-09,1623859020,2021-06-16T15:57:00
8.23556e-09,8.23556e-09,8.23556e-09,8.23556e-09,1623858480,2021-06-16T15:48:00
8.23328e-09,8.23328e-09,8.23328e-09,8.23328e-09,1623858120,2021-06-16T15:42:00
8.14815e-09,8.17387e-09,8.14815e-09,8.17387e-09,1623857280,2021-06-16T15:28:00
8.10387e-09,8.10387e-09,8.10387e-09,8.10387e-09,1623857220,2021-06-16T15:27:00
8.1446e-09,8.1446e-09,8.1446e-09,8.1446e-09,1623856380,2021-06-16T15:13:00
8.14387e-09,8.14387e-09,8.14387e-09,8.14387e-09,1623856200,2021-06-16T15:10:00
8.25109e-09,8.25109e-09,8.25109e-09,8.25109e-09,1623856020,2021-06-16T15:07:00
8.20602e-09,8.20602e-09,8.20602e-09,8.20602e-09,1623855900,2021-06-16T15:05:00
8.27653e-09,8.27653e-09,8.27653e-09,8.27653e-09,1623855840,2021-06-16T15:04:00
8.19249e-09,8.19249e-09,8.19249e-09,8.19249e-09,1623854820,2021-06-16T14:47:00
8.24835e-09,8.24835e-09,8.24835e-09,8.24835e-09,1623854760,2021-06-16T14:46:00
8.23023e-09,8.23023e-09,8.23023e-09,8.23023e-09,1623854400,2021-06-16T14:40:00
8.18772e-09,8.18772e-09,8.18772e-09,8.18772e-09,1623854040,2021-06-16T14:34:00
8.2413e-09,8.2413e-09,8.2413e-09,8.2413e-09,1623853980,2021-06-16T14:33:00
8.22329e-09,8.22329e-09,8.22329e-09,8.22329e-09,1623853680,2021-06-16T14:28:00
8.22463e-09,8.22463e-09,8.22463e-09,8.22463e-09,1623853500,2021-06-16T14:25:00
8.22916e-09,8.22916e-09,8.22916e-09,8.22916e-09,1623852480,2021-06-16T14:08:00
8.18839e-09,8.18839e-09,8.18839e-09,8.18839e-09,1623851820,2021-06-16T13:57:00
8.26016e-09,8.26016e-09,8.26016e-09,8.26016e-09,1623850800,2021-06-16T13:40:00
8.31666e-09,8.31666e-09,8.31666e-09,8.31666e-09,1623850740,2021-06-16T13:39:00
8.25407e-09,8.25407e-09,8.25407e-09,8.25407e-09,1623849240,2021-06-16T13:14:00
8.29441e-09,8.29441e-09,8.29441e-09,8.29441e-09,1623849180,2021-06-16T13:13:00
8.26143e-09,8.26143e-09,8.26143e-09,8.26143e-09,1623848760,2021-06-16T13:06:00
8.26339e-09,8.26339e-09,8.26339e-09,8.26339e-09,1623847860,2021-06-16T12:51:00
8.24255e-09,8.24255e-09,8.23911e-09,8.23911e-09,1623847020,2021-06-16T12:37:00
8.26197e-09,8.26197e-09,8.26197e-09,8.26197e-09,1623846840,2021-06-16T12:34:00
8.26006e-09,8.26006e-09,8.26006e-09,8.26006e-09,1623846660,2021-06-16T12:31:00
8.29298e-09,8.29298e-09,8.29298e-09,8.29298e-09,1623846180,2021-06-16T12:23:00
8.24045e-09,8.24045e-09,8.24045e-09,8.24045e-09,1623845700,2021-06-16T12:15:00
8.31668e-09,8.31668e-09,8.31668e-09,8.31668e-09,1623844860,2021-06-16T12:01:00
8.26496e-09,8.26496e-09,8.26496e-09,8.26496e-09,1623844620,2021-06-16T11:57:00
8.32023e-09,8.32023e-09,8.32023e-09,8.32023e-09,1623844440,2021-06-16T11:54:00
8.27056e-09,8.27056e-09,8.27056e-09,8.27056e-09,1623843960,2021-06-16T11:46:00
8.2807e-09,8.32123e-09,8.2807e-09,8.32123e-09,1623843780,2021-06-16T11:43:00
8.34012e-09,8.34012e-09,8.34012e-09,8.34012e-09,1623843660,2021-06-16T11:41:00
8.33504e-09,8.33831e-09,8.33504e-09,8.33831e-09,1623843240,2021-06-16T11:34:00
8.30067e-09,8.30067e-09,8.30067e-09,8.30067e-09,1623842580,2021-06-16T11:23:00
8.3155e-09,8.3155e-09,8.3155e-09,8.3155e-09,1623842400,2021-06-16T11:20:00
8.37095e-09,8.37095e-09,8.37095e-09,8.37095e-09,1623842100,2021-06-16T11:15:00
8.39195e-09,8.39195e-09,8.39195e-09,8.39195e-09,1623841500,2021-06-16T11:05:00
8.41928e-09,8.41928e-09,8.41928e-09,8.41928e-09,1623840900,2021-06-16T10:55:00
8.49005e-09,8.49005e-09,8.49005e-09,8.49005e-09,1623836520,2021-06-16T09:42:00
8.47698e-09,8.47698e-09,8.47698e-09,8.47698e-09,1623835860,2021-06-16T09:31:00
8.48404e-09,8.48404e-09,8.48404e-09,8.48404e-09,1623835500,2021-06-16T09:25:00
8.47995e-09,8.47995e-09,8.47995e-09,8.47995e-09,1623835380,2021-06-16T09:23:00
8.42431e-09,8.42431e-09,8.42431e-09,8.42431e-09,1623834720,2021-06-16T09:12:00
8.48502e-09,8.48502e-09,8.48502e-09,8.48502e-09,1623834180,2021-06-16T09:03:00
8.58265e-09,8.58265e-09,8.58265e-09,8.58265e-09,1623833760,2021-06-16T08:56:00
8.58378e-09,8.58378e-09,8.58378e-09,8.58378e-09,1623833520,2021-06-16T08:52:00
8.57714e-09,8.57714e-09,8.57714e-09,8.57714e-09,1623832380,2021-06-16T08:33:00
8.54427e-09,8.54427e-09,8.54427e-09,8.54427e-09,1623832080,2021-06-16T08:28:00
8.59235e-09,8.59235e-09,8.59235e-09,8.59235e-09,1623831900,2021-06-16T08:25:00
8.54827e-09,8.54827e-09,8.54827e-09,8.54827e-09,1623831840,2021-06-16T08:24:00
8.59975e-09,8.60905e-09,8.59975e-09,8.60905e-09,1623831240,2021-06-16T08:14:00
8.56259e-09,8.56259e-09,8.56259e-09,8.56259e-09,1623830640,2021-06-16T08:04:00
8.6214e-09,8.6214e-09,8.6214e-09,8.6214e-09,1623830400,2021-06-16T08:00:00
8.63216e-09,8.63216e-09,8.63216e-09,8.63216e-09,1623828780,2021-06-16T07:33:00
8.62243e-09,8.62243e-09,8.62243e-09,8.62243e-09,1623828540,2021-06-16T07:29:00
8.58923e-09,8.58923e-09,8.58923e-09,8.58923e-09,1623827580,2021-06-16T07:13:00
8.76693e-09,8.76693e-09,8.76693e-09,8.76693e-09,1623827460,2021-06-16T07:11:00
8.87879e-09,8.87879e-09,8.87879e-09,8.87879e-09,1623827040,2021-06-16T07:04:00
8.91595e-09,8.91595e-09,8.91595e-09,8.91595e-09,1623826860,2021-06-16T07:01:00
8.89744e-09,8.89744e-09,8.89744e-09,8.89744e-09,1623826680,2021-06-16T06:58:00
8.89922e-09,8.89922e-09,8.89922e-09,8.89922e-09,1623826380,2021-06-16T06:53:00
8.83019e-09,8.83019e-09,8.83019e-09,8.83019e-09,1623826320,2021-06-16T06:52:00
8.83146e-09,8.83146e-09,8.83146e-09,8.83146e-09,1623826080,2021-06-16T06:48:00
8.86489e-09,8.86489e-09,8.86489e-09,8.86489e-09,1623825540,2021-06-16T06:39:00
8.86959e-09,8.86959e-09,8.86959e-09,8.86959e-09,1623825060,2021-06-16T06:31:00
8.83438e-09,8.85099e-09,8.83438e-09,8.85099e-09,1623823020,2021-06-16T05:57:00
8.83479e-09,8.83479e-09,8.83479e-09,8.83479e-09,1623822360,2021-06-16T05:46:00
8.83034e-09,8.83034e-09,8.83034e-09,8.83034e-09,1623822000,2021-06-16T05:40:00
8.82422e-09,8.82422e-09,8.82422e-09,8.82422e-09,1623821160,2021-06-16T05:26:00
8.85826e-09,8.85826e-09,8.80053e-09,8.80053e-09,1623819960,2021-06-16T05:06:00
8.86433e-09,8.86433e-09,8.86433e-09,8.86433e-09,1623819360,2021-06-16T04:56:00
8.85838e-09,8.85838e-09,8.85838e-09,8.85838e-09,1623819180,2021-06-16T04:53:00
8.78436e-09,8.78436e-09,8.78436e-09,8.78436e-09,1623819000,2021-06-16T04:50:00
8.80337e-09,8.80337e-09,8.80337e-09,8.80337e-09,1623817920,2021-06-16T04:32:00
8.85172e-09,8.85172e-09,8.85172e-09,8.85172e-09,1623817860,2021-06-16T04:31:00
8.8523e-09,8.8523e-09,8.8523e-09,8.8523e-09,1623817800,2021-06-16T04:30:00
8.82571e-09,8.82571e-09,8.82571e-09,8.82571e-09,1623817200,2021-06-16T04:20:00
8.83374e-09,8.83374e-09,8.83374e-09,8.83374e-09,1623817020,2021-06-16T04:17:00
8.77726e-09,8.77726e-09,8.77726e-09,8.77726e-09,1623816900,2021-06-16T04:15:00
8.82041e-09,8.82041e-09,8.82041e-09,8.82041e-09,1623816780,2021-06-16T04:13:00
8.8162e-09,8.8162e-09,8.8162e-09,8.8162e-09,1623816180,2021-06-16T04:03:00
8.8142e-09,8.8142e-09,8.8142e-09,8.8142e-09,1623815760,2021-06-16T03:56:00
8.75838e-09,8.75838e-09,8.75838e-09,8.75838e-09,1623814260,2021-06-16T03:31:00
8.83601e-09,8.83601e-09,8.83601e-09,8.83601e-09,1623813960,2021-06-16T03:26:00
8.8533e-09,8.8533e-09,8.8533e-09,8.8533e-09,1623813540,2021-06-16T03:19:00
8.85781e-09,8.85781e-09,8.85781e-09,8.85781e-09,1623812940,2021-06-16T03:09:00
8.81788e-09,8.81788e-09,8.81788e-09,8.81788e-09,1623812640,2021-06-16T03:04:00
8.81326e-09,8.81326e-09,8.81326e-09,8.81326e-09,1623811500,2021-06-16T02:45:00
8.82353e-09,8.82353e-09,8.82353e-09,8.82353e-09,1623811080,2021-06-16T02:38:00
8.82513e-09,8.82513e-09,8.82513e-09,8.82513e-09,1623810900,2021-06-16T02:35:00
8.8101e-09,8.8101e-09,8.8101e-09,8.8101e-09,1623810600,2021-06-16T02:30:00
8.81566e-09,8.81566e-09,8.81566e-09,8.81566e-09,1623810540,2021-06-16T02:29:00
8.80039e-09,8.80039e-09,8.80039e-09,8.80039e-09,1623810120,2021-06-16T02:22:00
8.80018e-09,8.80018e-09,8.80018e-09,8.80018e-09,1623809940,2021-06-16T02:19:00
8.74264e-09,8.74264e-09,8.74264e-09,8.74264e-09,1623809880,2021-06-16T02:18:00
8.77573e-09,8.77573e-09,8.77573e-09,8.77573e-09,1623809520,2021-06-16T02:12:00
8.77007e-09,8.77007e-09,8.77007e-09,8.77007e-09,1623809400,2021-06-16T02:10:00
8.71628e-09,8.71628e-09,8.71053e-09,8.71053e-09,1623808980,2021-06-16T02:03:00
8.70779e-09,8.70779e-09,8.70779e-09,8.70779e-09,1623808800,2021-06-16T02:00:00
8.75985e-09,8.75985e-09,8.75985e-09,8.75985e-09,1623808560,2021-06-16T01:56:00
8.7088e-09,8.7088e-09,8.7088e-09,8.7088e-09,1623808380,2021-06-16T01:53:00
8.66463e-09,8.66463e-09,8.66463e-09,8.66463e-09,1623807540,2021-06-16T01:39:00
8.58265e-09,8.58265e-09,8.54737e-09,8.54737e-09,1623806640,2021-06-16T01:24:00
8.54441e-09,8.54441e-09,8.54441e-09,8.54441e-09,1623806580,2021-06-16T01:23:00
8.6651e-09,8.6651e-09,8.6651e-09,8.6651e-09,1623806460,2021-06-16T01:21:00
8.79621e-09,8.79621e-09,8.79621e-09,8.79621e-09,1623805860,2021-06-16T01:11:00
8.76016e-09,8.76016e-09,8.76016e-09,8.76016e-09,1623805560,2021-06-16T01:06:00
8.82093e-09,8.82093e-09,8.82093e-09,8.82093e-09,1623805380,2021-06-16T01:03:00
8.8489e-09,8.8489e-09,8.84671e-09,8.84671e-09,1623804480,2021-06-16T00:48:00
8.79632e-09,8.79632e-09,8.79632e-09,8.79632e-09,1623804060,2021-06-16T00:41:00
8.84506e-09,8.84506e-09,8.84506e-09,8.84506e-09,1623803520,2021-06-16T00:32:00
8.78876e-09,8.78876e-09,8.78876e-09,8.78876e-09,1623803340,2021-06-16T00:29:00
8.84953e-09,8.84953e-09,8.84953e-09,8.84953e-09,1623803040,2021-06-16T00:24:00
8.84723e-09,8.84723e-09,8.84723e-09,8.84723e-09,1623802980,2021-06-16T00:23:00
8.8405e-09,8.8405e-09,8.8405e-09,8.8405e-09,1623802860,2021-06-16T00:21:00
8.78772e-09,8.78772e-09,8.78772e-09,8.78772e-09,1623802620,2021-06-16T00:17:00
8.796e-09,8.796e-09,8.796e-09,8.796e-09,1623802380,2021-06-16T00:13:00
8.86639e-09,8.86639e-09,8.86639e-09,8.86639e-09,1623802260,2021-06-16T00:11:00
8.8488e-09,8.8488e-09,8.8488e-09,8.8488e-09,1623801900,2021-06-16T00:05:00
8.92983e-09,8.92983e-09,8.92983e-09,8.92983e-09,1623801720,2021-06-16T00:02:00
8.95285e-09,8.95285e-09,8.95285e-09,8.95285e-09,1623801600,2021-06-16T00:00:00
8.97619e-09,8.97619e-09,8.97619e-09,8.97619e-09,1623801480,2021-06-15T23:58:00
9.03093e-09,9.03093e-09,9.03093e-09,9.03093e-09,1623801300,2021-06-15T23:55:00
9.03629e-09,9.03629e-09,9.03629e-09,9.03629e-09,1623801060,2021-06-15T23:51:00
9.01004e-09,9.01004e-09,9.01004e-09,9.01004e-09,1623800940,2021-06-15T23:49:00
8.99726e-09,8.99726e-09,8.9301e-09,8.9301e-09,1623800820,2021-06-15T23:47:00
8.98764e-09,8.99438e-09,8.98764e-09,8.99438e-09,1623800400,2021-06-15T23:40:00
8.97239e-09,8.97239e-09,8.97239e-09,8.97239e-09,1623800280,2021-06-15T23:38:00
8.9781e-09,8.9781e-09,8.9781e-09,8.9781e-09,1623800040,2021-06-15T23:34:00
8.97909e-09,8.97909e-09,8.97909e-09,8.97909e-09,1623799980,2021-06-15T23:33:00
8.91578e-09,8.91578e-09,8.91578e-09,8.91578e-09,1623799680,2021-06-15T23:28:00
8.96887e-09,8.96887e-09,8.96887e-09,8.96887e-09,1623799620,2021-06-15T23:27:00
8.96359e-09,8.96653e-09,8.96359e-09,8.96653e-09,1623799500,2021-06-15T23:25:00
8.96398e-09,8.96398e-09,8.96398e-09,8.96398e-09,1623799260,2021-06-15T23:21:00
8.94385e-09,8.94385e-09,8.94385e-09,8.94385e-09,1623799140,2021-06-15T23:19:00
8.93924e-09,8.93924e-09,8.93924e-09,8.93924e-09,1623799080,2021-06-15T23:18:00
8.94247e-09,8.94481e-09,8.94247e-09,8.94481e-09,1623799020,2021-06-15T23:17:00
8.94186e-09,8.94186e-09,8.94186e-09,8.94186e-09,1623798720,2021-06-15T23:12:00
8.93988e-09,8.93988e-09,8.93988e-09,8.93988e-09,1623798540,2021-06-15T23:09:00
8.93305e-09,8.93305e-09,8.93305e-09,8.93305e-09,1623798480,2021-06-15T23:08:00
9.0072e-09,9.0072e-09,9.0072e-09,9.0072e-09,1623798420,2021-06-15T23:07:00
8.99024e-09,8.99024e-09,8.99024e-09,8.99024e-09,1623798360,2021-06-15T23:06:00
8.98345e-09,8.98479e-09,8.98345e-09,8.98479e-09,1623798240,2021-06-15T23:04:00
8.96242e-09,8.96242e-09,8.96242e-09,8.96242e-09,1623798180,2021-06-15T23:03:00
8.9516e-09,8.95212e-09,8.9516e-09,8.95212e-09,1623797940,2021-06-15T22:59:00
8.93176e-09,8.93176e-09,8.93176e-09,8.93176e-09,1623797820,2021-06-15T22:57:00
8.76275e-09,8.90105e-09,8.76275e-09,8.90105e-09,1623797700,2021-06-15T22:55:00
8.73197e-09,8.73197e-09,8.73197e-09,8.73197e-09,1623797460,2021-06-15T22:51:00
8.69123e-09,8.69123e-09,8.69123e-09,8.69123e-09,1623797400,2021-06-15T22:50:00
8.63929e-09,8.69392e-09,8.63929e-09,8.69392e-09,1623797340,2021-06-15T22:49:00
8.63275e-09,8.63275e-09,8.63275e-09,8.63275e-09,1623797100,2021-06-15T22:45:00
8.61912e-09,8.61912e-09,8.61912e-09,8.61912e-09,1623797040,2021-06-15T22:44:00
8.58884e-09,8.58884e-09,8.58884e-09,8.58884e-09,1623796980,2021-06-15T22:43:00
8.55024e-09,8.58011e-09,8.55024e-09,8.58011e-09,1623796920,2021-06-15T22:42:00
8.52352e-09,8.52352e-09,8.52352e-09,8.52352e-09,1623796620,2021-06-15T22:37:00
8.4028e-09,8.4028e-09,8.4028e-09,8.4028e-09,1623796560,2021-06-15T22:36:00
8.30952e-09,8.30952e-09,8.30952e-09,8.30952e-09,1623796500,2021-06-15T22:35:00
8.31064e-09,8.31064e-09,8.31064e-09,8.31064e-09,1623796440,2021-06-15T22:34:00
8.25059e-09,8.28752e-09,8.25059e-09,8.28752e-09,1623796380,2021-06-15T22:33:00
8.2077e-09,8.24774e-09,8.2077e-09,8.24774e-09,1623796320,2021-06-15T22:32:00
8.18035e-09,8.18035e-09,8.18035e-09,8.18035e-09,1623796260,2021-06-15T22:31:00
8.15662e-09,8.15662e-09,8.15662e-09,8.15662e-09,1623795660,2021-06-15T22:21:00
9.11975e-09,9.11975e-09,8.26186e-09,8.26186e-09,1623795600,2021-06-15T22:20:00
1.00888e-08,1.00888e-08,1.00888e-08,1.00888e-08,1623795540,2021-06-15T22:19:00
1.01462e-08,1.01462e-08,1.01462e-08,1.01462e-08,1623795360,2021-06-15T22:16:00
1.00768e-08,1.00768e-08,1.00768e-08,1.00768e-08,1623795180,2021-06-15T22:13:00
1.01003e-08,1.01003e-08,1.01003e-08,1.01003e-08,1623794820,2021-06-15T22:07:00
1.01581e-08,1.01581e-08,1.01581e-08,1.01581e-08,1623794520,2021-06-15T22:02:00
1.00952e-08,1.00952e-08,1.00952e-08,1.00952e-08,1623794340,2021-06-15T21:59:00
1.03442e-08,1.03442e-08,1.01552e-08,1.01552e-08,1623793920,2021-06-15T21:52:00
1.06534e-08,1.06534e-08,1.06534e-08,1.06534e-08,1623793500,2021-06-15T21:45:00
1.06201e-08,1.06201e-08,1.06201e-08,1.06201e-08,1623793440,2021-06-15T21:44:00
1.07034e-08,1.07034e-08,1.07034e-08,1.07034e-08,1623792840,2021-06-15T21:34:00
1.06929e-08,1.06929e-08,1.06929e-08,1.06929e-08,1623792240,2021-06-15T21:24:00
1.06403e-08,1.06987e-08,1.06403e-08,1.06987e-08,1623792060,2021-06-15T21:21:00
1.06344e-08,1.06344e-08,1.06344e-08,1.06344e-08,1623791400,2021-06-15T21:10:00
1.07028e-08,1.07028e-08,1.07028e-08,1.07028e-08,1623791340,2021-06-15T21:09:00
1.06896e-08,1.06896e-08,1.06896e-08,1.06896e-08,1623791280,2021-06-15T21:08:00
1.06818e-08,1.06818e-08,1.06818e-08,1.06818e-08,1623790260,2021-06-15T20:51:00
1.06633e-08,1.06633e-08,1.06633e-08,1.06633e-08,1623789660,2021-06-15T20:41:00
1.06645e-08,1.06645e-08,1.06645e-08,1.06645e-08,1623789360,2021-06-15T20:36:00
1.07354e-08,1.07354e-08,1.07354e-08,1.07354e-08,1623789300,2021-06-15T20:35:00
1.06631e-08,1.06631e-08,1.06631e-08,1.06631e-08,1623788940,2021-06-15T20:29:00
1.07211e-08,1.07211e-08,1.07211e-08,1.07211e-08,1623788700,2021-06-15T20:25:00
1.07036e-08,1.07036e-08,1.07036e-08,1.07036e-08,1623788280,2021-06-15T20:18:00
1.07031e-08,1.07103e-08,1.07031e-08,1.07103e-08,1623787440,2021-06-15T20:04:00
1.07553e-08,1.07553e-08,1.07553e-08,1.07553e-08,1623787200,2021-06-15T20:00:00
1.07094e-08,1.07094e-08,1.07094e-08,1.07094e-08,1623786960,2021-06-15T19:56:00
1.07329e-08,1.07329e-08,1.07303e-08,1.07303e-08,1623786600,2021-06-15T19:50:00
1.0698e-08,1.0698e-08,1.0698e-08,1.0698e-08,1623786420,2021-06-15T19:47:00
1.06565e-08,1.06565e-08,1.06565e-08,1.06565e-08,1623786360,2021-06-15T19:46:00
1.08085e-08,1.08085e-08,1.08085e-08,1.08085e-08,1623786180,2021-06-15T19:43:00
1.07501e-08,1.08272e-08,1.07501e-08,1.08272e-08,1623785640,2021-06-15T19:34:00
1.07715e-08,1.07715e-08,1.07715e-08,1.07715e-08,1623785520,2021-06-15T19:32:00
1.08547e-08,1.08547e-08,1.08547e-08,1.08547e-08,1623785340,2021-06-15T19:29:00
1.09043e-08,1.09043e-08,1.09043e-08,1.09043e-08,1623785040,2021-06-15T19:24:00
1.08604e-08,1.08604e-08,1.08604e-08,1.08604e-08,1623784800,2021-06-15T19:20:00
1.09753e-08,1.09753e-08,1.09753e-08,1.09753e-08,1623783960,2021-06-15T19:06:00
1.09585e-08,1.09719e-08,1.09585e-08,1.09719e-08,1623783720,2021-06-15T19:02:00
1.09481e-08,1.09481e-08,1.09481e-08,1.09481e-08,1623783660,2021-06-15T19:01:00
1.0968e-08,1.0968e-08,1.0968e-08,1.0968e-08,1623783540,2021-06-15T18:59:00
1.09568e-08,1.09568e-08,1.09568e-08,1.09568e-08,1623782880,2021-06-15T18:48:00
1.09641e-08,1.09641e-08,1.09641e-08,1.09641e-08,1623782820,2021-06-15T18:47:00
1.0933e-08,1.0933e-08,1.0933e-08,1.0933e-08,1623782640,2021-06-15T18:44:00
1.08712e-08,1.08712e-08,1.08712e-08,1.08712e-08,1623779880,2021-06-15T17:58:00
1.10013e-08,1.10013e-08,1.10013e-08,1.10013e-08,1623779640,2021-06-15T17:54:00
1.10025e-08,1.10025e-08,1.09094e-08,1.09094e-08,1623778560,2021-06-15T17:36:00
1.09364e-08,1.10137e-08,1.09364e-08,1.10137e-08,1623778380,2021-06-15T17:33:00
1.0873e-08,1.0873e-08,1.0873e-08,1.0873e-08,1623778320,2021-06-15T17:32:00
1.08749e-08,1.08749e-08,1.08749e-08,1.08749e-08,1623778260,2021-06-15T17:31:00
1.08274e-08,1.08274e-08,1.08274e-08,1.08274e-08,1623777960,2021-06-15T17:26:00
1.07836e-08,1.07836e-08,1.07836e-08,1.07836e-08,1623777720,2021-06-15T17:22:00
1.07826e-08,1.07826e-08,1.07826e-08,1.07826e-08,1623777540,2021-06-15T17:19:00
1.07392e-08,1.07392e-08,1.07392e-08,1.07392e-08,1623777480,2021-06-15T17:18:00
1.06978e-08,1.06978e-08,1.06978e-08,1.06978e-08,1623777420,2021-06-15T17:17:00
1.06753e-08,1.06753e-08,1.06753e-08,1.06753e-08,1623777180,2021-06-15T17:13:00
1.05753e-08,1.05753e-08,1.05753e-08,1.05753e-08,1623776820,2021-06-15T17:07:00
1.0517e-08,1.0517e-08,1.0517e-08,1.0517e-08,1623776520,2021-06-15T17:02:00
1.04199e-08,1.04344e-08,1.04199e-08,1.04344e-08,1623776280,2021-06-15T16:58:00
1.02742e-08,1.03207e-08,1.02742e-08,1.03207e-08,1623776220,2021-06-15T16:57:00
1.02175e-08,1.02175e-08,1.02175e-08,1.02175e-08,1623776100,2021-06-15T16:55:00
1.0302e-08,1.0302e-08,1.0302e-08,1.0302e-08,1623775980,2021-06-15T16:53:00
1.02155e-08,1.02155e-08,1.02155e-08,1.02155e-08,1623775800,2021-06-15T16:50:00
1.02977e-08,1.02977e-08,1.0297e-08,1.0297e-08,1623775680,2021-06-15T16:48:00
1.0241e-08,1.0241e-08,1.022e-08,1.022e-08,1623775500,2021-06-15T16:45:00
1.02386e-08,1.02386e-08,1.02386e-08,1.02386e-08,1623774960,2021-06-15T16:36:00
1.01888e-08,1.01888e-08,1.01888e-08,1.01888e-08,1623774900,2021-06-15T16:35:00
1.01432e-08,1.01432e-08,1.01432e-08,1.01432e-08,1623774840,2021-06-15T16:34:00
1.00872e-08,1.00872e-08,1.00872e-08,1.00872e-08,1623774720,2021-06-15T16:32:00
1.01905e-08,1.01905e-08,1.00736e-08,1.00736e-08,1623774660,2021-06-15T16:31:00
1.01464e-08,1.01464e-08,1.01464e-08,1.01464e-08,1623774600,2021-06-15T16:30:00
1.00798e-08,1.00798e-08,1.00798e-08,1.00798e-08,1623774300,2021-06-15T16:25:00
9.95652e-09,9.95652e-09,9.95652e-09,9.95652e-09,1623774120,2021-06-15T16:22:00
9.91816e-09,9.91816e-09,9.91816e-09,9.91816e-09,1623774060,2021-06-15T16:21:00
9.98337e-09,9.98337e-09,9.98337e-09,9.98337e-09,1623773820,2021-06-15T16:17:00
9.97383e-09,9.97383e-09,9.97383e-09,9.97383e-09,1623773760,2021-06-15T16:16:00
9.91506e-09,9.91506e-09,9.91506e-09,9.91506e-09,1623773640,2021-06-15T16:14:00
9.97059e-09,9.97059e-09,9.97059e-09,9.97059e-09,1623772860,2021-06-15T16:01:00
9.95532e-09,9.95532e-09,9.95532e-09,9.95532e-09,1623772740,2021-06-15T15:59:00
9.89454e-09,9.89454e-09,9.89454e-09,9.89454e-09,1623771960,2021-06-15T15:46:00
9.95876e-09,9.95876e-09,9.95876e-09,9.95876e-09,1623771900,2021-06-15T15:45:00
9.69783e-09,9.69783e-09,9.69783e-09,9.69783e-09,1623771780,2021-06-15T15:43:00
9.44632e-09,9.44632e-09,9.44632e-09,9.44632e-09,1623771420,2021-06-15T15:37:00
9.37645e-09,9.37645e-09,9.37645e-09,9.37645e-09,1623771000,2021-06-15T15:30:00
9.39772e-09,9.39772e-09,9.39772e-09,9.39772e-09,1623770940,2021-06-15T15:29:00
9.46935e-09,9.46935e-09,9.46935e-09,9.46935e-09,1623770460,2021-06-15T15:21:00
9.47639e-09,9.47639e-09,9.47639e-09,9.47639e-09,1623770280,2021-06-15T15:18:00
9.55477e-09,9.55477e-09,9.55477e-09,9.55477e-09,1623769500,2021-06-15T15:05:00
9.82202e-09,9.82202e-09,9.82202e-09,9.82202e-09,1623769320,2021-06-15T15:02:00
9.81485e-09,9.81485e-09,9.81485e-09,9.81485e-09,1623769260,2021-06-15T15:01:00
9.81934e-09,9.81934e-09,9.77697e-09,9.77697e-09,1623769140,2021-06-15T14:59:00
9.80743e-09,9.80743e-09,9.80743e-09,9.80743e-09,1623769080,2021-06-15T14:58:00
9.81611e-09,9.81611e-09,9.81611e-09,9.81611e-09,1623768600,2021-06-15T14:50:00
9.74079e-09,9.74079e-09,9.74079e-09,9.74079e-09,1623768300,2021-06-15T14:45:00
9.80902e-09,9.80902e-09,9.80902e-09,9.80902e-09,1623767940,2021-06-15T14:39:00
9.80219e-09,9.80219e-09,9.80219e-09,9.80219e-09,1623767880,2021-06-15T14:38:00
9.8333e-09,9.8333e-09,9.8333e-09,9.8333e-09,1623767460,2021-06-15T14:31:00
9.77769e-09,9.77769e-09,9.77769e-09,9.77769e-09,1623767160,2021-06-15T14:26:00
9.86749e-09,9.86749e-09,9.86749e-09,9.86749e-09,1623766740,2021-06-15T14:19:00
9.88592e-09,9.88965e-09,9.88592e-09,9.88965e-09,1623766380,2021-06-15T14:13:00
9.82844e-09,9.82844e-09,9.82844e-09,9.82844e-09,1623766080,2021-06-15T14:08:00
9.89987e-09,9.89987e-09,9.89987e-09,9.89987e-09,1623765840,2021-06-15T14:04:00
9.89989e-09,9.89989e-09,9.89989e-09,9.89989e-09,1623765780,2021-06-15T14:03:00
9.91136e-09,9.91136e-09,9.91136e-09,9.91136e-09,1623765600,2021-06-15T14:00:00
9.90888e-09,9.90888e-09,9.90888e-09,9.90888e-09,1623765420,2021-06-15T13:57:00
9.89535e-09,9.90144e-09,9.89535e-09,9.90144e-09,1623764700,2021-06-15T13:45:00
9.89308e-09,9.89308e-09,9.89308e-09,9.89308e-09,1623764520,2021-06-15T13:42:00
9.88404e-09,9.88404e-09,9.88404e-09,9.88404e-09,1623764160,2021-06-15T13:36:00
9.88564e-09,9.88564e-09,9.88564e-09,9.88564e-09,1623764100,2021-06-15T13:35:00
9.89022e-09,9.89022e-09,9.89022e-09,9.89022e-09,1623764040,2021-06-15T13:34:00
9.88085e-09,9.88085e-09,9.88085e-09,9.88085e-09,1623763980,2021-06-15T13:33:00
9.88393e-09,9.88558e-09,9.88393e-09,9.88558e-09,1623763920,2021-06-15T13:32:00
9.86912e-09,9.86912e-09,9.86912e-09,9.86912e-09,1623763740,2021-06-15T13:29:00
9.87262e-09,9.87262e-09,9.87262e-09,9.87262e-09,1623763620,2021-06-15T13:27:00
9.86141e-09,9.86141e-09,9.86141e-09,9.86141e-09,1623763560,2021-06-15T13:26:00
9.86985e-09,9.86985e-09,9.86985e-09,9.86985e-09,1623763380,2021-06-15T13:23:00
9.86385e-09,9.86385e-09,9.86385e-09,9.86385e-09,1623763320,2021-06-15T13:22:00
9.85174e-09,9.85174e-09,9.85174e-09,9.85174e-09,1623763080,2021-06-15T13:18:00
9.74735e-09,9.81926e-09,9.74735e-09,9.81926e-09,1623762960,2021-06-15T13:16:00
9.80375e-09,9.80375e-09,9.80375e-09,9.80375e-09,1623762720,2021-06-15T13:12:00
9.81903e-09,9.81903e-09,9.81903e-09,9.81903e-09,1623762480,2021-06-15T13:08:00
9.80397e-09,9.80397e-09,9.80397e-09,9.80397e-09,1623762000,2021-06-15T13:00:00
9.74167e-09,9.74167e-09,9.74167e-09,9.74167e-09,1623761880,2021-06-15T12:58:00
9.75628e-09,9.81091e-09,9.75628e-09,9.81091e-09,1623761760,2021-06-15T12:56:00
9.80193e-09,9.80193e-09,9.80193e-09,9.80193e-09,1623761400,2021-06-15T12:50:00
9.75524e-09,9.75524e-09,9.75524e-09,9.75524e-09,1623761220,2021-06-15T12:47:00
9.72998e-09,9.72998e-09,9.72998e-09,9.72998e-09,1623761100,2021-06-15T12:45:00
9.69185e-09,9.69185e-09,9.69185e-09,9.69185e-09,1623761040,2021-06-15T12:44:00
9.797e-09,9.797e-09,9.797e-09,9.797e-09,1623760800,2021-06-15T12:40:00
9.79505e-09,9.79505e-09,9.79505e-09,9.79505e-09,1623760560,2021-06-15T12:36:00
9.80569e-09,9.80569e-09,9.80569e-09,9.80569e-09,1623760320,2021-06-15T12:32:00
9.79729e-09,9.79729e-09,9.78734e-09,9.78734e-09,1623760200,2021-06-15T12:30:00
9.78806e-09,9.78806e-09,9.78806e-09,9.78806e-09,1623760020,2021-06-15T12:27:00
9.78013e-09,9.78013e-09,9.78013e-09,9.78013e-09,1623759960,2021-06-15T12:26:00
1.00388e-08,1.00388e-08,1.00388e-08,1.00388e-08,1623759120,2021-06-15T12:12:00
1.0407e-08,1.0407e-08,1.0407e-08,1.0407e-08,1623759000,2021-06-15T12:10:00
1.0377e-08,1.0377e-08,1.0377e-08,1.0377e-08,1623758700,2021-06-15T12:05:00
1.03254e-08,1.03254e-08,1.03254e-08,1.03254e-08,1623758400,2021-06-15T12:00:00
1.02588e-08,1.03398e-08,1.02588e-08,1.03398e-08,1623758100,2021-06-15T11:55:00
1.03381e-08,1.03381e-08,1.03381e-08,1.03381e-08,1623757860,2021-06-15T11:51:00
1.03407e-08,1.03407e-08,1.03407e-08,1.03407e-08,1623757500,2021-06-15T11:45:00
1.03665e-08,1.03665e-08,1.03665e-08,1.03665e-08,1623756660,2021-06-15T11:31:00
1.0365e-08,1.0365e-08,1.0365e-08,1.0365e-08,1623756420,2021-06-15T11:27:00
1.03623e-08,1.03623e-08,1.03623e-08,1.03623e-08,1623755820,2021-06-15T11:17:00
1.03218e-08,1.03218e-08,1.03218e-08,1.03218e-08,1623755700,2021-06-15T11:15:00
1.02563e-08,1.02563e-08,1.02563e-08,1.02563e-08,1623754500,2021-06-15T10:55:00
1.03333e-08,1.03333e-08,1.03333e-08,1.03333e-08,1623754380,2021-06-15T10:53:00
1.03365e-08,1.03365e-08,1.03365e-08,1.03365e-08,1623752040,2021-06-15T10:14:00
1.03354e-08,1.03354e-08,1.03354e-08,1.03354e-08,1623751260,2021-06-15T10:01:00
1.02917e-08,1.02917e-08,1.02917e-08,1.02917e-08,1623751020,2021-06-15T09:57:00
1.03667e-08,1.03667e-08,1.03667e-08,1.03667e-08,1623750540,2021-06-15T09:49:00
1.04431e-08,1.04431e-08,1.04431e-08,1.04431e-08,1623750480,2021-06-15T09:48:00
1.03805e-08,1.03805e-08,1.03805e-08,1.03805e-08,1623749640,2021-06-15T09:34:00
1.03702e-08,1.04305e-08,1.03702e-08,1.04305e-08,1623749160,2021-06-15T09:26:00
1.04091e-08,1.04091e-08,1.04091e-08,1.04091e-08,1623748380,2021-06-15T09:13:00
1.0403e-08,1.0403e-08,1.0403e-08,1.0403e-08,1623748140,2021-06-15T09:09:00
1.04395e-08,1.04395e-08,1.04395e-08,1.04395e-08,1623747480,2021-06-15T08:58:00
1.04464e-08,1.04464e-08,1.04464e-08,1.04464e-08,1623747300,2021-06-15T08:55:00
1.04554e-08,1.04554e-08,1.04554e-08,1.04554e-08,1623747240,2021-06-15T08:54:00
1.05424e-08,1.05424e-08,1.0443e-08,1.0443e-08,1623746760,2021-06-15T08:46:00
1.05044e-08,1.05044e-08,1.05044e-08,1.05044e-08,1623746280,2021-06-15T08:38:00
1.05989e-08,1.05989e-08,1.05989e-08,1.05989e-08,1623746160,2021-06-15T08:36:00
1.0601e-08,1.0601e-08,1.0601e-08,1.0601e-08,1623746100,2021-06-15T08:35:00
1.06083e-08,1.06083e-08,1.06083e-08,1.06083e-08,1623745800,2021-06-15T08:30:00
1.06032e-08,1.06032e-08,1.06032e-08,1.06032e-08,1623745320,2021-06-15T08:22:00
1.05976e-08,1.05976e-08,1.05976e-08,1.05976e-08,1623745200,2021-06-15T08:20:00
1.05941e-08,1.05941e-08,1.05941e-08,1.05941e-08,1623745080,2021-06-15T08:18:00
1.05863e-08,1.05863e-08,1.05863e-08,1.05863e-08,1623745020,2021-06-15T08:17:00
1.05192e-08,1.05192e-08,1.05192e-08,1.05192e-08,1623744720,2021-06-15T08:12:00
1.05798e-08,1.05798e-08,1.05798e-08,1.05798e-08,1623743580,2021-06-15T07:53:00
1.05613e-08,1.05613e-08,1.05613e-08,1.05613e-08,1623743160,2021-06-15T07:46:00
1.05509e-08,1.05509e-08,1.05509e-08,1.05509e-08,1623742860,2021-06-15T07:41:00
1.05572e-08,1.05572e-08,1.05572e-08,1.05572e-08,1623742440,2021-06-15T07:34:00
1.05348e-08,1.05348e-08,1.05348e-08,1.05348e-08,1623741780,2021-06-15T07:23:00
1.05119e-08,1.05119e-08,1.05119e-08,1.05119e-08,1623741660,2021-06-15T07:21:00
1.05089e-08,1.05089e-08,1.05089e-08,1.05089e-08,1623741540,2021-06-15T07:19:00
1.04627e-08,1.04627e-08,1.04627e-08,1.04627e-08,1623741180,2021-06-15T07:13:00
1.05668e-08,1.05668e-08,1.05668e-08,1.05668e-08,1623739920,2021-06-15T06:52:00
1.05659e-08,1.05659e-08,1.05659e-08,1.05659e-08,1623739620,2021-06-15T06:47:00
1.05851e-08,1.05851e-08,1.05851e-08,1.05851e-08,1623738900,2021-06-15T06:35:00
1.05822e-08,1.05822e-08,1.05822e-08,1.05822e-08,1623738840,2021-06-15T06:34:00
1.05816e-08,1.05816e-08,1.05816e-08,1.05816e-08,1623738720,2021-06-15T06:32:00
1.05961e-08,1.05961e-08,1.05961e-08,1.05961e-08,1623738540,2021-06-15T06:29:00
1.05794e-08,1.05794e-08,1.05794e-08,1.05794e-08,1623738000,2021-06-15T06:20:00
1.05594e-08,1.05594e-08,1.05594e-08,1.05594e-08,1623737520,2021-06-15T06:12:00
1.05515e-08,1.05515e-08,1.05515e-08,1.05515e-08,1623737220,2021-06-15T06:07:00
1.05362e-08,1.05362e-08,1.05362e-08,1.05362e-08,1623737100,2021-06-15T06:05:00
1.05347e-08,1.05347e-08,1.05347e-08,1.05347e-08,1623736980,2021-06-15T06:03:00
1.05341e-08,1.05341e-08,1.05341e-08,1.05341e-08,1623736860,2021-06-15T06:01:00
1.05408e-08,1.05408e-08,1.05408e-08,1.05408e-08,1623736740,2021-06-15T05:59:00
1.05391e-08,1.05391e-08,1.05391e-08,1.05391e-08,1623736560,2021-06-15T05:56:00
1.04781e-08,1.04781e-08,1.04781e-08,1.04781e-08,1623736440,2021-06-15T05:54:00
1.05437e-08,1.05437e-08,1.05437e-08,1.05437e-08,1623736140,2021-06-15T05:49:00
1.05451e-08,1.05451e-08,1.05451e-08,1.05451e-08,1623735960,2021-06-15T05:46:00
1.05439e-08,1.05439e-08,1.05439e-08,1.05439e-08,1623735900,2021-06-15T05:45:00
1.05289e-08,1.05289e-08,1.05289e-08,1.05289e-08,1623735660,2021-06-15T05:41:00
1.05231e-08,1.05231e-08,1.05231e-08,1.05231e-08,1623735300,2021-06-15T05:35:00
1.04636e-08,1.04636e-08,1.04636e-08,1.04636e-08,1623735240,2021-06-15T05:34:00
1.04179e-08,1.04179e-08,1.04179e-08,1.04179e-08,1623735120,2021-06-15T05:32:00
1.04217e-08,1.04217e-08,1.04217e-08,1.04217e-08,1623735060,2021-06-15T05:31:00
1.04242e-08,1.04242e-08,1.04242e-08,1.04242e-08,1623734940,2021-06-15T05:29:00
1.04116e-08,1.04116e-08,1.04116e-08,1.04116e-08,1623734640,2021-06-15T05:24:00
1.04053e-08,1.04053e-08,1.03692e-08,1.03692e-08,1623734340,2021-06-15T05:19:00
1.04663e-08,1.04663e-08,1.04663e-08,1.04663e-08,1623734220,2021-06-15T05:17:00
1.04105e-08,1.04105e-08,1.04105e-08,1.04105e-08,1623734100,2021-06-15T05:15:00
1.04646e-08,1.04646e-08,1.04646e-08,1.04646e-08,1623733740,2021-06-15T05:09:00
1.05235e-08,1.05235e-08,1.05235e-08,1.05235e-08,1623733560,2021-06-15T05:06:00
1.05167e-08,1.05167e-08,1.05167e-08,1.05167e-08,1623733320,2021-06-15T05:02:00
1.0417e-08,1.0417e-08,1.0417e-08,1.0417e-08,1623733260,2021-06-15T05:01:00
1.04214e-08,1.04214e-08,1.04214e-08,1.04214e-08,1623733140,2021-06-15T04:59:00
1.04694e-08,1.04694e-08,1.04694e-08,1.04694e-08,1623733080,2021-06-15T04:58:00
1.04209e-08,1.04668e-08,1.04209e-08,1.04668e-08,1623732720,2021-06-15T04:52:00
1.0426e-08,1.0426e-08,1.0426e-08,1.0426e-08,1623732480,2021-06-15T04:48:00
1.03601e-08,1.03601e-08,1.03545e-08,1.03545e-08,1623732360,2021-06-15T04:46:00
1.03531e-08,1.03531e-08,1.03531e-08,1.03531e-08,1623732300,2021-06-15T04:45:00
1.0319e-08,1.0319e-08,1.0319e-08,1.0319e-08,1623732000,2021-06-15T04:40:00
1.03053e-08,1.03053e-08,1.03053e-08,1.03053e-08,1623731760,2021-06-15T04:36:00
1.02834e-08,1.02834e-08,1.02834e-08,1.02834e-08,1623731400,2021-06-15T04:30:00
1.02805e-08,1.02805e-08,1.02805e-08,1.02805e-08,1623731220,2021-06-15T04:27:00
1.02802e-08,1.02802e-08,1.02802e-08,1.02802e-08,1623730980,2021-06-15T04:23:00
1.02604e-08,1.02604e-08,1.02604e-08,1.02604e-08,1623730620,2021-06-15T04:17:00
1.02246e-08,1.02246e-08,1.02246e-08,1.02246e-08,1623730500,2021-06-15T04:15:00
1.03306e-08,1.03306e-08,1.03306e-08,1.03306e-08,1623730440,2021-06-15T04:14:00
1.0326e-08,1.0326e-08,1.0326e-08,1.0326e-08,1623730140,2021-06-15T04:09:00
1.03241e-08,1.03241e-08,1.03241e-08,1.03241e-08,1623729900,2021-06-15T04:05:00
1.03276e-08,1.03276e-08,1.03276e-08,1.03276e-08,1623729840,2021-06-15T04:04:00
1.0312e-08,1.0312e-08,1.0312e-08,1.0312e-08,1623729600,2021-06-15T04:00:00
1.03023e-08,1.03023e-08,1.03023e-08,1.03023e-08,1623729300,2021-06-15T03:55:00
1.03048e-08,1.03048e-08,1.03048e-08,1.03048e-08,1623729180,2021-06-15T03:53:00
1.02953e-08,1.02953e-08,1.02953e-08,1.02953e-08,1623729120,2021-06-15T03:52:00
1.02687e-08,1.02829e-08,1.02687e-08,1.02829e-08,1623728880,2021-06-15T03:48:00
1.02479e-08,1.02479e-08,1.02479e-08,1.02479e-08,1623728640,2021-06-15T03:44:00
1.02382e-08,1.02382e-08,1.02382e-08,1.02382e-08,1623728460,2021-06-15T03:41:00
1.01795e-08,1.01795e-08,1.01795e-08,1.01795e-08,1623728400,2021-06-15T03:40:00
1.0235e-08,1.0235e-08,1.0235e-08,1.0235e-08,1623728100,2021-06-15T03:35:00
1.01739e-08,1.01739e-08,1.01739e-08,1.01739e-08,1623727500,2021-06-15T03:25:00
1.02405e-08,1.02405e-08,1.02405e-08,1.02405e-08,1623727260,2021-06-15T03:21:00
1.02348e-08,1.02348e-08,1.02348e-08,1.02348e-08,1623727200,2021-06-15T03:20:00
1.02279e-08,1.02279e-08,1.02279e-08,1.02279e-08,1623727140,2021-06-15T03:19:00
1.02227e-08,1.02227e-08,1.02227e-08,1.02227e-08,1623727080,2021-06-15T03:18:00
1.01676e-08,1.02102e-08,1.01676e-08,1.02102e-08,1623726480,2021-06-15T03:08:00
1.02479e-08,1.02479e-08,1.02479e-08,1.02479e-08,1623726360,2021-06-15T03:06:00
1.02411e-08,1.02411e-08,1.02411e-08,1.02411e-08,1623726300,2021-06-15T03:05:00
1.01775e-08,1.01775e-08,1.01775e-08,1.01775e-08,1623726240,2021-06-15T03:04:00
1.02401e-08,1.02401e-08,1.02401e-08,1.02401e-08,1623726180,2021-06-15T03:03:00
1.02081e-08,1.02081e-08,1.02081e-08,1.02081e-08,1623725880,2021-06-15T02:58:00
1.02066e-08,1.02066e-08,1.02066e-08,1.02066e-08,1623725820,2021-06-15T02:57:00
1.01632e-08,1.01632e-08,1.01632e-08,1.01632e-08,1623725700,2021-06-15T02:55:00
1.02385e-08,1.02385e-08,1.02385e-08,1.02385e-08,1623725520,2021-06-15T02:52:00
1.02432e-08,1.02432e-08,1.02432e-08,1.02432e-08,1623724500,2021-06-15T02:35:00
1.02516e-08,1.02516e-08,1.02516e-08,1.02516e-08,1623724200,2021-06-15T02:30:00
1.02475e-08,1.02475e-08,1.01866e-08,1.01866e-08,1623723960,2021-06-15T02:26:00
1.0244e-08,1.0244e-08,1.0244e-08,1.0244e-08,1623723840,2021-06-15T02:24:00
1.02263e-08,1.02263e-08,1.02263e-08,1.02263e-08,1623723600,2021-06-15T02:20:00
1.02203e-08,1.02203e-08,1.0156e-08,1.0156e-08,1623723540,2021-06-15T02:19:00
1.02178e-08,1.02178e-08,1.02178e-08,1.02178e-08,1623723300,2021-06-15T02:15:00
1.01854e-08,1.0191e-08,1.01854e-08,1.0191e-08,1623723120,2021-06-15T02:12:00
1.01918e-08,1.01918e-08,1.01918e-08,1.01918e-08,1623722760,2021-06-15T02:06:00
1.01241e-08,1.01241e-08,1.01241e-08,1.01241e-08,1623722580,2021-06-15T02:03:00
1.03037e-08,1.03037e-08,1.01869e-08,1.01869e-08,1623722220,2021-06-15T01:57:00
1.02441e-08,1.02441e-08,1.02441e-08,1.02441e-08,1623722040,2021-06-15T01:54:00
1.03187e-08,1.03187e-08,1.03187e-08,1.03187e-08,1623721800,2021-06-15T01:50:00
1.03156e-08,1.03156e-08,1.03156e-08,1.03156e-08,1623721620,2021-06-15T01:47:00
1.02627e-08,1.02627e-08,1.02627e-08,1.02627e-08,1623721260,2021-06-15T01:41:00
1.03501e-08,1.03501e-08,1.03501e-08,1.03501e-08,1623721080,2021-06-15T01:38:00
1.04996e-08,1.05156e-08,1.04996e-08,1.05156e-08,1623721020,2021-06-15T01:37:00
1.04709e-08,1.04709e-08,1.04709e-08,1.04709e-08,1623720960,2021-06-15T01:36:00
1.04746e-08,1.04746e-08,1.04746e-08,1.04746e-08,1623720660,2021-06-15T01:31:00
1.0468e-08,1.0468e-08,1.0468e-08,1.0468e-08,1623720600,2021-06-15T01:30:00
1.04575e-08,1.04575e-08,1.04575e-08,1.04575e-08,1623720360,2021-06-15T01:26:00
1.0456e-08,1.0456e-08,1.0456e-08,1.0456e-08,1623720300,2021-06-15T01:25:00
1.04005e-08,1.04005e-08,1.04005e-08,1.04005e-08,1623720120,2021-06-15T01:22:00
1.03929e-08,1.03929e-08,1.03929e-08,1.03929e-08,1623720060,2021-06-15T01:21:00
1.03841e-08,1.03886e-08,1.03841e-08,1.03886e-08,1623720000,2021-06-15T01:20:00
1.03142e-08,1.03142e-08,1.03142e-08,1.03142e-08,1623719880,2021-06-15T01:18:00
1.0317e-08,1.0317e-08,1.0317e-08,1.0317e-08,1623719700,2021-06-15T01:15:00
1.07761e-08,1.07761e-08,1.05005e-08,1.05005e-08,1623719640,2021-06-15T01:14:00
1.0765e-08,1.0765e-08,1.0765e-08,1.0765e-08,1623719520,2021-06-15T01:12:00
1.0854e-08,1.0854e-08,1.07778e-08,1.07778e-08,1623719100,2021-06-15T01:05:00
1.10163e-08,1.10163e-08,1.10163e-08,1.10163e-08,1623719040,2021-06-15T01:04:00
1.11389e-08,1.11389e-08,1.11389e-08,1.11389e-08,1623718800,2021-06-15T01:00:00
1.13354e-08,1.13354e-08,1.13354e-08,1.13354e-08,1623718740,2021-06-15T00:59:00
1.13463e-08,1.13463e-08,1.13463e-08,1.13463e-08,1623718440,2021-06-15T00:54:00
1.13376e-08,1.13376e-08,1.13376e-08,1.13376e-08,1623718200,2021-06-15T00:50:00
1.13415e-08,1.13415e-08,1.13415e-08,1.13415e-08,1623717960,2021-06-15T00:46:00
1.13135e-08,1.13135e-08,1.13135e-08,1.13135e-08,1623717660,2021-06-15T00:41:00
1.16233e-08,1.16233e-08,1.16233e-08,1.16233e-08,1623717540,2021-06-15T00:39:00
1.1902e-08,1.1902e-08,1.1902e-08,1.1902e-08,1623717360,2021-06-15T00:36:00
1.19004e-08,1.19004e-08,1.19004e-08,1.19004e-08,1623717120,2021-06-15T00:32:00
1.18545e-08,1.18895e-08,1.18545e-08,1.18895e-08,1623716940,2021-06-15T00:29:00
1.18473e-08,1.18473e-08,1.18473e-08,1.18473e-08,1623716760,2021-06-15T00:26:00
1.16693e-08,1.16693e-08,1.16693e-08,1.16693e-08,1623715980,2021-06-15T00:13:00
1.17538e-08,1.17538e-08,1.17538e-08,1.17538e-08,1623715860,2021-06-15T00:11:00
1.17242e-08,1.17242e-08,1.17242e-08,1.17242e-08,1623715680,2021-06-15T00:08:00
1.1739e-08,1.1739e-08,1.1739e-08,1.1739e-08,1623715620,2021-06-15T00:07:00
1.17278e-08,1.17278e-08,1.17278e-08,1.17278e-08,1623715140,2021-06-14T23:59:00
1.16503e-08,1.16503e-08,1.16503e-08,1.16503e-08,1623714960,2021-06-14T23:56:00
1.17133e-08,1.17133e-08,1.17133e-08,1.17133e-08,1623714540,2021-06-14T23:49:00
1.16908e-08,1.16908e-08,1.16908e-08,1.16908e-08,1623714120,2021-06-14T23:42:00
1.16979e-08,1.16979e-08,1.16979e-08,1.16979e-08,1623713940,2021-06-14T23:39:00
1.16806e-08,1.16806e-08,1.16806e-08,1.16806e-08,1623713880,2021-06-14T23:38:00
1.16095e-08,1.16095e-08,1.16095e-08,1.16095e-08,1623713820,2021-06-14T23:37:00
1.15916e-08,1.15916e-08,1.15916e-08,1.15916e-08,1623713100,2021-06-14T23:25:00
1.16515e-08,1.16566e-08,1.16515e-08,1.16566e-08,1623712920,2021-06-14T23:22:00
1.15666e-08,1.15666e-08,1.15666e-08,1.15666e-08,1623712620,2021-06-14T23:17:00
1.1656e-08,1.1656e-08,1.15863e-08,1.15863e-08,1623712560,2021-06-14T23:16:00
1.15681e-08,1.15681e-08,1.15681e-08,1.15681e-08,1623712380,2021-06-14T23:13:00
1.15878e-08,1.15878e-08,1.15878e-08,1.15878e-08,1623712260,2021-06-14T23:11:00
1.16553e-08,1.16553e-08,1.16553e-08,1.16553e-08,1623712020,2021-06-14T23:07:00
1.16503e-08,1.16503e-08,1.16503e-08,1.16503e-08,1623711600,2021-06-14T23:00:00
1.15951e-08,1.15951e-08,1.15951e-08,1.15951e-08,1623711240,2021-06-14T22:54:00
1.15739e-08,1.15739e-08,1.15739e-08,1.15739e-08,1623711060,2021-06-14T22:51:00
1.14588e-08,1.14627e-08,1.14588e-08,1.14627e-08,1623710880,2021-06-14T22:48:00
1.13697e-08,1.13697e-08,1.13697e-08,1.13697e-08,1623710640,2021-06-14T22:44:00
1.12665e-08,1.12665e-08,1.12665e-08,1.12665e-08,1623710580,2021-06-14T22:43:00
1.12907e-08,1.12907e-08,1.12907e-08,1.12907e-08,1623710160,2021-06-14T22:36:00
1.12785e-08,1.12785e-08,1.12785e-08,1.12785e-08,1623710040,2021-06-14T22:34:00
1.12654e-08,1.12654e-08,1.12654e-08,1.12654e-08,1623709740,2021-06-14T22:29:00
1.12673e-08,1.12673e-08,1.12673e-08,1.12673e-08,1623709620,2021-06-14T22:27:00
1.12657e-08,1.12657e-08,1.12657e-08,1.12657e-08,1623709500,2021-06-14T22:25:00
1.12654e-08,1.12654e-08,1.12654e-08,1.12654e-08,1623709380,2021-06-14T22:23:00
1.1269e-08,1.1269e-08,1.1269e-08,1.1269e-08,1623709260,2021-06-14T22:21:00
1.12774e-08,1.12774e-08,1.12774e-08,1.12774e-08,1623709200,2021-06-14T22:20:00
1.14208e-08,1.14208e-08,1.14208e-08,1.14208e-08,1623709140,2021-06-14T22:19:00
1.14215e-08,1.14215e-08,1.14215e-08,1.14215e-08,1623708300,2021-06-14T22:05:00
1.14248e-08,1.14248e-08,1.14248e-08,1.14248e-08,1623708240,2021-06-14T22:04:00
1.14232e-08,1.14232e-08,1.14232e-08,1.14232e-08,1623708060,2021-06-14T22:01:00
1.13356e-08,1.13356e-08,1.13356e-08,1.13356e-08,1623707820,2021-06-14T21:57:00
1.141e-08,1.141e-08,1.141e-08,1.141e-08,1623707760,2021-06-14T21:56:00
1.14207e-08,1.14207e-08,1.14207e-08,1.14207e-08,1623707700,2021-06-14T21:55:00
1.13387e-08,1.13387e-08,1.13387e-08,1.13387e-08,1623707160,2021-06-14T21:46:00
1.12914e-08,1.12914e-08,1.12914e-08,1.12914e-08,1623706980,2021-06-14T21:43:00
1.13046e-08,1.13046e-08,1.13046e-08,1.13046e-08,1623706800,2021-06-14T21:40:00
1.12816e-08,1.12816e-08,1.12816e-08,1.12816e-08,1623706740,2021-06-14T21:39:00
1.12651e-08,1.12651e-08,1.12651e-08,1.12651e-08,1623706620,2021-06-14T21:37:00
1.12579e-08,1.12579e-08,1.12579e-08,1.12579e-08,1623706560,2021-06-14T21:36:00
1.12661e-08,1.12661e-08,1.12661e-08,1.12661e-08,1623706500,2021-06-14T21:35:00
1.12522e-08,1.12522e-08,1.12522e-08,1.12522e-08,1623706260,2021-06-14T21:31:00
1.12394e-08,1.12394e-08,1.12394e-08,1.12394e-08,1623706080,2021-06-14T21:28:00
1.12347e-08,1.12347e-08,1.12347e-08,1.12347e-08,1623705960,2021-06-14T21:26:00
1.12325e-08,1.12325e-08,1.12325e-08,1.12325e-08,1623705720,2021-06-14T21:22:00
1.125e-08,1.125e-08,1.1184e-08,1.1184e-08,1623705660,2021-06-14T21:21:00
1.11745e-08,1.11745e-08,1.11745e-08,1.11745e-08,1623705600,2021-06-14T21:20:00
1.1361e-08,1.1361e-08,1.1361e-08,1.1361e-08,1623705540,2021-06-14T21:19:00
1.15629e-08,1.15629e-08,1.15629e-08,1.15629e-08,1623705300,2021-06-14T21:15:00
1.19145e-08,1.19145e-08,1.17047e-08,1.17047e-08,1623705120,2021-06-14T21:12:00
1.23393e-08,1.23393e-08,1.23393e-08,1.23393e-08,1623704760,2021-06-14T21:06:00
1.22411e-08,1.22411e-08,1.22411e-08,1.22411e-08,1623704460,2021-06-14T21:01:00
1.2213e-08,1.2213e-08,1.2213e-08,1.2213e-08,1623704400,2021-06-14T21:00:00
1.21439e-08,1.21439e-08,1.21439e-08,1.21439e-08,1623704220,2021-06-14T20:57:00
1.22179e-08,1.22458e-08,1.22179e-08,1.22458e-08,1623704100,2021-06-14T20:55:00
1.22315e-08,1.22315e-08,1.22315e-08,1.22315e-08,1623703980,2021-06-14T20:53:00
1.21913e-08,1.21913e-08,1.21913e-08,1.21913e-08,1623703680,2021-06-14T20:48:00
1.21829e-08,1.21829e-08,1.21226e-08,1.21226e-08,1623703620,2021-06-14T20:47:00
1.22545e-08,1.22545e-08,1.22545e-08,1.22545e-08,1623703440,2021-06-14T20:44:00
1.2171e-08,1.2171e-08,1.2171e-08,1.2171e-08,1623703380,2021-06-14T20:43:00
1.22106e-08,1.22106e-08,1.22106e-08,1.22106e-08,1623703260,2021-06-14T20:41:00
1.22734e-08,1.22734e-08,1.22734e-08,1.22734e-08,1623703200,2021-06-14T20:40:00
1.22788e-08,1.22788e-08,1.22788e-08,1.22788e-08,1623703140,2021-06-14T20:39:00
1.22379e-08,1.22379e-08,1.22318e-08,1.22318e-08,1623703080,2021-06-14T20:38:00
1.22269e-08,1.22269e-08,1.22269e-08,1.22269e-08,1623702960,2021-06-14T20:36:00
1.22497e-08,1.22497e-08,1.22497e-08,1.22497e-08,1623702900,2021-06-14T20:35:00
1.22075e-08,1.22075e-08,1.22075e-08,1.22075e-08,1623702780,2021-06-14T20:33:00
1.21962e-08,1.21962e-08,1.21962e-08,1.21962e-08,1623702420,2021-06-14T20:27:00
1.21569e-08,1.21569e-08,1.21569e-08,1.21569e-08,1623702240,2021-06-14T20:24:00
1.22821e-08,1.22821e-08,1.22821e-08,1.22821e-08,1623702180,2021-06-14T20:23:00
1.23991e-08,1.23991e-08,1.23991e-08,1.23991e-08,1623702120,2021-06-14T20:22:00
1.25998e-08,1.25998e-08,1.25998e-08,1.25998e-08,1623701880,2021-06-14T20:18:00
1.25868e-08,1.25868e-08,1.25868e-08,1.25868e-08,1623701460,2021-06-14T20:11:00
1.25722e-08,1.25722e-08,1.25722e-08,1.25722e-08,1623701400,2021-06-14T20:10:00
1.25695e-08,1.25695e-08,1.25695e-08,1.25695e-08,1623701280,2021-06-14T20:08:00
1.25501e-08,1.25501e-08,1.25501e-08,1.25501e-08,1623701100,2021-06-14T20:05:00
1.25473e-08,1.25473e-08,1.25473e-08,1.25473e-08,1623700980,2021-06-14T20:03:00
1.24748e-08,1.24748e-08,1.24748e-08,1.24748e-08,1623700920,2021-06-14T20:02:00
1.26078e-08,1.26078e-08,1.26078e-08,1.26078e-08,1623700680,2021-06-14T19:58:00
1.25966e-08,1.25966e-08,1.25966e-08,1.25966e-08,1623700560,2021-06-14T19:56:00
1.25843e-08,1.25843e-08,1.25843e-08,1.25843e-08,1623700380,2021-06-14T19:53:00
1.25921e-08,1.25921e-08,1.25921e-08,1.25921e-08,1623700140,2021-06-14T19:49:00
1.25754e-08,1.25754e-08,1.25754e-08,1.25754e-08,1623700080,2021-06-14T19:48:00
1.25857e-08,1.25857e-08,1.25857e-08,1.25857e-08,1623699960,2021-06-14T19:46:00
1.2567e-08,1.2567e-08,1.2567e-08,1.2567e-08,1623699900,2021-06-14T19:45:00
1.25839e-08,1.25839e-08,1.25839e-08,1.25839e-08,1623699780,2021-06-14T19:43:00
1.25719e-08,1.25719e-08,1.25719e-08,1.25719e-08,1623699720,2021-06-14T19:42:00
1.25793e-08,1.25793e-08,1.25793e-08,1.25793e-08,1623699660,2021-06-14T19:41:00
1.25801e-08,1.25801e-08,1.25801e-08,1.25801e-08,1623699360,2021-06-14T19:36:00
1.25636e-08,1.25636e-08,1.25636e-08,1.25636e-08,1623699300,2021-06-14T19:35:00
1.24833e-08,1.24833e-08,1.24833e-08,1.24833e-08,1623699240,2021-06-14T19:34:00
1.21681e-08,1.23343e-08,1.21681e-08,1.23343e-08,1623699180,2021-06-14T19:33:00
1.21512e-08,1.21512e-08,1.21512e-08,1.21512e-08,1623699060,2021-06-14T19:31:00
1.21236e-08,1.21236e-08,1.21236e-08,1.21236e-08,1623698580,2021-06-14T19:23:00
1.22684e-08,1.22684e-08,1.22684e-08,1.22684e-08,1623698280,2021-06-14T19:18:00
1.22349e-08,1.22349e-08,1.22349e-08,1.22349e-08,1623698100,2021-06-14T19:15:00
1.2255e-08,1.2255e-08,1.2255e-08,1.2255e-08,1623697800,2021-06-14T19:10:00
1.21848e-08,1.2259e-08,1.21848e-08,1.2259e-08,1623697380,2021-06-14T19:03:00
1.20953e-08,1.20953e-08,1.20953e-08,1.20953e-08,1623697140,2021-06-14T18:59:00
1.20864e-08,1.20864e-08,1.20864e-08,1.20864e-08,1623697020,2021-06-14T18:57:00
1.21697e-08,1.21697e-08,1.21697e-08,1.21697e-08,1623696960,2021-06-14T18:56:00
1.21812e-08,1.21812e-08,1.21742e-08,1.21742e-08,1623696840,2021-06-14T18:54:00
1.21233e-08,1.21233e-08,1.21233e-08,1.21233e-08,1623696720,2021-06-14T18:52:00
1.22179e-08,1.22179e-08,1.22179e-08,1.22179e-08,1623696600,2021-06-14T18:50:00
1.23489e-08,1.23489e-08,1.23442e-08,1.23442e-08,1623696540,2021-06-14T18:49:00
1.24121e-08,1.24121e-08,1.23197e-08,1.23197e-08,1623696360,2021-06-14T18:46:00
1.23982e-08,1.23982e-08,1.23982e-08,1.23982e-08,1623696300,2021-06-14T18:45:00
1.24143e-08,1.24143e-08,1.24143e-08,1.24143e-08,1623696180,2021-06-14T18:43:00
1.2329e-08,1.23965e-08,1.2329e-08,1.23965e-08,1623696060,2021-06-14T18:41:00
1.24236e-08,1.24236e-08,1.24236e-08,1.24236e-08,1623695700,2021-06-14T18:35:00
1.2413e-08,1.2413e-08,1.2413e-08,1.2413e-08,1623695640,2021-06-14T18:34:00
1.24e-08,1.24e-08,1.24e-08,1.24e-08,1623695520,2021-06-14T18:32:00
1.24332e-08,1.24332e-08,1.24332e-08,1.24332e-08,1623695280,2021-06-14T18:28:00
1.23347e-08,1.23347e-08,1.23347e-08,1.23347e-08,1623695160,2021-06-14T18:26:00
1.2411e-08,1.2411e-08,1.2411e-08,1.2411e-08,1623694920,2021-06-14T18:22:00
1.2415e-08,1.2415e-08,1.2415e-08,1.2415e-08,1623693600,2021-06-14T18:00:00
1.24832e-08,1.24832e-08,1.24832e-08,1.24832e-08,1623693540,2021-06-14T17:59:00
1.24526e-08,1.24589e-08,1.24526e-08,1.24589e-08,1623693480,2021-06-14T17:58:00
1.23926e-08,1.23926e-08,1.23926e-08,1.23926e-08,1623693360,2021-06-14T17:56:00
1.24774e-08,1.24774e-08,1.24774e-08,1.24774e-08,1623693300,2021-06-14T17:55:00
1.24052e-08,1.24741e-08,1.24052e-08,1.24741e-08,1623693180,2021-06-14T17:53:00
1.24881e-08,1.24881e-08,1.24152e-08,1.24152e-08,1623693000,2021-06-14T17:50:00
1.24742e-08,1.24742e-08,1.24742e-08,1.24742e-08,1623691860,2021-06-14T17:31:00
1.24573e-08,1.24573e-08,1.24573e-08,1.24573e-08,1623691740,2021-06-14T17:29:00
1.24684e-08,1.24684e-08,1.24684e-08,1.24684e-08,1623691620,2021-06-14T17:27:00
1.2431e-08,1.2431e-08,1.2431e-08,1.2431e-08,1623691560,2021-06-14T17:26:00
1.24338e-08,1.24338e-08,1.24338e-08,1.24338e-08,1623691440,2021-06-14T17:24:00
1.2416e-08,1.2416e-08,1.2416e-08,1.2416e-08,1623691200,2021-06-14T17:20:00
1.23966e-08,1.23966e-08,1.23966e-08,1.23966e-08,1623691020,2021-06-14T17:17:00
1.2365e-08,1.2365e-08,1.2365e-08,1.2365e-08,1623690840,2021-06-14T17:14:00
1.23411e-08,1.23411e-08,1.23411e-08,1.23411e-08,1623690780,2021-06-14T17:13:00
1.23697e-08,1.23697e-08,1.23697e-08,1.23697e-08,1623690660,2021-06-14T17:11:00
1.24756e-08,1.24756e-08,1.24756e-08,1.24756e-08,1623690600,2021-06-14T17:10:00
1.2388e-08,1.2388e-08,1.2388e-08,1.2388e-08,1623690480,2021-06-14T17:08:00
1.24645e-08,1.24645e-08,1.24645e-08,1.24645e-08,1623690360,2021-06-14T17:06:00
1.23824e-08,1.23824e-08,1.23824e-08,1.23824e-08,1623689160,2021-06-14T16:46:00
1.24804e-08,1.24804e-08,1.24624e-08,1.24624e-08,1623688980,2021-06-14T16:43:00
1.25092e-08,1.25092e-08,1.24282e-08,1.24282e-08,1623688620,2021-06-14T16:37:00
1.25133e-08,1.25133e-08,1.25133e-08,1.25133e-08,1623688380,2021-06-14T16:33:00
1.25051e-08,1.25051e-08,1.25051e-08,1.25051e-08,1623687900,2021-06-14T16:25:00
1.25174e-08,1.25174e-08,1.25174e-08,1.25174e-08,1623687780,2021-06-14T16:23:00
1.24309e-08,1.24309e-08,1.24309e-08,1.24309e-08,1623687420,2021-06-14T16:17:00
1.24257e-08,1.24257e-08,1.24257e-08,1.24257e-08,1623687360,2021-06-14T16:16:00
1.23977e-08,1.2407e-08,1.23977e-08,1.2407e-08,1623687240,2021-06-14T16:14:00
1.24006e-08,1.24006e-08,1.24006e-08,1.24006e-08,1623687000,2021-06-14T16:10:00
1.23597e-08,1.23597e-08,1.23597e-08,1.23597e-08,1623686520,2021-06-14T16:02:00
1.2347e-08,1.2347e-08,1.2347e-08,1.2347e-08,1623686280,2021-06-14T15:58:00
1.22876e-08,1.22876e-08,1.22876e-08,1.22876e-08,1623686040,2021-06-14T15:54:00
1.23428e-08,1.23428e-08,1.23428e-08,1.23428e-08,1623685740,2021-06-14T15:49:00
1.24273e-08,1.24273e-08,1.24273e-08,1.24273e-08,1623685680,2021-06-14T15:48:00
1.23833e-08,1.23833e-08,1.23833e-08,1.23833e-08,1623685320,2021-06-14T15:42:00
1.23826e-08,1.23826e-08,1.23826e-08,1.23826e-08,1623685260,2021-06-14T15:41:00
1.23806e-08,1.23806e-08,1.23806e-08,1.23806e-08,1623684720,2021-06-14T15:32:00
1.23731e-08,1.23731e-08,1.23731e-08,1.23731e-08,1623684660,2021-06-14T15:31:00
1.23716e-08,1.23716e-08,1.23716e-08,1.23716e-08,1623684180,2021-06-14T15:23:00
1.23767e-08,1.23767e-08,1.23767e-08,1.23767e-08,1623683520,2021-06-14T15:12:00
1.23663e-08,1.23663e-08,1.23663e-08,1.23663e-08,1623683280,2021-06-14T15:08:00
1.22961e-08,1.22961e-08,1.22961e-08,1.22961e-08,1623683160,2021-06-14T15:06:00
1.23179e-08,1.23179e-08,1.23179e-08,1.23179e-08,1623683100,2021-06-14T15:05:00
1.237e-08,1.237e-08,1.237e-08,1.237e-08,1623682920,2021-06-14T15:02:00
1.24746e-08,1.24746e-08,1.24746e-08,1.24746e-08,1623682860,2021-06-14T15:01:00
1.24317e-08,1.24317e-08,1.24317e-08,1.24317e-08,1623682800,2021-06-14T15:00:00
1.24788e-08,1.24788e-08,1.24788e-08,1.24788e-08,1623682620,2021-06-14T14:57:00
1.24633e-08,1.24633e-08,1.24633e-08,1.24633e-08,1623681900,2021-06-14T14:45:00
1.24462e-08,1.24462e-08,1.24462e-08,1.24462e-08,1623681780,2021-06-14T14:43:00
1.24404e-08,1.24404e-08,1.24404e-08,1.24404e-08,1623681360,2021-06-14T14:36:00
1.23821e-08,1.23821e-08,1.23821e-08,1.23821e-08,1623681180,2021-06-14T14:33:00
1.22164e-08,1.22362e-08,1.22164e-08,1.22362e-08,1623680940,2021-06-14T14:29:00
1.21565e-08,1.21565e-08,1.21565e-08,1.21565e-08,1623680700,2021-06-14T14:25:00
1.22085e-08,1.22085e-08,1.22085e-08,1.22085e-08,1623680520,2021-06-14T14:22:00
1.21822e-08,1.21822e-08,1.21822e-08,1.21822e-08,1623680400,2021-06-14T14:20:00
1.21154e-08,1.21154e-08,1.21154e-08,1.21154e-08,1623680220,2021-06-14T14:17:00
1.21675e-08,1.21734e-08,1.21675e-08,1.21734e-08,1623679860,2021-06-14T14:11:00
1.2163e-08,1.2163e-08,1.2163e-08,1.2163e-08,1623679740,2021-06-14T14:09:00
1.2151e-08,1.2151e-08,1.2151e-08,1.2151e-08,1623679680,2021-06-14T14:08:00
1.20928e-08,1.21173e-08,1.20928e-08,1.21173e-08,1623679560,2021-06-14T14:06:00
1.20684e-08,1.20684e-08,1.20684e-08,1.20684e-08,1623679440,2021-06-14T14:04:00
1.20602e-08,1.20602e-08,1.20602e-08,1.20602e-08,1623679320,2021-06-14T14:02:00
1.20827e-08,1.20827e-08,1.20114e-08,1.20114e-08,1623679140,2021-06-14T13:59:00
1.20868e-08,1.20868e-08,1.20868e-08,1.20868e-08,1623679080,2021-06-14T13:58:00
1.2036e-08,1.2036e-08,1.2036e-08,1.2036e-08,1623679020,2021-06-14T13:57:00
1.19737e-08,1.19737e-08,1.19737e-08,1.19737e-08,1623678960,2021-06-14T13:56:00
1.18932e-08,1.18932e-08,1.18932e-08,1.18932e-08,1623678720,2021-06-14T13:52:00
1.20289e-08,1.20289e-08,1.19574e-08,1.19574e-08,1623678660,2021-06-14T13:51:00
1.21433e-08,1.21433e-08,1.21433e-08,1.21433e-08,1623678600,2021-06-14T13:50:00
1.18413e-08,1.22048e-08,1.18413e-08,1.22048e-08,1623678480,2021-06-14T13:48:00
1.16861e-08,1.16861e-08,1.16861e-08,1.16861e-08,1623678420,2021-06-14T13:47:00
1.14097e-08,1.14406e-08,1.14097e-08,1.14406e-08,1623678120,2021-06-14T13:42:00
1.14648e-08,1.14648e-08,1.14648e-08,1.14648e-08,1623677880,2021-06-14T13:38:00
1.13536e-08,1.13653e-08,1.13536e-08,1.13653e-08,1623677520,2021-06-14T13:32:00
1.20283e-08,1.20283e-08,1.1443e-08,1.1443e-08,1623677280,2021-06-14T13:28:00
1.22287e-08,1.22287e-08,1.22287e-08,1.22287e-08,1623677040,2021-06-14T13:24:00
1.1737e-08,1.18743e-08,1.1737e-08,1.18743e-08,1623676860,2021-06-14T13:21:00
1.19572e-08,1.19572e-08,1.19572e-08,1.19572e-08,1623676680,2021-06-14T13:18:00
1.22199e-08,1.22199e-08,1.22199e-08,1.22199e-08,1623676500,2021-06-14T13:15:00
1.19058e-08,1.19408e-08,1.19058e-08,1.19408e-08,1623676380,2021-06-14T13:13:00
1.18881e-08,1.18881e-08,1.18881e-08,1.18881e-08,1623676320,2021-06-14T13:12:00
1.19206e-08,1.19206e-08,1.19098e-08,1.19098e-08,1623676260,2021-06-14T13:11:00
1.18512e-08,1.18957e-08,1.18216e-08,1.18216e-08,1623676200,2021-06-14T13:10:00
1.17007e-08,1.17007e-08,1.17007e-08,1.17007e-08,1623675780,2021-06-14T13:03:00
1.20259e-08,1.20259e-08,1.18125e-08,1.18125e-08,1623675720,2021-06-14T13:02:00
1.20269e-08,1.20269e-08,1.20269e-08,1.20269e-08,1623675660,2021-06-14T13:01:00
1.2019e-08,1.2019e-08,1.2019e-08,1.2019e-08,1623675420,2021-06-14T12:57:00
1.19445e-08,1.19445e-08,1.19445e-08,1.19445e-08,1623675360,2021-06-14T12:56:00
1.20341e-08,1.20341e-08,1.20341e-08,1.20341e-08,1623675300,2021-06-14T12:55:00
1.2023e-08,1.2023e-08,1.2023e-08,1.2023e-08,1623675240,2021-06-14T12:54:00
1.19525e-08,1.19525e-08,1.19525e-08,1.19525e-08,1623675180,2021-06-14T12:53:00
1.19565e-08,1.19565e-08,1.19565e-08,1.19565e-08,1623674880,2021-06-14T12:48:00
1.20272e-08,1.20272e-08,1.20272e-08,1.20272e-08,1623674820,2021-06-14T12:47:00
1.20104e-08,1.20104e-08,1.20104e-08,1.20104e-08,1623674760,2021-06-14T12:46:00
1.20073e-08,1.20073e-08,1.20073e-08,1.20073e-08,1623674700,2021-06-14T12:45:00
1.21072e-08,1.21199e-08,1.21072e-08,1.21199e-08,1623674520,2021-06-14T12:42:00
1.21109e-08,1.21109e-08,1.21109e-08,1.21109e-08,1623674340,2021-06-14T12:39:00
1.21721e-08,1.21721e-08,1.21721e-08,1.21721e-08,1623674280,2021-06-14T12:38:00
1.26058e-08,1.26058e-08,1.22744e-08,1.22744e-08,1623674160,2021-06-14T12:36:00
1.26085e-08,1.26085e-08,1.26085e-08,1.26085e-08,1623674040,2021-06-14T12:34:00
1.25994e-08,1.25994e-08,1.25994e-08,1.25994e-08,1623673920,2021-06-14T12:32:00
1.25884e-08,1.25884e-08,1.25884e-08,1.25884e-08,1623673860,2021-06-14T12:31:00
1.21802e-08,1.23799e-08,1.21802e-08,1.23799e-08,1623673680,2021-06-14T12:28:00
1.21791e-08,1.21791e-08,1.21791e-08,1.21791e-08,1623673500,2021-06-14T12:25:00
1.21627e-08,1.21627e-08,1.21627e-08,1.21627e-08,1623673380,2021-06-14T12:23:00
1.21689e-08,1.21689e-08,1.21689e-08,1.21689e-08,1623673320,2021-06-14T12:22:00
1.217e-08,1.217e-08,1.217e-08,1.217e-08,1623673200,2021-06-14T12:20:00
1.21704e-08,1.21704e-08,1.21704e-08,1.21704e-08,1623673080,2021-06-14T12:18:00
1.21897e-08,1.21897e-08,1.21897e-08,1.21897e-08,1623672960,2021-06-14T12:16:00
1.21837e-08,1.21837e-08,1.21837e-08,1.21837e-08,1623672840,2021-06-14T12:14:00
1.21838e-08,1.21838e-08,1.21838e-08,1.21838e-08,1623672780,2021-06-14T12:13:00
1.21715e-08,1.21715e-08,1.21715e-08,1.21715e-08,1623672720,2021-06-14T12:12:00
1.21592e-08,1.21706e-08,1.21592e-08,1.21706e-08,1623672660,2021-06-14T12:11:00
1.21285e-08,1.21285e-08,1.21285e-08,1.21285e-08,1623672600,2021-06-14T12:10:00
1.21014e-08,1.21014e-08,1.21014e-08,1.21014e-08,1623672540,2021-06-14T12:09:00
1.20997e-08,1.20997e-08,1.20997e-08,1.20997e-08,1623672480,2021-06-14T12:08:00
1.22772e-08,1.22772e-08,1.22772e-08,1.22772e-08,1623672360,2021-06-14T12:06:00
1.26333e-08,1.26333e-08,1.26333e-08,1.26333e-08,1623672180,2021-06-14T12:03:00
1.26585e-08,1.26585e-08,1.26585e-08,1.26585e-08,1623672120,2021-06-14T12:02:00
1.26271e-08,1.26271e-08,1.26271e-08,1.26271e-08,1623672060,2021-06-14T12:01:00
1.26158e-08,1.26249e-08,1.26158e-08,1.26249e-08,1623672000,2021-06-14T12:00:00
1.26171e-08,1.26171e-08,1.26171e-08,1.26171e-08,1623671640,2021-06-14T11:54:00
1.26174e-08,1.26174e-08,1.25387e-08,1.25387e-08,1623671580,2021-06-14T11:53:00
1.26197e-08,1.26197e-08,1.26197e-08,1.26197e-08,1623671460,2021-06-14T11:51:00
1.26123e-08,1.26149e-08,1.26123e-08,1.26149e-08,1623671400,2021-06-14T11:50:00
1.26091e-08,1.26091e-08,1.26091e-08,1.26091e-08,1623671340,2021-06-14T11:49:00
1.26229e-08,1.26229e-08,1.26229e-08,1.26229e-08,1623671280,2021-06-14T11:48:00
1.25994e-08,1.25994e-08,1.25994e-08,1.25994e-08,1623671220,2021-06-14T11:47:00
1.25953e-08,1.25953e-08,1.25953e-08,1.25953e-08,1623671160,2021-06-14T11:46:00
1.25917e-08,1.25917e-08,1.25917e-08,1.25917e-08,1623670980,2021-06-14T11:43:00
1.25741e-08,1.25741e-08,1.25741e-08,1.25741e-08,1623670800,2021-06-14T11:40:00
1.25664e-08,1.25664e-08,1.25664e-08,1.25664e-08,1623670680,2021-06-14T11:38:00
1.25644e-08,1.25644e-08,1.25644e-08,1.25644e-08,1623670380,2021-06-14T11:33:00
1.25848e-08,1.25848e-08,1.25848e-08,1.25848e-08,1623670080,2021-06-14T11:28:00
1.25839e-08,1.25839e-08,1.25839e-08,1.25839e-08,1623669900,2021-06-14T11:25:00
1.25534e-08,1.25534e-08,1.25534e-08,1.25534e-08,1623669780,2021-06-14T11:23:00
1.25079e-08,1.25079e-08,1.25079e-08,1.25079e-08,1623669720,2021-06-14T11:22:00
1.24601e-08,1.24601e-08,1.24601e-08,1.24601e-08,1623669480,2021-06-14T11:18:00
1.24539e-08,1.24539e-08,1.24539e-08,1.24539e-08,1623669420,2021-06-14T11:17:00
1.24418e-08,1.24418e-08,1.24418e-08,1.24418e-08,1623669300,2021-06-14T11:15:00
1.24577e-08,1.24577e-08,1.24577e-08,1.24577e-08,1623669000,2021-06-14T11:10:00
1.2437e-08,1.2437e-08,1.2437e-08,1.2437e-08,1623668940,2021-06-14T11:09:00
1.24265e-08,1.24265e-08,1.24265e-08,1.24265e-08,1623668820,2021-06-14T11:07:00
1.24162e-08,1.24448e-08,1.24162e-08,1.24448e-08,1623668640,2021-06-14T11:04:00
1.24129e-08,1.24129e-08,1.24129e-08,1.24129e-08,1623668580,2021-06-14T11:03:00
1.24121e-08,1.24121e-08,1.24121e-08,1.24121e-08,1623668520,2021-06-14T11:02:00
1.24081e-08,1.24081e-08,1.24081e-08,1.24081e-08,1623668340,2021-06-14T10:59:00
1.23469e-08,1.23469e-08,1.23469e-08,1.23469e-08,1623668280,2021-06-14T10:58:00
1.24307e-08,1.24307e-08,1.24307e-08,1.24307e-08,1623668160,2021-06-14T10:56:00
1.24092e-08,1.24239e-08,1.24092e-08,1.24239e-08,1623668100,2021-06-14T10:55:00
1.24049e-08,1.24049e-08,1.24049e-08,1.24049e-08,1623668040,2021-06-14T10:54:00
1.23993e-08,1.23993e-08,1.23993e-08,1.23993e-08,1623667980,2021-06-14T10:53:00
1.23839e-08,1.23839e-08,1.23839e-08,1.23839e-08,1623667860,2021-06-14T10:51:00
1.23627e-08,1.23627e-08,1.23619e-08,1.23619e-08,1623667500,2021-06-14T10:45:00
1.23517e-08,1.23517e-08,1.23517e-08,1.23517e-08,1623667380,2021-06-14T10:43:00
1.23263e-08,1.23263e-08,1.23263e-08,1.23263e-08,1623667140,2021-06-14T10:39:00
1.23073e-08,1.23181e-08,1.23073e-08,1.23181e-08,1623667080,2021-06-14T10:38:00
1.23157e-08,1.23157e-08,1.23157e-08,1.23157e-08,1623666900,2021-06-14T10:35:00
1.22969e-08,1.22969e-08,1.22969e-08,1.22969e-08,1623666720,2021-06-14T10:32:00
1.23011e-08,1.23177e-08,1.23011e-08,1.23177e-08,1623666600,2021-06-14T10:30:00
1.22783e-08,1.22981e-08,1.22783e-08,1.22981e-08,1623666480,2021-06-14T10:28:00
1.22634e-08,1.2297e-08,1.22634e-08,1.2297e-08,1623666360,2021-06-14T10:26:00
1.22271e-08,1.22271e-08,1.22271e-08,1.22271e-08,1623666120,2021-06-14T10:22:00
1.22126e-08,1.22126e-08,1.22126e-08,1.22126e-08,1623665880,2021-06-14T10:18:00
1.21812e-08,1.21812e-08,1.21812e-08,1.21812e-08,1623665820,2021-06-14T10:17:00
1.21574e-08,1.21574e-08,1.21574e-08,1.21574e-08,1623665760,2021-06-14T10:16:00
1.2153e-08,1.2153e-08,1.2153e-08,1.2153e-08,1623665700,2021-06-14T10:15:00
1.21337e-08,1.21337e-08,1.21337e-08,1.21337e-08,1623665640,2021-06-14T10:14:00
1.21249e-08,1.21249e-08,1.21249e-08,1.21249e-08,1623665460,2021-06-14T10:11:00
1.207e-08,1.207e-08,1.207e-08,1.207e-08,1623665220,2021-06-14T10:07:00
1.20541e-08,1.20541e-08,1.20541e-08,1.20541e-08,1623665100,2021-06-14T10:05:00
1.21091e-08,1.21091e-08,1.21091e-08,1.21091e-08,1623664920,2021-06-14T10:02:00
1.18811e-08,1.20283e-08,1.18798e-08,1.20283e-08,1623664800,2021-06-14T10:00:00
1.18527e-08,1.18527e-08,1.18527e-08,1.18527e-08,1623664680,2021-06-14T09:58:00
1.17693e-08,1.18223e-08,1.17693e-08,1.18177e-08,1623664560,2021-06-14T09:56:00
1.1759e-08,1.1759e-08,1.1759e-08,1.1759e-08,1623664500,2021-06-14T09:55:00
1.17629e-08,1.17629e-08,1.17629e-08,1.17629e-08,1623664440,2021-06-14T09:54:00
1.17718e-08,1.17718e-08,1.17718e-08,1.17718e-08,1623664380,2021-06-14T09:53:00
1.2003e-08,1.2003e-08,1.2003e-08,1.2003e-08,1623664200,2021-06-14T09:50:00
1.22324e-08,1.22324e-08,1.22324e-08,1.22324e-08,1623664020,2021-06-14T09:47:00
1.22271e-08,1.22339e-08,1.22271e-08,1.22339e-08,1623663480,2021-06-14T09:38:00
1.22121e-08,1.22225e-08,1.22121e-08,1.22225e-08,1623662940,2021-06-14T09:29:00
1.21499e-08,1.21499e-08,1.21499e-08,1.21499e-08,1623662640,2021-06-14T09:24:00
1.224e-08,1.224e-08,1.224e-08,1.224e-08,1623662520,2021-06-14T09:22:00
1.20796e-08,1.20796e-08,1.20796e-08,1.20796e-08,1623662400,2021-06-14T09:20:00
1.17335e-08,1.18329e-08,1.17335e-08,1.18329e-08,1623662340,2021-06-14T09:19:00
1.15921e-08,1.17964e-08,1.15921e-08,1.17964e-08,1623662280,2021-06-14T09:18:00
1.1717e-08,1.1717e-08,1.1717e-08,1.1717e-08,1623662100,2021-06-14T09:15:00
1.16059e-08,1.16059e-08,1.16059e-08,1.16059e-08,1623661560,2021-06-14T09:06:00
1.15793e-08,1.15793e-08,1.15793e-08,1.15793e-08,1623660180,2021-06-14T08:43:00
1.15132e-08,1.15132e-08,1.15132e-08,1.15132e-08,1623659940,2021-06-14T08:39:00
1.15511e-08,1.15511e-08,1.15511e-08,1.15511e-08,1623659880,2021-06-14T08:38:00
1.11766e-08,1.11766e-08,1.11766e-08,1.11766e-08,1623659760,2021-06-14T08:36:00
1.08972e-08,1.08972e-08,1.08972e-08,1.08972e-08,1623659100,2021-06-14T08:25:00
1.09772e-08,1.09772e-08,1.09772e-08,1.09772e-08,1623658860,2021-06-14T08:21:00
1.09659e-08,1.09659e-08,1.09659e-08,1.09659e-08,1623658500,2021-06-14T08:15:00
1.09353e-08,1.09353e-08,1.09353e-08,1.09353e-08,1623658320,2021-06-14T08:12:00
1.09977e-08,1.09977e-08,1.09947e-08,1.09947e-08,1623658080,2021-06-14T08:08:00
1.09869e-08,1.09869e-08,1.0927e-08,1.0927e-08,1623657840,2021-06-14T08:04:00
1.09547e-08,1.09547e-08,1.09547e-08,1.09547e-08,1623656640,2021-06-14T07:44:00
1.09694e-08,1.09694e-08,1.09694e-08,1.09694e-08,1623656400,2021-06-14T07:40:00
1.10189e-08,1.10189e-08,1.10189e-08,1.10189e-08,1623655860,2021-06-14T07:31:00
1.09848e-08,1.09848e-08,1.09848e-08,1.09848e-08,1623655800,2021-06-14T07:30:00
1.09753e-08,1.09753e-08,1.09753e-08,1.09753e-08,1623655740,2021-06-14T07:29:00
1.08882e-08,1.08882e-08,1.08882e-08,1.08882e-08,1623655560,2021-06-14T07:26:00
1.09054e-08,1.09054e-08,1.09054e-08,1.09054e-08,1623655500,2021-06-14T07:25:00
1.08601e-08,1.08601e-08,1.08601e-08,1.08601e-08,1623655320,2021-06-14T07:22:00
1.08235e-08,1.08235e-08,1.08235e-08,1.08235e-08,1623654840,2021-06-14T07:14:00
1.07243e-08,1.07385e-08,1.07243e-08,1.07385e-08,1623654540,2021-06-14T07:09:00
1.07208e-08,1.07208e-08,1.07208e-08,1.07208e-08,1623654120,2021-06-14T07:02:00
1.06265e-08,1.06265e-08,1.06265e-08,1.06265e-08,1623653400,2021-06-14T06:50:00
1.06495e-08,1.06495e-08,1.06495e-08,1.06495e-08,1623653220,2021-06-14T06:47:00
1.07756e-08,1.07756e-08,1.07756e-08,1.07756e-08,1623653160,2021-06-14T06:46:00
9.79442e-10,9.79442e-10,9.79442e-10,9.79442e-10,1623653040,2021-06-14T06:44:00
1.07786e-08,1.07786e-08,1.07786e-08,1.07786e-08,1623652980,2021-06-14T06:43:00
1.07284e-08,1.07284e-08,1.07284e-08,1.07284e-08,1623652920,2021-06-14T06:42:00
1.07188e-08,1.07188e-08,1.07188e-08,1.07188e-08,1623652860,2021-06-14T06:41:00
1.07036e-08,1.07036e-08,1.07036e-08,1.07036e-08,1623652680,2021-06-14T06:38:00
1.06459e-08,1.06459e-08,1.06459e-08,1.06459e-08,1623652560,2021-06-14T06:36:00
1.06512e-08,1.07382e-08,1.06512e-08,1.07382e-08,1623652500,2021-06-14T06:35:00
1.06674e-08,1.06674e-08,1.06674e-08,1.06674e-08,1623652200,2021-06-14T06:30:00
1.07403e-08,1.07403e-08,1.07403e-08,1.07403e-08,1623651720,2021-06-14T06:22:00
1.07087e-08,1.07087e-08,1.07087e-08,1.07087e-08,1623651600,2021-06-14T06:20:00
1.06824e-08,1.06824e-08,1.06824e-08,1.06824e-08,1623651480,2021-06-14T06:18:00
1.07994e-08,1.07994e-08,1.07994e-08,1.07994e-08,1623651420,2021-06-14T06:17:00
1.08388e-08,1.08388e-08,1.08388e-08,1.08388e-08,1623651120,2021-06-14T06:12:00
1.08602e-08,1.08602e-08,1.08602e-08,1.08602e-08,1623651000,2021-06-14T06:10:00
1.08233e-08,1.08233e-08,1.08233e-08,1.08233e-08,1623650880,2021-06-14T06:08:00
1.08165e-08,1.08165e-08,1.08165e-08,1.08165e-08,1623650760,2021-06-14T06:06:00
1.07428e-08,1.07428e-08,1.07428e-08,1.07428e-08,1623650700,2021-06-14T06:05:00
1.07154e-08,1.07154e-08,1.07154e-08,1.07154e-08,1623650580,2021-06-14T06:03:00
1.07086e-08,1.07086e-08,1.07086e-08,1.07086e-08,1623650520,2021-06-14T06:02:00
1.06975e-08,1.06975e-08,1.06975e-08,1.06975e-08,1623650460,2021-06-14T06:01:00
1.06979e-08,1.06979e-08,1.0689e-08,1.0689e-08,1623650220,2021-06-14T05:57:00
1.06212e-08,1.06212e-08,1.06212e-08,1.06212e-08,1623650100,2021-06-14T05:55:00
1.05115e-08,1.05115e-08,1.05115e-08,1.05115e-08,1623649920,2021-06-14T05:52:00
1.04675e-08,1.04675e-08,1.04675e-08,1.04675e-08,1623649860,2021-06-14T05:51:00
1.05002e-08,1.05002e-08,1.04764e-08,1.04764e-08,1623649740,2021-06-14T05:49:00
1.04027e-08,1.04027e-08,1.04022e-08,1.04022e-08,1623649680,2021-06-14T05:48:00
1.03551e-08,1.03551e-08,1.03546e-08,1.03546e-08,1623649620,2021-06-14T05:47:00
1.03645e-08,1.03645e-08,1.03645e-08,1.03645e-08,1623649560,2021-06-14T05:46:00
1.02344e-08,1.03344e-08,1.02344e-08,1.03344e-08,1623649440,2021-06-14T05:44:00
1.01462e-08,1.01462e-08,1.01462e-08,1.01462e-08,1623649380,2021-06-14T05:43:00
1.01334e-08,1.01334e-08,1.01334e-08,1.01334e-08,1623649260,2021-06-14T05:41:00
1.0132e-08,1.0132e-08,1.0132e-08,1.0132e-08,1623649200,2021-06-14T05:40:00
1.00963e-08,1.00963e-08,1.00963e-08,1.00963e-08,1623649020,2021-06-14T05:37:00
1.00198e-08,1.00198e-08,1.00198e-08,1.00198e-08,1623648540,2021-06-14T05:29:00
1.01249e-08,1.01249e-08,1.01249e-08,1.01249e-08,1623648180,2021-06-14T05:23:00
1.00572e-08,1.00572e-08,1.00572e-08,1.00572e-08,1623648120,2021-06-14T05:22:00
1.00879e-08,1.01052e-08,1.00879e-08,1.01052e-08,1623647820,2021-06-14T05:17:00
1.00958e-08,1.00958e-08,1.0024e-08,1.0024e-08,1623647640,2021-06-14T05:14:00
1.0027e-08,1.0089e-08,1.0027e-08,1.0089e-08,1623647580,2021-06-14T05:13:00
1.01282e-08,1.01282e-08,1.00238e-08,1.00238e-08,1623647460,2021-06-14T05:11:00
1.02164e-08,1.02164e-08,1.02164e-08,1.02164e-08,1623647400,2021-06-14T05:10:00
1.02363e-08,1.02363e-08,1.02363e-08,1.02363e-08,1623647340,2021-06-14T05:09:00
1.02712e-08,1.02712e-08,1.02712e-08,1.02712e-08,1623647100,2021-06-14T05:05:00
1.03377e-08,1.03377e-08,1.03377e-08,1.03377e-08,1623646980,2021-06-14T05:03:00
1.02779e-08,1.02779e-08,1.02779e-08,1.02779e-08,1623646920,2021-06-14T05:02:00
1.05038e-08,1.05038e-08,1.05038e-08,1.05038e-08,1623646620,2021-06-14T04:57:00
1.08118e-08,1.08181e-08,1.08118e-08,1.08181e-08,1623646560,2021-06-14T04:56:00
1.07656e-08,1.07656e-08,1.07656e-08,1.07656e-08,1623646440,2021-06-14T04:54:00
1.07789e-08,1.07789e-08,1.07789e-08,1.07789e-08,1623646320,2021-06-14T04:52:00
1.07923e-08,1.07923e-08,1.07921e-08,1.07921e-08,1623646260,2021-06-14T04:51:00
1.08562e-08,1.08562e-08,1.08562e-08,1.08562e-08,1623646140,2021-06-14T04:49:00
1.09345e-08,1.09345e-08,1.09345e-08,1.09345e-08,1623646080,2021-06-14T04:48:00
1.10722e-08,1.10722e-08,1.10722e-08,1.10722e-08,1623645960,2021-06-14T04:46:00
1.11522e-08,1.11522e-08,1.11522e-08,1.11522e-08,1623645900,2021-06-14T04:45:00
1.10779e-08,1.10779e-08,1.10779e-08,1.10779e-08,1623645840,2021-06-14T04:44:00
1.10984e-08,1.11546e-08,1.10984e-08,1.11546e-08,1623645720,2021-06-14T04:42:00
1.11007e-08,1.11441e-08,1.11007e-08,1.11441e-08,1623645660,2021-06-14T04:41:00
1.14994e-08,1.14994e-08,1.14994e-08,1.14994e-08,1623645240,2021-06-14T04:34:00
1.20047e-08,1.20047e-08,1.20047e-08,1.20047e-08,1623645180,2021-06-14T04:33:00
1.23972e-08,1.23972e-08,1.23972e-08,1.23972e-08,1623645060,2021-06-14T04:31:00
1.1174e-08,1.11836e-08,1.1174e-08,1.11836e-08,1623644880,2021-06-14T04:28:00
1.11692e-08,1.11692e-08,1.11692e-08,1.11692e-08,1623644760,2021-06-14T04:26:00
1.11718e-08,1.11718e-08,1.11718e-08,1.11718e-08,1623644640,2021-06-14T04:24:00
1.17546e-08,1.17546e-08,1.16266e-08,1.16266e-08,1623644580,2021-06-14T04:23:00
1.20539e-08,1.20539e-08,1.20539e-08,1.20539e-08,1623644520,2021-06-14T04:22:00
1.22679e-08,1.22679e-08,1.22679e-08,1.22679e-08,1623644460,2021-06-14T04:21:00
1.25559e-08,1.25559e-08,1.25559e-08,1.25559e-08,1623644400,2021-06-14T04:20:00
1.2572e-08,1.2572e-08,1.2572e-08,1.2572e-08,1623644340,2021-06-14T04:19:00
1.29572e-08,1.29572e-08,1.27227e-08,1.27227e-08,1623644280,2021-06-14T04:18:00
1.2957e-08,1.2957e-08,1.2957e-08,1.2957e-08,1623644160,2021-06-14T04:16:00
1.28624e-08,1.28624e-08,1.28624e-08,1.28624e-08,1623644100,2021-06-14T04:15:00
1.28757e-08,1.28757e-08,1.28757e-08,1.28757e-08,1623643920,2021-06-14T04:12:00
1.29904e-08,1.29904e-08,1.29904e-08,1.29904e-08,1623643440,2021-06-14T04:04:00
1.29741e-08,1.29813e-08,1.29741e-08,1.29813e-08,1623643380,2021-06-14T04:03:00
1.30224e-08,1.30254e-08,1.30224e-08,1.30254e-08,1623643020,2021-06-14T03:57:00
1.29043e-08,1.29043e-08,1.29043e-08,1.29043e-08,1623642960,2021-06-14T03:56:00
1.30743e-08,1.30743e-08,1.30743e-08,1.30743e-08,1623642900,2021-06-14T03:55:00
1.30416e-08,1.30416e-08,1.30416e-08,1.30416e-08,1623642780,2021-06-14T03:53:00
1.30466e-08,1.30466e-08,1.30466e-08,1.30466e-08,1623642600,2021-06-14T03:50:00
1.30153e-08,1.3075e-08,1.30153e-08,1.3075e-08,1623642480,2021-06-14T03:48:00
1.30663e-08,1.30663e-08,1.301e-08,1.301e-08,1623642420,2021-06-14T03:47:00
1.3069e-08,1.3069e-08,1.29147e-08,1.29914e-08,1623642360,2021-06-14T03:46:00
1.30308e-08,1.30308e-08,1.30308e-08,1.30308e-08,1623642300,2021-06-14T03:45:00
1.30594e-08,1.30594e-08,1.30594e-08,1.30594e-08,1623642180,2021-06-14T03:43:00
1.30579e-08,1.30579e-08,1.30579e-08,1.30579e-08,1623642120,2021-06-14T03:42:00
1.30782e-08,1.30782e-08,1.30782e-08,1.30782e-08,1623642000,2021-06-14T03:40:00
1.30188e-08,1.30188e-08,1.30188e-08,1.30188e-08,1623641940,2021-06-14T03:39:00
1.30743e-08,1.30743e-08,1.30743e-08,1.30743e-08,1623641880,2021-06-14T03:38:00
1.30684e-08,1.30684e-08,1.30684e-08,1.30684e-08,1623641820,2021-06-14T03:37:00
1.30379e-08,1.30379e-08,1.30379e-08,1.30379e-08,1623641700,2021-06-14T03:35:00
1.30117e-08,1.30117e-08,1.30117e-08,1.30117e-08,1623641460,2021-06-14T03:31:00
1.2941e-08,1.2941e-08,1.2941e-08,1.2941e-08,1623641340,2021-06-14T03:29:00
1.30208e-08,1.30208e-08,1.3006e-08,1.30106e-08,1623641280,2021-06-14T03:28:00
1.30325e-08,1.30325e-08,1.30325e-08,1.30325e-08,1623641040,2021-06-14T03:24:00
1.30728e-08,1.3082e-08,1.30728e-08,1.3082e-08,1623640920,2021-06-14T03:22:00
1.30799e-08,1.30799e-08,1.30799e-08,1.30799e-08,1623640800,2021-06-14T03:20:00
1.30397e-08,1.30397e-08,1.30397e-08,1.30397e-08,1623640740,2021-06-14T03:19:00
1.30328e-08,1.30328e-08,1.30328e-08,1.30328e-08,1623640560,2021-06-14T03:16:00
1.30176e-08,1.30176e-08,1.30176e-08,1.30176e-08,1623640500,2021-06-14T03:15:00
1.29961e-08,1.29961e-08,1.29961e-08,1.29961e-08,1623640440,2021-06-14T03:14:00
1.29309e-08,1.29309e-08,1.29309e-08,1.29309e-08,1623640200,2021-06-14T03:10:00
1.30383e-08,1.30383e-08,1.30383e-08,1.30383e-08,1623640080,2021-06-14T03:08:00
1.30227e-08,1.30227e-08,1.30227e-08,1.30227e-08,1623640020,2021-06-14T03:07:00
1.29193e-08,1.30061e-08,1.29193e-08,1.30061e-08,1623639960,2021-06-14T03:06:00
1.29886e-08,1.29886e-08,1.29886e-08,1.29886e-08,1623639780,2021-06-14T03:03:00
1.29142e-08,1.29771e-08,1.29142e-08,1.29771e-08,1623639600,2021-06-14T03:00:00
1.29023e-08,1.29023e-08,1.29023e-08,1.29023e-08,1623639540,2021-06-14T02:59:00
1.30222e-08,1.30222e-08,1.29184e-08,1.29184e-08,1623639480,2021-06-14T02:58:00
1.30056e-08,1.30056e-08,1.30056e-08,1.30056e-08,1623639360,2021-06-14T02:56:00
1.29873e-08,1.29873e-08,1.29873e-08,1.29873e-08,1623639300,2021-06-14T02:55:00
1.2982e-08,1.2982e-08,1.2982e-08,1.2982e-08,1623639180,2021-06-14T02:53:00
1.29547e-08,1.29657e-08,1.29547e-08,1.29657e-08,1623639060,2021-06-14T02:51:00
1.28487e-08,1.28487e-08,1.28487e-08,1.28487e-08,1623638760,2021-06-14T02:46:00
1.29728e-08,1.29728e-08,1.29728e-08,1.29728e-08,1623638700,2021-06-14T02:45:00
1.29625e-08,1.29625e-08,1.29625e-08,1.29625e-08,1623638580,2021-06-14T02:43:00
1.30173e-08,1.30173e-08,1.30173e-08,1.30173e-08,1623638520,2021-06-14T02:42:00
1.30192e-08,1.30192e-08,1.30192e-08,1.30192e-08,1623638220,2021-06-14T02:37:00
1.29995e-08,1.29995e-08,1.29995e-08,1.29995e-08,1623638160,2021-06-14T02:36:00
1.29646e-08,1.29646e-08,1.29646e-08,1.29646e-08,1623638040,2021-06-14T02:34:00
1.29168e-08,1.29168e-08,1.29168e-08,1.29168e-08,1623637920,2021-06-14T02:32:00
1.30546e-08,1.30546e-08,1.30546e-08,1.30546e-08,1623637800,2021-06-14T02:30:00
1.30535e-08,1.30535e-08,1.30535e-08,1.30535e-08,1623637500,2021-06-14T02:25:00
1.31068e-08,1.31068e-08,1.31068e-08,1.31068e-08,1623637320,2021-06-14T02:22:00
1.30549e-08,1.30549e-08,1.30549e-08,1.30549e-08,1623637020,2021-06-14T02:17:00
1.30494e-08,1.30494e-08,1.30494e-08,1.30494e-08,1623636840,2021-06-14T02:14:00
1.29782e-08,1.29981e-08,1.29782e-08,1.29981e-08,1623636720,2021-06-14T02:12:00
1.29887e-08,1.29887e-08,1.29887e-08,1.29887e-08,1623636660,2021-06-14T02:11:00
1.29704e-08,1.29776e-08,1.29665e-08,1.29776e-08,1623636600,2021-06-14T02:10:00
1.29331e-08,1.29331e-08,1.29331e-08,1.29331e-08,1623636540,2021-06-14T02:09:00
1.29342e-08,1.29342e-08,1.28773e-08,1.28899e-08,1623636420,2021-06-14T02:07:00
1.28625e-08,1.29536e-08,1.28625e-08,1.29536e-08,1623636360,2021-06-14T02:06:00
1.29355e-08,1.29355e-08,1.29355e-08,1.29355e-08,1623636300,2021-06-14T02:05:00
1.28842e-08,1.28842e-08,1.28676e-08,1.28676e-08,1623635880,2021-06-14T01:58:00
1.2888e-08,1.2888e-08,1.2888e-08,1.2888e-08,1623635760,2021-06-14T01:56:00
1.27829e-08,1.27829e-08,1.27829e-08,1.27829e-08,1623635700,2021-06-14T01:55:00
1.30572e-08,1.30572e-08,1.30572e-08,1.30572e-08,1623635640,2021-06-14T01:54:00
1.31393e-08,1.31393e-08,1.31393e-08,1.31393e-08,1623635580,2021-06-14T01:53:00
1.33834e-08,1.33834e-08,1.33834e-08,1.33834e-08,1623635400,2021-06-14T01:50:00
1.33216e-08,1.33216e-08,1.33216e-08,1.33216e-08,1623635340,2021-06-14T01:49:00
1.32049e-08,1.32049e-08,1.32049e-08,1.32049e-08,1623635100,2021-06-14T01:45:00
1.31244e-08,1.31244e-08,1.31244e-08,1.31244e-08,1623634860,2021-06-14T01:41:00
1.31053e-08,1.31053e-08,1.31053e-08,1.31053e-08,1623634800,2021-06-14T01:40:00
1.30288e-08,1.31276e-08,1.30288e-08,1.31276e-08,1623634620,2021-06-14T01:37:00
1.30436e-08,1.30436e-08,1.30436e-08,1.30436e-08,1623634560,2021-06-14T01:36:00
1.30368e-08,1.30368e-08,1.30368e-08,1.30368e-08,1623634500,2021-06-14T01:35:00
1.31403e-08,1.3142e-08,1.31403e-08,1.3142e-08,1623634440,2021-06-14T01:34:00
1.31154e-08,1.31154e-08,1.31154e-08,1.31154e-08,1623634380,2021-06-14T01:33:00
1.30474e-08,1.30474e-08,1.30474e-08,1.30474e-08,1623633960,2021-06-14T01:26:00
1.30415e-08,1.30415e-08,1.30415e-08,1.30415e-08,1623633900,2021-06-14T01:25:00
1.29572e-08,1.29572e-08,1.29572e-08,1.29572e-08,1623633780,2021-06-14T01:23:00
1.30716e-08,1.30716e-08,1.30716e-08,1.30716e-08,1623633540,2021-06-14T01:19:00
1.29671e-08,1.29671e-08,1.29671e-08,1.29671e-08,1623633420,2021-06-14T01:17:00
1.29672e-08,1.30508e-08,1.29672e-08,1.30508e-08,1623633360,2021-06-14T01:16:00
1.3035e-08,1.3035e-08,1.3035e-08,1.3035e-08,1623633240,2021-06-14T01:14:00
1.30298e-08,1.30298e-08,1.30298e-08,1.30298e-08,1623633120,2021-06-14T01:12:00
1.30265e-08,1.30598e-08,1.30265e-08,1.30598e-08,1623633060,2021-06-14T01:11:00
1.30104e-08,1.30104e-08,1.30104e-08,1.30104e-08,1623633000,2021-06-14T01:10:00
1.30649e-08,1.30649e-08,1.30649e-08,1.30649e-08,1623632940,2021-06-14T01:09:00
1.30342e-08,1.30342e-08,1.29193e-08,1.29193e-08,1623632880,2021-06-14T01:08:00
1.30323e-08,1.30323e-08,1.30323e-08,1.30323e-08,1623632820,2021-06-14T01:07:00
1.2952e-08,1.2952e-08,1.2952e-08,1.2952e-08,1623632760,2021-06-14T01:06:00
1.3065e-08,1.3065e-08,1.3065e-08,1.3065e-08,1623632640,2021-06-14T01:04:00
1.3053e-08,1.31108e-08,1.3049e-08,1.31108e-08,1623632580,2021-06-14T01:03:00
1.29956e-08,1.30269e-08,1.29587e-08,1.30269e-08,1623632460,2021-06-14T01:01:00
1.3027e-08,1.3027e-08,1.3027e-08,1.3027e-08,1623632400,2021-06-14T01:00:00
1.32236e-08,1.32236e-08,1.32236e-08,1.32236e-08,1623632340,2021-06-14T00:59:00
1.31819e-08,1.31819e-08,1.31819e-08,1.31819e-08,1623632280,2021-06-14T00:58:00
1.32168e-08,1.32168e-08,1.32168e-08,1.32168e-08,1623632100,2021-06-14T00:55:00
1.31718e-08,1.31718e-08,1.31718e-08,1.31718e-08,1623631980,2021-06-14T00:53:00
1.31929e-08,1.32308e-08,1.31701e-08,1.31701e-08,1623631920,2021-06-14T00:52:00
1.32706e-08,1.32706e-08,1.32706e-08,1.32706e-08,1623631860,2021-06-14T00:51:00
1.31197e-08,1.31767e-08,1.31197e-08,1.31767e-08,1623631800,2021-06-14T00:50:00
1.30261e-08,1.30944e-08,1.30261e-08,1.30944e-08,1623631740,2021-06-14T00:49:00
1.29493e-08,1.29953e-08,1.29493e-08,1.29953e-08,1623631680,2021-06-14T00:48:00
1.27884e-08,1.28565e-08,1.27884e-08,1.28565e-08,1623631620,2021-06-14T00:47:00
1.27862e-08,1.27862e-08,1.27862e-08,1.27862e-08,1623631440,2021-06-14T00:44:00
1.27274e-08,1.27274e-08,1.27274e-08,1.27274e-08,1623631380,2021-06-14T00:43:00
1.27724e-08,1.28816e-08,1.27573e-08,1.27573e-08,1623631200,2021-06-14T00:40:00
1.28119e-08,1.28119e-08,1.28119e-08,1.28119e-08,1623631140,2021-06-14T00:39:00
1.28722e-08,1.2967e-08,1.28309e-08,1.28309e-08,1623631080,2021-06-14T00:38:00
1.3172e-08,1.3172e-08,1.29204e-08,1.29204e-08,1623631020,2021-06-14T00:37:00
1.31915e-08,1.31915e-08,1.30703e-08,1.30703e-08,1623630960,2021-06-14T00:36:00
1.31188e-08,1.31188e-08,1.31188e-08,1.31188e-08,1623630900,2021-06-14T00:35:00
1.32378e-08,1.32378e-08,1.32378e-08,1.32378e-08,1623630840,2021-06-14T00:34:00
1.33584e-08,1.33584e-08,1.33584e-08,1.33584e-08,1623630780,2021-06-14T00:33:00
1.38505e-08,1.38505e-08,1.38505e-08,1.38505e-08,1623630660,2021-06-14T00:31:00
1.41987e-08,1.41987e-08,1.41012e-08,1.41012e-08,1623630360,2021-06-14T00:26:00
1.42891e-08,1.42891e-08,1.42891e-08,1.42891e-08,1623630240,2021-06-14T00:24:00
1.46315e-08,1.46315e-08,1.46315e-08,1.46315e-08,1623630180,2021-06-14T00:23:00
1.45305e-08,1.45305e-08,1.45305e-08,1.45305e-08,1623630060,2021-06-14T00:21:00
1.46345e-08,1.46345e-08,1.46345e-08,1.46345e-08,1623630000,2021-06-14T00:20:00
1.46314e-08,1.46314e-08,1.46314e-08,1.46314e-08,1623629940,2021-06-14T00:19:00
1.4542e-08,1.4542e-08,1.4542e-08,1.4542e-08,1623629880,2021-06-14T00:18:00
1.45421e-08,1.45421e-08,1.45421e-08,1.45421e-08,1623629820,2021-06-14T00:17:00
1.46381e-08,1.46381e-08,1.46381e-08,1.46381e-08,1623629640,2021-06-14T00:14:00
1.47296e-08,1.47296e-08,1.47296e-08,1.47296e-08,1623629460,2021-06-14T00:11:00
1.46906e-08,1.46906e-08,1.46906e-08,1.46906e-08,1623629400,2021-06-14T00:10:00
1.47248e-08,1.47345e-08,1.46839e-08,1.46926e-08,1623629340,2021-06-14T00:09:00
1.46826e-08,1.46826e-08,1.46826e-08,1.46826e-08,1623629160,2021-06-14T00:06:00
1.46168e-08,1.46168e-08,1.46049e-08,1.46049e-08,1623629100,2021-06-14T00:05:00
1.46856e-08,1.46856e-08,1.46856e-08,1.46856e-08,1623628920,2021-06-14T00:02:00
1.46692e-08,1.46692e-08,1.46692e-08,1.46692e-08,1623628860,2021-06-14T00:01:00
1.45645e-08,1.45645e-08,1.45645e-08,1.45645e-08,1623628800,2021-06-14T00:00:00
1.46718e-08,1.46718e-08,1.46718e-08,1.46718e-08,1623628740,2021-06-13T23:59:00
1.45982e-08,1.45982e-08,1.45982e-08,1.45982e-08,1623628560,2021-06-13T23:56:00
1.46598e-08,1.46598e-08,1.46598e-08,1.46598e-08,1623628500,2021-06-13T23:55:00
1.45596e-08,1.45596e-08,1.45596e-08,1.45596e-08,1623628440,2021-06-13T23:54:00
1.46171e-08,1.46547e-08,1.46171e-08,1.46547e-08,1623628380,2021-06-13T23:53:00
1.46188e-08,1.46188e-08,1.46188e-08,1.46188e-08,1623628320,2021-06-13T23:52:00
1.46077e-08,1.46077e-08,1.45083e-08,1.45083e-08,1623628260,2021-06-13T23:51:00
1.45113e-08,1.46326e-08,1.45113e-08,1.46326e-08,1623628200,2021-06-13T23:50:00
1.46096e-08,1.46096e-08,1.46096e-08,1.46096e-08,1623628080,2021-06-13T23:48:00
1.45254e-08,1.45254e-08,1.45254e-08,1.45254e-08,1623628020,2021-06-13T23:47:00
1.461e-08,1.461e-08,1.461e-08,1.461e-08,1623627900,2021-06-13T23:45:00
1.46683e-08,1.46729e-08,1.45504e-08,1.45504e-08,1623627840,2021-06-13T23:44:00
1.4703e-08,1.4703e-08,1.4703e-08,1.4703e-08,1623627780,2021-06-13T23:43:00
1.46716e-08,1.46716e-08,1.46716e-08,1.46716e-08,1623627720,2021-06-13T23:42:00
1.47047e-08,1.47047e-08,1.46654e-08,1.46654e-08,1623627600,2021-06-13T23:40:00
1.4666e-08,1.4666e-08,1.4666e-08,1.4666e-08,1623627540,2021-06-13T23:39:00
1.46536e-08,1.46558e-08,1.46536e-08,1.46558e-08,1623627480,2021-06-13T23:38:00
1.46568e-08,1.46568e-08,1.46568e-08,1.46568e-08,1623627420,2021-06-13T23:37:00
1.46589e-08,1.46589e-08,1.46589e-08,1.46589e-08,1623627300,2021-06-13T23:35:00
1.46429e-08,1.46429e-08,1.46429e-08,1.46429e-08,1623627240,2021-06-13T23:34:00
1.46584e-08,1.46584e-08,1.45822e-08,1.45822e-08,1623627180,2021-06-13T23:33:00
1.45887e-08,1.46383e-08,1.45887e-08,1.46383e-08,1623627120,2021-06-13T23:32:00
1.47168e-08,1.47168e-08,1.47154e-08,1.47154e-08,1623627000,2021-06-13T23:30:00
1.4686e-08,1.4686e-08,1.4686e-08,1.4686e-08,1623626940,2021-06-13T23:29:00
1.45949e-08,1.45949e-08,1.45949e-08,1.45949e-08,1623626880,2021-06-13T23:28:00
1.46274e-08,1.46274e-08,1.46274e-08,1.46274e-08,1623626820,2021-06-13T23:27:00
1.47389e-08,1.4742e-08,1.47389e-08,1.4742e-08,1623626640,2021-06-13T23:24:00
1.48749e-08,1.48749e-08,1.48749e-08,1.48749e-08,1623626580,2021-06-13T23:23:00
1.49986e-08,1.49986e-08,1.49986e-08,1.49986e-08,1623626520,2021-06-13T23:22:00
1.50225e-08,1.50225e-08,1.50225e-08,1.50225e-08,1623625140,2021-06-13T22:59:00
1.47939e-08,1.47939e-08,1.47939e-08,1.47939e-08,1623625080,2021-06-13T22:58:00
1.49485e-08,1.49596e-08,1.46571e-08,1.46571e-08,1623624960,2021-06-13T22:56:00
1.49339e-08,1.49339e-08,1.49339e-08,1.49339e-08,1623624900,2021-06-13T22:55:00
1.48408e-08,1.48408e-08,1.48408e-08,1.48408e-08,1623624600,2021-06-13T22:50:00
1.49868e-08,1.49868e-08,1.49868e-08,1.49868e-08,1623624540,2021-06-13T22:49:00
1.51462e-08,1.51462e-08,1.51462e-08,1.51462e-08,1623624480,2021-06-13T22:48:00
1.52362e-08,1.52362e-08,1.52362e-08,1.52362e-08,1623624420,2021-06-13T22:47:00
1.51929e-08,1.51929e-08,1.51929e-08,1.51929e-08,1623624360,2021-06-13T22:46:00
1.52487e-08,1.53426e-08,1.52487e-08,1.53426e-08,1623624300,2021-06-13T22:45:00
1.53466e-08,1.53466e-08,1.53466e-08,1.53466e-08,1623624180,2021-06-13T22:43:00
1.52048e-08,1.52048e-08,1.52048e-08,1.52048e-08,1623624120,2021-06-13T22:42:00
1.52948e-08,1.52948e-08,1.52948e-08,1.52948e-08,1623624000,2021-06-13T22:40:00
1.51983e-08,1.52399e-08,1.51983e-08,1.52399e-08,1623623940,2021-06-13T22:39:00
1.5126e-08,1.5126e-08,1.5126e-08,1.5126e-08,1623623880,2021-06-13T22:38:00
1.50419e-08,1.50555e-08,1.49477e-08,1.50555e-08,1623623820,2021-06-13T22:37:00
1.50207e-08,1.50321e-08,1.50207e-08,1.50321e-08,1623623700,2021-06-13T22:35:00
1.49693e-08,1.4997e-08,1.49693e-08,1.4997e-08,1623623640,2021-06-13T22:34:00
1.48751e-08,1.49668e-08,1.48751e-08,1.49668e-08,1623623460,2021-06-13T22:31:00
1.49788e-08,1.49788e-08,1.49788e-08,1.49788e-08,1623623400,2021-06-13T22:30:00
1.49724e-08,1.49724e-08,1.49724e-08,1.49724e-08,1623623340,2021-06-13T22:29:00
1.4899e-08,1.4899e-08,1.4899e-08,1.4899e-08,1623623220,2021-06-13T22:27:00
1.4861e-08,1.4861e-08,1.48609e-08,1.48609e-08,1623623160,2021-06-13T22:26:00
1.48564e-08,1.48564e-08,1.48564e-08,1.48564e-08,1623623040,2021-06-13T22:24:00
1.48617e-08,1.48697e-08,1.48604e-08,1.48604e-08,1623622920,2021-06-13T22:22:00
1.4846e-08,1.4846e-08,1.4846e-08,1.4846e-08,1623622800,2021-06-13T22:20:00
1.49044e-08,1.49044e-08,1.47837e-08,1.48399e-08,1623622680,2021-06-13T22:18:00
1.4897e-08,1.4897e-08,1.4897e-08,1.4897e-08,1623622620,2021-06-13T22:17:00
1.48787e-08,1.48787e-08,1.48787e-08,1.48787e-08,1623622500,2021-06-13T22:15:00
1.47703e-08,1.47703e-08,1.47703e-08,1.47703e-08,1623622440,2021-06-13T22:14:00
1.48294e-08,1.48294e-08,1.48222e-08,1.48222e-08,1623622320,2021-06-13T22:12:00
1.483e-08,1.483e-08,1.47349e-08,1.47349e-08,1623622260,2021-06-13T22:11:00
1.4806e-08,1.4806e-08,1.4806e-08,1.4806e-08,1623622200,2021-06-13T22:10:00
1.482e-08,1.482e-08,1.482e-08,1.482e-08,1623622020,2021-06-13T22:07:00
1.47824e-08,1.48104e-08,1.47824e-08,1.48104e-08,1623621960,2021-06-13T22:06:00
1.47144e-08,1.47144e-08,1.47144e-08,1.47144e-08,1623621840,2021-06-13T22:04:00
1.49616e-08,1.49616e-08,1.48202e-08,1.48202e-08,1623621780,2021-06-13T22:03:00
1.5065e-08,1.5065e-08,1.50306e-08,1.50306e-08,1623621720,2021-06-13T22:02:00
1.5136e-08,1.5136e-08,1.5136e-08,1.5136e-08,1623621600,2021-06-13T22:00:00
1.53409e-08,1.53409e-08,1.53409e-08,1.53409e-08,1623621540,2021-06-13T21:59:00
1.57627e-08,1.57627e-08,1.57627e-08,1.57627e-08,1623621480,2021-06-13T21:58:00
1.56341e-08,1.57461e-08,1.56341e-08,1.57461e-08,1623621420,2021-06-13T21:57:00
1.5766e-08,1.5766e-08,1.57073e-08,1.57073e-08,1623621360,2021-06-13T21:56:00
1.58777e-08,1.58777e-08,1.58777e-08,1.58777e-08,1623621300,2021-06-13T21:55:00
1.60358e-08,1.60358e-08,1.60358e-08,1.60358e-08,1623621240,2021-06-13T21:54:00
1.60249e-08,1.60249e-08,1.60249e-08,1.60249e-08,1623621120,2021-06-13T21:52:00
1.60035e-08,1.60035e-08,1.60035e-08,1.60035e-08,1623621060,2021-06-13T21:51:00
1.59285e-08,1.59285e-08,1.59285e-08,1.59285e-08,1623620760,2021-06-13T21:46:00
1.59753e-08,1.59753e-08,1.59753e-08,1.59753e-08,1623620700,2021-06-13T21:45:00
1.60475e-08,1.60475e-08,1.60475e-08,1.60475e-08,1623620580,2021-06-13T21:43:00
1.59667e-08,1.59667e-08,1.59667e-08,1.59667e-08,1623620520,2021-06-13T21:42:00
1.60237e-08,1.60237e-08,1.60237e-08,1.60237e-08,1623620220,2021-06-13T21:37:00
1.59178e-08,1.59178e-08,1.59178e-08,1.59178e-08,1623620160,2021-06-13T21:36:00
1.60979e-08,1.60979e-08,1.60263e-08,1.60263e-08,1623620100,2021-06-13T21:35:00
1.61746e-08,1.61746e-08,1.60932e-08,1.60932e-08,1623619980,2021-06-13T21:33:00
1.63838e-08,1.63838e-08,1.62762e-08,1.62762e-08,1623619920,2021-06-13T21:32:00
1.62451e-08,1.62451e-08,1.62451e-08,1.62451e-08,1623619740,2021-06-13T21:29:00
1.63489e-08,1.63489e-08,1.63489e-08,1.63489e-08,1623619620,2021-06-13T21:27:00
1.63031e-08,1.63031e-08,1.62178e-08,1.62178e-08,1623619440,2021-06-13T21:24:00
1.62441e-08,1.62441e-08,1.62441e-08,1.62441e-08,1623619320,2021-06-13T21:22:00
1.62034e-08,1.62034e-08,1.62034e-08,1.62034e-08,1623619200,2021-06-13T21:20:00
1.61681e-08,1.61681e-08,1.61681e-08,1.61681e-08,1623618960,2021-06-13T21:16:00
1.66615e-08,1.66615e-08,1.64808e-08,1.64808e-08,1623618840,2021-06-13T21:14:00
1.66236e-08,1.66306e-08,1.66236e-08,1.66306e-08,1623618780,2021-06-13T21:13:00
1.65748e-08,1.65748e-08,1.65748e-08,1.65748e-08,1623618660,2021-06-13T21:11:00
1.65079e-08,1.65079e-08,1.64086e-08,1.64086e-08,1623618540,2021-06-13T21:09:00
1.67768e-08,1.67768e-08,1.67768e-08,1.67768e-08,1623618480,2021-06-13T21:08:00
1.65619e-08,1.65619e-08,1.65619e-08,1.65619e-08,1623618360,2021-06-13T21:06:00
1.66542e-08,1.66542e-08,1.66542e-08,1.66542e-08,1623618300,2021-06-13T21:05:00
1.655e-08,1.655e-08,1.655e-08,1.655e-08,1623618240,2021-06-13T21:04:00
1.69576e-08,1.69576e-08,1.69576e-08,1.69576e-08,1623618180,2021-06-13T21:03:00
1.72552e-08,1.72552e-08,1.72552e-08,1.72552e-08,1623618120,2021-06-13T21:02:00
1.70099e-08,1.72507e-08,1.70099e-08,1.72507e-08,1623618000,2021-06-13T21:00:00
1.6919e-08,1.6919e-08,1.6919e-08,1.6919e-08,1623617940,2021-06-13T20:59:00
1.69739e-08,1.69739e-08,1.69739e-08,1.69739e-08,1623617700,2021-06-13T20:55:00
1.70789e-08,1.70789e-08,1.70789e-08,1.70789e-08,1623617640,2021-06-13T20:54:00
1.69668e-08,1.70744e-08,1.69668e-08,1.70744e-08,1623617520,2021-06-13T20:52:00
1.70111e-08,1.70111e-08,1.70111e-08,1.70111e-08,1623617460,2021-06-13T20:51:00
1.71982e-08,1.71982e-08,1.7085e-08,1.7085e-08,1623617400,2021-06-13T20:50:00
1.72657e-08,1.72657e-08,1.72657e-08,1.72657e-08,1623617340,2021-06-13T20:49:00
1.73948e-08,1.7502e-08,1.73819e-08,1.73819e-08,1623617280,2021-06-13T20:48:00
1.74361e-08,1.74361e-08,1.74361e-08,1.74361e-08,1623617220,2021-06-13T20:47:00
1.73988e-08,1.73988e-08,1.73988e-08,1.73988e-08,1623617100,2021-06-13T20:45:00
1.74839e-08,1.74839e-08,1.73895e-08,1.73895e-08,1623616980,2021-06-13T20:43:00
1.73661e-08,1.74585e-08,1.73661e-08,1.74585e-08,1623616920,2021-06-13T20:42:00
1.72593e-08,1.72593e-08,1.72593e-08,1.72593e-08,1623616860,2021-06-13T20:41:00
1.73418e-08,1.73449e-08,1.73418e-08,1.73449e-08,1623616680,2021-06-13T20:38:00
1.73377e-08,1.73377e-08,1.73377e-08,1.73377e-08,1623616500,2021-06-13T20:35:00
1.72139e-08,1.73219e-08,1.72139e-08,1.73219e-08,1623616440,2021-06-13T20:34:00
1.72878e-08,1.73133e-08,1.72878e-08,1.73133e-08,1623616380,2021-06-13T20:33:00
1.68612e-08,1.68612e-08,1.68612e-08,1.68612e-08,1623616200,2021-06-13T20:30:00
1.6845e-08,1.6845e-08,1.6845e-08,1.6845e-08,1623615900,2021-06-13T20:25:00
1.67144e-08,1.67144e-08,1.67144e-08,1.67144e-08,1623615840,2021-06-13T20:24:00
1.68058e-08,1.68258e-08,1.68058e-08,1.68258e-08,1623615720,2021-06-13T20:22:00
1.68016e-08,1.68016e-08,1.68016e-08,1.68016e-08,1623615600,2021-06-13T20:20:00
1.67535e-08,1.67535e-08,1.67535e-08,1.67535e-08,1623615420,2021-06-13T20:17:00
1.67556e-08,1.67556e-08,1.67556e-08,1.67556e-08,1623615360,2021-06-13T20:16:00
1.67603e-08,1.67603e-08,1.67603e-08,1.67603e-08,1623615240,2021-06-13T20:14:00
1.68876e-08,1.68876e-08,1.68876e-08,1.68876e-08,1623615180,2021-06-13T20:13:00
1.67574e-08,1.67574e-08,1.67574e-08,1.67574e-08,1623615120,2021-06-13T20:12:00
1.67105e-08,1.67105e-08,1.67105e-08,1.67105e-08,1623614880,2021-06-13T20:08:00
1.66346e-08,1.66346e-08,1.66346e-08,1.66346e-08,1623614640,2021-06-13T20:04:00
1.6536e-08,1.6536e-08,1.6536e-08,1.6536e-08,1623614520,2021-06-13T20:02:00
1.66417e-08,1.66451e-08,1.66417e-08,1.66451e-08,1623614460,2021-06-13T20:01:00
1.66199e-08,1.66199e-08,1.66199e-08,1.66199e-08,1623614400,2021-06-13T20:00:00
1.66139e-08,1.66139e-08,1.66139e-08,1.66139e-08,1623614340,2021-06-13T19:59:00
1.6601e-08,1.6601e-08,1.6601e-08,1.6601e-08,1623614100,2021-06-13T19:55:00
1.66099e-08,1.66099e-08,1.66099e-08,1.66099e-08,1623613980,2021-06-13T19:53:00
1.65635e-08,1.65635e-08,1.65635e-08,1.65635e-08,1623613740,2021-06-13T19:49:00
1.65354e-08,1.65354e-08,1.65354e-08,1.65354e-08,1623613680,2021-06-13T19:48:00
1.66844e-08,1.66844e-08,1.66844e-08,1.66844e-08,1623613620,2021-06-13T19:47:00
1.69542e-08,1.69542e-08,1.69542e-08,1.69542e-08,1623613380,2021-06-13T19:43:00
1.69554e-08,1.69554e-08,1.68456e-08,1.6948e-08,1623613320,2021-06-13T19:42:00
1.67544e-08,1.68696e-08,1.67544e-08,1.68696e-08,1623613260,2021-06-13T19:41:00
1.67494e-08,1.67494e-08,1.67494e-08,1.67494e-08,1623613200,2021-06-13T19:40:00
1.67675e-08,1.67675e-08,1.6738e-08,1.6738e-08,1623613020,2021-06-13T19:37:00
1.67886e-08,1.67886e-08,1.67886e-08,1.67886e-08,1623612960,2021-06-13T19:36:00
1.67882e-08,1.67882e-08,1.66854e-08,1.66854e-08,1623612660,2021-06-13T19:31:00
1.67543e-08,1.67576e-08,1.6733e-08,1.67576e-08,1623612540,2021-06-13T19:29:00
1.6723e-08,1.6723e-08,1.6723e-08,1.6723e-08,1623612480,2021-06-13T19:28:00
1.6759e-08,1.6759e-08,1.6759e-08,1.6759e-08,1623612420,2021-06-13T19:27:00
1.6655e-08,1.67339e-08,1.66288e-08,1.66288e-08,1623612360,2021-06-13T19:26:00
1.67185e-08,1.67185e-08,1.67185e-08,1.67185e-08,1623612300,2021-06-13T19:25:00
1.67301e-08,1.67301e-08,1.66978e-08,1.66978e-08,1623612120,2021-06-13T19:22:00
1.66764e-08,1.66764e-08,1.66764e-08,1.66764e-08,1623612060,2021-06-13T19:21:00
1.66292e-08,1.67171e-08,1.66292e-08,1.67171e-08,1623611940,2021-06-13T19:19:00
1.65912e-08,1.65912e-08,1.65912e-08,1.65912e-08,1623611820,2021-06-13T19:17:00
1.6801e-08,1.6801e-08,1.6801e-08,1.6801e-08,1623611760,2021-06-13T19:16:00
1.67836e-08,1.67836e-08,1.67836e-08,1.67836e-08,1623611700,2021-06-13T19:15:00
1.67607e-08,1.67857e-08,1.67607e-08,1.67857e-08,1623611640,2021-06-13T19:14:00
1.67638e-08,1.6771e-08,1.67638e-08,1.6771e-08,1623611520,2021-06-13T19:12:00
1.66628e-08,1.66628e-08,1.66628e-08,1.66628e-08,1623611400,2021-06-13T19:10:00
1.66878e-08,1.66878e-08,1.66878e-08,1.66878e-08,1623611280,2021-06-13T19:08:00
1.6674e-08,1.6674e-08,1.6674e-08,1.6674e-08,1623611220,2021-06-13T19:07:00
1.64704e-08,1.64704e-08,1.64704e-08,1.64704e-08,1623611160,2021-06-13T19:06:00
1.60254e-08,1.60254e-08,1.60254e-08,1.60254e-08,1623611100,2021-06-13T19:05:00
1.60903e-08,1.60903e-08,1.60903e-08,1.60903e-08,1623611040,2021-06-13T19:04:00
1.60717e-08,1.61277e-08,1.60717e-08,1.61277e-08,1623610920,2021-06-13T19:02:00
1.60557e-08,1.61156e-08,1.60557e-08,1.6086e-08,1623610860,2021-06-13T19:01:00
1.60318e-08,1.60318e-08,1.60318e-08,1.60318e-08,1623610740,2021-06-13T18:59:00
1.61359e-08,1.61359e-08,1.61359e-08,1.61359e-08,1623610620,2021-06-13T18:57:00
1.61836e-08,1.61836e-08,1.61836e-08,1.61836e-08,1623610560,2021-06-13T18:56:00
1.61611e-08,1.61662e-08,1.61611e-08,1.61662e-08,1623610440,2021-06-13T18:54:00
1.61026e-08,1.61026e-08,1.61026e-08,1.61026e-08,1623610380,2021-06-13T18:53:00
1.60752e-08,1.60752e-08,1.60752e-08,1.60752e-08,1623610320,2021-06-13T18:52:00
1.61655e-08,1.61655e-08,1.61655e-08,1.61655e-08,1623610260,2021-06-13T18:51:00
1.61416e-08,1.61681e-08,1.61416e-08,1.61681e-08,1623610200,2021-06-13T18:50:00
1.60322e-08,1.6105e-08,1.60322e-08,1.6105e-08,1623609960,2021-06-13T18:46:00
1.6154e-08,1.6154e-08,1.60838e-08,1.60838e-08,1623609900,2021-06-13T18:45:00
1.61943e-08,1.61943e-08,1.60986e-08,1.60986e-08,1623609780,2021-06-13T18:43:00
1.61451e-08,1.61875e-08,1.61451e-08,1.61875e-08,1623609600,2021-06-13T18:40:00
1.61629e-08,1.61766e-08,1.61629e-08,1.61766e-08,1623609480,2021-06-13T18:38:00
1.61266e-08,1.61715e-08,1.61266e-08,1.61715e-08,1623609120,2021-06-13T18:32:00
1.61061e-08,1.61482e-08,1.61061e-08,1.61482e-08,1623609060,2021-06-13T18:31:00
1.60823e-08,1.61e-08,1.60823e-08,1.61e-08,1623608940,2021-06-13T18:29:00
1.6019e-08,1.6019e-08,1.6019e-08,1.6019e-08,1623608880,2021-06-13T18:28:00
1.60454e-08,1.60709e-08,1.60454e-08,1.60709e-08,1623608640,2021-06-13T18:24:00
1.60148e-08,1.60148e-08,1.60148e-08,1.60148e-08,1623608520,2021-06-13T18:22:00
1.59909e-08,1.59909e-08,1.59908e-08,1.59908e-08,1623608460,2021-06-13T18:21:00
1.60562e-08,1.60562e-08,1.59319e-08,1.59319e-08,1623608400,2021-06-13T18:20:00
1.60189e-08,1.60189e-08,1.59698e-08,1.59698e-08,1623608220,2021-06-13T18:17:00
1.59424e-08,1.59424e-08,1.59424e-08,1.59424e-08,1623608160,2021-06-13T18:16:00
1.59266e-08,1.59496e-08,1.59266e-08,1.59496e-08,1623608100,2021-06-13T18:15:00
1.59738e-08,1.59788e-08,1.59738e-08,1.59788e-08,1623607980,2021-06-13T18:13:00
1.58604e-08,1.58604e-08,1.58604e-08,1.58604e-08,1623607920,2021-06-13T18:12:00
1.59946e-08,1.59946e-08,1.58979e-08,1.58979e-08,1623607740,2021-06-13T18:09:00
1.59048e-08,1.60007e-08,1.59048e-08,1.60007e-08,1623607680,2021-06-13T18:08:00
1.60071e-08,1.60071e-08,1.59153e-08,1.59942e-08,1623607620,2021-06-13T18:07:00
1.59981e-08,1.59981e-08,1.59981e-08,1.59981e-08,1623607500,2021-06-13T18:05:00
1.59387e-08,1.59709e-08,1.59241e-08,1.59709e-08,1623607440,2021-06-13T18:04:00
1.59172e-08,1.59172e-08,1.59172e-08,1.59172e-08,1623607380,2021-06-13T18:03:00
1.58135e-08,1.58135e-08,1.58135e-08,1.58135e-08,1623607320,2021-06-13T18:02:00
1.56687e-08,1.57779e-08,1.56687e-08,1.57779e-08,1623607140,2021-06-13T17:59:00
1.55939e-08,1.56779e-08,1.55939e-08,1.56779e-08,1623607080,2021-06-13T17:58:00
1.64678e-08,1.64678e-08,1.60567e-08,1.60567e-08,1623606900,2021-06-13T17:55:00
1.63903e-08,1.64064e-08,1.63903e-08,1.64064e-08,1623606780,2021-06-13T17:53:00
1.64914e-08,1.64914e-08,1.63816e-08,1.63816e-08,1623606720,2021-06-13T17:52:00
1.64427e-08,1.64427e-08,1.64427e-08,1.64427e-08,1623606540,2021-06-13T17:49:00
1.62197e-08,1.64576e-08,1.62197e-08,1.64576e-08,1623606480,2021-06-13T17:48:00
1.62008e-08,1.62008e-08,1.62008e-08,1.62008e-08,1623606420,2021-06-13T17:47:00
1.61812e-08,1.61812e-08,1.61812e-08,1.61812e-08,1623606360,2021-06-13T17:46:00
1.6208e-08,1.6208e-08,1.6208e-08,1.6208e-08,1623606300,2021-06-13T17:45:00
1.61899e-08,1.61899e-08,1.61899e-08,1.61899e-08,1623606240,2021-06-13T17:44:00
1.62724e-08,1.62724e-08,1.61687e-08,1.61687e-08,1623606180,2021-06-13T17:43:00
1.64297e-08,1.64911e-08,1.64297e-08,1.64911e-08,1623606120,2021-06-13T17:42:00
1.63603e-08,1.63603e-08,1.63603e-08,1.63603e-08,1623605880,2021-06-13T17:38:00
1.64583e-08,1.64583e-08,1.64505e-08,1.64505e-08,1623605820,2021-06-13T17:37:00
1.64164e-08,1.64164e-08,1.64164e-08,1.64164e-08,1623605700,2021-06-13T17:35:00
1.63667e-08,1.64117e-08,1.63667e-08,1.64117e-08,1623605640,2021-06-13T17:34:00
1.61534e-08,1.63153e-08,1.61534e-08,1.63153e-08,1623605580,2021-06-13T17:33:00
1.61455e-08,1.61455e-08,1.61455e-08,1.61455e-08,1623605400,2021-06-13T17:30:00
1.60839e-08,1.60839e-08,1.60839e-08,1.60839e-08,1623605340,2021-06-13T17:29:00
1.59995e-08,1.59995e-08,1.59995e-08,1.59995e-08,1623605100,2021-06-13T17:25:00
1.6004e-08,1.6004e-08,1.6004e-08,1.6004e-08,1623604980,2021-06-13T17:23:00
1.60488e-08,1.60488e-08,1.60488e-08,1.60488e-08,1623604920,2021-06-13T17:22:00
1.61532e-08,1.62492e-08,1.61532e-08,1.62492e-08,1623604860,2021-06-13T17:21:00
1.61023e-08,1.61023e-08,1.61023e-08,1.61023e-08,1623604800,2021-06-13T17:20:00
1.61859e-08,1.61859e-08,1.61859e-08,1.61859e-08,1623604740,2021-06-13T17:19:00
1.61245e-08,1.61875e-08,1.61245e-08,1.61875e-08,1623604620,2021-06-13T17:17:00
1.60385e-08,1.60385e-08,1.60385e-08,1.60385e-08,1623604500,2021-06-13T17:15:00
1.59266e-08,1.60289e-08,1.59266e-08,1.60289e-08,1623604260,2021-06-13T17:11:00
1.59845e-08,1.60212e-08,1.59845e-08,1.60212e-08,1623604140,2021-06-13T17:09:00
1.59644e-08,1.59644e-08,1.59644e-08,1.59644e-08,1623604020,2021-06-13T17:07:00
1.59586e-08,1.59586e-08,1.59586e-08,1.59586e-08,1623603900,2021-06-13T17:05:00
1.58929e-08,1.58929e-08,1.58929e-08,1.58929e-08,1623603840,2021-06-13T17:04:00
1.58648e-08,1.58648e-08,1.58648e-08,1.58648e-08,1623603780,2021-06-13T17:03:00
1.5866e-08,1.5866e-08,1.57986e-08,1.57994e-08,1623603540,2021-06-13T16:59:00
1.5865e-08,1.5865e-08,1.5865e-08,1.5865e-08,1623603480,2021-06-13T16:58:00
1.58851e-08,1.58851e-08,1.58851e-08,1.58851e-08,1623603240,2021-06-13T16:54:00
1.58399e-08,1.58754e-08,1.58399e-08,1.58754e-08,1623603180,2021-06-13T16:53:00
1.57046e-08,1.58398e-08,1.57046e-08,1.58398e-08,1623603120,2021-06-13T16:52:00
1.57962e-08,1.57962e-08,1.57962e-08,1.57962e-08,1623603060,2021-06-13T16:51:00
1.57963e-08,1.57963e-08,1.57963e-08,1.57963e-08,1623603000,2021-06-13T16:50:00
1.57643e-08,1.57643e-08,1.57643e-08,1.57643e-08,1623602940,2021-06-13T16:49:00
1.57611e-08,1.57611e-08,1.57611e-08,1.57611e-08,1623602880,2021-06-13T16:48:00
1.63523e-08,1.63523e-08,1.56489e-08,1.5753e-08,1623602820,2021-06-13T16:47:00
1.63292e-08,1.63292e-08,1.63292e-08,1.63292e-08,1623602700,2021-06-13T16:45:00
1.62558e-08,1.6308e-08,1.62558e-08,1.6308e-08,1623602520,2021-06-13T16:42:00
1.62535e-08,1.62535e-08,1.62535e-08,1.62535e-08,1623602280,2021-06-13T16:38:00
1.63009e-08,1.63009e-08,1.63009e-08,1.63009e-08,1623602220,2021-06-13T16:37:00
1.62384e-08,1.62968e-08,1.62384e-08,1.62968e-08,1623602160,2021-06-13T16:36:00
1.62124e-08,1.62124e-08,1.62124e-08,1.62124e-08,1623602040,2021-06-13T16:34:00
1.62162e-08,1.62162e-08,1.62077e-08,1.62077e-08,1623601980,2021-06-13T16:33:00
1.61543e-08,1.61543e-08,1.61543e-08,1.61543e-08,1623601560,2021-06-13T16:26:00
1.61063e-08,1.61063e-08,1.61063e-08,1.61063e-08,1623601500,2021-06-13T16:25:00
1.6183e-08,1.6183e-08,1.60931e-08,1.60931e-08,1623601440,2021-06-13T16:24:00
1.6157e-08,1.6157e-08,1.6157e-08,1.6157e-08,1623601320,2021-06-13T16:22:00
1.62537e-08,1.62537e-08,1.62537e-08,1.62537e-08,1623601200,2021-06-13T16:20:00
1.63639e-08,1.63639e-08,1.63329e-08,1.63329e-08,1623601140,2021-06-13T16:19:00
1.62733e-08,1.62733e-08,1.62733e-08,1.62733e-08,1623601080,2021-06-13T16:18:00
1.61904e-08,1.61904e-08,1.61904e-08,1.61904e-08,1623601020,2021-06-13T16:17:00
1.62978e-08,1.62978e-08,1.62978e-08,1.62978e-08,1623600960,2021-06-13T16:16:00
1.61334e-08,1.61334e-08,1.61334e-08,1.61334e-08,1623600660,2021-06-13T16:11:00
1.60966e-08,1.60966e-08,1.60966e-08,1.60966e-08,1623600540,2021-06-13T16:09:00
1.60239e-08,1.60303e-08,1.60239e-08,1.60303e-08,1623600420,2021-06-13T16:07:00
1.60222e-08,1.60222e-08,1.60222e-08,1.60222e-08,1623600360,2021-06-13T16:06:00
1.60124e-08,1.60124e-08,1.60124e-08,1.60124e-08,1623600300,2021-06-13T16:05:00
1.60278e-08,1.60278e-08,1.60278e-08,1.60278e-08,1623600240,2021-06-13T16:04:00
1.60341e-08,1.60341e-08,1.60341e-08,1.60341e-08,1623600180,2021-06-13T16:03:00
1.60042e-08,1.60246e-08,1.60042e-08,1.60246e-08,1623600120,2021-06-13T16:02:00
1.59948e-08,1.59948e-08,1.59948e-08,1.59948e-08,1623600000,2021-06-13T16:00:00
1.59058e-08,1.60093e-08,1.59058e-08,1.60093e-08,1623599940,2021-06-13T15:59:00
1.59793e-08,1.59793e-08,1.59793e-08,1.59793e-08,1623599880,2021-06-13T15:58:00
1.59435e-08,1.59435e-08,1.59435e-08,1.59435e-08,1623599760,2021-06-13T15:56:00
1.59532e-08,1.59532e-08,1.59532e-08,1.59532e-08,1623599700,2021-06-13T15:55:00
1.59014e-08,1.59451e-08,1.59014e-08,1.59451e-08,1623599580,2021-06-13T15:53:00
1.58561e-08,1.58637e-08,1.58561e-08,1.58637e-08,1623599520,2021-06-13T15:52:00
1.5832e-08,1.5832e-08,1.5832e-08,1.5832e-08,1623599460,2021-06-13T15:51:00
1.58009e-08,1.58036e-08,1.58009e-08,1.58036e-08,1623599340,2021-06-13T15:49:00
1.57981e-08,1.57981e-08,1.57981e-08,1.57981e-08,1623599280,2021-06-13T15:48:00
1.57933e-08,1.57933e-08,1.57101e-08,1.57101e-08,1623599160,2021-06-13T15:46:00
1.5795e-08,1.5795e-08,1.5795e-08,1.5795e-08,1623599100,2021-06-13T15:45:00
1.55868e-08,1.55868e-08,1.55868e-08,1.55868e-08,1623598980,2021-06-13T15:43:00
1.57028e-08,1.57028e-08,1.56006e-08,1.56006e-08,1623598920,2021-06-13T15:42:00
1.56918e-08,1.56918e-08,1.56918e-08,1.56918e-08,1623598860,2021-06-13T15:41:00
1.55981e-08,1.55981e-08,1.55981e-08,1.55981e-08,1623598800,2021-06-13T15:40:00
1.56953e-08,1.57004e-08,1.56953e-08,1.57004e-08,1623598740,2021-06-13T15:39:00
1.56952e-08,1.56952e-08,1.56952e-08,1.56952e-08,1623598680,2021-06-13T15:38:00
1.56068e-08,1.56068e-08,1.56068e-08,1.56068e-08,1623598620,2021-06-13T15:37:00
1.56889e-08,1.57005e-08,1.56889e-08,1.57005e-08,1623598560,2021-06-13T15:36:00
1.56766e-08,1.56766e-08,1.56766e-08,1.56766e-08,1623598440,2021-06-13T15:34:00
1.56825e-08,1.56825e-08,1.55801e-08,1.55801e-08,1623598380,2021-06-13T15:33:00
1.5827e-08,1.59175e-08,1.5827e-08,1.59175e-08,1623598200,2021-06-13T15:30:00
1.59119e-08,1.59311e-08,1.59119e-08,1.59311e-08,1623598140,2021-06-13T15:29:00
1.6154e-08,1.6154e-08,1.58676e-08,1.58676e-08,1623598080,2021-06-13T15:28:00
1.6266e-08,1.6266e-08,1.6266e-08,1.6266e-08,1623597960,2021-06-13T15:26:00
1.62681e-08,1.62681e-08,1.62681e-08,1.62681e-08,1623597840,2021-06-13T15:24:00
1.62572e-08,1.62572e-08,1.62572e-08,1.62572e-08,1623597780,2021-06-13T15:23:00
1.6759e-08,1.6759e-08,1.6759e-08,1.6759e-08,1623597660,2021-06-13T15:21:00
1.63892e-08,1.63892e-08,1.63892e-08,1.63892e-08,1623597540,2021-06-13T15:19:00
1.62487e-08,1.62487e-08,1.61671e-08,1.61671e-08,1623597480,2021-06-13T15:18:00
1.62492e-08,1.62492e-08,1.62492e-08,1.62492e-08,1623597360,2021-06-13T15:16:00
1.62356e-08,1.62356e-08,1.62356e-08,1.62356e-08,1623597240,2021-06-13T15:14:00
1.61909e-08,1.61909e-08,1.61909e-08,1.61909e-08,1623597180,2021-06-13T15:13:00
1.62018e-08,1.62018e-08,1.62018e-08,1.62018e-08,1623597120,2021-06-13T15:12:00
1.62019e-08,1.62019e-08,1.6121e-08,1.6121e-08,1623597060,2021-06-13T15:11:00
1.61948e-08,1.61948e-08,1.61948e-08,1.61948e-08,1623597000,2021-06-13T15:10:00
1.61692e-08,1.61971e-08,1.61692e-08,1.61971e-08,1623596880,2021-06-13T15:08:00
1.61855e-08,1.61855e-08,1.61855e-08,1.61855e-08,1623596820,2021-06-13T15:07:00
1.60724e-08,1.60724e-08,1.60724e-08,1.60724e-08,1623596700,2021-06-13T15:05:00
1.61511e-08,1.61511e-08,1.61511e-08,1.61511e-08,1623596640,2021-06-13T15:04:00
1.60952e-08,1.61277e-08,1.60952e-08,1.61207e-08,1623596580,2021-06-13T15:03:00
1.61055e-08,1.61055e-08,1.61055e-08,1.61055e-08,1623596520,2021-06-13T15:02:00
1.61071e-08,1.61071e-08,1.61071e-08,1.61071e-08,1623596340,2021-06-13T14:59:00
1.60987e-08,1.60987e-08,1.60943e-08,1.60943e-08,1623596100,2021-06-13T14:55:00
1.608e-08,1.608e-08,1.608e-08,1.608e-08,1623596040,2021-06-13T14:54:00
1.60773e-08,1.60773e-08,1.60773e-08,1.60773e-08,1623595980,2021-06-13T14:53:00
1.60632e-08,1.60632e-08,1.60632e-08,1.60632e-08,1623595920,2021-06-13T14:52:00
1.60718e-08,1.60718e-08,1.60677e-08,1.60677e-08,1623595860,2021-06-13T14:51:00
1.60659e-08,1.60659e-08,1.59919e-08,1.60658e-08,1623595800,2021-06-13T14:50:00
1.60861e-08,1.60861e-08,1.60833e-08,1.60833e-08,1623595680,2021-06-13T14:48:00
1.59958e-08,1.59958e-08,1.59958e-08,1.59958e-08,1623595620,2021-06-13T14:47:00
1.60144e-08,1.60995e-08,1.60144e-08,1.60995e-08,1623595500,2021-06-13T14:45:00
1.58437e-08,1.58437e-08,1.58437e-08,1.58437e-08,1623595440,2021-06-13T14:44:00
1.58235e-08,1.59371e-08,1.58235e-08,1.58455e-08,1623595380,2021-06-13T14:43:00
1.57336e-08,1.57705e-08,1.57336e-08,1.57705e-08,1623595200,2021-06-13T14:40:00
1.57218e-08,1.57289e-08,1.57218e-08,1.57289e-08,1623595080,2021-06-13T14:38:00
1.56464e-08,1.57171e-08,1.56464e-08,1.57171e-08,1623595020,2021-06-13T14:37:00
1.55807e-08,1.55807e-08,1.55807e-08,1.55807e-08,1623594900,2021-06-13T14:35:00
1.56444e-08,1.56444e-08,1.56444e-08,1.56444e-08,1623594780,2021-06-13T14:33:00
1.56063e-08,1.56092e-08,1.56063e-08,1.56092e-08,1623594660,2021-06-13T14:31:00
1.56007e-08,1.56007e-08,1.56007e-08,1.56007e-08,1623594600,2021-06-13T14:30:00
1.55933e-08,1.55933e-08,1.55933e-08,1.55933e-08,1623594540,2021-06-13T14:29:00
1.55934e-08,1.55934e-08,1.54955e-08,1.54955e-08,1623594420,2021-06-13T14:27:00
1.55182e-08,1.55611e-08,1.55182e-08,1.55611e-08,1623594300,2021-06-13T14:25:00
1.55093e-08,1.55492e-08,1.55093e-08,1.55492e-08,1623593940,2021-06-13T14:19:00
1.54983e-08,1.54983e-08,1.54983e-08,1.54983e-08,1623593820,2021-06-13T14:17:00
1.55047e-08,1.55047e-08,1.55047e-08,1.55047e-08,1623593700,2021-06-13T14:15:00
1.55076e-08,1.55076e-08,1.55076e-08,1.55076e-08,1623593640,2021-06-13T14:14:00
1.54965e-08,1.54975e-08,1.54965e-08,1.54975e-08,1623593520,2021-06-13T14:12:00
1.55123e-08,1.55123e-08,1.55123e-08,1.55123e-08,1623593460,2021-06-13T14:11:00
1.54321e-08,1.55004e-08,1.54321e-08,1.55004e-08,1623593220,2021-06-13T14:07:00
1.55136e-08,1.55136e-08,1.55136e-08,1.55136e-08,1623593160,2021-06-13T14:06:00
1.55536e-08,1.55536e-08,1.5443e-08,1.5443e-08,1623593100,2021-06-13T14:05:00
1.54677e-08,1.54677e-08,1.54677e-08,1.54677e-08,1623592980,2021-06-13T14:03:00
1.55456e-08,1.55456e-08,1.55456e-08,1.55456e-08,1623592740,2021-06-13T13:59:00
1.55535e-08,1.55535e-08,1.55535e-08,1.55535e-08,1623592680,2021-06-13T13:58:00
1.5515e-08,1.5515e-08,1.5515e-08,1.5515e-08,1623592620,2021-06-13T13:57:00
1.54113e-08,1.55219e-08,1.54113e-08,1.55219e-08,1623592560,2021-06-13T13:56:00
1.54307e-08,1.55105e-08,1.54307e-08,1.55105e-08,1623592440,2021-06-13T13:54:00
1.55211e-08,1.55211e-08,1.55211e-08,1.55211e-08,1623592380,2021-06-13T13:53:00
1.55025e-08,1.5504e-08,1.55025e-08,1.5504e-08,1623592260,2021-06-13T13:51:00
1.55063e-08,1.55063e-08,1.55063e-08,1.55063e-08,1623592080,2021-06-13T13:48:00
1.55472e-08,1.55472e-08,1.54478e-08,1.54478e-08,1623592020,2021-06-13T13:47:00
1.54443e-08,1.54443e-08,1.54443e-08,1.54443e-08,1623591960,2021-06-13T13:46:00
1.55207e-08,1.55207e-08,1.55207e-08,1.55207e-08,1623591900,2021-06-13T13:45:00
1.55267e-08,1.55267e-08,1.55267e-08,1.55267e-08,1623591720,2021-06-13T13:42:00
1.53136e-08,1.53136e-08,1.53136e-08,1.53136e-08,1623591660,2021-06-13T13:41:00
1.50054e-08,1.50054e-08,1.50054e-08,1.50054e-08,1623591480,2021-06-13T13:38:00
1.49781e-08,1.49781e-08,1.49781e-08,1.49781e-08,1623591420,2021-06-13T13:37:00
1.49504e-08,1.49504e-08,1.49504e-08,1.49504e-08,1623591360,2021-06-13T13:36:00
1.48473e-08,1.4851e-08,1.48473e-08,1.4851e-08,1623591300,2021-06-13T13:35:00
1.48665e-08,1.48665e-08,1.48448e-08,1.48448e-08,1623591180,2021-06-13T13:33:00
1.47738e-08,1.47738e-08,1.47738e-08,1.47738e-08,1623591120,2021-06-13T13:32:00
1.5247e-08,1.5247e-08,1.4797e-08,1.4797e-08,1623591060,2021-06-13T13:31:00
1.52226e-08,1.52226e-08,1.52226e-08,1.52226e-08,1623591000,2021-06-13T13:30:00
1.52317e-08,1.52317e-08,1.52317e-08,1.52317e-08,1623590940,2021-06-13T13:29:00
1.52192e-08,1.52192e-08,1.52192e-08,1.52192e-08,1623590820,2021-06-13T13:27:00
1.51259e-08,1.51259e-08,1.45487e-08,1.45487e-08,1623590700,2021-06-13T13:25:00
1.51003e-08,1.51198e-08,1.51003e-08,1.51198e-08,1623590640,2021-06-13T13:24:00
1.51013e-08,1.51013e-08,1.51013e-08,1.51013e-08,1623590520,2021-06-13T13:22:00
1.50814e-08,1.5097e-08,1.50814e-08,1.5097e-08,1623590460,2021-06-13T13:21:00
1.50755e-08,1.50755e-08,1.50755e-08,1.50755e-08,1623590340,2021-06-13T13:19:00
1.48799e-08,1.50204e-08,1.48799e-08,1.50204e-08,1623590160,2021-06-13T13:16:00
1.49137e-08,1.49137e-08,1.49137e-08,1.49137e-08,1623590040,2021-06-13T13:14:00
1.50861e-08,1.50861e-08,1.49698e-08,1.50101e-08,1623589980,2021-06-13T13:13:00
1.49842e-08,1.49842e-08,1.49842e-08,1.49842e-08,1623589860,2021-06-13T13:11:00
1.49273e-08,1.49273e-08,1.49273e-08,1.49273e-08,1623589800,2021-06-13T13:10:00
1.48284e-08,1.49107e-08,1.48284e-08,1.49107e-08,1623589740,2021-06-13T13:09:00
1.49368e-08,1.49368e-08,1.48435e-08,1.48435e-08,1623589680,2021-06-13T13:08:00
1.50016e-08,1.50016e-08,1.48727e-08,1.48727e-08,1623589440,2021-06-13T13:04:00
1.49939e-08,1.49939e-08,1.49939e-08,1.49939e-08,1623589380,2021-06-13T13:03:00
1.49074e-08,1.50765e-08,1.48038e-08,1.49258e-08,1623589320,2021-06-13T13:02:00
1.51382e-08,1.52029e-08,1.51382e-08,1.52029e-08,1623589200,2021-06-13T13:00:00
1.52847e-08,1.52847e-08,1.52847e-08,1.52847e-08,1623589140,2021-06-13T12:59:00
1.54128e-08,1.54156e-08,1.54128e-08,1.54156e-08,1623589080,2021-06-13T12:58:00
1.53899e-08,1.53899e-08,1.53899e-08,1.53899e-08,1623588960,2021-06-13T12:56:00
1.53279e-08,1.53279e-08,1.52404e-08,1.52404e-08,1623588900,2021-06-13T12:55:00
1.56544e-08,1.56544e-08,1.52717e-08,1.52717e-08,1623588780,2021-06-13T12:53:00
1.53933e-08,1.56613e-08,1.53933e-08,1.56613e-08,1623588720,2021-06-13T12:52:00
1.5763e-08,1.5763e-08,1.5763e-08,1.5763e-08,1623588660,2021-06-13T12:51:00
1.56718e-08,1.56718e-08,1.56718e-08,1.56718e-08,1623588600,2021-06-13T12:50:00
1.5746e-08,1.5746e-08,1.5746e-08,1.5746e-08,1623588420,2021-06-13T12:47:00
1.5765e-08,1.5765e-08,1.56896e-08,1.56896e-08,1623588300,2021-06-13T12:45:00
1.5857e-08,1.5857e-08,1.5857e-08,1.5857e-08,1623588180,2021-06-13T12:43:00
1.58663e-08,1.58663e-08,1.58663e-08,1.58663e-08,1623588120,2021-06-13T12:42:00
1.56563e-08,1.57806e-08,1.56563e-08,1.57806e-08,1623588060,2021-06-13T12:41:00
1.58662e-08,1.58662e-08,1.58662e-08,1.58662e-08,1623588000,2021-06-13T12:40:00
1.61861e-08,1.63074e-08,1.61861e-08,1.62472e-08,1623587940,2021-06-13T12:39:00
1.62528e-08,1.63133e-08,1.62528e-08,1.63133e-08,1623587880,2021-06-13T12:38:00
1.61031e-08,1.61031e-08,1.61031e-08,1.61031e-08,1623587820,2021-06-13T12:37:00
1.61909e-08,1.61909e-08,1.61909e-08,1.61909e-08,1623587760,2021-06-13T12:36:00
1.60719e-08,1.60719e-08,1.60719e-08,1.60719e-08,1623587580,2021-06-13T12:33:00
1.63292e-08,1.63292e-08,8.39976e-09,8.39976e-09,1623587520,2021-06-13T12:32:00
1.67466e-08,1.67501e-08,1.67466e-08,1.67501e-08,1623587400,2021-06-13T12:30:00
1.67238e-08,1.67276e-08,1.67238e-08,1.67276e-08,1623587340,2021-06-13T12:29:00
1.67476e-08,1.67476e-08,1.67476e-08,1.67476e-08,1623587280,2021-06-13T12:28:00
1.67272e-08,1.67272e-08,1.67272e-08,1.67272e-08,1623587220,2021-06-13T12:27:00
1.67504e-08,1.67504e-08,1.67504e-08,1.67504e-08,1623587160,2021-06-13T12:26:00
1.67323e-08,1.67323e-08,1.67323e-08,1.67323e-08,1623587040,2021-06-13T12:24:00
1.67169e-08,1.67169e-08,1.67169e-08,1.67169e-08,1623586680,2021-06-13T12:18:00
1.6656e-08,1.6656e-08,1.6656e-08,1.6656e-08,1623586620,2021-06-13T12:17:00
1.6577e-08,1.6577e-08,1.65633e-08,1.65633e-08,1623586440,2021-06-13T12:14:00
1.68387e-08,1.68387e-08,1.65987e-08,1.65987e-08,1623586320,2021-06-13T12:12:00
1.68179e-08,1.68179e-08,1.6707e-08,1.6707e-08,1623586260,2021-06-13T12:11:00
1.67598e-08,1.67598e-08,1.67598e-08,1.67598e-08,1623586140,2021-06-13T12:09:00
1.68759e-08,1.68759e-08,1.68759e-08,1.68759e-08,1623586080,2021-06-13T12:08:00
1.68361e-08,1.68461e-08,1.68361e-08,1.68461e-08,1623585900,2021-06-13T12:05:00
1.69675e-08,1.69675e-08,1.66575e-08,1.6742e-08,1623585780,2021-06-13T12:03:00
1.72143e-08,1.72143e-08,1.72143e-08,1.72143e-08,1623585720,2021-06-13T12:02:00
1.73037e-08,1.73037e-08,1.73037e-08,1.73037e-08,1623585660,2021-06-13T12:01:00
1.72588e-08,1.72588e-08,1.71866e-08,1.71866e-08,1623585600,2021-06-13T12:00:00
1.7016e-08,1.7016e-08,1.7016e-08,1.7016e-08,1623585420,2021-06-13T11:57:00
1.68064e-08,1.68681e-08,1.68064e-08,1.68681e-08,1623585360,2021-06-13T11:56:00
1.66331e-08,1.66331e-08,1.66331e-08,1.66331e-08,1623585300,2021-06-13T11:55:00
1.68031e-08,1.68031e-08,1.66268e-08,1.66268e-08,1623585120,2021-06-13T11:52:00
1.67359e-08,1.67359e-08,1.67359e-08,1.67359e-08,1623584940,2021-06-13T11:49:00
1.66953e-08,1.66953e-08,1.66953e-08,1.66953e-08,1623584880,2021-06-13T11:48:00
1.6643e-08,1.6643e-08,1.6643e-08,1.6643e-08,1623584700,2021-06-13T11:45:00
1.67486e-08,1.67486e-08,1.66579e-08,1.66579e-08,1623584640,2021-06-13T11:44:00
1.67489e-08,1.67489e-08,1.66612e-08,1.66612e-08,1623584580,2021-06-13T11:43:00
1.67665e-08,1.67665e-08,1.66799e-08,1.66799e-08,1623584460,2021-06-13T11:41:00
1.68522e-08,1.68787e-08,1.67302e-08,1.67302e-08,1623584400,2021-06-13T11:40:00
1.68335e-08,1.68335e-08,1.68335e-08,1.68335e-08,1623584340,2021-06-13T11:39:00
1.71053e-08,1.71053e-08,1.71053e-08,1.71053e-08,1623584280,2021-06-13T11:38:00
1.70838e-08,1.70838e-08,1.69958e-08,1.69958e-08,1623584160,2021-06-13T11:36:00
1.7087e-08,1.7087e-08,1.7087e-08,1.7087e-08,1623584100,2021-06-13T11:35:00
1.70291e-08,1.7065e-08,1.70291e-08,1.7065e-08,1623584040,2021-06-13T11:34:00
1.70032e-08,1.70241e-08,1.70032e-08,1.70241e-08,1623583980,2021-06-13T11:33:00
1.69364e-08,1.69364e-08,1.69364e-08,1.69364e-08,1623583920,2021-06-13T11:32:00
1.69663e-08,1.69663e-08,1.69663e-08,1.69663e-08,1623583860,2021-06-13T11:31:00
1.69841e-08,1.69841e-08,1.69841e-08,1.69841e-08,1623583800,2021-06-13T11:30:00
1.67888e-08,1.67888e-08,1.67615e-08,1.67615e-08,1623583740,2021-06-13T11:29:00
1.69106e-08,1.69106e-08,1.69106e-08,1.69106e-08,1623583680,2021-06-13T11:28:00
1.69096e-08,1.69096e-08,1.6816e-08,1.6816e-08,1623583620,2021-06-13T11:27:00
1.67956e-08,1.67956e-08,1.67956e-08,1.67956e-08,1623583560,2021-06-13T11:26:00
1.68427e-08,1.68981e-08,1.68427e-08,1.68981e-08,1623583440,2021-06-13T11:24:00
1.68585e-08,1.68585e-08,1.68585e-08,1.68585e-08,1623583380,2021-06-13T11:23:00
1.69312e-08,1.69312e-08,1.69312e-08,1.69312e-08,1623583260,2021-06-13T11:21:00
1.75348e-08,1.75975e-08,1.71979e-08,1.71979e-08,1623583200,2021-06-13T11:20:00
1.74911e-08,1.74911e-08,1.74911e-08,1.74911e-08,1623583140,2021-06-13T11:19:00
1.76289e-08,1.76289e-08,1.74905e-08,1.75011e-08,1623583080,2021-06-13T11:18:00
1.75524e-08,1.75524e-08,1.75524e-08,1.75524e-08,1623583020,2021-06-13T11:17:00
1.74525e-08,1.74525e-08,1.73657e-08,1.73657e-08,1623582900,2021-06-13T11:15:00
1.74593e-08,1.74593e-08,1.74593e-08,1.74593e-08,1623582840,2021-06-13T11:14:00
1.74929e-08,1.75761e-08,1.74929e-08,1.75761e-08,1623582780,2021-06-13T11:13:00
1.73394e-08,1.74872e-08,1.73394e-08,1.74872e-08,1623582720,2021-06-13T11:12:00
1.73753e-08,1.73753e-08,1.73753e-08,1.73753e-08,1623582660,2021-06-13T11:11:00
1.74875e-08,1.74875e-08,1.74875e-08,1.74875e-08,1623582600,2021-06-13T11:10:00
1.76435e-08,1.76663e-08,1.76435e-08,1.76663e-08,1623582480,2021-06-13T11:08:00
1.76385e-08,1.76385e-08,1.76385e-08,1.76385e-08,1623582360,2021-06-13T11:06:00
1.77614e-08,1.77614e-08,1.76038e-08,1.76038e-08,1623582300,2021-06-13T11:05:00
1.77103e-08,1.77103e-08,1.77103e-08,1.77103e-08,1623582240,2021-06-13T11:04:00
1.76562e-08,1.76562e-08,1.76562e-08,1.76562e-08,1623582180,2021-06-13T11:03:00
1.75707e-08,1.75707e-08,1.75707e-08,1.75707e-08,1623582060,2021-06-13T11:01:00
1.75819e-08,1.75819e-08,1.75819e-08,1.75819e-08,1623582000,2021-06-13T11:00:00
1.76683e-08,1.76683e-08,1.76683e-08,1.76683e-08,1623581760,2021-06-13T10:56:00
1.77962e-08,1.77962e-08,1.77962e-08,1.77962e-08,1623581700,2021-06-13T10:55:00
1.75673e-08,1.7701e-08,1.75673e-08,1.7701e-08,1623581640,2021-06-13T10:54:00
1.76234e-08,1.76234e-08,1.75004e-08,1.75004e-08,1623581580,2021-06-13T10:53:00
1.76045e-08,1.76045e-08,1.76045e-08,1.76045e-08,1623581520,2021-06-13T10:52:00
1.76106e-08,1.76106e-08,1.75043e-08,1.75043e-08,1623581460,2021-06-13T10:51:00
1.75554e-08,1.75922e-08,1.75554e-08,1.75922e-08,1623581400,2021-06-13T10:50:00
1.75122e-08,1.75122e-08,1.75122e-08,1.75122e-08,1623581340,2021-06-13T10:49:00
1.74862e-08,1.74862e-08,1.74862e-08,1.74862e-08,1623581280,2021-06-13T10:48:00
1.73773e-08,1.73773e-08,1.73773e-08,1.73773e-08,1623581220,2021-06-13T10:47:00
1.72487e-08,1.73127e-08,1.72487e-08,1.73127e-08,1623581160,2021-06-13T10:46:00
1.72309e-08,1.72504e-08,1.72309e-08,1.72504e-08,1623581100,2021-06-13T10:45:00
1.72123e-08,1.7216e-08,1.72123e-08,1.7216e-08,1623581040,2021-06-13T10:44:00
1.72154e-08,1.72154e-08,1.72154e-08,1.72154e-08,1623580980,2021-06-13T10:43:00
1.71951e-08,1.72185e-08,1.71951e-08,1.72185e-08,1623580860,2021-06-13T10:41:00
1.71503e-08,1.71503e-08,1.71503e-08,1.71503e-08,1623580740,2021-06-13T10:39:00
1.709e-08,1.71329e-08,1.709e-08,1.71329e-08,1623580680,2021-06-13T10:38:00
1.70255e-08,1.70255e-08,1.70255e-08,1.70255e-08,1623580620,2021-06-13T10:37:00
1.68366e-08,1.68366e-08,1.68366e-08,1.68366e-08,1623580500,2021-06-13T10:35:00
1.62429e-08,1.62429e-08,1.62429e-08,1.62429e-08,1623580380,2021-06-13T10:33:00
1.59367e-08,1.59367e-08,1.59367e-08,1.59367e-08,1623580320,2021-06-13T10:32:00
1.58017e-08,1.58017e-08,1.58017e-08,1.58017e-08,1623580020,2021-06-13T10:27:00
1.55816e-08,1.55816e-08,1.54855e-08,1.54855e-08,1623579960,2021-06-13T10:26:00
1.54969e-08,1.54969e-08,1.54969e-08,1.54969e-08,1623579840,2021-06-13T10:24:00
1.55049e-08,1.55939e-08,1.55049e-08,1.55939e-08,1623579780,2021-06-13T10:23:00
1.55994e-08,1.55994e-08,1.55994e-08,1.55994e-08,1623579660,2021-06-13T10:21:00
1.5598e-08,1.5598e-08,1.5598e-08,1.5598e-08,1623579600,2021-06-13T10:20:00
1.5733e-08,1.5733e-08,1.5733e-08,1.5733e-08,1623579540,2021-06-13T10:19:00
1.60233e-08,1.60274e-08,1.60233e-08,1.60274e-08,1623579420,2021-06-13T10:17:00
1.59902e-08,1.59962e-08,1.59902e-08,1.59962e-08,1623579300,2021-06-13T10:15:00
1.59349e-08,1.5965e-08,1.59318e-08,1.5965e-08,1623579240,2021-06-13T10:14:00
1.59317e-08,1.59317e-08,1.59317e-08,1.59317e-08,1623579060,2021-06-13T10:11:00
1.59173e-08,1.59173e-08,1.59173e-08,1.59173e-08,1623578940,2021-06-13T10:09:00
1.59061e-08,1.59061e-08,1.59061e-08,1.59061e-08,1623578880,2021-06-13T10:08:00
1.58713e-08,1.58713e-08,1.58713e-08,1.58713e-08,1623578820,2021-06-13T10:07:00
1.57425e-08,1.57425e-08,1.57425e-08,1.57425e-08,1623578760,2021-06-13T10:06:00
1.56292e-08,1.56292e-08,1.56292e-08,1.56292e-08,1623578640,2021-06-13T10:04:00
1.55366e-08,1.55366e-08,1.55366e-08,1.55366e-08,1623578580,2021-06-13T10:03:00
1.56126e-08,1.56126e-08,1.56126e-08,1.56126e-08,1623578460,2021-06-13T10:01:00
1.55663e-08,1.55664e-08,1.55663e-08,1.55664e-08,1623578340,2021-06-13T09:59:00
1.55441e-08,1.55441e-08,1.55441e-08,1.55441e-08,1623578280,2021-06-13T09:58:00
1.55037e-08,1.55037e-08,1.55037e-08,1.55037e-08,1623578220,2021-06-13T09:57:00
1.54989e-08,1.54989e-08,1.54989e-08,1.54989e-08,1623577920,2021-06-13T09:52:00
1.54974e-08,1.54974e-08,1.54974e-08,1.54974e-08,1623577800,2021-06-13T09:50:00
1.54963e-08,1.54963e-08,1.54963e-08,1.54963e-08,1623577680,2021-06-13T09:48:00
1.54752e-08,1.54752e-08,1.54752e-08,1.54752e-08,1623577440,2021-06-13T09:44:00
1.54736e-08,1.54787e-08,1.54736e-08,1.54787e-08,1623577320,2021-06-13T09:42:00
1.54686e-08,1.54686e-08,1.54686e-08,1.54686e-08,1623577260,2021-06-13T09:41:00
1.54471e-08,1.54471e-08,1.54471e-08,1.54471e-08,1623577200,2021-06-13T09:40:00
1.54474e-08,1.54474e-08,1.54474e-08,1.54474e-08,1623577140,2021-06-13T09:39:00
1.54553e-08,1.54553e-08,1.54553e-08,1.54553e-08,1623577020,2021-06-13T09:37:00
1.5323e-08,1.5323e-08,1.5323e-08,1.5323e-08,1623576780,2021-06-13T09:33:00
1.51973e-08,1.51973e-08,1.51973e-08,1.51973e-08,1623576720,2021-06-13T09:32:00
1.51791e-08,1.51791e-08,1.51791e-08,1.51791e-08,1623576540,2021-06-13T09:29:00
1.51724e-08,1.518e-08,1.51724e-08,1.518e-08,1623576480,2021-06-13T09:28:00
1.5164e-08,1.5164e-08,1.5164e-08,1.5164e-08,1623576360,2021-06-13T09:26:00
1.51196e-08,1.51196e-08,1.51196e-08,1.51196e-08,1623576240,2021-06-13T09:24:00
1.50475e-08,1.50475e-08,1.50475e-08,1.50475e-08,1623576120,2021-06-13T09:22:00
1.51412e-08,1.51412e-08,1.51327e-08,1.51327e-08,1623575880,2021-06-13T09:18:00
1.51329e-08,1.51329e-08,1.51294e-08,1.51294e-08,1623575580,2021-06-13T09:13:00
1.51147e-08,1.51147e-08,1.51147e-08,1.51147e-08,1623575460,2021-06-13T09:11:00
1.51113e-08,1.51113e-08,1.51113e-08,1.51113e-08,1623574740,2021-06-13T08:59:00
1.50972e-08,1.50972e-08,1.50972e-08,1.50972e-08,1623574620,2021-06-13T08:57:00
1.50828e-08,1.50828e-08,1.50828e-08,1.50828e-08,1623574440,2021-06-13T08:54:00
1.50836e-08,1.50836e-08,1.50836e-08,1.50836e-08,1623574380,2021-06-13T08:53:00
1.50692e-08,1.50692e-08,1.50692e-08,1.50692e-08,1623574260,2021-06-13T08:51:00
1.51228e-08,1.51358e-08,1.50232e-08,1.50232e-08,1623574200,2021-06-13T08:50:00
1.52869e-08,1.52869e-08,1.52869e-08,1.52869e-08,1623574140,2021-06-13T08:49:00
1.52965e-08,1.52965e-08,1.52965e-08,1.52965e-08,1623574080,2021-06-13T08:48:00
1.52731e-08,1.52731e-08,1.52731e-08,1.52731e-08,1623573960,2021-06-13T08:46:00
1.48508e-08,1.52747e-08,1.48508e-08,1.52747e-08,1623573840,2021-06-13T08:44:00
1.43594e-08,1.43594e-08,1.43594e-08,1.43594e-08,1623573720,2021-06-13T08:42:00
1.47697e-08,1.47697e-08,1.47697e-08,1.47697e-08,1623573600,2021-06-13T08:40:00
1.47463e-08,1.47463e-08,1.46696e-08,1.46696e-08,1623573540,2021-06-13T08:39:00
1.47248e-08,1.47248e-08,1.47248e-08,1.47248e-08,1623573360,2021-06-13T08:36:00
1.45796e-08,1.45796e-08,1.45796e-08,1.45796e-08,1623573180,2021-06-13T08:33:00
1.46325e-08,1.46325e-08,1.46325e-08,1.46325e-08,1623573120,2021-06-13T08:32:00
1.46706e-08,1.46706e-08,1.46706e-08,1.46706e-08,1623572940,2021-06-13T08:29:00
1.45863e-08,1.46607e-08,1.45695e-08,1.46607e-08,1623572760,2021-06-13T08:26:00
1.45865e-08,1.45865e-08,1.45865e-08,1.45865e-08,1623572700,2021-06-13T08:25:00
1.46843e-08,1.46843e-08,1.46843e-08,1.46843e-08,1623572640,2021-06-13T08:24:00
1.46939e-08,1.46939e-08,1.46939e-08,1.46939e-08,1623572520,2021-06-13T08:22:00
1.46658e-08,1.46665e-08,1.46658e-08,1.46665e-08,1623572280,2021-06-13T08:18:00
1.46574e-08,1.46574e-08,1.46574e-08,1.46574e-08,1623572220,2021-06-13T08:17:00
1.46761e-08,1.46761e-08,1.46761e-08,1.46761e-08,1623572160,2021-06-13T08:16:00
1.4589e-08,1.4589e-08,1.4589e-08,1.4589e-08,1623571920,2021-06-13T08:12:00
1.46966e-08,1.46966e-08,1.46906e-08,1.46906e-08,1623571740,2021-06-13T08:09:00
1.4694e-08,1.4694e-08,1.4694e-08,1.4694e-08,1623571500,2021-06-13T08:05:00
1.468e-08,1.468e-08,1.468e-08,1.468e-08,1623571440,2021-06-13T08:04:00
1.46818e-08,1.46818e-08,1.46752e-08,1.46752e-08,1623571260,2021-06-13T08:01:00
1.4645e-08,1.46748e-08,1.45921e-08,1.46748e-08,1623571200,2021-06-13T08:00:00
1.47578e-08,1.47578e-08,1.47578e-08,1.47578e-08,1623570960,2021-06-13T07:56:00
1.47474e-08,1.47583e-08,1.47474e-08,1.47583e-08,1623570900,2021-06-13T07:55:00
1.46999e-08,1.46999e-08,1.46999e-08,1.46999e-08,1623570840,2021-06-13T07:54:00
1.47917e-08,1.47917e-08,1.47917e-08,1.47917e-08,1623570780,2021-06-13T07:53:00
1.49115e-08,1.49115e-08,1.49047e-08,1.49047e-08,1623570480,2021-06-13T07:48:00
1.48942e-08,1.48942e-08,1.48942e-08,1.48942e-08,1623570420,2021-06-13T07:47:00
1.48012e-08,1.48012e-08,1.48012e-08,1.48012e-08,1623570360,2021-06-13T07:46:00
1.48805e-08,1.48805e-08,1.48805e-08,1.48805e-08,1623570300,2021-06-13T07:45:00
1.4906e-08,1.4906e-08,1.48998e-08,1.48998e-08,1623570180,2021-06-13T07:43:00
1.47854e-08,1.47854e-08,1.47854e-08,1.47854e-08,1623570120,2021-06-13T07:42:00
1.48113e-08,1.48113e-08,1.48113e-08,1.48113e-08,1623570000,2021-06-13T07:40:00
1.48938e-08,1.48938e-08,1.48938e-08,1.48938e-08,1623569880,2021-06-13T07:38:00
1.48839e-08,1.48874e-08,1.48789e-08,1.48874e-08,1623569820,2021-06-13T07:37:00
1.486e-08,1.486e-08,1.486e-08,1.486e-08,1623569760,2021-06-13T07:36:00
1.48262e-08,1.48262e-08,1.48262e-08,1.48262e-08,1623569700,2021-06-13T07:35:00
1.47938e-08,1.47938e-08,1.47938e-08,1.47938e-08,1623569640,2021-06-13T07:34:00
1.47937e-08,1.47937e-08,1.47937e-08,1.47937e-08,1623569580,2021-06-13T07:33:00
1.48116e-08,1.48116e-08,1.47272e-08,1.47272e-08,1623569520,2021-06-13T07:32:00
1.4823e-08,1.4823e-08,1.4823e-08,1.4823e-08,1623569340,2021-06-13T07:29:00
1.47937e-08,1.47937e-08,1.4771e-08,1.4771e-08,1623569280,2021-06-13T07:28:00
1.49803e-08,1.49803e-08,1.48401e-08,1.48401e-08,1623569220,2021-06-13T07:27:00
1.49303e-08,1.49303e-08,1.49303e-08,1.49303e-08,1623569160,2021-06-13T07:26:00
1.49375e-08,1.49375e-08,1.49375e-08,1.49375e-08,1623569040,2021-06-13T07:24:00
1.51165e-08,1.51165e-08,1.51165e-08,1.51165e-08,1623568980,2021-06-13T07:23:00
1.51476e-08,1.51476e-08,1.50318e-08,1.50318e-08,1623568920,2021-06-13T07:22:00
1.51216e-08,1.51216e-08,1.51216e-08,1.51216e-08,1623568860,2021-06-13T07:21:00
1.50874e-08,1.50874e-08,1.50874e-08,1.50874e-08,1623568800,2021-06-13T07:20:00
1.50701e-08,1.50786e-08,1.50701e-08,1.50786e-08,1623568740,2021-06-13T07:19:00
1.50475e-08,1.50634e-08,1.49649e-08,1.50634e-08,1623568500,2021-06-13T07:15:00
1.51823e-08,1.51823e-08,1.50377e-08,1.50377e-08,1623568440,2021-06-13T07:14:00
1.54641e-08,1.54668e-08,1.54608e-08,1.54668e-08,1623568320,2021-06-13T07:12:00
1.54534e-08,1.54534e-08,1.54534e-08,1.54534e-08,1623568260,2021-06-13T07:11:00
1.54389e-08,1.54537e-08,1.54389e-08,1.54537e-08,1623568200,2021-06-13T07:10:00
1.53958e-08,1.53958e-08,1.53958e-08,1.53958e-08,1623568140,2021-06-13T07:09:00
1.5367e-08,1.5367e-08,1.5367e-08,1.5367e-08,1623568080,2021-06-13T07:08:00
1.53636e-08,1.5366e-08,1.53636e-08,1.5366e-08,1623567960,2021-06-13T07:06:00
1.53359e-08,1.53359e-08,1.53359e-08,1.53359e-08,1623567900,2021-06-13T07:05:00
1.53154e-08,1.53154e-08,1.53154e-08,1.53154e-08,1623567840,2021-06-13T07:04:00
1.57458e-08,1.57458e-08,1.57458e-08,1.57458e-08,1623567720,2021-06-13T07:02:00
1.5674e-08,1.57277e-08,1.5674e-08,1.57277e-08,1623567600,2021-06-13T07:00:00
1.55526e-08,1.55526e-08,1.55526e-08,1.55526e-08,1623567540,2021-06-13T06:59:00
1.55536e-08,1.56521e-08,1.55536e-08,1.56521e-08,1623567480,2021-06-13T06:58:00
1.54528e-08,1.55462e-08,1.54528e-08,1.55462e-08,1623567420,2021-06-13T06:57:00
1.55222e-08,1.55222e-08,1.54172e-08,1.55118e-08,1623567360,2021-06-13T06:56:00
1.55049e-08,1.55049e-08,1.55049e-08,1.55049e-08,1623567240,2021-06-13T06:54:00
1.54587e-08,1.54821e-08,1.54587e-08,1.54821e-08,1623567180,2021-06-13T06:53:00
1.54333e-08,1.54333e-08,1.54333e-08,1.54333e-08,1623567060,2021-06-13T06:51:00
1.54065e-08,1.54065e-08,1.54065e-08,1.54065e-08,1623566880,2021-06-13T06:48:00
1.53646e-08,1.53848e-08,1.53646e-08,1.53848e-08,1623566820,2021-06-13T06:47:00
1.53568e-08,1.53568e-08,1.53568e-08,1.53568e-08,1623566760,2021-06-13T06:46:00
1.53466e-08,1.53466e-08,1.53466e-08,1.53466e-08,1623566700,2021-06-13T06:45:00
1.53257e-08,1.53283e-08,1.53257e-08,1.53283e-08,1623566640,2021-06-13T06:44:00
1.52825e-08,1.53125e-08,1.52825e-08,1.53125e-08,1623566580,2021-06-13T06:43:00
1.52844e-08,1.52844e-08,1.52844e-08,1.52844e-08,1623566520,2021-06-13T06:42:00
1.52635e-08,1.52777e-08,1.52635e-08,1.52777e-08,1623566340,2021-06-13T06:39:00
1.52599e-08,1.52599e-08,1.52599e-08,1.52599e-08,1623566280,2021-06-13T06:38:00
1.52381e-08,1.52592e-08,1.52381e-08,1.52592e-08,1623566220,2021-06-13T06:37:00
1.52403e-08,1.52403e-08,1.52403e-08,1.52403e-08,1623566040,2021-06-13T06:34:00
1.51216e-08,1.52248e-08,1.51216e-08,1.52248e-08,1623565920,2021-06-13T06:32:00
1.51771e-08,1.51917e-08,1.50607e-08,1.50607e-08,1623565740,2021-06-13T06:29:00
1.51596e-08,1.51596e-08,1.51596e-08,1.51596e-08,1623565680,2021-06-13T06:28:00
1.51431e-08,1.51431e-08,1.51431e-08,1.51431e-08,1623565620,2021-06-13T06:27:00
1.51093e-08,1.51184e-08,1.51093e-08,1.51184e-08,1623565560,2021-06-13T06:26:00
1.51033e-08,1.51089e-08,1.51033e-08,1.51089e-08,1623565500,2021-06-13T06:25:00
1.51054e-08,1.51054e-08,1.51054e-08,1.51054e-08,1623565440,2021-06-13T06:24:00
1.5018e-08,1.5018e-08,1.5018e-08,1.5018e-08,1623565380,2021-06-13T06:23:00
1.4905e-08,1.49798e-08,1.4905e-08,1.49798e-08,1623565020,2021-06-13T06:17:00
1.50595e-08,1.50595e-08,1.50595e-08,1.50595e-08,1623564960,2021-06-13T06:16:00
1.50579e-08,1.50579e-08,1.50579e-08,1.50579e-08,1623564900,2021-06-13T06:15:00
1.50836e-08,1.50836e-08,1.50564e-08,1.50564e-08,1623564780,2021-06-13T06:13:00
1.50552e-08,1.50928e-08,1.50552e-08,1.50928e-08,1623564600,2021-06-13T06:10:00
1.50539e-08,1.50539e-08,1.50539e-08,1.50539e-08,1623564540,2021-06-13T06:09:00
1.48124e-08,1.49194e-08,1.48124e-08,1.49194e-08,1623564480,2021-06-13T06:08:00
1.48793e-08,1.48793e-08,1.48793e-08,1.48793e-08,1623564240,2021-06-13T06:04:00
1.48773e-08,1.48887e-08,1.48773e-08,1.48887e-08,1623564060,2021-06-13T06:01:00
1.48868e-08,1.48868e-08,1.48868e-08,1.48868e-08,1623564000,2021-06-13T06:00:00
1.48722e-08,1.48722e-08,1.48722e-08,1.48722e-08,1623563880,2021-06-13T05:58:00
1.48808e-08,1.48808e-08,1.48808e-08,1.48808e-08,1623563820,2021-06-13T05:57:00
1.48819e-08,1.48819e-08,1.48819e-08,1.48819e-08,1623563760,2021-06-13T05:56:00
1.4889e-08,1.4889e-08,1.4889e-08,1.4889e-08,1623563700,2021-06-13T05:55:00
1.48197e-08,1.48197e-08,1.48197e-08,1.48197e-08,1623563580,2021-06-13T05:53:00
1.50059e-08,1.50059e-08,1.50059e-08,1.50059e-08,1623563520,2021-06-13T05:52:00
1.49562e-08,1.49688e-08,1.49562e-08,1.49688e-08,1623563460,2021-06-13T05:51:00
1.50717e-08,1.50717e-08,1.49072e-08,1.49072e-08,1623563280,2021-06-13T05:48:00
1.50723e-08,1.50723e-08,1.50723e-08,1.50723e-08,1623563160,2021-06-13T05:46:00
1.50804e-08,1.50804e-08,1.50804e-08,1.50804e-08,1623563100,2021-06-13T05:45:00
1.50653e-08,1.50732e-08,1.50653e-08,1.50732e-08,1623563040,2021-06-13T05:44:00
1.50114e-08,1.50114e-08,1.50114e-08,1.50114e-08,1623562980,2021-06-13T05:43:00
1.49808e-08,1.49808e-08,1.49808e-08,1.49808e-08,1623562920,2021-06-13T05:42:00
1.49287e-08,1.49495e-08,1.49287e-08,1.49495e-08,1623562860,2021-06-13T05:41:00
1.49388e-08,1.49399e-08,1.49388e-08,1.49399e-08,1623562800,2021-06-13T05:40:00
1.49539e-08,1.49539e-08,1.49409e-08,1.49409e-08,1623562680,2021-06-13T05:38:00
1.48856e-08,1.48856e-08,1.48856e-08,1.48856e-08,1623562560,2021-06-13T05:36:00
1.504e-08,1.504e-08,1.504e-08,1.504e-08,1623562440,2021-06-13T05:34:00
1.50083e-08,1.50083e-08,1.50053e-08,1.50053e-08,1623562260,2021-06-13T05:31:00
1.49803e-08,1.50155e-08,1.49803e-08,1.50155e-08,1623562140,2021-06-13T05:29:00
1.49839e-08,1.49839e-08,1.49839e-08,1.49839e-08,1623562080,2021-06-13T05:28:00
1.49981e-08,1.49981e-08,1.49981e-08,1.49981e-08,1623562020,2021-06-13T05:27:00
1.49612e-08,1.49792e-08,1.49612e-08,1.49792e-08,1623561900,2021-06-13T05:25:00
1.49616e-08,1.49616e-08,1.49616e-08,1.49616e-08,1623561780,2021-06-13T05:23:00
1.48349e-08,1.48349e-08,1.48349e-08,1.48349e-08,1623561600,2021-06-13T05:20:00
1.48626e-08,1.4994e-08,1.48626e-08,1.4994e-08,1623561480,2021-06-13T05:18:00
1.50136e-08,1.50382e-08,1.48799e-08,1.48799e-08,1623561360,2021-06-13T05:16:00
1.50359e-08,1.50539e-08,1.49865e-08,1.49865e-08,1623561300,2021-06-13T05:15:00
1.5061e-08,1.5061e-08,1.5061e-08,1.5061e-08,1623561240,2021-06-13T05:14:00
1.50645e-08,1.50645e-08,1.49351e-08,1.49351e-08,1623561120,2021-06-13T05:12:00
1.50654e-08,1.50945e-08,1.50654e-08,1.50945e-08,1623561060,2021-06-13T05:11:00
1.49379e-08,1.49731e-08,1.49379e-08,1.49731e-08,1623561000,2021-06-13T05:10:00
1.48639e-08,1.48639e-08,1.48639e-08,1.48639e-08,1623560940,2021-06-13T05:09:00
1.48979e-08,1.49487e-08,1.48979e-08,1.49404e-08,1623560880,2021-06-13T05:08:00
1.49136e-08,1.49136e-08,1.48302e-08,1.48302e-08,1623560820,2021-06-13T05:07:00
1.49084e-08,1.49084e-08,1.49057e-08,1.49057e-08,1623560700,2021-06-13T05:05:00
1.49411e-08,1.49411e-08,1.48631e-08,1.49222e-08,1623560580,2021-06-13T05:03:00
1.50149e-08,1.50338e-08,1.49395e-08,1.49395e-08,1623560520,2021-06-13T05:02:00
1.49862e-08,1.49951e-08,1.49862e-08,1.49951e-08,1623560460,2021-06-13T05:01:00
1.51113e-08,1.51754e-08,1.51113e-08,1.51754e-08,1623560340,2021-06-13T04:59:00
1.49835e-08,1.50742e-08,1.49835e-08,1.50742e-08,1623560280,2021-06-13T04:58:00
1.50703e-08,1.50703e-08,1.49953e-08,1.49953e-08,1623560220,2021-06-13T04:57:00
1.49766e-08,1.49766e-08,1.49766e-08,1.49766e-08,1623560160,2021-06-13T04:56:00
1.4867e-08,1.49428e-08,1.4867e-08,1.49428e-08,1623560040,2021-06-13T04:54:00
1.48903e-08,1.5003e-08,1.48903e-08,1.5003e-08,1623559980,2021-06-13T04:53:00
1.4725e-08,1.4735e-08,1.45497e-08,1.46472e-08,1623559800,2021-06-13T04:50:00
1.47178e-08,1.47359e-08,1.47178e-08,1.47359e-08,1623559740,2021-06-13T04:49:00
1.46314e-08,1.46314e-08,1.46314e-08,1.46314e-08,1623559680,2021-06-13T04:48:00
1.44799e-08,1.47148e-08,1.44799e-08,1.47103e-08,1623559620,2021-06-13T04:47:00
1.44143e-08,1.44874e-08,1.44143e-08,1.44874e-08,1623559440,2021-06-13T04:44:00
1.45091e-08,1.45633e-08,1.45091e-08,1.45472e-08,1623559380,2021-06-13T04:43:00
1.43614e-08,1.44847e-08,1.43614e-08,1.44239e-08,1623559320,2021-06-13T04:42:00
1.43517e-08,1.44548e-08,1.43517e-08,1.44548e-08,1623559260,2021-06-13T04:41:00
1.4722e-08,1.4722e-08,1.4722e-08,1.4722e-08,1623559200,2021-06-13T04:40:00
1.46966e-08,1.46966e-08,1.46966e-08,1.46966e-08,1623559080,2021-06-13T04:38:00
1.52201e-08,1.52977e-08,1.52201e-08,1.52977e-08,1623559020,2021-06-13T04:37:00
1.52385e-08,1.5243e-08,1.51241e-08,1.51241e-08,1623558960,2021-06-13T04:36:00
1.52319e-08,1.52319e-08,1.52319e-08,1.52319e-08,1623558900,2021-06-13T04:35:00
1.53169e-08,1.53196e-08,1.53169e-08,1.53196e-08,1623558840,2021-06-13T04:34:00
1.55011e-08,1.56938e-08,1.52842e-08,1.52842e-08,1623558780,2021-06-13T04:33:00
1.47607e-08,1.53665e-08,1.4685e-08,1.53665e-08,1623558720,2021-06-13T04:32:00
1.46398e-08,1.47273e-08,1.46398e-08,1.47273e-08,1623558660,2021-06-13T04:31:00
1.40447e-08,1.45716e-08,1.40348e-08,1.45716e-08,1623558540,2021-06-13T04:29:00
1.42474e-08,1.42474e-08,1.40336e-08,1.40336e-08,1623558420,2021-06-13T04:27:00
1.40579e-08,1.41368e-08,1.40579e-08,1.41368e-08,1623558360,2021-06-13T04:26:00
1.3854e-08,1.40972e-08,1.3854e-08,1.40437e-08,1623558300,2021-06-13T04:25:00
1.37608e-08,1.37608e-08,1.37608e-08,1.37608e-08,1623558240,2021-06-13T04:24:00
1.37602e-08,1.37842e-08,1.36807e-08,1.36807e-08,1623558180,2021-06-13T04:23:00
1.37548e-08,1.37644e-08,1.37548e-08,1.37644e-08,1623558120,2021-06-13T04:22:00
1.35396e-08,1.37277e-08,1.35396e-08,1.37277e-08,1623558000,2021-06-13T04:20:00
1.33618e-08,1.34977e-08,1.33618e-08,1.34882e-08,1623557940,2021-06-13T04:19:00
1.25807e-08,1.30422e-08,1.25807e-08,1.30422e-08,1623557880,2021-06-13T04:18:00
1.22905e-08,1.25726e-08,1.22905e-08,1.25726e-08,1623557820,2021-06-13T04:17:00
1.21714e-08,1.22227e-08,1.21714e-08,1.22227e-08,1623557760,2021-06-13T04:16:00
1.21614e-08,1.21614e-08,1.21614e-08,1.21614e-08,1623557640,2021-06-13T04:14:00
1.2142e-08,1.2142e-08,1.2142e-08,1.2142e-08,1623557580,2021-06-13T04:13:00
1.19278e-08,1.20118e-08,1.19278e-08,1.20118e-08,1623557520,2021-06-13T04:12:00
1.18742e-08,1.19163e-08,1.18742e-08,1.19163e-08,1623557460,2021-06-13T04:11:00
1.1866e-08,1.1866e-08,1.17981e-08,1.17981e-08,1623557400,2021-06-13T04:10:00
1.18181e-08,1.1824e-08,1.18181e-08,1.1824e-08,1623557340,2021-06-13T04:09:00
1.1817e-08,1.1817e-08,1.1817e-08,1.1817e-08,1623557280,2021-06-13T04:08:00
1.16186e-08,1.17899e-08,1.16186e-08,1.17899e-08,1623557220,2021-06-13T04:07:00
1.16012e-08,1.16048e-08,1.15909e-08,1.16048e-08,1623557160,2021-06-13T04:06:00
1.16081e-08,1.16081e-08,1.16081e-08,1.16081e-08,1623557100,2021-06-13T04:05:00
1.15823e-08,1.15823e-08,1.15823e-08,1.15823e-08,1623557040,2021-06-13T04:04:00
1.15665e-08,1.15759e-08,1.15665e-08,1.15759e-08,1623556980,2021-06-13T04:03:00
1.15351e-08,1.15704e-08,1.1496e-08,1.15704e-08,1623556920,2021-06-13T04:02:00
1.15527e-08,1.15527e-08,1.15527e-08,1.15527e-08,1623556860,2021-06-13T04:01:00
1.15356e-08,1.15573e-08,1.15356e-08,1.15573e-08,1623556800,2021-06-13T04:00:00
1.14696e-08,1.15447e-08,1.14696e-08,1.15447e-08,1623556740,2021-06-13T03:59:00
1.1422e-08,1.14432e-08,1.1422e-08,1.14432e-08,1623556680,2021-06-13T03:58:00
1.13555e-08,1.1399e-08,1.13551e-08,1.1399e-08,1623556620,2021-06-13T03:57:00
1.13326e-08,1.13326e-08,1.13251e-08,1.13251e-08,1623556500,2021-06-13T03:55:00
1.13314e-08,1.13375e-08,1.13314e-08,1.13375e-08,1623556440,2021-06-13T03:54:00
1.12239e-08,1.12971e-08,1.12239e-08,1.12971e-08,1623556380,2021-06-13T03:53:00
1.11624e-08,1.1229e-08,1.11624e-08,1.1229e-08,1623556320,2021-06-13T03:52:00
1.0887e-08,1.11414e-08,1.08832e-08,1.11414e-08,1623556260,2021-06-13T03:51:00
1.08998e-08,1.08998e-08,1.08199e-08,1.08199e-08,1623556200,2021-06-13T03:50:00
1.09043e-08,1.09043e-08,1.09043e-08,1.09043e-08,1623556140,2021-06-13T03:49:00
1.08842e-08,1.08842e-08,1.08842e-08,1.08842e-08,1623556020,2021-06-13T03:47:00
1.08856e-08,1.08856e-08,1.08844e-08,1.08851e-08,1623555960,2021-06-13T03:46:00
1.08799e-08,1.08799e-08,1.08799e-08,1.08799e-08,1623555900,2021-06-13T03:45:00
1.08807e-08,1.08807e-08,1.08807e-08,1.08807e-08,1623555840,2021-06-13T03:44:00
1.08551e-08,1.08556e-08,1.08551e-08,1.08556e-08,1623555720,2021-06-13T03:42:00
1.08638e-08,1.08688e-08,1.08638e-08,1.08688e-08,1623555660,2021-06-13T03:41:00
1.08539e-08,1.08683e-08,1.08539e-08,1.08683e-08,1623555600,2021-06-13T03:40:00
1.08442e-08,1.08448e-08,1.08343e-08,1.08343e-08,1623555540,2021-06-13T03:39:00
1.08622e-08,1.08622e-08,1.08622e-08,1.08622e-08,1623555480,2021-06-13T03:38:00
1.08877e-08,1.08908e-08,1.07957e-08,1.07957e-08,1623555420,2021-06-13T03:37:00
1.10385e-08,1.10438e-08,1.08801e-08,1.08801e-08,1623555360,2021-06-13T03:36:00
1.09936e-08,1.10031e-08,1.09936e-08,1.10031e-08,1623555300,2021-06-13T03:35:00
1.09707e-08,1.09823e-08,1.09707e-08,1.09823e-08,1623555240,2021-06-13T03:34:00
1.08353e-08,1.09457e-08,1.08353e-08,1.09457e-08,1623555180,2021-06-13T03:33:00
1.12327e-08,1.12327e-08,1.12327e-08,1.12327e-08,1623555120,2021-06-13T03:32:00
1.11632e-08,1.11632e-08,1.11632e-08,1.11632e-08,1623555060,2021-06-13T03:31:00
1.11308e-08,1.11697e-08,1.11308e-08,1.11697e-08,1623555000,2021-06-13T03:30:00
1.1117e-08,1.1117e-08,1.1117e-08,1.1117e-08,1623554940,2021-06-13T03:29:00
1.11112e-08,1.11177e-08,1.11112e-08,1.11177e-08,1623554880,2021-06-13T03:28:00
1.10848e-08,1.10848e-08,1.10735e-08,1.10735e-08,1623554820,2021-06-13T03:27:00
1.10746e-08,1.11006e-08,1.10746e-08,1.10956e-08,1623554700,2021-06-13T03:25:00
1.09981e-08,1.09981e-08,1.09981e-08,1.09981e-08,1623554640,2021-06-13T03:24:00
1.09983e-08,1.09983e-08,1.09983e-08,1.09983e-08,1623554580,2021-06-13T03:23:00
1.10006e-08,1.10006e-08,1.10006e-08,1.10006e-08,1623554520,2021-06-13T03:22:00
1.09702e-08,1.09813e-08,1.09702e-08,1.09813e-08,1623554400,2021-06-13T03:20:00
1.09371e-08,1.10235e-08,1.09371e-08,1.09718e-08,1623554340,2021-06-13T03:19:00
1.09194e-08,1.10186e-08,1.09194e-08,1.10186e-08,1623554280,2021-06-13T03:18:00
1.09414e-08,1.09558e-08,1.08231e-08,1.08231e-08,1623554220,2021-06-13T03:17:00
1.09731e-08,1.09731e-08,1.08843e-08,1.08843e-08,1623554160,2021-06-13T03:16:00
1.09582e-08,1.09688e-08,1.09582e-08,1.09688e-08,1623554100,2021-06-13T03:15:00
1.11948e-08,1.11976e-08,1.11904e-08,1.11976e-08,1623554040,2021-06-13T03:14:00
1.11495e-08,1.11573e-08,1.11495e-08,1.11573e-08,1623553980,2021-06-13T03:13:00
1.11548e-08,1.11548e-08,1.11548e-08,1.11548e-08,1623553920,2021-06-13T03:12:00
1.09381e-08,1.11549e-08,1.09381e-08,1.11549e-08,1623553860,2021-06-13T03:11:00
1.07768e-08,1.07768e-08,1.07768e-08,1.07768e-08,1623553800,2021-06-13T03:10:00
1.08026e-08,1.08026e-08,1.07652e-08,1.07723e-08,1623553740,2021-06-13T03:09:00
1.10028e-08,1.10187e-08,1.07389e-08,1.07389e-08,1623553680,2021-06-13T03:08:00
1.09959e-08,1.09959e-08,1.09959e-08,1.09959e-08,1623553620,2021-06-13T03:07:00
1.08451e-08,1.09802e-08,1.08451e-08,1.09802e-08,1623553560,2021-06-13T03:06:00
1.0849e-08,1.0849e-08,1.0849e-08,1.0849e-08,1623553380,2021-06-13T03:03:00
1.08459e-08,1.08459e-08,1.08459e-08,1.08459e-08,1623553320,2021-06-13T03:02:00
1.09853e-08,1.09855e-08,1.08144e-08,1.08274e-08,1623553260,2021-06-13T03:01:00
1.09927e-08,1.10011e-08,1.09927e-08,1.09956e-08,1623553200,2021-06-13T03:00:00
1.09483e-08,1.09859e-08,1.09483e-08,1.09859e-08,1623553140,2021-06-13T02:59:00
1.09376e-08,1.09379e-08,1.09376e-08,1.09379e-08,1623553080,2021-06-13T02:58:00
1.08006e-08,1.09487e-08,1.08006e-08,1.09487e-08,1623553020,2021-06-13T02:57:00
1.06101e-08,1.06951e-08,1.06101e-08,1.06951e-08,1623552960,2021-06-13T02:56:00
1.05099e-08,1.05458e-08,1.05099e-08,1.05458e-08,1623552900,2021-06-13T02:55:00
1.04593e-08,1.04593e-08,1.04593e-08,1.04593e-08,1623552840,2021-06-13T02:54:00
1.05172e-08,1.05254e-08,1.05172e-08,1.05254e-08,1623552780,2021-06-13T02:53:00
1.04951e-08,1.05058e-08,1.04883e-08,1.05058e-08,1623552660,2021-06-13T02:51:00
1.05749e-08,1.05749e-08,1.0467e-08,1.0467e-08,1623552600,2021-06-13T02:50:00
1.05091e-08,1.05364e-08,1.05091e-08,1.05361e-08,1623552540,2021-06-13T02:49:00
1.07396e-08,1.07846e-08,1.04502e-08,1.05009e-08,1623552480,2021-06-13T02:48:00
1.08519e-08,1.08754e-08,1.06154e-08,1.06154e-08,1623552360,2021-06-13T02:46:00
1.10566e-08,1.10566e-08,1.0645e-08,1.0645e-08,1623552300,2021-06-13T02:45:00
1.10192e-08,1.10192e-08,1.10192e-08,1.10192e-08,1623552240,2021-06-13T02:44:00
1.10994e-08,1.10994e-08,1.10994e-08,1.10994e-08,1623552120,2021-06-13T02:42:00
1.09857e-08,1.10499e-08,1.09857e-08,1.10499e-08,1623552060,2021-06-13T02:41:00
1.1271e-08,1.1271e-08,1.09821e-08,1.09821e-08,1623552000,2021-06-13T02:40:00
1.18573e-08,1.19354e-08,1.15464e-08,1.15464e-08,1623551940,2021-06-13T02:39:00
1.17924e-08,1.18061e-08,1.17924e-08,1.18061e-08,1623551880,2021-06-13T02:38:00
1.17121e-08,1.20239e-08,1.17121e-08,1.19494e-08,1623551820,2021-06-13T02:37:00
1.2316e-08,1.2316e-08,1.1733e-08,1.1733e-08,1623551760,2021-06-13T02:36:00
1.30169e-08,1.30169e-08,1.30169e-08,1.30169e-08,1623551700,2021-06-13T02:35:00
1.33247e-08,1.33247e-08,1.33247e-08,1.33247e-08,1623551640,2021-06-13T02:34:00
9.20247e-09,1.33244e-08,9.20247e-09,1.33244e-08,1623551580,2021-06-13T02:33:00
9.13578e-09,9.24114e-09,9.13578e-09,9.24114e-09,1623551520,2021-06-13T02:32:00
1.02206e-08,1.0257e-08,9.61262e-09,9.61262e-09,1623551460,2021-06-13T02:31:00
1.01721e-08,1.01874e-08,1.01721e-08,1.01874e-08,1623551400,2021-06-13T02:30:00
1.01274e-08,1.0138e-08,1.01274e-08,1.0138e-08,1623551340,2021-06-13T02:29:00
1.00642e-08,1.01218e-08,1.00642e-08,1.01218e-08,1623551280,2021-06-13T02:28:00
1.00292e-08,1.00568e-08,9.98022e-09,1.00568e-08,1623551220,2021-06-13T02:27:00
9.96851e-09,9.97989e-09,9.96851e-09,9.97989e-09,1623551160,2021-06-13T02:26:00
9.9609e-09,9.9609e-09,9.9609e-09,9.9609e-09,1623551100,2021-06-13T02:25:00
9.75864e-09,9.92928e-09,9.75864e-09,9.92928e-09,1623551040,2021-06-13T02:24:00
9.71876e-09,9.75174e-09,9.71876e-09,9.74373e-09,1623550980,2021-06-13T02:23:00
9.55576e-09,9.62643e-09,9.49126e-09,9.62643e-09,1623550920,2021-06-13T02:22:00
9.95051e-09,9.95051e-09,9.335e-09,9.51949e-09,1623550860,2021-06-13T02:21:00
9.93707e-09,9.94308e-09,9.93707e-09,9.94308e-09,1623550800,2021-06-13T02:20:00
9.92303e-09,9.92303e-09,9.92303e-09,9.92303e-09,1623550740,2021-06-13T02:19:00
1.00105e-08,1.00105e-08,1.00105e-08,1.00105e-08,1623550620,2021-06-13T02:17:00
1.01047e-08,1.01047e-08,1.01047e-08,1.01047e-08,1623550560,2021-06-13T02:16:00
1.00566e-08,1.01066e-08,1.00549e-08,1.01066e-08,1623550500,2021-06-13T02:15:00
9.92818e-09,1.00412e-08,9.92818e-09,1.00412e-08,1623550440,2021-06-13T02:14:00
9.91702e-09,9.93069e-09,9.91702e-09,9.92887e-09,1623550320,2021-06-13T02:12:00
9.90666e-09,9.90666e-09,9.85607e-09,9.85607e-09,1623550260,2021-06-13T02:11:00
9.7935e-09,9.8775e-09,9.7935e-09,9.8775e-09,1623550200,2021-06-13T02:10:00
9.75786e-09,9.81163e-09,9.7212e-09,9.81163e-09,1623550140,2021-06-13T02:09:00
9.64648e-09,9.81597e-09,9.64648e-09,9.81597e-09,1623550080,2021-06-13T02:08:00
9.97576e-09,9.97576e-09,9.82616e-09,9.82616e-09,1623550020,2021-06-13T02:07:00
9.95743e-09,9.95743e-09,9.89627e-09,9.94288e-09,1623549960,2021-06-13T02:06:00
9.9537e-09,9.9537e-09,9.94516e-09,9.94954e-09,1623549900,2021-06-13T02:05:00
9.70345e-09,9.7115e-09,9.70345e-09,9.7115e-09,1623549840,2021-06-13T02:04:00
9.69866e-09,9.72272e-09,9.69168e-09,9.69913e-09,1623549780,2021-06-13T02:03:00
1.06082e-08,1.06082e-08,9.34956e-09,9.59702e-09,1623549720,2021-06-13T02:02:00
1.03774e-08,1.03774e-08,1.03774e-08,1.03774e-08,1623549660,2021-06-13T02:01:00
1.0261e-08,1.03211e-08,1.0261e-08,1.03184e-08,1623549600,2021-06-13T02:00:00
1.01688e-08,1.01688e-08,1.01688e-08,1.01688e-08,1623549540,2021-06-13T01:59:00
1.0038e-08,1.00404e-08,1.00348e-08,1.00404e-08,1623549480,2021-06-13T01:58:00
9.81583e-09,9.99633e-09,9.81583e-09,9.99633e-09,1623549420,2021-06-13T01:57:00
9.65859e-09,9.72141e-09,9.65859e-09,9.72141e-09,1623549360,2021-06-13T01:56:00
9.6099e-09,9.6099e-09,9.6099e-09,9.6099e-09,1623549300,2021-06-13T01:55:00
9.49516e-09,9.59371e-09,9.49516e-09,9.59371e-09,1623549240,2021-06-13T01:54:00
9.43635e-09,9.45238e-09,9.42126e-09,9.45238e-09,1623549180,2021-06-13T01:53:00
9.41352e-09,9.47884e-09,9.39559e-09,9.39559e-09,1623549120,2021-06-13T01:52:00
9.51654e-09,9.51654e-09,9.4679e-09,9.4679e-09,1623549060,2021-06-13T01:51:00
9.56873e-09,9.56873e-09,9.42948e-09,9.42948e-09,1623549000,2021-06-13T01:50:00
9.80892e-09,9.80892e-09,9.80892e-09,9.80892e-09,1623548940,2021-06-13T01:49:00
1.06519e-08,1.06519e-08,9.73352e-09,9.73352e-09,1623548880,2021-06-13T01:48:00
1.12253e-08,1.12476e-08,1.06484e-08,1.06484e-08,1623548820,2021-06-13T01:47:00
1.12625e-08,1.12625e-08,1.11666e-08,1.12033e-08,1623548760,2021-06-13T01:46:00
1.12606e-08,1.12719e-08,1.12054e-08,1.12478e-08,1623548700,2021-06-13T01:45:00
1.09059e-08,1.12552e-08,1.09059e-08,1.12552e-08,1623548640,2021-06-13T01:44:00
1.07837e-08,1.08905e-08,1.07837e-08,1.08905e-08,1623548580,2021-06-13T01:43:00
1.03897e-08,1.06955e-08,1.03897e-08,1.06955e-08,1623548520,2021-06-13T01:42:00
9.62354e-09,9.96391e-09,9.62354e-09,9.96391e-09,1623548460,2021-06-13T01:41:00
9.02306e-09,9.27259e-09,9.02306e-09,9.27259e-09,1623548400,2021-06-13T01:40:00
8.70095e-09,9.06128e-09,8.70095e-09,9.06128e-09,1623548340,2021-06-13T01:39:00
9.55811e-09,9.62797e-09,8.67802e-09,8.67802e-09,1623548280,2021-06-13T01:38:00
9.349e-09,9.61545e-09,9.34005e-09,9.61545e-09,1623548220,2021-06-13T01:37:00
8.90511e-09,9.31656e-09,8.90511e-09,9.31656e-09,1623548160,2021-06-13T01:36:00
1.04574e-08,1.0565e-08,8.89109e-09,8.89109e-09,1623548100,2021-06-13T01:35:00
1.16854e-08,1.16854e-08,1.04574e-08,1.04574e-08,1623548040,2021-06-13T01:34:00
1.15311e-08,1.16319e-08,1.15311e-08,1.16319e-08,1623547980,2021-06-13T01:33:00
1.24626e-08,1.24626e-08,1.15145e-08,1.1517e-08,1623547920,2021-06-13T01:32:00
1.24856e-08,1.24856e-08,1.24856e-08,1.24856e-08,1623547860,2021-06-13T01:31:00
1.27843e-08,1.3564e-08,1.24646e-08,1.24646e-08,1623547800,2021-06-13T01:30:00
1.19561e-08,1.27621e-08,1.19132e-08,1.27621e-08,1623547740,2021-06-13T01:29:00
1.28741e-08,1.2984e-08,1.19534e-08,1.19534e-08,1623547680,2021-06-13T01:28:00
1.39554e-08,1.39554e-08,1.27773e-08,1.28162e-08,1623547620,2021-06-13T01:27:00
1.45167e-08,1.46125e-08,1.39445e-08,1.39496e-08,1623547560,2021-06-13T01:26:00
1.51663e-08,1.51663e-08,1.47788e-08,1.47993e-08,1623547500,2021-06-13T01:25:00
1.39638e-08,1.50525e-08,1.39558e-08,1.50478e-08,1623547440,2021-06-13T01:24:00
1.41631e-08,1.41631e-08,1.41631e-08,1.41631e-08,1623547380,2021-06-13T01:23:00
1.43686e-08,1.44699e-08,1.37096e-08,1.40532e-08,1623547320,2021-06-13T01:22:00
1.43375e-08,1.44249e-08,1.43375e-08,1.44249e-08,1623547260,2021-06-13T01:21:00
1.5258e-08,1.58642e-08,1.4505e-08,1.4505e-08,1623547200,2021-06-13T01:20:00
1.50085e-08,1.51422e-08,1.50085e-08,1.51422e-08,1623547140,2021-06-13T01:19:00
1.58498e-08,1.6024e-08,1.56877e-08,1.57375e-08,1623547080,2021-06-13T01:18:00
1.79498e-08,1.79498e-08,1.46879e-08,1.56948e-08,1623547020,2021-06-13T01:17:00
1.55871e-08,2.13143e-08,1.55871e-08,1.7624e-08,1623546960,2021-06-13T01:16:00
1.41242e-08,1.41242e-08,1.28517e-08,1.33825e-08,1623546900,2021-06-13T01:15:00
1.35931e-08,1.43452e-08,1.31803e-08,1.43452e-08,1623546840,2021-06-13T01:14:00
1.36554e-08,1.41351e-08,1.34519e-08,1.34519e-08,1623546780,2021-06-13T01:13:00
1.44715e-08,1.45235e-08,1.27728e-08,1.41434e-08,1623546720,2021-06-13T01:12:00
1.3835e-08,1.39094e-08,1.3835e-08,1.39094e-08,1623546660,2021-06-13T01:11:00
1.54762e-08,1.56682e-08,1.51769e-08,1.51769e-08,1623546600,2021-06-13T01:10:00
1.29712e-08,1.51491e-08,1.29712e-08,1.51491e-08,1623546540,2021-06-13T01:09:00
1.746e-08,1.746e-08,1.68753e-08,1.68753e-08,1623546480,2021-06-13T01:08:00
1.50935e-08,1.63406e-08,1.50935e-08,1.63406e-08,1623546420,2021-06-13T01:07:00
1.24681e-08,1.50966e-08,1.24681e-08,1.50966e-08,1623546360,2021-06-13T01:06:00
1.35209e-08,1.47921e-08,1.23992e-08,1.23992e-08,1623546300,2021-06-13T01:05:00
1.45667e-08,1.45667e-08,1.4253e-08,1.44668e-08,1623546240,2021-06-13T01:04:00
1.53299e-08,1.53299e-08,1.47371e-08,1.47371e-08,1623546180,2021-06-13T01:03:00
1.54491e-08,1.54491e-08,1.54491e-08,1.54491e-08,1623546120,2021-06-13T01:02:00
1.70143e-08,1.70143e-08,1.70143e-08,1.70143e-08,1623546060,2021-06-13T01:01:00
1.86116e-08,1.86116e-08,1.77981e-08,1.77981e-08,1623546000,2021-06-13T01:00:00
1.95847e-08,2.15997e-08,1.95847e-08,2.15997e-08,1623545940,2021-06-13T00:59:00
1.89185e-08,2.10746e-08,1.89185e-08,2.10746e-08,1623545880,2021-06-13T00:58:00
1.89143e-08,1.92828e-08,1.89143e-08,1.92715e-08,1623545820,2021-06-13T00:57:00
1.73796e-08,2.09538e-08,1.73796e-08,1.81065e-08,1623545760,2021-06-13T00:56:00
1.58387e-08,2.17521e-08,1.5506e-08,1.65896e-08,1623545700,2021-06-13T00:55:00
1.16348e-08,1.36112e-08,1.16348e-08,1.36112e-08,1623545640,2021-06-13T00:54:00
1.75201e-08,1.78067e-08,1.75201e-08,1.78067e-08,1623545580,2021-06-13T00:53:00
1.88309e-08,2.13135e-08,1.67382e-08,1.67382e-08,1623545520,2021-06-13T00:52:00
2.31189e-08,2.31189e-08,1.83453e-08,2.1353e-08,1623545460,2021-06-13T00:51:00
1.90883e-08,2.18705e-08,1.67572e-08,2.18705e-08,1623545400,2021-06-13T00:50:00
1.29482e-08,1.76744e-08,1.29482e-08,1.60439e-08,1623545340,2021-06-13T00:49:00
1.00544e-08,1.19346e-08,1.00544e-08,1.19346e-08,1623545280,2021-06-13T00:48:00
5.89788e-09,7.86727e-09,5.89788e-09,7.36649e-09,1623545220,2021-06-13T00:47:00
4.59285e-09,5.55305e-09,4.59285e-09,5.55305e-09,1623545160,2021-06-13T00:46:00
2.99476e-09,4.67526e-09,2.99476e-09,4.67526e-09,1623545100,2021-06-13T00:45:00
2.08536e-09,2.9087e-09,2.08536e-09,2.9087e-09,1623545040,2021-06-13T00:44:00
9.72672e-10,1.59004e-09,9.72672e-10,1.59004e-09,1623544980,2021-06-13T00:43:00
7.00043e-10,9.62863e-10,7.00043e-10,9.62863e-10,1623544920,2021-06-13T00:42:00
3.73675e-10,6.87264e-10,3.73675e-10,6.87264e-10,1623544800,2021-06-13T00:40:00
2.82383e-10,2.98122e-10,2.82383e-10,2.98122e-10,1623544740,2021-06-13T00:39:00
