price_open,price_high,price_low,price_close,timestamp,date
8.74367e-14,8.74367e-14,8.74367e-14,8.74367e-14,1658752800,2022-07-25T12:40:00
1.20831e-13,1.20831e-13,1.20831e-13,1.20831e-13,1652459160,2022-05-13T16:26:00
2.09648e-13,2.09648e-13,2.09648e-13,2.09648e-13,1649116200,2022-04-04T23:50:00
1.53946e-13,1.53946e-13,1.53946e-13,1.53946e-13,1647058200,2022-03-12T04:10:00
1.50708e-13,1.50708e-13,1.50708e-13,1.50708e-13,1646716320,2022-03-08T05:12:00
1.57119e-13,1.57119e-13,1.57119e-13,1.57119e-13,1646437680,2022-03-04T23:48:00
1.84458e-13,1.84458e-13,1.84458e-13,1.84458e-13,1645015920,2022-02-16T12:52:00
1.84457e-13,1.84457e-13,1.84457e-13,1.84457e-13,1645015800,2022-02-16T12:50:00
1.8446e-13,1.8446e-13,1.8446e-13,1.8446e-13,1645004580,2022-02-16T09:43:00
1.83319e-13,1.83319e-13,1.83319e-13,1.83319e-13,1644992280,2022-02-16T06:18:00
1.70446e-13,1.70446e-13,1.70446e-13,1.70446e-13,1644754020,2022-02-13T12:07:00
1.73123e-13,1.73123e-13,1.73123e-13,1.73123e-13,1644129120,2022-02-06T06:32:00
9.66742e-15,9.66742e-15,9.66742e-15,9.66742e-15,1644127620,2022-02-06T06:07:00
1.70909e-13,1.70909e-13,1.70909e-13,1.70909e-13,1644058680,2022-02-05T10:58:00
1.69526e-13,1.69526e-13,1.69526e-13,1.69526e-13,1644046380,2022-02-05T07:33:00
1.6774e-13,1.6774e-13,1.6774e-13,1.6774e-13,1644024720,2022-02-05T01:32:00
1.01562e-17,1.01562e-17,1.01562e-17,1.01562e-17,1643871720,2022-02-03T07:02:00
1.5529e-13,1.5529e-13,1.5529e-13,1.5529e-13,1643777100,2022-02-02T04:45:00
1.51563e-13,1.51563e-13,1.51563e-13,1.51563e-13,1643680020,2022-02-01T01:47:00
1.39004e-13,1.39004e-13,1.39004e-13,1.39004e-13,1643606820,2022-01-31T05:27:00
1.43535e-13,1.43535e-13,1.43535e-13,1.43535e-13,1643538420,2022-01-30T10:27:00
1.40808e-13,1.40808e-13,1.40808e-13,1.40808e-13,1643497800,2022-01-29T23:10:00
1.40215e-13,1.40215e-13,1.40215e-13,1.40215e-13,1643491620,2022-01-29T21:27:00
1.09922e-13,1.09922e-13,1.09922e-13,1.09922e-13,1643488680,2022-01-29T20:38:00
7.85848e-14,7.85848e-14,7.85848e-14,7.85848e-14,1643488500,2022-01-29T20:35:00
7.66509e-14,7.66509e-14,7.66509e-14,7.66509e-14,1643470680,2022-01-29T15:38:00
7.61041e-14,7.61041e-14,7.61041e-14,7.61041e-14,1643434500,2022-01-29T05:35:00
7.55399e-14,7.55399e-14,7.55399e-14,7.55399e-14,1643426820,2022-01-29T03:27:00
1.60659e-13,1.60659e-13,1.60659e-13,1.60659e-13,1643419440,2022-01-29T01:24:00
3.47354e-13,3.47354e-13,3.47354e-13,3.47354e-13,1643417580,2022-01-29T00:53:00
3.49659e-13,3.49659e-13,3.49659e-13,3.49659e-13,1643415360,2022-01-29T00:16:00
3.37242e-13,3.37242e-13,3.37242e-13,3.37242e-13,1643414520,2022-01-29T00:02:00
3.33511e-13,3.33511e-13,3.33511e-13,3.33511e-13,1643413260,2022-01-28T23:41:00
3.30044e-13,3.30044e-13,3.30044e-13,3.30044e-13,1643413140,2022-01-28T23:39:00
3.56467e-13,3.56467e-13,3.56467e-13,3.56467e-13,1643411640,2022-01-28T23:14:00
3.77783e-13,3.77783e-13,3.77783e-13,3.77783e-13,1643402340,2022-01-28T20:39:00
3.70972e-13,3.70972e-13,3.70972e-13,3.70972e-13,1643398980,2022-01-28T19:43:00
3.53151e-13,3.53151e-13,3.53151e-13,3.53151e-13,1643391540,2022-01-28T17:39:00
3.34807e-13,3.34807e-13,3.34807e-13,3.34807e-13,1643387940,2022-01-28T16:39:00
3.02469e-13,3.02469e-13,3.02469e-13,3.02469e-13,1643382960,2022-01-28T15:16:00
2.76977e-13,2.76977e-13,2.76977e-13,2.76977e-13,1643377860,2022-01-28T13:51:00
2.71396e-13,2.71396e-13,2.71396e-13,2.71396e-13,1643373840,2022-01-28T12:44:00
2.48524e-13,2.48524e-13,2.48524e-13,2.48524e-13,1643373540,2022-01-28T12:39:00
2.15079e-13,2.15079e-13,2.15079e-13,2.15079e-13,1643370300,2022-01-28T11:45:00
2.00402e-13,2.00402e-13,2.00402e-13,2.00402e-13,1643365800,2022-01-28T10:30:00
1.98388e-13,1.98388e-13,1.98388e-13,1.98388e-13,1643362320,2022-01-28T09:32:00
1.99094e-13,1.99094e-13,1.99094e-13,1.99094e-13,1643360940,2022-01-28T09:09:00
1.98908e-13,1.98908e-13,1.98908e-13,1.98908e-13,1643360760,2022-01-28T09:06:00
1.85907e-13,1.85907e-13,1.85907e-13,1.85907e-13,1643354400,2022-01-28T07:20:00
1.6145e-13,1.6145e-13,1.6145e-13,1.6145e-13,1643354280,2022-01-28T07:18:00
1.49704e-13,1.49704e-13,1.49704e-13,1.49704e-13,1643343840,2022-01-28T04:24:00
1.39042e-13,1.39042e-13,1.39042e-13,1.39042e-13,1643343120,2022-01-28T04:12:00
1.2897e-13,1.2897e-13,1.2897e-13,1.2897e-13,1643341800,2022-01-28T03:50:00
1.267e-13,1.267e-13,1.267e-13,1.267e-13,1643339340,2022-01-28T03:09:00
1.2489e-13,1.2489e-13,1.2489e-13,1.2489e-13,1643337660,2022-01-28T02:41:00
1.21677e-13,1.21677e-13,1.21677e-13,1.21677e-13,1643336880,2022-01-28T02:28:00
1.20791e-13,1.20791e-13,1.20791e-13,1.20791e-13,1643330100,2022-01-28T00:35:00
1.19523e-13,1.19523e-13,1.19523e-13,1.19523e-13,1643328480,2022-01-28T00:08:00
1.16037e-13,1.16037e-13,1.16037e-13,1.16037e-13,1643328300,2022-01-28T00:05:00
1.11007e-13,1.11007e-13,1.11007e-13,1.11007e-13,1643327820,2022-01-27T23:57:00
1.00499e-13,1.00499e-13,1.00499e-13,1.00499e-13,1643321400,2022-01-27T22:10:00
8.16896e-14,8.16896e-14,8.16896e-14,8.16896e-14,1643317500,2022-01-27T21:05:00
7.10573e-14,7.10573e-14,7.10573e-14,7.10573e-14,1643316120,2022-01-27T20:42:00
7.29907e-14,7.29907e-14,7.29907e-14,7.29907e-14,1643314260,2022-01-27T20:11:00
7.20242e-14,7.20242e-14,7.20242e-14,7.20242e-14,1643314080,2022-01-27T20:08:00
7.33748e-14,7.33748e-14,7.33748e-14,7.33748e-14,1643314020,2022-01-27T20:07:00
8.31155e-14,8.31155e-14,8.31155e-14,8.31155e-14,1643313900,2022-01-27T20:05:00
9.88242e-14,9.88242e-14,9.88242e-14,9.88242e-14,1643313720,2022-01-27T20:02:00
1.26798e-13,1.26798e-13,1.26798e-13,1.26798e-13,1643313660,2022-01-27T20:01:00
1.60724e-13,1.60724e-13,1.60724e-13,1.60724e-13,1643313540,2022-01-27T19:59:00
2.04187e-13,2.04187e-13,2.04187e-13,2.04187e-13,1643313420,2022-01-27T19:57:00
2.5138e-13,2.5138e-13,2.5138e-13,2.5138e-13,1643313360,2022-01-27T19:56:00
3.13963e-13,3.13963e-13,3.13963e-13,3.13963e-13,1643312940,2022-01-27T19:49:00
4.11624e-13,4.11624e-13,4.11624e-13,4.11624e-13,1643312880,2022-01-27T19:48:00
5.46746e-13,5.46746e-13,5.46746e-13,5.46746e-13,1643312760,2022-01-27T19:46:00
7.29492e-13,7.29492e-13,7.29492e-13,7.29492e-13,1643312640,2022-01-27T19:44:00
9.83211e-13,9.83211e-13,9.83211e-13,9.83211e-13,1643312460,2022-01-27T19:41:00
1.71341e-12,1.71341e-12,1.29919e-12,1.29919e-12,1643312400,2022-01-27T19:40:00
2.18047e-12,2.18047e-12,2.18047e-12,2.18047e-12,1643312280,2022-01-27T19:38:00
2.6504e-12,2.6504e-12,2.6504e-12,2.6504e-12,1643312220,2022-01-27T19:37:00
4.19236e-12,4.19236e-12,3.28829e-12,3.28829e-12,1643312160,2022-01-27T19:36:00
5.52523e-12,5.52523e-12,5.52523e-12,5.52523e-12,1643312100,2022-01-27T19:35:00
7.31872e-12,7.31872e-12,7.31872e-12,7.31872e-12,1643311980,2022-01-27T19:33:00
9.28427e-12,9.28427e-12,9.28427e-12,9.28427e-12,1643311920,2022-01-27T19:32:00
1.16433e-11,1.16433e-11,1.16433e-11,1.16433e-11,1643311860,2022-01-27T19:31:00
1.4309e-11,1.4309e-11,1.4309e-11,1.4309e-11,1643311800,2022-01-27T19:30:00
1.71121e-11,1.71121e-11,1.71121e-11,1.71121e-11,1643311740,2022-01-27T19:29:00
2.0828e-11,2.0828e-11,2.0828e-11,2.0828e-11,1643311620,2022-01-27T19:27:00
3.31748e-11,3.31748e-11,2.59569e-11,2.59569e-11,1643311560,2022-01-27T19:26:00
3.75228e-11,3.75228e-11,3.75228e-11,3.75228e-11,1643263680,2022-01-27T06:08:00
3.89013e-11,3.89013e-11,3.89013e-11,3.89013e-11,1643178300,2022-01-26T06:25:00
3.88391e-11,3.88391e-11,3.88391e-11,3.88391e-11,1643174940,2022-01-26T05:29:00
3.78315e-11,3.78315e-11,3.78315e-11,3.78315e-11,1643151960,2022-01-25T23:06:00
3.79984e-11,3.79984e-11,3.79984e-11,3.79984e-11,1643122020,2022-01-25T14:47:00
3.74819e-11,3.74819e-11,3.74819e-11,3.74819e-11,1643118060,2022-01-25T13:41:00
3.71406e-11,3.71406e-11,3.71406e-11,3.71406e-11,1643101980,2022-01-25T09:13:00
3.68707e-11,3.68707e-11,3.68707e-11,3.68707e-11,1643097660,2022-01-25T08:01:00
3.68872e-11,3.68872e-11,3.68872e-11,3.68872e-11,1643080560,2022-01-25T03:16:00
3.63386e-11,3.65583e-11,3.63386e-11,3.65583e-11,1643080500,2022-01-25T03:15:00
3.79768e-11,3.79768e-11,3.79768e-11,3.79768e-11,1643080140,2022-01-25T03:09:00
4.00663e-11,4.00663e-11,4.00663e-11,4.00663e-11,1643079540,2022-01-25T02:59:00
3.99755e-11,3.99755e-11,3.99755e-11,3.99755e-11,1643079240,2022-01-25T02:54:00
4.01811e-11,4.01811e-11,4.01811e-11,4.01811e-11,1643078760,2022-01-25T02:46:00
3.9592e-11,3.9592e-11,3.9592e-11,3.9592e-11,1643078640,2022-01-25T02:44:00
3.93972e-11,3.93972e-11,3.93972e-11,3.93972e-11,1643078160,2022-01-25T02:36:00
3.92561e-11,3.92561e-11,3.92561e-11,3.92561e-11,1643077560,2022-01-25T02:26:00
3.71995e-11,3.71995e-11,3.71995e-11,3.71995e-11,1643077020,2022-01-25T02:17:00
3.48979e-11,3.48979e-11,3.48979e-11,3.48979e-11,1643076780,2022-01-25T02:13:00
3.44523e-11,3.44523e-11,3.44523e-11,3.44523e-11,1643075580,2022-01-25T01:53:00
3.44167e-11,3.44167e-11,3.44167e-11,3.44167e-11,1643074260,2022-01-25T01:31:00
3.46223e-11,3.46223e-11,3.46223e-11,3.46223e-11,1643073600,2022-01-25T01:20:00
3.44358e-11,3.44358e-11,3.44358e-11,3.44358e-11,1643073420,2022-01-25T01:17:00
3.43518e-11,3.43518e-11,3.43518e-11,3.43518e-11,1643073360,2022-01-25T01:16:00
3.4298e-11,3.4298e-11,3.4298e-11,3.4298e-11,1643073120,2022-01-25T01:12:00
3.58762e-11,3.58762e-11,3.58762e-11,3.58762e-11,1643072760,2022-01-25T01:06:00
3.89694e-11,3.89694e-11,3.89694e-11,3.89694e-11,1643071200,2022-01-25T00:40:00
4.07324e-11,4.07324e-11,4.07324e-11,4.07324e-11,1643068920,2022-01-25T00:02:00
4.18591e-11,4.18591e-11,4.18591e-11,4.18591e-11,1643068860,2022-01-25T00:01:00
4.17917e-11,4.17917e-11,4.17917e-11,4.17917e-11,1643067840,2022-01-24T23:44:00
4.18712e-11,4.18712e-11,4.18712e-11,4.18712e-11,1643067120,2022-01-24T23:32:00
4.21535e-11,4.21535e-11,4.21535e-11,4.21535e-11,1643066700,2022-01-24T23:25:00
4.28148e-11,4.28148e-11,4.28148e-11,4.28148e-11,1643065920,2022-01-24T23:12:00
4.40659e-11,4.40659e-11,4.40659e-11,4.40659e-11,1643065800,2022-01-24T23:10:00
4.38215e-11,4.38215e-11,4.38215e-11,4.38215e-11,1643065500,2022-01-24T23:05:00
4.34386e-11,4.34386e-11,4.34386e-11,4.34386e-11,1643065020,2022-01-24T22:57:00
4.36354e-11,4.36354e-11,4.36354e-11,4.36354e-11,1643064120,2022-01-24T22:42:00
4.3679e-11,4.3679e-11,4.3679e-11,4.3679e-11,1643063340,2022-01-24T22:29:00
4.39871e-11,4.39871e-11,4.39871e-11,4.39871e-11,1643062080,2022-01-24T22:08:00
4.39086e-11,4.39086e-11,4.39086e-11,4.39086e-11,1643061480,2022-01-24T21:58:00
4.40035e-11,4.40035e-11,4.40035e-11,4.40035e-11,1643060220,2022-01-24T21:37:00
4.46659e-11,4.46659e-11,4.46659e-11,4.46659e-11,1643060100,2022-01-24T21:35:00
4.50757e-11,4.50757e-11,4.50757e-11,4.50757e-11,1643058960,2022-01-24T21:16:00
4.54907e-11,4.54907e-11,4.54907e-11,4.54907e-11,1643057700,2022-01-24T20:55:00
4.41656e-11,4.41656e-11,4.41656e-11,4.41656e-11,1643053860,2022-01-24T19:51:00
4.42109e-11,4.42109e-11,4.42109e-11,4.42109e-11,1643051940,2022-01-24T19:19:00
4.37485e-11,4.37485e-11,4.37485e-11,4.37485e-11,1643049540,2022-01-24T18:39:00
4.25002e-11,4.25002e-11,4.25002e-11,4.25002e-11,1643046720,2022-01-24T17:52:00
4.15596e-11,4.15596e-11,4.15596e-11,4.15596e-11,1643045520,2022-01-24T17:32:00
4.14749e-11,4.14749e-11,4.14749e-11,4.14749e-11,1643045040,2022-01-24T17:24:00
4.10924e-11,4.10924e-11,4.10924e-11,4.10924e-11,1643043420,2022-01-24T16:57:00
4.22202e-11,4.22202e-11,4.22202e-11,4.22202e-11,1643041740,2022-01-24T16:29:00
4.28605e-11,4.28605e-11,4.28605e-11,4.28605e-11,1643039760,2022-01-24T15:56:00
4.2394e-11,4.2394e-11,4.2394e-11,4.2394e-11,1643039400,2022-01-24T15:50:00
4.25371e-11,4.25371e-11,4.25371e-11,4.25371e-11,1643038260,2022-01-24T15:31:00
4.2763e-11,4.2763e-11,4.2763e-11,4.2763e-11,1643037420,2022-01-24T15:17:00
4.42573e-11,4.42573e-11,4.42573e-11,4.42573e-11,1643037240,2022-01-24T15:14:00
4.38984e-11,4.38984e-11,4.38984e-11,4.38984e-11,1643034240,2022-01-24T14:24:00
4.44359e-11,4.44359e-11,4.44359e-11,4.44359e-11,1643032380,2022-01-24T13:53:00
4.52963e-11,4.52963e-11,4.52963e-11,4.52963e-11,1643030340,2022-01-24T13:19:00
4.62441e-11,4.62441e-11,4.62441e-11,4.62441e-11,1643023560,2022-01-24T11:26:00
4.86306e-11,4.86306e-11,4.86306e-11,4.86306e-11,1643015100,2022-01-24T09:05:00
4.9351e-11,4.9351e-11,4.9351e-11,4.9351e-11,1643011500,2022-01-24T08:05:00
5.04475e-11,5.04475e-11,5.04475e-11,5.04475e-11,1643003340,2022-01-24T05:49:00
5.06926e-11,5.06926e-11,5.06926e-11,5.06926e-11,1643003100,2022-01-24T05:45:00
5.03426e-11,5.03426e-11,5.03426e-11,5.03426e-11,1643001240,2022-01-24T05:14:00
4.98346e-11,4.98346e-11,4.98346e-11,4.98346e-11,1643000640,2022-01-24T05:04:00
5.10392e-11,5.10392e-11,5.10392e-11,5.10392e-11,1642997760,2022-01-24T04:16:00
5.06975e-11,5.06975e-11,5.06975e-11,5.06975e-11,1642995000,2022-01-24T03:30:00
5.11424e-11,5.11424e-11,5.11424e-11,5.11424e-11,1642994880,2022-01-24T03:28:00
5.10858e-11,5.10858e-11,5.10858e-11,5.10858e-11,1642992840,2022-01-24T02:54:00
5.07946e-11,5.07946e-11,5.07946e-11,5.07946e-11,1642991640,2022-01-24T02:34:00
5.0862e-11,5.0862e-11,5.0862e-11,5.0862e-11,1642991280,2022-01-24T02:28:00
5.15556e-11,5.15556e-11,5.15556e-11,5.15556e-11,1642990200,2022-01-24T02:10:00
5.07162e-11,5.07162e-11,5.07162e-11,5.07162e-11,1642989900,2022-01-24T02:05:00
5.02787e-11,5.02787e-11,5.02787e-11,5.02787e-11,1642989480,2022-01-24T01:58:00
5.11882e-11,5.11882e-11,5.06278e-11,5.06278e-11,1642987020,2022-01-24T01:17:00
5.04584e-11,5.04584e-11,5.04584e-11,5.04584e-11,1642986540,2022-01-24T01:09:00
4.90472e-11,4.90472e-11,4.90472e-11,4.90472e-11,1642977300,2022-01-23T22:35:00
4.97304e-11,4.97304e-11,4.97304e-11,4.97304e-11,1642976880,2022-01-23T22:28:00
5.00223e-11,5.00223e-11,5.00223e-11,5.00223e-11,1642975920,2022-01-23T22:12:00
5.04841e-11,5.04841e-11,5.04841e-11,5.04841e-11,1642975680,2022-01-23T22:08:00
5.02783e-11,5.02783e-11,5.02783e-11,5.02783e-11,1642974300,2022-01-23T21:45:00
5.02846e-11,5.02846e-11,5.02846e-11,5.02846e-11,1642973400,2022-01-23T21:30:00
5.04397e-11,5.04397e-11,5.04397e-11,5.04397e-11,1642973160,2022-01-23T21:26:00
5.10091e-11,5.10091e-11,5.10091e-11,5.10091e-11,1642970880,2022-01-23T20:48:00
5.15694e-11,5.15694e-11,5.15694e-11,5.15694e-11,1642970280,2022-01-23T20:38:00
5.23979e-11,5.23979e-11,5.23979e-11,5.23979e-11,1642969980,2022-01-23T20:33:00
5.39627e-11,5.39627e-11,5.39627e-11,5.39627e-11,1642969860,2022-01-23T20:31:00
5.42798e-11,5.42798e-11,5.42798e-11,5.42798e-11,1642969080,2022-01-23T20:18:00
5.46108e-11,5.46108e-11,5.46108e-11,5.46108e-11,1642968960,2022-01-23T20:16:00
5.53172e-11,5.53172e-11,5.53172e-11,5.53172e-11,1642966020,2022-01-23T19:27:00
5.50674e-11,5.50674e-11,5.50674e-11,5.50674e-11,1642965180,2022-01-23T19:13:00
5.4857e-11,5.4857e-11,5.4857e-11,5.4857e-11,1642962960,2022-01-23T18:36:00
5.5322e-11,5.5322e-11,5.5322e-11,5.5322e-11,1642962540,2022-01-23T18:29:00
5.54955e-11,5.54955e-11,5.54955e-11,5.54955e-11,1642960380,2022-01-23T17:53:00
5.5229e-11,5.5229e-11,5.5229e-11,5.5229e-11,1642960020,2022-01-23T17:47:00
5.5233e-11,5.5233e-11,5.5233e-11,5.5233e-11,1642959840,2022-01-23T17:44:00
5.50772e-11,5.50772e-11,5.50772e-11,5.50772e-11,1642959600,2022-01-23T17:40:00
5.49646e-11,5.49646e-11,5.49646e-11,5.49646e-11,1642959180,2022-01-23T17:33:00
5.348e-11,5.348e-11,5.348e-11,5.348e-11,1642958760,2022-01-23T17:26:00
5.1012e-11,5.1012e-11,5.1012e-11,5.1012e-11,1642958100,2022-01-23T17:15:00
4.97903e-11,4.97903e-11,4.97903e-11,4.97903e-11,1642957620,2022-01-23T17:07:00
4.98546e-11,4.98546e-11,4.98546e-11,4.98546e-11,1642955160,2022-01-23T16:26:00
4.98101e-11,4.98101e-11,4.98101e-11,4.98101e-11,1642953840,2022-01-23T16:04:00
4.97613e-11,4.97613e-11,4.97613e-11,4.97613e-11,1642952280,2022-01-23T15:38:00
4.9727e-11,4.9727e-11,4.9727e-11,4.9727e-11,1642951140,2022-01-23T15:19:00
5.02095e-11,5.02095e-11,5.02095e-11,5.02095e-11,1642949760,2022-01-23T14:56:00
4.99501e-11,4.99501e-11,4.99501e-11,4.99501e-11,1642949640,2022-01-23T14:54:00
5.22478e-11,5.22478e-11,5.22478e-11,5.22478e-11,1642949520,2022-01-23T14:52:00
5.43144e-11,5.43144e-11,5.43144e-11,5.43144e-11,1642948440,2022-01-23T14:34:00
5.4012e-11,5.4012e-11,5.4012e-11,5.4012e-11,1642948020,2022-01-23T14:27:00
5.42769e-11,5.42769e-11,5.42769e-11,5.42769e-11,1642947360,2022-01-23T14:16:00
5.42228e-11,5.42228e-11,5.42228e-11,5.42228e-11,1642946700,2022-01-23T14:05:00
5.34427e-11,5.34427e-11,5.34427e-11,5.34427e-11,1642945980,2022-01-23T13:53:00
5.30869e-11,5.30869e-11,5.30869e-11,5.30869e-11,1642945320,2022-01-23T13:42:00
5.30686e-11,5.30686e-11,5.30686e-11,5.30686e-11,1642945200,2022-01-23T13:40:00
5.25452e-11,5.25452e-11,5.25452e-11,5.25452e-11,1642944600,2022-01-23T13:30:00
4.9266e-11,4.9266e-11,4.9266e-11,4.9266e-11,1642944060,2022-01-23T13:21:00
4.69136e-11,4.69136e-11,4.69136e-11,4.69136e-11,1642939320,2022-01-23T12:02:00
4.66577e-11,4.66577e-11,4.66577e-11,4.66577e-11,1642938360,2022-01-23T11:46:00
4.64102e-11,4.64102e-11,4.64102e-11,4.64102e-11,1642937700,2022-01-23T11:35:00
4.60966e-11,4.60966e-11,4.60966e-11,4.60966e-11,1642935900,2022-01-23T11:05:00
4.5793e-11,4.5793e-11,4.5793e-11,4.5793e-11,1642934040,2022-01-23T10:34:00
4.57457e-11,4.57457e-11,4.57457e-11,4.57457e-11,1642932060,2022-01-23T10:01:00
4.5562e-11,4.5562e-11,4.5562e-11,4.5562e-11,1642931220,2022-01-23T09:47:00
4.53614e-11,4.53614e-11,4.53614e-11,4.53614e-11,1642931040,2022-01-23T09:44:00
4.55694e-11,4.55694e-11,4.55694e-11,4.55694e-11,1642930500,2022-01-23T09:35:00
4.4616e-11,4.4616e-11,4.4616e-11,4.4616e-11,1642927680,2022-01-23T08:48:00
4.39222e-11,4.39222e-11,4.39222e-11,4.39222e-11,1642926540,2022-01-23T08:29:00
4.31472e-11,4.31472e-11,4.31472e-11,4.31472e-11,1642920000,2022-01-23T06:40:00
4.28336e-11,4.28336e-11,4.28336e-11,4.28336e-11,1642919040,2022-01-23T06:24:00
4.21865e-11,4.21865e-11,4.21865e-11,4.21865e-11,1642916400,2022-01-23T05:40:00
4.20271e-11,4.20271e-11,4.20271e-11,4.20271e-11,1642913820,2022-01-23T04:57:00
4.19107e-11,4.19107e-11,4.19107e-11,4.19107e-11,1642913400,2022-01-23T04:50:00
4.15662e-11,4.15662e-11,4.15662e-11,4.15662e-11,1642911960,2022-01-23T04:26:00
4.12366e-11,4.12366e-11,4.12366e-11,4.12366e-11,1642909020,2022-01-23T03:37:00
4.09336e-11,4.09336e-11,4.09336e-11,4.09336e-11,1642908240,2022-01-23T03:24:00
4.12904e-11,4.12904e-11,4.12904e-11,4.12904e-11,1642908120,2022-01-23T03:22:00
4.10026e-11,4.10026e-11,4.10026e-11,4.10026e-11,1642907760,2022-01-23T03:16:00
4.15343e-11,4.15343e-11,4.15343e-11,4.15343e-11,1642907700,2022-01-23T03:15:00
4.11743e-11,4.11743e-11,4.11743e-11,4.11743e-11,1642907220,2022-01-23T03:07:00
4.16204e-11,4.16204e-11,4.16204e-11,4.16204e-11,1642906140,2022-01-23T02:49:00
4.1499e-11,4.1499e-11,4.1499e-11,4.1499e-11,1642904700,2022-01-23T02:25:00
4.18576e-11,4.18576e-11,4.18576e-11,4.18576e-11,1642904160,2022-01-23T02:16:00
4.16359e-11,4.16359e-11,4.16359e-11,4.16359e-11,1642903860,2022-01-23T02:11:00
4.1129e-11,4.1129e-11,4.1129e-11,4.1129e-11,1642903620,2022-01-23T02:07:00
4.03544e-11,4.03544e-11,4.03544e-11,4.03544e-11,1642903140,2022-01-23T01:59:00
3.99002e-11,3.99002e-11,3.99002e-11,3.99002e-11,1642898700,2022-01-23T00:45:00
3.97241e-11,3.97241e-11,3.97241e-11,3.97241e-11,1642897920,2022-01-23T00:32:00
3.94435e-11,3.94435e-11,3.94435e-11,3.94435e-11,1642894860,2022-01-22T23:41:00
3.93642e-11,3.93642e-11,3.93642e-11,3.93642e-11,1642894740,2022-01-22T23:39:00
3.92245e-11,3.92245e-11,3.92245e-11,3.92245e-11,1642894080,2022-01-22T23:28:00
3.88537e-11,3.88537e-11,3.88537e-11,3.88537e-11,1642891680,2022-01-22T22:48:00
3.8943e-11,3.8943e-11,3.8943e-11,3.8943e-11,1642891140,2022-01-22T22:39:00
3.8739e-11,3.8739e-11,3.8739e-11,3.8739e-11,1642890960,2022-01-22T22:36:00
3.93163e-11,3.93163e-11,3.93163e-11,3.93163e-11,1642890600,2022-01-22T22:30:00
3.95296e-11,3.95296e-11,3.95296e-11,3.95296e-11,1642890000,2022-01-22T22:20:00
3.92544e-11,3.92544e-11,3.92544e-11,3.92544e-11,1642888740,2022-01-22T21:59:00
3.79983e-11,3.79983e-11,3.79983e-11,3.79983e-11,1642883640,2022-01-22T20:34:00
3.80416e-11,3.80416e-11,3.80416e-11,3.80416e-11,1642882860,2022-01-22T20:21:00
3.77266e-11,3.77266e-11,3.77266e-11,3.77266e-11,1642880940,2022-01-22T19:49:00
3.78571e-11,3.78571e-11,3.78571e-11,3.78571e-11,1642880880,2022-01-22T19:48:00
3.77664e-11,3.77664e-11,3.77664e-11,3.77664e-11,1642878660,2022-01-22T19:11:00
3.77984e-11,3.77984e-11,3.77984e-11,3.77984e-11,1642878600,2022-01-22T19:10:00
3.7824e-11,3.7824e-11,3.7824e-11,3.7824e-11,1642878240,2022-01-22T19:04:00
3.729e-11,3.729e-11,3.729e-11,3.729e-11,1642877760,2022-01-22T18:56:00
3.74404e-11,3.74404e-11,3.74404e-11,3.74404e-11,1642876980,2022-01-22T18:43:00
3.74401e-11,3.74401e-11,3.74401e-11,3.74401e-11,1642876080,2022-01-22T18:28:00
3.77354e-11,3.77354e-11,3.77354e-11,3.77354e-11,1642875900,2022-01-22T18:25:00
3.9257e-11,3.9257e-11,3.9257e-11,3.9257e-11,1642871940,2022-01-22T17:19:00
4.1729e-11,4.1729e-11,4.1729e-11,4.1729e-11,1642869420,2022-01-22T16:37:00
4.11672e-11,4.11672e-11,4.11672e-11,4.11672e-11,1642868580,2022-01-22T16:23:00
4.04163e-11,4.04163e-11,4.04163e-11,4.04163e-11,1642866060,2022-01-22T15:41:00
4.10534e-11,4.10534e-11,4.10534e-11,4.10534e-11,1642864380,2022-01-22T15:13:00
4.17458e-11,4.17458e-11,4.17458e-11,4.17458e-11,1642863600,2022-01-22T15:00:00
4.19502e-11,4.19502e-11,4.19502e-11,4.19502e-11,1642863240,2022-01-22T14:54:00
4.18127e-11,4.18127e-11,4.18127e-11,4.18127e-11,1642862700,2022-01-22T14:45:00
4.20753e-11,4.20753e-11,4.20753e-11,4.20753e-11,1642859520,2022-01-22T13:52:00
4.07734e-11,4.07734e-11,4.07734e-11,4.07734e-11,1642852020,2022-01-22T11:47:00
4.10533e-11,4.10533e-11,4.10533e-11,4.10533e-11,1642851900,2022-01-22T11:45:00
4.08622e-11,4.08622e-11,4.08622e-11,4.08622e-11,1642851840,2022-01-22T11:44:00
4.11766e-11,4.11766e-11,4.11766e-11,4.11766e-11,1642851180,2022-01-22T11:33:00
4.12368e-11,4.12368e-11,4.12368e-11,4.12368e-11,1642850880,2022-01-22T11:28:00
4.13935e-11,4.13935e-11,4.13935e-11,4.13935e-11,1642843980,2022-01-22T09:33:00
4.1382e-11,4.1382e-11,4.1382e-11,4.1382e-11,1642842840,2022-01-22T09:14:00
4.14048e-11,4.14048e-11,4.14048e-11,4.14048e-11,1642839720,2022-01-22T08:22:00
4.15116e-11,4.15116e-11,4.15116e-11,4.15116e-11,1642835700,2022-01-22T07:15:00
4.12906e-11,4.12906e-11,4.12906e-11,4.12906e-11,1642835640,2022-01-22T07:14:00
4.07842e-11,4.07842e-11,4.07842e-11,4.07842e-11,1642834920,2022-01-22T07:02:00
4.06541e-11,4.06541e-11,4.06541e-11,4.06541e-11,1642832820,2022-01-22T06:27:00
4.0537e-11,4.0537e-11,4.0537e-11,4.0537e-11,1642830960,2022-01-22T05:56:00
4.10962e-11,4.10962e-11,4.10962e-11,4.10962e-11,1642829040,2022-01-22T05:24:00
4.08205e-11,4.08205e-11,4.08205e-11,4.08205e-11,1642828740,2022-01-22T05:19:00
4.09792e-11,4.09792e-11,4.09792e-11,4.09792e-11,1642826640,2022-01-22T04:44:00
4.01896e-11,4.01896e-11,4.01896e-11,4.01896e-11,1642826400,2022-01-22T04:40:00
4.01861e-11,4.01861e-11,4.01861e-11,4.01861e-11,1642825800,2022-01-22T04:30:00
4.07842e-11,4.07842e-11,3.98109e-11,4.01419e-11,1642825260,2022-01-22T04:21:00
4.02856e-11,4.02856e-11,4.02856e-11,4.02856e-11,1642825020,2022-01-22T04:17:00
3.98915e-11,3.98915e-11,3.98915e-11,3.98915e-11,1642824660,2022-01-22T04:11:00
4.01776e-11,4.01776e-11,4.01776e-11,4.01776e-11,1642824060,2022-01-22T04:01:00
3.99787e-11,3.99787e-11,3.99787e-11,3.99787e-11,1642823100,2022-01-22T03:45:00
4.07064e-11,4.07064e-11,4.07064e-11,4.07064e-11,1642819260,2022-01-22T02:41:00
4.06829e-11,4.06829e-11,4.06829e-11,4.06829e-11,1642817880,2022-01-22T02:18:00
4.04728e-11,4.04728e-11,4.04728e-11,4.04728e-11,1642817700,2022-01-22T02:15:00
4.06576e-11,4.06576e-11,4.06576e-11,4.06576e-11,1642815960,2022-01-22T01:46:00
4.08769e-11,4.08769e-11,4.08769e-11,4.08769e-11,1642815360,2022-01-22T01:36:00
4.11872e-11,4.11872e-11,4.11872e-11,4.11872e-11,1642814940,2022-01-22T01:29:00
4.11581e-11,4.11581e-11,4.11581e-11,4.11581e-11,1642812540,2022-01-22T00:49:00
4.09237e-11,4.09237e-11,4.09237e-11,4.09237e-11,1642812420,2022-01-22T00:47:00
4.09367e-11,4.09367e-11,4.09367e-11,4.09367e-11,1642811880,2022-01-22T00:38:00
4.00368e-11,4.00368e-11,4.00368e-11,4.00368e-11,1642808460,2022-01-21T23:41:00
4.08169e-11,4.08169e-11,4.08169e-11,4.08169e-11,1642804740,2022-01-21T22:39:00
4.2407e-11,4.2407e-11,4.2407e-11,4.2407e-11,1642804560,2022-01-21T22:36:00
4.50892e-11,4.50892e-11,4.50892e-11,4.50892e-11,1642800960,2022-01-21T21:36:00
4.56468e-11,4.56468e-11,4.56468e-11,4.56468e-11,1642797300,2022-01-21T20:35:00
4.64985e-11,4.64985e-11,4.64985e-11,4.64985e-11,1642797180,2022-01-21T20:33:00
4.72219e-11,4.72219e-11,4.72219e-11,4.72219e-11,1642793880,2022-01-21T19:38:00
4.76154e-11,4.76154e-11,4.76154e-11,4.76154e-11,1642792920,2022-01-21T19:22:00
4.81803e-11,4.81803e-11,4.81803e-11,4.81803e-11,1642791480,2022-01-21T18:58:00
4.84345e-11,4.84345e-11,4.84345e-11,4.84345e-11,1642791060,2022-01-21T18:51:00
4.94006e-11,4.94006e-11,4.94006e-11,4.94006e-11,1642786260,2022-01-21T17:31:00
5.14219e-11,5.14219e-11,5.14219e-11,5.14219e-11,1642786140,2022-01-21T17:29:00
5.17443e-11,5.17443e-11,5.17443e-11,5.17443e-11,1642782900,2022-01-21T16:35:00
5.13547e-11,5.13547e-11,5.13547e-11,5.13547e-11,1642782000,2022-01-21T16:20:00
5.12917e-11,5.12917e-11,5.12917e-11,5.12917e-11,1642780620,2022-01-21T15:57:00
5.13657e-11,5.13657e-11,5.13657e-11,5.13657e-11,1642780440,2022-01-21T15:54:00
5.15181e-11,5.15181e-11,5.15181e-11,5.15181e-11,1642779840,2022-01-21T15:44:00
5.1343e-11,5.1343e-11,5.1343e-11,5.1343e-11,1642779780,2022-01-21T15:43:00
5.06558e-11,5.06558e-11,5.06558e-11,5.06558e-11,1642778820,2022-01-21T15:27:00
5.06086e-11,5.06086e-11,5.06086e-11,5.06086e-11,1642778700,2022-01-21T15:25:00
5.06373e-11,5.06373e-11,5.06373e-11,5.06373e-11,1642776780,2022-01-21T14:53:00
5.038e-11,5.038e-11,5.038e-11,5.038e-11,1642776600,2022-01-21T14:50:00
5.08808e-11,5.08808e-11,5.08808e-11,5.08808e-11,1642775340,2022-01-21T14:29:00
5.10392e-11,5.10392e-11,5.10392e-11,5.10392e-11,1642774680,2022-01-21T14:18:00
5.15778e-11,5.15778e-11,5.15778e-11,5.15778e-11,1642773900,2022-01-21T14:05:00
5.26471e-11,5.26471e-11,5.26471e-11,5.26471e-11,1642771980,2022-01-21T13:33:00
5.36102e-11,5.36102e-11,5.36102e-11,5.36102e-11,1642768020,2022-01-21T12:27:00
5.3398e-11,5.3398e-11,5.3398e-11,5.3398e-11,1642766100,2022-01-21T11:55:00
5.42095e-11,5.42095e-11,5.42095e-11,5.42095e-11,1642764360,2022-01-21T11:26:00
5.44097e-11,5.44097e-11,5.44097e-11,5.44097e-11,1642762860,2022-01-21T11:01:00
5.43432e-11,5.43432e-11,5.43432e-11,5.43432e-11,1642758780,2022-01-21T09:53:00
5.42581e-11,5.42581e-11,5.42581e-11,5.42581e-11,1642757580,2022-01-21T09:33:00
5.37466e-11,5.37466e-11,5.37466e-11,5.37466e-11,1642753320,2022-01-21T08:22:00
5.34444e-11,5.34444e-11,5.34444e-11,5.34444e-11,1642751760,2022-01-21T07:56:00
5.31878e-11,5.31878e-11,5.31878e-11,5.31878e-11,1642746540,2022-01-21T06:29:00
5.29309e-11,5.29309e-11,5.29309e-11,5.29309e-11,1642746180,2022-01-21T06:23:00
5.29658e-11,5.29658e-11,5.29658e-11,5.29658e-11,1642744200,2022-01-21T05:50:00
5.33778e-11,5.33778e-11,5.33778e-11,5.33778e-11,1642740420,2022-01-21T04:47:00
5.30127e-11,5.30127e-11,5.30127e-11,5.30127e-11,1642739820,2022-01-21T04:37:00
5.29534e-11,5.29534e-11,5.29534e-11,5.29534e-11,1642738920,2022-01-21T04:22:00
5.32071e-11,5.32071e-11,5.32071e-11,5.32071e-11,1642738320,2022-01-21T04:12:00
5.29881e-11,5.29881e-11,5.29881e-11,5.29881e-11,1642738260,2022-01-21T04:11:00
5.28867e-11,5.28867e-11,5.28867e-11,5.28867e-11,1642736640,2022-01-21T03:44:00
5.32363e-11,5.32363e-11,5.32363e-11,5.32363e-11,1642736460,2022-01-21T03:41:00
5.394e-11,5.394e-11,5.394e-11,5.394e-11,1642735620,2022-01-21T03:27:00
5.53234e-11,5.53234e-11,5.53234e-11,5.53234e-11,1642733640,2022-01-21T02:54:00
5.55289e-11,5.55289e-11,5.55289e-11,5.55289e-11,1642732860,2022-01-21T02:41:00
5.54627e-11,5.54627e-11,5.54627e-11,5.54627e-11,1642732560,2022-01-21T02:36:00
5.53615e-11,5.53615e-11,5.53615e-11,5.53615e-11,1642729800,2022-01-21T01:50:00
5.73613e-11,5.73613e-11,5.73613e-11,5.73613e-11,1642728000,2022-01-21T01:20:00
5.8405e-11,5.8405e-11,5.8405e-11,5.8405e-11,1642726620,2022-01-21T00:57:00
5.9786e-11,5.9786e-11,5.9786e-11,5.9786e-11,1642725600,2022-01-21T00:40:00
5.98397e-11,5.98397e-11,5.98397e-11,5.98397e-11,1642722000,2022-01-20T23:40:00
6.12632e-11,6.12632e-11,6.12632e-11,6.12632e-11,1642719600,2022-01-20T23:00:00
6.15736e-11,6.15736e-11,6.15736e-11,6.15736e-11,1642719300,2022-01-20T22:55:00
6.20722e-11,6.20722e-11,6.20722e-11,6.20722e-11,1642719180,2022-01-20T22:53:00
6.22738e-11,6.22738e-11,6.22738e-11,6.22738e-11,1642717380,2022-01-20T22:23:00
6.43907e-11,6.43907e-11,6.43907e-11,6.43907e-11,1642714860,2022-01-20T21:41:00
6.59035e-11,6.59035e-11,6.59035e-11,6.59035e-11,1642710780,2022-01-20T20:33:00
6.68805e-11,6.68805e-11,6.68805e-11,6.68805e-11,1642707600,2022-01-20T19:40:00
6.74006e-11,6.74006e-11,6.74006e-11,6.74006e-11,1642707480,2022-01-20T19:38:00
6.77932e-11,6.77932e-11,6.77932e-11,6.77932e-11,1642704420,2022-01-20T18:47:00
6.72907e-11,6.72907e-11,6.72907e-11,6.72907e-11,1642703940,2022-01-20T18:39:00
6.75817e-11,6.75817e-11,6.75817e-11,6.75817e-11,1642703040,2022-01-20T18:24:00
6.72098e-11,6.72098e-11,6.72098e-11,6.72098e-11,1642702020,2022-01-20T18:07:00
6.71526e-11,6.71526e-11,6.71526e-11,6.71526e-11,1642701720,2022-01-20T18:02:00
6.69463e-11,6.69463e-11,6.69463e-11,6.69463e-11,1642700940,2022-01-20T17:49:00
6.6858e-11,6.6858e-11,6.6858e-11,6.6858e-11,1642696500,2022-01-20T16:35:00
6.68016e-11,6.68016e-11,6.68016e-11,6.68016e-11,1642694340,2022-01-20T15:59:00
6.62739e-11,6.62739e-11,6.62739e-11,6.62739e-11,1642693800,2022-01-20T15:50:00
6.5883e-11,6.5883e-11,6.5883e-11,6.5883e-11,1642693380,2022-01-20T15:43:00
6.56162e-11,6.56162e-11,6.56162e-11,6.56162e-11,1642692960,2022-01-20T15:36:00
6.4844e-11,6.4844e-11,6.4844e-11,6.4844e-11,1642692300,2022-01-20T15:25:00
6.51247e-11,6.51255e-11,6.51247e-11,6.51255e-11,1642691580,2022-01-20T15:13:00
6.45682e-11,6.45682e-11,6.45682e-11,6.45682e-11,1642690740,2022-01-20T14:59:00
6.43047e-11,6.43047e-11,6.43047e-11,6.43047e-11,1642690020,2022-01-20T14:47:00
6.36756e-11,6.39575e-11,6.36756e-11,6.39575e-11,1642689660,2022-01-20T14:41:00
6.32103e-11,6.32103e-11,6.32103e-11,6.32103e-11,1642689000,2022-01-20T14:30:00
6.29793e-11,6.29793e-11,6.29793e-11,6.29793e-11,1642688760,2022-01-20T14:26:00
6.28908e-11,6.28908e-11,6.28908e-11,6.28908e-11,1642688100,2022-01-20T14:15:00
6.2737e-11,6.2737e-11,6.2737e-11,6.2737e-11,1642687920,2022-01-20T14:12:00
6.15772e-11,6.15772e-11,6.15772e-11,6.15772e-11,1642682100,2022-01-20T12:35:00
6.21626e-11,6.21626e-11,6.21626e-11,6.21626e-11,1642674060,2022-01-20T10:21:00
6.20577e-11,6.20577e-11,6.20577e-11,6.20577e-11,1642674000,2022-01-20T10:20:00
6.15015e-11,6.15015e-11,6.15015e-11,6.15015e-11,1642671120,2022-01-20T09:32:00
6.20333e-11,6.20333e-11,6.20333e-11,6.20333e-11,1642667460,2022-01-20T08:31:00
6.17858e-11,6.17858e-11,6.17858e-11,6.17858e-11,1642665960,2022-01-20T08:06:00
6.21108e-11,6.21108e-11,6.21108e-11,6.21108e-11,1642665360,2022-01-20T07:56:00
6.16974e-11,6.16974e-11,6.16974e-11,6.16974e-11,1642663920,2022-01-20T07:32:00
6.21429e-11,6.21429e-11,6.21429e-11,6.21429e-11,1642662060,2022-01-20T07:01:00
6.16389e-11,6.16389e-11,6.16389e-11,6.16389e-11,1642660080,2022-01-20T06:28:00
6.14699e-11,6.14699e-11,6.14699e-11,6.14699e-11,1642659720,2022-01-20T06:22:00
6.12539e-11,6.12539e-11,6.12539e-11,6.12539e-11,1642656960,2022-01-20T05:36:00
6.24319e-11,6.24319e-11,6.24319e-11,6.24319e-11,1642656660,2022-01-20T05:31:00
6.21629e-11,6.21629e-11,6.21629e-11,6.21629e-11,1642655880,2022-01-20T05:18:00
6.21184e-11,6.21184e-11,6.21184e-11,6.21184e-11,1642654920,2022-01-20T05:02:00
6.17657e-11,6.17657e-11,6.17657e-11,6.17657e-11,1642654680,2022-01-20T04:58:00
6.21062e-11,6.21062e-11,6.21062e-11,6.21062e-11,1642654020,2022-01-20T04:47:00
6.19382e-11,6.19382e-11,6.19382e-11,6.19382e-11,1642653600,2022-01-20T04:40:00
6.17011e-11,6.17011e-11,6.17011e-11,6.17011e-11,1642651320,2022-01-20T04:02:00
6.10531e-11,6.10531e-11,6.10531e-11,6.10531e-11,1642644660,2022-01-20T02:11:00
6.04376e-11,6.04376e-11,6.04376e-11,6.04376e-11,1642644060,2022-01-20T02:01:00
5.96626e-11,5.96626e-11,5.96626e-11,5.96626e-11,1642641120,2022-01-20T01:12:00
5.90143e-11,5.90143e-11,5.90143e-11,5.90143e-11,1642639680,2022-01-20T00:48:00
5.86859e-11,5.86859e-11,5.86859e-11,5.86859e-11,1642639500,2022-01-20T00:45:00
5.86281e-11,5.86281e-11,5.86281e-11,5.86281e-11,1642638600,2022-01-20T00:30:00
5.83368e-11,5.83368e-11,5.83368e-11,5.83368e-11,1642637220,2022-01-20T00:07:00
5.77861e-11,5.77861e-11,5.77861e-11,5.77861e-11,1642633320,2022-01-19T23:02:00
5.69111e-11,5.69111e-11,5.69111e-11,5.69111e-11,1642632540,2022-01-19T22:49:00
5.66333e-11,5.66333e-11,5.66333e-11,5.66333e-11,1642628280,2022-01-19T21:38:00
5.65166e-11,5.65166e-11,5.65166e-11,5.65166e-11,1642626720,2022-01-19T21:12:00
5.64677e-11,5.64677e-11,5.64677e-11,5.64677e-11,1642625520,2022-01-19T20:52:00
5.63419e-11,5.63419e-11,5.63419e-11,5.63419e-11,1642623420,2022-01-19T20:17:00
5.32724e-11,5.32724e-11,5.32724e-11,5.32724e-11,1642621860,2022-01-19T19:51:00
5.04342e-11,5.04342e-11,5.04342e-11,5.04342e-11,1642620300,2022-01-19T19:25:00
4.98766e-11,4.98766e-11,4.98766e-11,4.98766e-11,1642619880,2022-01-19T19:18:00
4.95901e-11,4.95901e-11,4.95901e-11,4.95901e-11,1642618800,2022-01-19T19:00:00
4.99577e-11,4.99577e-11,4.99577e-11,4.99577e-11,1642617900,2022-01-19T18:45:00
5.02609e-11,5.02609e-11,5.02609e-11,5.02609e-11,1642616820,2022-01-19T18:27:00
5.04347e-11,5.04347e-11,5.04347e-11,5.04347e-11,1642614060,2022-01-19T17:41:00
5.07976e-11,5.07976e-11,5.07976e-11,5.07976e-11,1642613220,2022-01-19T17:27:00
5.03861e-11,5.03861e-11,5.03861e-11,5.03861e-11,1642609800,2022-01-19T16:30:00
5.17197e-11,5.17197e-11,5.17197e-11,5.17197e-11,1642609200,2022-01-19T16:20:00
5.18083e-11,5.18083e-11,5.18083e-11,5.18083e-11,1642605840,2022-01-19T15:24:00
5.2419e-11,5.2419e-11,5.2419e-11,5.2419e-11,1642605780,2022-01-19T15:23:00
5.20693e-11,5.20693e-11,5.20693e-11,5.20693e-11,1642604760,2022-01-19T15:06:00
5.24157e-11,5.24157e-11,5.24157e-11,5.24157e-11,1642604160,2022-01-19T14:56:00
5.2946e-11,5.2946e-11,5.2946e-11,5.2946e-11,1642598100,2022-01-19T13:15:00
5.27016e-11,5.27016e-11,5.27016e-11,5.27016e-11,1642592700,2022-01-19T11:45:00
5.27205e-11,5.27205e-11,5.27205e-11,5.27205e-11,1642592580,2022-01-19T11:43:00
5.1509e-11,5.1509e-11,5.1509e-11,5.1509e-11,1642589700,2022-01-19T10:55:00
5.2382e-11,5.2382e-11,5.2382e-11,5.2382e-11,1642588980,2022-01-19T10:43:00
5.18248e-11,5.18248e-11,5.18248e-11,5.18248e-11,1642582500,2022-01-19T08:55:00
5.21373e-11,5.21373e-11,5.21373e-11,5.21373e-11,1642581000,2022-01-19T08:30:00
5.34006e-11,5.34006e-11,5.34006e-11,5.34006e-11,1642580220,2022-01-19T08:17:00
5.44705e-11,5.44705e-11,5.44705e-11,5.44705e-11,1642576620,2022-01-19T07:17:00
5.37785e-11,5.37785e-11,5.37785e-11,5.37785e-11,1642576260,2022-01-19T07:11:00
5.35496e-11,5.35496e-11,5.35496e-11,5.35496e-11,1642574700,2022-01-19T06:45:00
5.38435e-11,5.38435e-11,5.38435e-11,5.38435e-11,1642573020,2022-01-19T06:17:00
5.39141e-11,5.39141e-11,5.39141e-11,5.39141e-11,1642570680,2022-01-19T05:38:00
5.37239e-11,5.37239e-11,5.37239e-11,5.37239e-11,1642569960,2022-01-19T05:26:00
5.36936e-11,5.36936e-11,5.36936e-11,5.36936e-11,1642567740,2022-01-19T04:49:00
5.36667e-11,5.36667e-11,5.36667e-11,5.36667e-11,1642566300,2022-01-19T04:25:00
5.32838e-11,5.32838e-11,5.32838e-11,5.32838e-11,1642565820,2022-01-19T04:17:00
5.35219e-11,5.35219e-11,5.35219e-11,5.35219e-11,1642565700,2022-01-19T04:15:00
5.3169e-11,5.3169e-11,5.3169e-11,5.3169e-11,1642564320,2022-01-19T03:52:00
5.4662e-11,5.4662e-11,5.4662e-11,5.4662e-11,1642561620,2022-01-19T03:07:00
5.47095e-11,5.47095e-11,5.47095e-11,5.47095e-11,1642559700,2022-01-19T02:35:00
5.46494e-11,5.46494e-11,5.46494e-11,5.46494e-11,1642557600,2022-01-19T02:00:00
5.42143e-11,5.45419e-11,5.42143e-11,5.45419e-11,1642555500,2022-01-19T01:25:00
5.45236e-11,5.45236e-11,5.45236e-11,5.45236e-11,1642555440,2022-01-19T01:24:00
5.42005e-11,5.42005e-11,5.42005e-11,5.42005e-11,1642555320,2022-01-19T01:22:00
5.43856e-11,5.43856e-11,5.43856e-11,5.43856e-11,1642554900,2022-01-19T01:15:00
5.38994e-11,5.38994e-11,5.38994e-11,5.38994e-11,1642554420,2022-01-19T01:07:00
5.41518e-11,5.41518e-11,5.41518e-11,5.41518e-11,1642553220,2022-01-19T00:47:00
5.43914e-11,5.43914e-11,5.43914e-11,5.43914e-11,1642552620,2022-01-19T00:37:00
5.44946e-11,5.44946e-11,5.44946e-11,5.44946e-11,1642552560,2022-01-19T00:36:00
5.50298e-11,5.50298e-11,5.50298e-11,5.50298e-11,1642552140,2022-01-19T00:29:00
5.55313e-11,5.55313e-11,5.55313e-11,5.55313e-11,1642551540,2022-01-19T00:19:00
5.5588e-11,5.5588e-11,5.5588e-11,5.5588e-11,1642550100,2022-01-18T23:55:00
5.30518e-11,5.30518e-11,5.30518e-11,5.30518e-11,1642549860,2022-01-18T23:51:00
5.0294e-11,5.0294e-11,5.0294e-11,5.0294e-11,1642548420,2022-01-18T23:27:00
5.0553e-11,5.0553e-11,5.0553e-11,5.0553e-11,1642548000,2022-01-18T23:20:00
5.11358e-11,5.11358e-11,5.11358e-11,5.11358e-11,1642545840,2022-01-18T22:44:00
5.08093e-11,5.08093e-11,5.08093e-11,5.08093e-11,1642545660,2022-01-18T22:41:00
5.06419e-11,5.06419e-11,5.06419e-11,5.06419e-11,1642541340,2022-01-18T21:29:00
5.03488e-11,5.03488e-11,5.03488e-11,5.03488e-11,1642541100,2022-01-18T21:25:00
5.07494e-11,5.07494e-11,5.07494e-11,5.07494e-11,1642540980,2022-01-18T21:23:00
4.98922e-11,4.98922e-11,4.98922e-11,4.98922e-11,1642537380,2022-01-18T20:23:00
5.03116e-11,5.03116e-11,5.03116e-11,5.03116e-11,1642536900,2022-01-18T20:15:00
5.09175e-11,5.09175e-11,5.09175e-11,5.09175e-11,1642533960,2022-01-18T19:26:00
5.14731e-11,5.14731e-11,5.14731e-11,5.14731e-11,1642532940,2022-01-18T19:09:00
5.12407e-11,5.12407e-11,5.12407e-11,5.12407e-11,1642531560,2022-01-18T18:46:00
5.12917e-11,5.12917e-11,5.12917e-11,5.12917e-11,1642527180,2022-01-18T17:33:00
5.11998e-11,5.11998e-11,5.11998e-11,5.11998e-11,1642526820,2022-01-18T17:27:00
5.07245e-11,5.07245e-11,5.07245e-11,5.07245e-11,1642526760,2022-01-18T17:26:00
5.10732e-11,5.10732e-11,5.10732e-11,5.10732e-11,1642525020,2022-01-18T16:57:00
5.06329e-11,5.06329e-11,5.06329e-11,5.06329e-11,1642522560,2022-01-18T16:16:00
5.09417e-11,5.09417e-11,5.09417e-11,5.09417e-11,1642522320,2022-01-18T16:12:00
5.10158e-11,5.10158e-11,5.10158e-11,5.10158e-11,1642521120,2022-01-18T15:52:00
5.09197e-11,5.09197e-11,5.09197e-11,5.09197e-11,1642519860,2022-01-18T15:31:00
5.07572e-11,5.07572e-11,5.07572e-11,5.07572e-11,1642519620,2022-01-18T15:27:00
5.06499e-11,5.06499e-11,5.06499e-11,5.06499e-11,1642519560,2022-01-18T15:26:00
5.03533e-11,5.03533e-11,5.03533e-11,5.03533e-11,1642519380,2022-01-18T15:23:00
5.05925e-11,5.05925e-11,5.05925e-11,5.05925e-11,1642518060,2022-01-18T15:01:00
5.0752e-11,5.0752e-11,5.0752e-11,5.0752e-11,1642515240,2022-01-18T14:14:00
5.15539e-11,5.15539e-11,5.15539e-11,5.15539e-11,1642514280,2022-01-18T13:58:00
5.13078e-11,5.13078e-11,5.13078e-11,5.13078e-11,1642513560,2022-01-18T13:46:00
5.116e-11,5.116e-11,5.116e-11,5.116e-11,1642512420,2022-01-18T13:27:00
5.17524e-11,5.17524e-11,5.17524e-11,5.17524e-11,1642511160,2022-01-18T13:06:00
5.1816e-11,5.1816e-11,5.1816e-11,5.1816e-11,1642508700,2022-01-18T12:25:00
5.25156e-11,5.25156e-11,5.25156e-11,5.25156e-11,1642508640,2022-01-18T12:24:00
5.24626e-11,5.24626e-11,5.24626e-11,5.24626e-11,1642508220,2022-01-18T12:17:00
5.23226e-11,5.23226e-11,5.23226e-11,5.23226e-11,1642508100,2022-01-18T12:15:00
5.21086e-11,5.21086e-11,5.21086e-11,5.21086e-11,1642507560,2022-01-18T12:06:00
5.25841e-11,5.25841e-11,5.25841e-11,5.25841e-11,1642507440,2022-01-18T12:04:00
5.49704e-11,5.49704e-11,5.49704e-11,5.49704e-11,1642507380,2022-01-18T12:03:00
5.71068e-11,5.71068e-11,5.71068e-11,5.71068e-11,1642507020,2022-01-18T11:57:00
5.74326e-11,5.74326e-11,5.74326e-11,5.74326e-11,1642506540,2022-01-18T11:49:00
5.82633e-11,5.82633e-11,5.82633e-11,5.82633e-11,1642502940,2022-01-18T10:49:00
5.84783e-11,5.84783e-11,5.84783e-11,5.84783e-11,1642500300,2022-01-18T10:05:00
5.80178e-11,5.80178e-11,5.80178e-11,5.80178e-11,1642498920,2022-01-18T09:42:00
5.81762e-11,5.81762e-11,5.81762e-11,5.81762e-11,1642498620,2022-01-18T09:37:00
5.78966e-11,5.78966e-11,5.78966e-11,5.78966e-11,1642494900,2022-01-18T08:35:00
5.76314e-11,5.76314e-11,5.76314e-11,5.76314e-11,1642494540,2022-01-18T08:29:00
5.78255e-11,5.78255e-11,5.78255e-11,5.78255e-11,1642493760,2022-01-18T08:16:00
5.75683e-11,5.75683e-11,5.75683e-11,5.75683e-11,1642485060,2022-01-18T05:51:00
5.76725e-11,5.76725e-11,5.76725e-11,5.76725e-11,1642482840,2022-01-18T05:14:00
5.74853e-11,5.74853e-11,5.74853e-11,5.74853e-11,1642482240,2022-01-18T05:04:00
5.76417e-11,5.76417e-11,5.76417e-11,5.76417e-11,1642481700,2022-01-18T04:55:00
5.74283e-11,5.74283e-11,5.74283e-11,5.74283e-11,1642481220,2022-01-18T04:47:00
5.70471e-11,5.70471e-11,5.70471e-11,5.70471e-11,1642480860,2022-01-18T04:41:00
5.75456e-11,5.75456e-11,5.75456e-11,5.75456e-11,1642479780,2022-01-18T04:23:00
5.73156e-11,5.73156e-11,5.73156e-11,5.73156e-11,1642479000,2022-01-18T04:10:00
5.74735e-11,5.74735e-11,5.74735e-11,5.74735e-11,1642478520,2022-01-18T04:02:00
5.80751e-11,5.80751e-11,5.80751e-11,5.80751e-11,1642476900,2022-01-18T03:35:00
5.79095e-11,5.79095e-11,5.79095e-11,5.79095e-11,1642475460,2022-01-18T03:11:00
5.81004e-11,5.81004e-11,5.81004e-11,5.81004e-11,1642474260,2022-01-18T02:51:00
5.86204e-11,5.86204e-11,5.86204e-11,5.86204e-11,1642473240,2022-01-18T02:34:00
5.86882e-11,5.86882e-11,5.86882e-11,5.86882e-11,1642471020,2022-01-18T01:57:00
5.87794e-11,5.87794e-11,5.87794e-11,5.87794e-11,1642470540,2022-01-18T01:49:00
5.85563e-11,5.85563e-11,5.85563e-11,5.85563e-11,1642468740,2022-01-18T01:19:00
5.85956e-11,5.85956e-11,5.85956e-11,5.85956e-11,1642466760,2022-01-18T00:46:00
5.89141e-11,5.89141e-11,5.89141e-11,5.89141e-11,1642463640,2022-01-17T23:54:00
5.91867e-11,5.91867e-11,5.91867e-11,5.91867e-11,1642463460,2022-01-17T23:51:00
5.87361e-11,5.87361e-11,5.87361e-11,5.87361e-11,1642461720,2022-01-17T23:22:00
5.87876e-11,5.87876e-11,5.87876e-11,5.87876e-11,1642461180,2022-01-17T23:13:00
5.88982e-11,5.88982e-11,5.88982e-11,5.88982e-11,1642460040,2022-01-17T22:54:00
5.93733e-11,5.93733e-11,5.93733e-11,5.93733e-11,1642459320,2022-01-17T22:42:00
5.92485e-11,5.92485e-11,5.92485e-11,5.92485e-11,1642456560,2022-01-17T21:56:00
6.06539e-11,6.06539e-11,6.06539e-11,6.06539e-11,1642455060,2022-01-17T21:31:00
6.04986e-11,6.04986e-11,6.04986e-11,6.04986e-11,1642454700,2022-01-17T21:25:00
6.22059e-11,6.22059e-11,6.08532e-11,6.08532e-11,1642454640,2022-01-17T21:24:00
6.24858e-11,6.24858e-11,6.24858e-11,6.24858e-11,1642450860,2022-01-17T20:21:00
6.20226e-11,6.20226e-11,6.20226e-11,6.20226e-11,1642449540,2022-01-17T19:59:00
6.21219e-11,6.21219e-11,6.21219e-11,6.21219e-11,1642443060,2022-01-17T18:11:00
6.21672e-11,6.21672e-11,6.21672e-11,6.21672e-11,1642441800,2022-01-17T17:50:00
6.28381e-11,6.28381e-11,6.28381e-11,6.28381e-11,1642441020,2022-01-17T17:37:00
6.28318e-11,6.28318e-11,6.28318e-11,6.28318e-11,1642440540,2022-01-17T17:29:00
6.31513e-11,6.31513e-11,6.31513e-11,6.31513e-11,1642438860,2022-01-17T17:01:00
6.28554e-11,6.28554e-11,6.28554e-11,6.28554e-11,1642436520,2022-01-17T16:22:00
6.37134e-11,6.37134e-11,6.37134e-11,6.37134e-11,1642435740,2022-01-17T16:09:00
6.42711e-11,6.42711e-11,6.42711e-11,6.42711e-11,1642432920,2022-01-17T15:22:00
6.49783e-11,6.49783e-11,6.49783e-11,6.49783e-11,1642430880,2022-01-17T14:48:00
6.43305e-11,6.43305e-11,6.43305e-11,6.43305e-11,1642430400,2022-01-17T14:40:00
6.47959e-11,6.47959e-11,6.47959e-11,6.47959e-11,1642429440,2022-01-17T14:24:00
6.48472e-11,6.48472e-11,6.48472e-11,6.48472e-11,1642428480,2022-01-17T14:08:00
6.29475e-11,6.29475e-11,6.29475e-11,6.29475e-11,1642428360,2022-01-17T14:06:00
6.01506e-11,6.01506e-11,6.01506e-11,6.01506e-11,1642428300,2022-01-17T14:05:00
5.85994e-11,5.85994e-11,5.85994e-11,5.85994e-11,1642427160,2022-01-17T13:46:00
5.83868e-11,5.83868e-11,5.83868e-11,5.83868e-11,1642425720,2022-01-17T13:22:00
5.79432e-11,5.79432e-11,5.79432e-11,5.79432e-11,1642425420,2022-01-17T13:17:00
5.77612e-11,5.77612e-11,5.77612e-11,5.77612e-11,1642422000,2022-01-17T12:20:00
5.78078e-11,5.78078e-11,5.78078e-11,5.78078e-11,1642419960,2022-01-17T11:46:00
5.7898e-11,5.7898e-11,5.7898e-11,5.7898e-11,1642416780,2022-01-17T10:53:00
5.77576e-11,5.77576e-11,5.77576e-11,5.77576e-11,1642413840,2022-01-17T10:04:00
5.78971e-11,5.78971e-11,5.78971e-11,5.78971e-11,1642413600,2022-01-17T10:00:00
5.80101e-11,5.80101e-11,5.80101e-11,5.80101e-11,1642412880,2022-01-17T09:48:00
5.84305e-11,5.84305e-11,5.81969e-11,5.81969e-11,1642412160,2022-01-17T09:36:00
5.82244e-11,5.82244e-11,5.82244e-11,5.82244e-11,1642411860,2022-01-17T09:31:00
5.79116e-11,5.79116e-11,5.79116e-11,5.79116e-11,1642411020,2022-01-17T09:17:00
5.79745e-11,5.79745e-11,5.79745e-11,5.79745e-11,1642406580,2022-01-17T08:03:00
5.83593e-11,5.83593e-11,5.83593e-11,5.83593e-11,1642406520,2022-01-17T08:02:00
5.83907e-11,5.83907e-11,5.83907e-11,5.83907e-11,1642406160,2022-01-17T07:56:00
5.84762e-11,5.84762e-11,5.84762e-11,5.84762e-11,1642405800,2022-01-17T07:50:00
5.80259e-11,5.80259e-11,5.80259e-11,5.80259e-11,1642404120,2022-01-17T07:22:00
5.82678e-11,5.82678e-11,5.82678e-11,5.82678e-11,1642403640,2022-01-17T07:14:00
5.79194e-11,5.79194e-11,5.79194e-11,5.79194e-11,1642401240,2022-01-17T06:34:00
5.78309e-11,5.78309e-11,5.78309e-11,5.78309e-11,1642400220,2022-01-17T06:17:00
5.77341e-11,5.77341e-11,5.77341e-11,5.77341e-11,1642399560,2022-01-17T06:06:00
5.74898e-11,5.74898e-11,5.74898e-11,5.74898e-11,1642399200,2022-01-17T06:00:00
5.73798e-11,5.73798e-11,5.73798e-11,5.73798e-11,1642398720,2022-01-17T05:52:00
5.72263e-11,5.72263e-11,5.72263e-11,5.72263e-11,1642398660,2022-01-17T05:51:00
5.73741e-11,5.73741e-11,5.73741e-11,5.73741e-11,1642398300,2022-01-17T05:45:00
5.71543e-11,5.71543e-11,5.71543e-11,5.71543e-11,1642397820,2022-01-17T05:37:00
5.72773e-11,5.72773e-11,5.72773e-11,5.72773e-11,1642396920,2022-01-17T05:22:00
5.71793e-11,5.71793e-11,5.71793e-11,5.71793e-11,1642396860,2022-01-17T05:21:00
5.6512e-11,5.6512e-11,5.6512e-11,5.6512e-11,1642396500,2022-01-17T05:15:00
5.68318e-11,5.68318e-11,5.68318e-11,5.68318e-11,1642394700,2022-01-17T04:45:00
5.73498e-11,5.73498e-11,5.73498e-11,5.73498e-11,1642394580,2022-01-17T04:43:00
5.71035e-11,5.71035e-11,5.71035e-11,5.71035e-11,1642392180,2022-01-17T04:03:00
5.71413e-11,5.71413e-11,5.71413e-11,5.71413e-11,1642391640,2022-01-17T03:54:00
5.77784e-11,5.77784e-11,5.77784e-11,5.77784e-11,1642390980,2022-01-17T03:43:00
5.77875e-11,5.77875e-11,5.77875e-11,5.77875e-11,1642390500,2022-01-17T03:35:00
5.82826e-11,5.82826e-11,5.82826e-11,5.82826e-11,1642386660,2022-01-17T02:31:00
5.83308e-11,5.83308e-11,5.83308e-11,5.83308e-11,1642385640,2022-01-17T02:14:00
5.84992e-11,5.84992e-11,5.84992e-11,5.84992e-11,1642385460,2022-01-17T02:11:00
5.86493e-11,5.86493e-11,5.86493e-11,5.86493e-11,1642385400,2022-01-17T02:10:00
5.91044e-11,5.91044e-11,5.91044e-11,5.91044e-11,1642382520,2022-01-17T01:22:00
5.88463e-11,5.88463e-11,5.88463e-11,5.88463e-11,1642382280,2022-01-17T01:18:00
5.92487e-11,5.92487e-11,5.92487e-11,5.92487e-11,1642381620,2022-01-17T01:07:00
5.96011e-11,5.96011e-11,5.96011e-11,5.96011e-11,1642381500,2022-01-17T01:05:00
5.93552e-11,5.93552e-11,5.93552e-11,5.93552e-11,1642380420,2022-01-17T00:47:00
5.92267e-11,5.92267e-11,5.92267e-11,5.92267e-11,1642379040,2022-01-17T00:24:00
5.92965e-11,5.92965e-11,5.92965e-11,5.92965e-11,1642378500,2022-01-17T00:15:00
5.92547e-11,5.92547e-11,5.92547e-11,5.92547e-11,1642377960,2022-01-17T00:06:00
5.87095e-11,5.87095e-11,5.87095e-11,5.87095e-11,1642377720,2022-01-17T00:02:00
5.80373e-11,5.80373e-11,5.80373e-11,5.80373e-11,1642377480,2022-01-16T23:58:00
5.84485e-11,5.84485e-11,5.84485e-11,5.84485e-11,1642377120,2022-01-16T23:52:00
5.81915e-11,5.81915e-11,5.81915e-11,5.81915e-11,1642376520,2022-01-16T23:42:00
5.73706e-11,5.73706e-11,5.73706e-11,5.73706e-11,1642376040,2022-01-16T23:34:00
5.75344e-11,5.75344e-11,5.75344e-11,5.75344e-11,1642375380,2022-01-16T23:23:00
5.76628e-11,5.76628e-11,5.76628e-11,5.76628e-11,1642373880,2022-01-16T22:58:00
5.76641e-11,5.76641e-11,5.76641e-11,5.76641e-11,1642373460,2022-01-16T22:51:00
5.75506e-11,5.75506e-11,5.75506e-11,5.75506e-11,1642373400,2022-01-16T22:50:00
5.79453e-11,5.79453e-11,5.79453e-11,5.79453e-11,1642373160,2022-01-16T22:46:00
5.81203e-11,5.81203e-11,5.81203e-11,5.81203e-11,1642372620,2022-01-16T22:37:00
5.82274e-11,5.82274e-11,5.82274e-11,5.82274e-11,1642372260,2022-01-16T22:31:00
5.92277e-11,5.92277e-11,5.92277e-11,5.92277e-11,1642370040,2022-01-16T21:54:00
6.01274e-11,6.01274e-11,6.01274e-11,6.01274e-11,1642364400,2022-01-16T20:20:00
6.05855e-11,6.05855e-11,6.05855e-11,6.05855e-11,1642362600,2022-01-16T19:50:00
6.06586e-11,6.06586e-11,6.06586e-11,6.06586e-11,1642361880,2022-01-16T19:38:00
6.06981e-11,6.06981e-11,6.06981e-11,6.06981e-11,1642360140,2022-01-16T19:09:00
6.12526e-11,6.12526e-11,6.12526e-11,6.12526e-11,1642360020,2022-01-16T19:07:00
6.14955e-11,6.14955e-11,6.09686e-11,6.09686e-11,1642358940,2022-01-16T18:49:00
6.20185e-11,6.20185e-11,6.14803e-11,6.14803e-11,1642358880,2022-01-16T18:48:00
6.19981e-11,6.19981e-11,6.19981e-11,6.19981e-11,1642355760,2022-01-16T17:56:00
6.16821e-11,6.16821e-11,6.16821e-11,6.16821e-11,1642349280,2022-01-16T16:08:00
6.13412e-11,6.13412e-11,6.13412e-11,6.13412e-11,1642347060,2022-01-16T15:31:00
6.15851e-11,6.15851e-11,6.15851e-11,6.15851e-11,1642345440,2022-01-16T15:04:00
6.16521e-11,6.16521e-11,6.16521e-11,6.16521e-11,1642344240,2022-01-16T14:44:00
6.16074e-11,6.16074e-11,6.16074e-11,6.16074e-11,1642343340,2022-01-16T14:29:00
6.23675e-11,6.23675e-11,6.23675e-11,6.23675e-11,1642341660,2022-01-16T14:01:00
6.33722e-11,6.33722e-11,6.22046e-11,6.22046e-11,1642341540,2022-01-16T13:59:00
6.08855e-11,6.08855e-11,6.08855e-11,6.08855e-11,1642340940,2022-01-16T13:49:00
6.00127e-11,6.00127e-11,6.00127e-11,6.00127e-11,1642340520,2022-01-16T13:42:00
6.06189e-11,6.06189e-11,6.06189e-11,6.06189e-11,1642339500,2022-01-16T13:25:00
6.09368e-11,6.09368e-11,6.09368e-11,6.09368e-11,1642338900,2022-01-16T13:15:00
6.14247e-11,6.14247e-11,6.14247e-11,6.14247e-11,1642338000,2022-01-16T13:00:00
6.0902e-11,6.0902e-11,6.0902e-11,6.0902e-11,1642337040,2022-01-16T12:44:00
6.11719e-11,6.11719e-11,6.11719e-11,6.11719e-11,1642334880,2022-01-16T12:08:00
6.17297e-11,6.17297e-11,6.15076e-11,6.15076e-11,1642334340,2022-01-16T11:59:00
6.20131e-11,6.20131e-11,6.20131e-11,6.20131e-11,1642332840,2022-01-16T11:34:00
6.19263e-11,6.19263e-11,6.19263e-11,6.19263e-11,1642332600,2022-01-16T11:30:00
6.32618e-11,6.32618e-11,6.30534e-11,6.30534e-11,1642328640,2022-01-16T10:24:00
6.15783e-11,6.15783e-11,6.15783e-11,6.15783e-11,1642325640,2022-01-16T09:34:00
6.11703e-11,6.11703e-11,6.11703e-11,6.11703e-11,1642325580,2022-01-16T09:33:00
6.10823e-11,6.10823e-11,6.10823e-11,6.10823e-11,1642324200,2022-01-16T09:10:00
6.09171e-11,6.09171e-11,6.09171e-11,6.09171e-11,1642324080,2022-01-16T09:08:00
6.13773e-11,6.13773e-11,6.13773e-11,6.13773e-11,1642323840,2022-01-16T09:04:00
6.14768e-11,6.14768e-11,6.14768e-11,6.14768e-11,1642322700,2022-01-16T08:45:00
6.14969e-11,6.14969e-11,6.14969e-11,6.14969e-11,1642322580,2022-01-16T08:43:00
6.13677e-11,6.13677e-11,6.13677e-11,6.13677e-11,1642322220,2022-01-16T08:37:00
6.1495e-11,6.1495e-11,6.1495e-11,6.1495e-11,1642320480,2022-01-16T08:08:00
6.19601e-11,6.19601e-11,6.19601e-11,6.19601e-11,1642319220,2022-01-16T07:47:00
6.21617e-11,6.21617e-11,6.21617e-11,6.21617e-11,1642319160,2022-01-16T07:46:00
6.25211e-11,6.25211e-11,6.25211e-11,6.25211e-11,1642316880,2022-01-16T07:08:00
6.24784e-11,6.24784e-11,6.24784e-11,6.24784e-11,1642316700,2022-01-16T07:05:00
6.21492e-11,6.21492e-11,6.21492e-11,6.21492e-11,1642316520,2022-01-16T07:02:00
6.24949e-11,6.24949e-11,6.24949e-11,6.24949e-11,1642313040,2022-01-16T06:04:00
6.26993e-11,6.26993e-11,6.26993e-11,6.26993e-11,1642312980,2022-01-16T06:03:00
6.22525e-11,6.22525e-11,6.22525e-11,6.22525e-11,1642312140,2022-01-16T05:49:00
6.17531e-11,6.17531e-11,6.17531e-11,6.17531e-11,1642309020,2022-01-16T04:57:00
6.21266e-11,6.21266e-11,6.21266e-11,6.21266e-11,1642308960,2022-01-16T04:56:00
6.19296e-11,6.19296e-11,6.19296e-11,6.19296e-11,1642307760,2022-01-16T04:36:00
6.19157e-11,6.19157e-11,6.19157e-11,6.19157e-11,1642306200,2022-01-16T04:10:00
6.33145e-11,6.33145e-11,6.33145e-11,6.33145e-11,1642306140,2022-01-16T04:09:00
6.28759e-11,6.28759e-11,6.28759e-11,6.28759e-11,1642305840,2022-01-16T04:04:00
6.32785e-11,6.32785e-11,6.32785e-11,6.32785e-11,1642305120,2022-01-16T03:52:00
6.29125e-11,6.29125e-11,6.29125e-11,6.29125e-11,1642304100,2022-01-16T03:35:00
6.33178e-11,6.33178e-11,6.33178e-11,6.33178e-11,1642302300,2022-01-16T03:05:00
6.37355e-11,6.37355e-11,6.37355e-11,6.37355e-11,1642301760,2022-01-16T02:56:00
6.36406e-11,6.36406e-11,6.36406e-11,6.36406e-11,1642300200,2022-01-16T02:30:00
6.40159e-11,6.40159e-11,6.40159e-11,6.40159e-11,1642299600,2022-01-16T02:20:00
6.39229e-11,6.39229e-11,6.39229e-11,6.39229e-11,1642299540,2022-01-16T02:19:00
6.3665e-11,6.3665e-11,6.3665e-11,6.3665e-11,1642299060,2022-01-16T02:11:00
6.40161e-11,6.40161e-11,6.40161e-11,6.40161e-11,1642298520,2022-01-16T02:02:00
6.36934e-11,6.36934e-11,6.36934e-11,6.36934e-11,1642296180,2022-01-16T01:23:00
6.3898e-11,6.3898e-11,6.3898e-11,6.3898e-11,1642295880,2022-01-16T01:18:00
6.41076e-11,6.41076e-11,6.41076e-11,6.41076e-11,1642292820,2022-01-16T00:27:00
6.45908e-11,6.45908e-11,6.45908e-11,6.45908e-11,1642291200,2022-01-16T00:00:00
6.51264e-11,6.51264e-11,6.51264e-11,6.51264e-11,1642289820,2022-01-15T23:37:00
6.54897e-11,6.54897e-11,6.54897e-11,6.54897e-11,1642287060,2022-01-15T22:51:00
6.51984e-11,6.51984e-11,6.51984e-11,6.51984e-11,1642286580,2022-01-15T22:43:00
6.44614e-11,6.44614e-11,6.44614e-11,6.44614e-11,1642285980,2022-01-15T22:33:00
6.30069e-11,6.30069e-11,6.30069e-11,6.30069e-11,1642285740,2022-01-15T22:29:00
6.34417e-11,6.34417e-11,6.34417e-11,6.34417e-11,1642281840,2022-01-15T21:24:00
6.34025e-11,6.34025e-11,6.34025e-11,6.34025e-11,1642280880,2022-01-15T21:08:00
6.33531e-11,6.33531e-11,6.33531e-11,6.33531e-11,1642278180,2022-01-15T20:23:00
6.33029e-11,6.33029e-11,6.33029e-11,6.33029e-11,1642276380,2022-01-15T19:53:00
6.35645e-11,6.35645e-11,6.35645e-11,6.35645e-11,1642275900,2022-01-15T19:45:00
6.33373e-11,6.33373e-11,6.33373e-11,6.33373e-11,1642275000,2022-01-15T19:30:00
6.31593e-11,6.31593e-11,6.31593e-11,6.31593e-11,1642274940,2022-01-15T19:29:00
6.2984e-11,6.2984e-11,6.2984e-11,6.2984e-11,1642274820,2022-01-15T19:27:00
6.24808e-11,6.24808e-11,6.24808e-11,6.24808e-11,1642274700,2022-01-15T19:25:00
6.20386e-11,6.20386e-11,6.20386e-11,6.20386e-11,1642273860,2022-01-15T19:11:00
6.18248e-11,6.18248e-11,6.16806e-11,6.16806e-11,1642273140,2022-01-15T18:59:00
6.23112e-11,6.23112e-11,6.23112e-11,6.23112e-11,1642272480,2022-01-15T18:48:00
6.36693e-11,6.36693e-11,6.36693e-11,6.36693e-11,1642271880,2022-01-15T18:38:00
6.36016e-11,6.36016e-11,6.36016e-11,6.36016e-11,1642271040,2022-01-15T18:24:00
6.36068e-11,6.36068e-11,6.36068e-11,6.36068e-11,1642270380,2022-01-15T18:13:00
6.3539e-11,6.3539e-11,6.3539e-11,6.3539e-11,1642270260,2022-01-15T18:11:00
6.06481e-11,6.06481e-11,6.06481e-11,6.06481e-11,1642269300,2022-01-15T17:55:00
5.92464e-11,5.92464e-11,5.92464e-11,5.92464e-11,1642268700,2022-01-15T17:45:00
6.13173e-11,6.13173e-11,6.13173e-11,6.13173e-11,1642268460,2022-01-15T17:41:00
6.1839e-11,6.1839e-11,6.1839e-11,6.1839e-11,1642267860,2022-01-15T17:31:00
6.17379e-11,6.17379e-11,6.17379e-11,6.17379e-11,1642267740,2022-01-15T17:29:00
6.10434e-11,6.1707e-11,6.10434e-11,6.1707e-11,1642267680,2022-01-15T17:28:00
6.27956e-11,6.27956e-11,6.27956e-11,6.27956e-11,1642267320,2022-01-15T17:22:00
6.81922e-11,6.81922e-11,6.81922e-11,6.81922e-11,1642267260,2022-01-15T17:21:00
7.08484e-11,7.08484e-11,7.08484e-11,7.08484e-11,1642266780,2022-01-15T17:13:00
7.36402e-11,7.36402e-11,7.36402e-11,7.36402e-11,1642263780,2022-01-15T16:23:00
7.57457e-11,7.57457e-11,7.57457e-11,7.57457e-11,1642262280,2022-01-15T15:58:00
7.56143e-11,7.56143e-11,7.56143e-11,7.56143e-11,1642261800,2022-01-15T15:50:00
7.5499e-11,7.5499e-11,7.5499e-11,7.5499e-11,1642261680,2022-01-15T15:48:00
7.49805e-11,7.49805e-11,7.49805e-11,7.49805e-11,1642260600,2022-01-15T15:30:00
7.45744e-11,7.45744e-11,7.45744e-11,7.45744e-11,1642258680,2022-01-15T14:58:00
7.45115e-11,7.45115e-11,7.45115e-11,7.45115e-11,1642257120,2022-01-15T14:32:00
7.43828e-11,7.43828e-11,7.43828e-11,7.43828e-11,1642255920,2022-01-15T14:12:00
7.41039e-11,7.41039e-11,7.41039e-11,7.41039e-11,1642252680,2022-01-15T13:18:00
7.40548e-11,7.40548e-11,7.40548e-11,7.40548e-11,1642252080,2022-01-15T13:08:00
7.40072e-11,7.40072e-11,7.40072e-11,7.40072e-11,1642252020,2022-01-15T13:07:00
7.40254e-11,7.40254e-11,7.40254e-11,7.40254e-11,1642250340,2022-01-15T12:39:00
7.43109e-11,7.43109e-11,7.3669e-11,7.3669e-11,1642248720,2022-01-15T12:12:00
7.42058e-11,7.42058e-11,7.42058e-11,7.42058e-11,1642247160,2022-01-15T11:46:00
7.41871e-11,7.41871e-11,7.41871e-11,7.41871e-11,1642246620,2022-01-15T11:37:00
7.41699e-11,7.41699e-11,7.41699e-11,7.41699e-11,1642246200,2022-01-15T11:30:00
7.41478e-11,7.41478e-11,7.41478e-11,7.41478e-11,1642243800,2022-01-15T10:50:00
7.4172e-11,7.4172e-11,7.4172e-11,7.4172e-11,1642242060,2022-01-15T10:21:00
7.4125e-11,7.4125e-11,7.4125e-11,7.4125e-11,1642241640,2022-01-15T10:14:00
7.38174e-11,7.38174e-11,7.38174e-11,7.38174e-11,1642240740,2022-01-15T09:59:00
7.3393e-11,7.3393e-11,7.3393e-11,7.3393e-11,1642239420,2022-01-15T09:37:00
7.39931e-11,7.39931e-11,7.39931e-11,7.39931e-11,1642237500,2022-01-15T09:05:00
7.36891e-11,7.36891e-11,7.36891e-11,7.36891e-11,1642234980,2022-01-15T08:23:00
7.30232e-11,7.30232e-11,7.30232e-11,7.30232e-11,1642231080,2022-01-15T07:18:00
7.35692e-11,7.35692e-11,7.35692e-11,7.35692e-11,1642228140,2022-01-15T06:29:00
7.23485e-11,7.23485e-11,7.23485e-11,7.23485e-11,1642226640,2022-01-15T06:04:00
7.11341e-11,7.11341e-11,7.11341e-11,7.11341e-11,1642224240,2022-01-15T05:24:00
7.1477e-11,7.1477e-11,7.1477e-11,7.1477e-11,1642222020,2022-01-15T04:47:00
7.08538e-11,7.08538e-11,7.08538e-11,7.08538e-11,1642221780,2022-01-15T04:43:00
7.09942e-11,7.09942e-11,7.09942e-11,7.09942e-11,1642221000,2022-01-15T04:30:00
7.07447e-11,7.07447e-11,7.07447e-11,7.07447e-11,1642219860,2022-01-15T04:11:00
7.02249e-11,7.02249e-11,7.02249e-11,7.02249e-11,1642217280,2022-01-15T03:28:00
6.98106e-11,6.98106e-11,6.98106e-11,6.98106e-11,1642217040,2022-01-15T03:24:00
6.88079e-11,6.88079e-11,6.88079e-11,6.88079e-11,1642216440,2022-01-15T03:14:00
6.95131e-11,6.95131e-11,6.95131e-11,6.95131e-11,1642216320,2022-01-15T03:12:00
7.07054e-11,7.07054e-11,7.07054e-11,7.07054e-11,1642215420,2022-01-15T02:57:00
7.04864e-11,7.04864e-11,7.04864e-11,7.04864e-11,1642215360,2022-01-15T02:56:00
7.0185e-11,7.0185e-11,7.0185e-11,7.0185e-11,1642214880,2022-01-15T02:48:00
6.9051e-11,6.9051e-11,6.9051e-11,6.9051e-11,1642213920,2022-01-15T02:32:00
6.78529e-11,6.78529e-11,6.78529e-11,6.78529e-11,1642213740,2022-01-15T02:29:00
6.84452e-11,6.84452e-11,6.84452e-11,6.84452e-11,1642213620,2022-01-15T02:27:00
6.91226e-11,6.91226e-11,6.91226e-11,6.91226e-11,1642213440,2022-01-15T02:24:00
6.90211e-11,6.90211e-11,6.90211e-11,6.90211e-11,1642213020,2022-01-15T02:17:00
6.87041e-11,6.87041e-11,6.87041e-11,6.87041e-11,1642212600,2022-01-15T02:10:00
6.91039e-11,6.91039e-11,6.91039e-11,6.91039e-11,1642211940,2022-01-15T01:59:00
7.06793e-11,7.06793e-11,7.06793e-11,7.06793e-11,1642209180,2022-01-15T01:13:00
7.55482e-11,7.55482e-11,7.55482e-11,7.55482e-11,1642207500,2022-01-15T00:45:00
7.87488e-11,7.87488e-11,7.87488e-11,7.87488e-11,1642207320,2022-01-15T00:42:00
7.96603e-11,7.96603e-11,7.96603e-11,7.96603e-11,1642206660,2022-01-15T00:31:00
8.10624e-11,8.10624e-11,8.10624e-11,8.10624e-11,1642206480,2022-01-15T00:28:00
8.12934e-11,8.12934e-11,8.12934e-11,8.12934e-11,1642203780,2022-01-14T23:43:00
8.18214e-11,8.18214e-11,8.18214e-11,8.18214e-11,1642203660,2022-01-14T23:41:00
8.23959e-11,8.23959e-11,8.23959e-11,8.23959e-11,1642203300,2022-01-14T23:35:00
8.29826e-11,8.29826e-11,8.29826e-11,8.29826e-11,1642200960,2022-01-14T22:56:00
8.3108e-11,8.3108e-11,8.3108e-11,8.3108e-11,1642198020,2022-01-14T22:07:00
8.37058e-11,8.37058e-11,8.37058e-11,8.37058e-11,1642197840,2022-01-14T22:04:00
8.32043e-11,8.32043e-11,8.32043e-11,8.32043e-11,1642196160,2022-01-14T21:36:00
8.34403e-11,8.34403e-11,8.34403e-11,8.34403e-11,1642192560,2022-01-14T20:36:00
8.21942e-11,8.21942e-11,8.21942e-11,8.21942e-11,1642188120,2022-01-14T19:22:00
8.16259e-11,8.16259e-11,8.16259e-11,8.16259e-11,1642185900,2022-01-14T18:45:00
8.02851e-11,8.02851e-11,8.02851e-11,8.02851e-11,1642185000,2022-01-14T18:30:00
8.08465e-11,8.08465e-11,8.08465e-11,8.08465e-11,1642182780,2022-01-14T17:53:00
8.13138e-11,8.13138e-11,8.13138e-11,8.13138e-11,1642181940,2022-01-14T17:39:00
8.14223e-11,8.14223e-11,8.14223e-11,8.14223e-11,1642181340,2022-01-14T17:29:00
8.05828e-11,8.05828e-11,8.05828e-11,8.05828e-11,1642179540,2022-01-14T16:59:00
8.05812e-11,8.05812e-11,8.05812e-11,8.05812e-11,1642177860,2022-01-14T16:31:00
8.1467e-11,8.1467e-11,8.1467e-11,8.1467e-11,1642177740,2022-01-14T16:29:00
8.22121e-11,8.22121e-11,8.22121e-11,8.22121e-11,1642176780,2022-01-14T16:13:00
8.20375e-11,8.20375e-11,8.20375e-11,8.20375e-11,1642174920,2022-01-14T15:42:00
8.18933e-11,8.18933e-11,8.18933e-11,8.18933e-11,1642174260,2022-01-14T15:31:00
8.1474e-11,8.1474e-11,8.1474e-11,8.1474e-11,1642174200,2022-01-14T15:30:00
8.13329e-11,8.13329e-11,8.13329e-11,8.13329e-11,1642172580,2022-01-14T15:03:00
8.10208e-11,8.10208e-11,8.10208e-11,8.10208e-11,1642170720,2022-01-14T14:32:00
8.06831e-11,8.06831e-11,8.06831e-11,8.06831e-11,1642167780,2022-01-14T13:43:00
8.05216e-11,8.05216e-11,8.05216e-11,8.05216e-11,1642167720,2022-01-14T13:42:00
8.13603e-11,8.13603e-11,8.13603e-11,8.13603e-11,1642166460,2022-01-14T13:21:00
8.17751e-11,8.17751e-11,8.17751e-11,8.17751e-11,1642166160,2022-01-14T13:16:00
8.20855e-11,8.20855e-11,8.20855e-11,8.20855e-11,1642165020,2022-01-14T12:57:00
8.28862e-11,8.28862e-11,8.24952e-11,8.24952e-11,1642164180,2022-01-14T12:43:00
8.28935e-11,8.28935e-11,8.28935e-11,8.28935e-11,1642163400,2022-01-14T12:30:00
8.30316e-11,8.30316e-11,8.30316e-11,8.30316e-11,1642161600,2022-01-14T12:00:00
8.33552e-11,8.33552e-11,8.33552e-11,8.33552e-11,1642159980,2022-01-14T11:33:00
8.32899e-11,8.32899e-11,8.32899e-11,8.32899e-11,1642159560,2022-01-14T11:26:00
8.41447e-11,8.41447e-11,8.41447e-11,8.41447e-11,1642159440,2022-01-14T11:24:00
8.5167e-11,8.5167e-11,8.5167e-11,8.5167e-11,1642158960,2022-01-14T11:16:00
8.51138e-11,8.51138e-11,8.51138e-11,8.51138e-11,1642158720,2022-01-14T11:12:00
8.54836e-11,8.54836e-11,8.54836e-11,8.54836e-11,1642157760,2022-01-14T10:56:00
8.56755e-11,8.56755e-11,8.56755e-11,8.56755e-11,1642157520,2022-01-14T10:52:00
8.51637e-11,8.51637e-11,8.51637e-11,8.51637e-11,1642157340,2022-01-14T10:49:00
8.55776e-11,8.56436e-11,8.55776e-11,8.56436e-11,1642156680,2022-01-14T10:38:00
8.53117e-11,8.53117e-11,8.53117e-11,8.53117e-11,1642155960,2022-01-14T10:26:00
8.57729e-11,8.57729e-11,8.57729e-11,8.57729e-11,1642154700,2022-01-14T10:05:00
8.57934e-11,8.57934e-11,8.57934e-11,8.57934e-11,1642154100,2022-01-14T09:55:00
8.54247e-11,8.54247e-11,8.54247e-11,8.54247e-11,1642152900,2022-01-14T09:35:00
8.51137e-11,8.51137e-11,8.51137e-11,8.51137e-11,1642151520,2022-01-14T09:12:00
8.50366e-11,8.50366e-11,8.50366e-11,8.50366e-11,1642151340,2022-01-14T09:09:00
8.4672e-11,8.4672e-11,8.4672e-11,8.4672e-11,1642150800,2022-01-14T09:00:00
8.40524e-11,8.40524e-11,8.40524e-11,8.40524e-11,1642150080,2022-01-14T08:48:00
8.36122e-11,8.36122e-11,8.36122e-11,8.36122e-11,1642149000,2022-01-14T08:30:00
8.21235e-11,8.21235e-11,8.21235e-11,8.21235e-11,1642147980,2022-01-14T08:13:00
8.02717e-11,8.02717e-11,8.02717e-11,8.02717e-11,1642146540,2022-01-14T07:49:00
8.01599e-11,8.01599e-11,8.01599e-11,8.01599e-11,1642143840,2022-01-14T07:04:00
8.06375e-11,8.06375e-11,8.06375e-11,8.06375e-11,1642140180,2022-01-14T06:03:00
7.99857e-11,7.99857e-11,7.99857e-11,7.99857e-11,1642136460,2022-01-14T05:01:00
7.96571e-11,7.96571e-11,7.96571e-11,7.96571e-11,1642135680,2022-01-14T04:48:00
7.89281e-11,7.89281e-11,7.89281e-11,7.89281e-11,1642135200,2022-01-14T04:40:00
7.80278e-11,7.80278e-11,7.80278e-11,7.80278e-11,1642134540,2022-01-14T04:29:00
7.77442e-11,7.77442e-11,7.77442e-11,7.77442e-11,1642133940,2022-01-14T04:19:00
7.66696e-11,7.66696e-11,7.66696e-11,7.66696e-11,1642133520,2022-01-14T04:12:00
7.53438e-11,7.53438e-11,7.53438e-11,7.53438e-11,1642132680,2022-01-14T03:58:00
7.4699e-11,7.4699e-11,7.4699e-11,7.4699e-11,1642130340,2022-01-14T03:19:00
7.58017e-11,7.58017e-11,7.58017e-11,7.58017e-11,1642129140,2022-01-14T02:59:00
7.71089e-11,7.71089e-11,7.71089e-11,7.71089e-11,1642129080,2022-01-14T02:58:00
7.76958e-11,7.76958e-11,7.73145e-11,7.73145e-11,1642127820,2022-01-14T02:37:00
7.79408e-11,7.79408e-11,7.79408e-11,7.79408e-11,1642127160,2022-01-14T02:26:00
7.82759e-11,7.82759e-11,7.82759e-11,7.82759e-11,1642125120,2022-01-14T01:52:00
7.87395e-11,7.87395e-11,7.87395e-11,7.87395e-11,1642117380,2022-01-13T23:43:00
7.93502e-11,7.96349e-11,7.93502e-11,7.96349e-11,1642115880,2022-01-13T23:18:00
7.95981e-11,7.95981e-11,7.95981e-11,7.95981e-11,1642115760,2022-01-13T23:16:00
8.00166e-11,8.00166e-11,8.00166e-11,8.00166e-11,1642114800,2022-01-13T23:00:00
7.98946e-11,7.98946e-11,7.98946e-11,7.98946e-11,1642114740,2022-01-13T22:59:00
8.00112e-11,8.00112e-11,8.00112e-11,8.00112e-11,1642113180,2022-01-13T22:33:00
7.98888e-11,7.98888e-11,7.98888e-11,7.98888e-11,1642112760,2022-01-13T22:26:00
7.9749e-11,7.9749e-11,7.9749e-11,7.9749e-11,1642112640,2022-01-13T22:24:00
7.95383e-11,7.95383e-11,7.95383e-11,7.95383e-11,1642108200,2022-01-13T21:10:00
7.94443e-11,7.94443e-11,7.94443e-11,7.94443e-11,1642108080,2022-01-13T21:08:00
7.89125e-11,7.89125e-11,7.89125e-11,7.89125e-11,1642105200,2022-01-13T20:20:00
7.91156e-11,7.91156e-11,7.91156e-11,7.91156e-11,1642103820,2022-01-13T19:57:00
7.90871e-11,7.90871e-11,7.90871e-11,7.90871e-11,1642103160,2022-01-13T19:46:00
7.86571e-11,7.86571e-11,7.86571e-11,7.86571e-11,1642101240,2022-01-13T19:14:00
7.8972e-11,7.8972e-11,7.8972e-11,7.8972e-11,1642101000,2022-01-13T19:10:00
7.92755e-11,7.92755e-11,7.92755e-11,7.92755e-11,1642098120,2022-01-13T18:22:00
7.83972e-11,7.83972e-11,7.83972e-11,7.83972e-11,1642094880,2022-01-13T17:28:00
7.97417e-11,7.97417e-11,7.97417e-11,7.97417e-11,1642092180,2022-01-13T16:43:00
7.93149e-11,7.93149e-11,7.93149e-11,7.93149e-11,1642091760,2022-01-13T16:36:00
7.98824e-11,7.98824e-11,7.98824e-11,7.98824e-11,1642090440,2022-01-13T16:14:00
8.11075e-11,8.11075e-11,8.11075e-11,8.11075e-11,1642090080,2022-01-13T16:08:00
8.2465e-11,8.2465e-11,8.2465e-11,8.2465e-11,1642088700,2022-01-13T15:45:00
8.24158e-11,8.24158e-11,8.24158e-11,8.24158e-11,1642087740,2022-01-13T15:29:00
8.41826e-11,8.41826e-11,8.41826e-11,8.41826e-11,1642086120,2022-01-13T15:02:00
8.40713e-11,8.40713e-11,8.3914e-11,8.3914e-11,1642085820,2022-01-13T14:57:00
8.44906e-11,8.44906e-11,8.44906e-11,8.44906e-11,1642085160,2022-01-13T14:46:00
8.49525e-11,8.49525e-11,8.49525e-11,8.49525e-11,1642084920,2022-01-13T14:42:00
8.40211e-11,8.40211e-11,8.40211e-11,8.40211e-11,1642084140,2022-01-13T14:29:00
8.4242e-11,8.4242e-11,8.4242e-11,8.4242e-11,1642083660,2022-01-13T14:21:00
8.38575e-11,8.38575e-11,8.38575e-11,8.38575e-11,1642082940,2022-01-13T14:09:00
8.37136e-11,8.37136e-11,8.37136e-11,8.37136e-11,1642082460,2022-01-13T14:01:00
8.36004e-11,8.36004e-11,8.36004e-11,8.36004e-11,1642080840,2022-01-13T13:34:00
8.34164e-11,8.34164e-11,8.34164e-11,8.34164e-11,1642080540,2022-01-13T13:29:00
8.34499e-11,8.34499e-11,8.34499e-11,8.34499e-11,1642079640,2022-01-13T13:14:00
8.3367e-11,8.3367e-11,8.3367e-11,8.3367e-11,1642079340,2022-01-13T13:09:00
8.24501e-11,8.24501e-11,8.24501e-11,8.24501e-11,1642078920,2022-01-13T13:02:00
8.2445e-11,8.2445e-11,8.2445e-11,8.2445e-11,1642077780,2022-01-13T12:43:00
8.29543e-11,8.29543e-11,8.29543e-11,8.29543e-11,1642077240,2022-01-13T12:34:00
8.24411e-11,8.24411e-11,8.24411e-11,8.24411e-11,1642076520,2022-01-13T12:22:00
8.30078e-11,8.30078e-11,8.30078e-11,8.30078e-11,1642076340,2022-01-13T12:19:00
8.29415e-11,8.29415e-11,8.29415e-11,8.29415e-11,1642073880,2022-01-13T11:38:00
8.42161e-11,8.42161e-11,8.42161e-11,8.42161e-11,1642073640,2022-01-13T11:34:00
8.412e-11,8.412e-11,8.412e-11,8.412e-11,1642073400,2022-01-13T11:30:00
8.54378e-11,8.54378e-11,8.54378e-11,8.54378e-11,1642072860,2022-01-13T11:21:00
8.76646e-11,8.76646e-11,8.76646e-11,8.76646e-11,1642072620,2022-01-13T11:17:00
8.72932e-11,8.72932e-11,8.72932e-11,8.72932e-11,1642072380,2022-01-13T11:13:00
8.80475e-11,8.80475e-11,8.80475e-11,8.80475e-11,1642071900,2022-01-13T11:05:00
8.80557e-11,8.80557e-11,8.80557e-11,8.80557e-11,1642071000,2022-01-13T10:50:00
8.75462e-11,8.75462e-11,8.75462e-11,8.75462e-11,1642070940,2022-01-13T10:49:00
8.82532e-11,8.82532e-11,8.82532e-11,8.82532e-11,1642069680,2022-01-13T10:28:00
8.80322e-11,8.80322e-11,8.80322e-11,8.80322e-11,1642068060,2022-01-13T10:01:00
8.78478e-11,8.78478e-11,8.78478e-11,8.78478e-11,1642067880,2022-01-13T09:58:00
8.69543e-11,8.69543e-11,8.69543e-11,8.69543e-11,1642067760,2022-01-13T09:56:00
8.7148e-11,8.7148e-11,8.7148e-11,8.7148e-11,1642064640,2022-01-13T09:04:00
8.67986e-11,8.67986e-11,8.67986e-11,8.67986e-11,1642064220,2022-01-13T08:57:00
8.68475e-11,8.68475e-11,8.68475e-11,8.68475e-11,1642063800,2022-01-13T08:50:00
8.6352e-11,8.6352e-11,8.6352e-11,8.6352e-11,1642062780,2022-01-13T08:33:00
8.52917e-11,8.52917e-11,8.52917e-11,8.52917e-11,1642062720,2022-01-13T08:32:00
8.41006e-11,8.41006e-11,8.41006e-11,8.41006e-11,1642061940,2022-01-13T08:19:00
8.35861e-11,8.35861e-11,8.35861e-11,8.35861e-11,1642059240,2022-01-13T07:34:00
8.37284e-11,8.37284e-11,8.37284e-11,8.37284e-11,1642058940,2022-01-13T07:29:00
1.52649e-17,1.52649e-17,1.52649e-17,1.52649e-17,1642058520,2022-01-13T07:22:00
8.42657e-11,8.42657e-11,8.42657e-11,8.42657e-11,1642057620,2022-01-13T07:07:00
8.42325e-11,8.42325e-11,8.42325e-11,8.42325e-11,1642057200,2022-01-13T07:00:00
8.40908e-11,8.40908e-11,8.40908e-11,8.40908e-11,1642057080,2022-01-13T06:58:00
8.40595e-11,8.40595e-11,8.40595e-11,8.40595e-11,1642057020,2022-01-13T06:57:00
8.37791e-11,8.39298e-11,8.37791e-11,8.39298e-11,1642056960,2022-01-13T06:56:00
8.36313e-11,8.36313e-11,8.36313e-11,8.36313e-11,1642056000,2022-01-13T06:40:00
8.34516e-11,8.34516e-11,8.34516e-11,8.34516e-11,1642055640,2022-01-13T06:34:00
8.38551e-11,8.38551e-11,8.38551e-11,8.38551e-11,1642055520,2022-01-13T06:32:00
8.46996e-11,8.46996e-11,8.46996e-11,8.46996e-11,1642054920,2022-01-13T06:22:00
8.53126e-11,8.53126e-11,8.53126e-11,8.53126e-11,1642054200,2022-01-13T06:10:00
8.51203e-11,8.51203e-11,8.51203e-11,8.51203e-11,1642054020,2022-01-13T06:07:00
8.5016e-11,8.5016e-11,8.5016e-11,8.5016e-11,1642053960,2022-01-13T06:06:00
8.49129e-11,8.49129e-11,8.49129e-11,8.49129e-11,1642053600,2022-01-13T06:00:00
8.45969e-11,8.45969e-11,8.45969e-11,8.45969e-11,1642051740,2022-01-13T05:29:00
8.47481e-11,8.47481e-11,8.47481e-11,8.47481e-11,1642051080,2022-01-13T05:18:00
8.48425e-11,8.48425e-11,8.48425e-11,8.48425e-11,1642050180,2022-01-13T05:03:00
8.44633e-11,8.44633e-11,8.44633e-11,8.44633e-11,1642049820,2022-01-13T04:57:00
8.4958e-11,8.4958e-11,8.4958e-11,8.4958e-11,1642049640,2022-01-13T04:54:00
8.381e-11,8.381e-11,8.381e-11,8.381e-11,1642049580,2022-01-13T04:53:00
8.26441e-11,8.26441e-11,8.26441e-11,8.26441e-11,1642049340,2022-01-13T04:49:00
8.22608e-11,8.22608e-11,8.22608e-11,8.22608e-11,1642049040,2022-01-13T04:44:00
8.34141e-11,8.34141e-11,8.34141e-11,8.34141e-11,1642048800,2022-01-13T04:40:00
8.33003e-11,8.33003e-11,8.33003e-11,8.33003e-11,1642047660,2022-01-13T04:21:00
8.33563e-11,8.33563e-11,8.33563e-11,8.33563e-11,1642047360,2022-01-13T04:16:00
8.27945e-11,8.27945e-11,8.27945e-11,8.27945e-11,1642047180,2022-01-13T04:13:00
8.31723e-11,8.31723e-11,8.31723e-11,8.31723e-11,1642046940,2022-01-13T04:09:00
8.30848e-11,8.30848e-11,8.30848e-11,8.30848e-11,1642046460,2022-01-13T04:01:00
8.29826e-11,8.29826e-11,8.22298e-11,8.22298e-11,1642046400,2022-01-13T04:00:00
8.2898e-11,8.2898e-11,8.2898e-11,8.2898e-11,1642046100,2022-01-13T03:55:00
8.26869e-11,8.26869e-11,8.26869e-11,8.26869e-11,1642045860,2022-01-13T03:51:00
8.34024e-11,8.34024e-11,8.34024e-11,8.34024e-11,1642045800,2022-01-13T03:50:00
8.31486e-11,8.31486e-11,8.31486e-11,8.31486e-11,1642045560,2022-01-13T03:46:00
8.2959e-11,8.2959e-11,8.2959e-11,8.2959e-11,1642045020,2022-01-13T03:37:00
8.24872e-11,8.24872e-11,8.24872e-11,8.24872e-11,1642043880,2022-01-13T03:18:00
8.2406e-11,8.2406e-11,8.2406e-11,8.2406e-11,1642043700,2022-01-13T03:15:00
8.25959e-11,8.25959e-11,8.25959e-11,8.25959e-11,1642043280,2022-01-13T03:08:00
8.23869e-11,8.23869e-11,8.23869e-11,8.23869e-11,1642043040,2022-01-13T03:04:00
8.245e-11,8.245e-11,8.245e-11,8.245e-11,1642042980,2022-01-13T03:03:00
8.23222e-11,8.23222e-11,8.23222e-11,8.23222e-11,1642042920,2022-01-13T03:02:00
8.22834e-11,8.22834e-11,8.22834e-11,8.22834e-11,1642042740,2022-01-13T02:59:00
8.21087e-11,8.21087e-11,8.21087e-11,8.21087e-11,1642042620,2022-01-13T02:57:00
8.20259e-11,8.20259e-11,8.20259e-11,8.20259e-11,1642041960,2022-01-13T02:46:00
8.14569e-11,8.18859e-11,8.14569e-11,8.18859e-11,1642041720,2022-01-13T02:42:00
8.11947e-11,8.11947e-11,8.11947e-11,8.11947e-11,1642041600,2022-01-13T02:40:00
8.09012e-11,8.09012e-11,8.09012e-11,8.09012e-11,1642040160,2022-01-13T02:16:00
8.02255e-11,8.02255e-11,8.02255e-11,8.02255e-11,1642039620,2022-01-13T02:07:00
7.94669e-11,7.98748e-11,7.94669e-11,7.98748e-11,1642039080,2022-01-13T01:58:00
7.91504e-11,7.93145e-11,7.91504e-11,7.93145e-11,1642039020,2022-01-13T01:57:00
7.89054e-11,7.89054e-11,7.89054e-11,7.89054e-11,1642038960,2022-01-13T01:56:00
7.85161e-11,7.85161e-11,7.85161e-11,7.85161e-11,1642038900,2022-01-13T01:55:00
7.83813e-11,7.83813e-11,7.83813e-11,7.83813e-11,1642038720,2022-01-13T01:52:00
7.68757e-11,7.76362e-11,7.68757e-11,7.76362e-11,1642038600,2022-01-13T01:50:00
7.64092e-11,7.64092e-11,7.64092e-11,7.64092e-11,1642038240,2022-01-13T01:44:00
7.58515e-11,7.58515e-11,7.58515e-11,7.58515e-11,1642038120,2022-01-13T01:42:00
7.56072e-11,7.56072e-11,7.56072e-11,7.56072e-11,1642037940,2022-01-13T01:39:00
7.52775e-11,7.56182e-11,7.52775e-11,7.56182e-11,1642037820,2022-01-13T01:37:00
7.50486e-11,7.50486e-11,7.50486e-11,7.50486e-11,1642037760,2022-01-13T01:36:00
7.46669e-11,7.46669e-11,7.46669e-11,7.46669e-11,1642037460,2022-01-13T01:31:00
7.42087e-11,7.42087e-11,7.42087e-11,7.42087e-11,1642037400,2022-01-13T01:30:00
7.39938e-11,7.39938e-11,7.39938e-11,7.39938e-11,1642037340,2022-01-13T01:29:00
7.35955e-11,7.38562e-11,7.35955e-11,7.36599e-11,1642037280,2022-01-13T01:28:00
7.32861e-11,7.32861e-11,7.32861e-11,7.32861e-11,1642036860,2022-01-13T01:21:00
7.22515e-11,7.22515e-11,7.22515e-11,7.22515e-11,1642035660,2022-01-13T01:01:00
7.20189e-11,7.20189e-11,7.20189e-11,7.20189e-11,1642034880,2022-01-13T00:48:00
7.21251e-11,7.21251e-11,7.21251e-11,7.21251e-11,1642034580,2022-01-13T00:43:00
7.20253e-11,7.20253e-11,7.20253e-11,7.20253e-11,1642034400,2022-01-13T00:40:00
7.18144e-11,7.18144e-11,7.18144e-11,7.18144e-11,1642032720,2022-01-13T00:12:00
7.13198e-11,7.13198e-11,7.13198e-11,7.13198e-11,1642031880,2022-01-12T23:58:00
7.08775e-11,7.08775e-11,7.08775e-11,7.08775e-11,1642031340,2022-01-12T23:49:00
7.06735e-11,7.06735e-11,7.06735e-11,7.06735e-11,1642030560,2022-01-12T23:36:00
7.06496e-11,7.06496e-11,7.06496e-11,7.06496e-11,1642029360,2022-01-12T23:16:00
7.05514e-11,7.05514e-11,7.05514e-11,7.05514e-11,1642026300,2022-01-12T22:25:00
7.01452e-11,7.01452e-11,7.01452e-11,7.01452e-11,1642025460,2022-01-12T22:11:00
7.04423e-11,7.04423e-11,7.04423e-11,7.04423e-11,1642024560,2022-01-12T21:56:00
7.10627e-11,7.10627e-11,7.10627e-11,7.10627e-11,1642023240,2022-01-12T21:34:00
7.08717e-11,7.08717e-11,7.08717e-11,7.08717e-11,1642019580,2022-01-12T20:33:00
7.10394e-11,7.10394e-11,7.10394e-11,7.10394e-11,1642018320,2022-01-12T20:12:00
7.12065e-11,7.12065e-11,7.12065e-11,7.12065e-11,1642017480,2022-01-12T19:58:00
7.25131e-11,7.25131e-11,7.25131e-11,7.25131e-11,1642017420,2022-01-12T19:57:00
7.20907e-11,7.20907e-11,7.20907e-11,7.20907e-11,1642012980,2022-01-12T18:43:00
7.20362e-11,7.20362e-11,7.20362e-11,7.20362e-11,1642012740,2022-01-12T18:39:00
7.19786e-11,7.19786e-11,7.19786e-11,7.19786e-11,1642012440,2022-01-12T18:34:00
7.15799e-11,7.15799e-11,7.15799e-11,7.15799e-11,1642011300,2022-01-12T18:15:00
7.09715e-11,7.09715e-11,7.09715e-11,7.09715e-11,1642005180,2022-01-12T16:33:00
7.12849e-11,7.12849e-11,7.12849e-11,7.12849e-11,1642004940,2022-01-12T16:29:00
7.09299e-11,7.09299e-11,7.09299e-11,7.09299e-11,1642004880,2022-01-12T16:28:00
7.09262e-11,7.09262e-11,7.09262e-11,7.09262e-11,1642004820,2022-01-12T16:27:00
7.08098e-11,7.08098e-11,7.08098e-11,7.08098e-11,1642002960,2022-01-12T15:56:00
7.19233e-11,7.19233e-11,7.19233e-11,7.19233e-11,1642002840,2022-01-12T15:54:00
7.43864e-11,7.43864e-11,7.43864e-11,7.43864e-11,1642002180,2022-01-12T15:43:00
7.7265e-11,7.7265e-11,7.7265e-11,7.7265e-11,1642000140,2022-01-12T15:09:00
7.8659e-11,7.8659e-11,7.8659e-11,7.8659e-11,1641999780,2022-01-12T15:03:00
7.91827e-11,7.91827e-11,7.91827e-11,7.91827e-11,1641998880,2022-01-12T14:48:00
8.0515e-11,8.0515e-11,8.0515e-11,8.0515e-11,1641998220,2022-01-12T14:37:00
8.16341e-11,8.16341e-11,8.16341e-11,8.16341e-11,1641996420,2022-01-12T14:07:00
8.17684e-11,8.17684e-11,8.17684e-11,8.17684e-11,1641995760,2022-01-12T13:56:00
8.19594e-11,8.19594e-11,8.19594e-11,8.19594e-11,1641995700,2022-01-12T13:55:00
8.12782e-11,8.12782e-11,8.12782e-11,8.12782e-11,1641994140,2022-01-12T13:29:00
8.11346e-11,8.11346e-11,8.11346e-11,8.11346e-11,1641993480,2022-01-12T13:18:00
8.13971e-11,8.13971e-11,8.13971e-11,8.13971e-11,1641993360,2022-01-12T13:16:00
8.26176e-11,8.26176e-11,8.26176e-11,8.26176e-11,1641993060,2022-01-12T13:11:00
8.30952e-11,8.30952e-11,8.30952e-11,8.30952e-11,1641992280,2022-01-12T12:58:00
8.28241e-11,8.28241e-11,8.28241e-11,8.28241e-11,1641990300,2022-01-12T12:25:00
8.28657e-11,8.28657e-11,8.28657e-11,8.28657e-11,1641989640,2022-01-12T12:14:00
8.30838e-11,8.30838e-11,8.30838e-11,8.30838e-11,1641989520,2022-01-12T12:12:00
8.34718e-11,8.34718e-11,8.34718e-11,8.34718e-11,1641987720,2022-01-12T11:42:00
8.27336e-11,8.27336e-11,8.27336e-11,8.27336e-11,1641986520,2022-01-12T11:22:00
8.27342e-11,8.27342e-11,8.27342e-11,8.27342e-11,1641986340,2022-01-12T11:19:00
8.22799e-11,8.22799e-11,8.22799e-11,8.22799e-11,1641985680,2022-01-12T11:08:00
8.1705e-11,8.1705e-11,8.1705e-11,8.1705e-11,1641984300,2022-01-12T10:45:00
8.18727e-11,8.18727e-11,8.18727e-11,8.18727e-11,1641983580,2022-01-12T10:33:00
8.12505e-11,8.12505e-11,8.12505e-11,8.12505e-11,1641977460,2022-01-12T08:51:00
8.05987e-11,8.05987e-11,8.05987e-11,8.05987e-11,1641976500,2022-01-12T08:35:00
8.10075e-11,8.10075e-11,8.10075e-11,8.10075e-11,1641976260,2022-01-12T08:31:00
8.04313e-11,8.04313e-11,8.04313e-11,8.04313e-11,1641974520,2022-01-12T08:02:00
7.98087e-11,7.98087e-11,7.98087e-11,7.98087e-11,1641974340,2022-01-12T07:59:00
7.92262e-11,7.92262e-11,7.92262e-11,7.92262e-11,1641974280,2022-01-12T07:58:00
7.83921e-11,7.83921e-11,7.83921e-11,7.83921e-11,1641974220,2022-01-12T07:57:00
7.83038e-11,7.83038e-11,7.83038e-11,7.83038e-11,1641971280,2022-01-12T07:08:00
7.80003e-11,7.80003e-11,7.80003e-11,7.80003e-11,1641970200,2022-01-12T06:50:00
7.80702e-11,7.80702e-11,7.80702e-11,7.80702e-11,1641969840,2022-01-12T06:44:00
7.76409e-11,7.76409e-11,7.76409e-11,7.76409e-11,1641968220,2022-01-12T06:17:00
7.72192e-11,7.72192e-11,7.72192e-11,7.72192e-11,1641968100,2022-01-12T06:15:00
7.70093e-11,7.70093e-11,7.70093e-11,7.70093e-11,1641966480,2022-01-12T05:48:00
7.66167e-11,7.66167e-11,7.66167e-11,7.66167e-11,1641966360,2022-01-12T05:46:00
7.59368e-11,7.59368e-11,7.59368e-11,7.59368e-11,1641965340,2022-01-12T05:29:00
7.55013e-11,7.55013e-11,7.55013e-11,7.55013e-11,1641964860,2022-01-12T05:21:00
7.59232e-11,7.59232e-11,7.59232e-11,7.59232e-11,1641964800,2022-01-12T05:20:00
7.64297e-11,7.64297e-11,7.64297e-11,7.64297e-11,1641964740,2022-01-12T05:19:00
7.64474e-11,7.64474e-11,7.64474e-11,7.64474e-11,1641963180,2022-01-12T04:53:00
7.75844e-11,7.75844e-11,7.75844e-11,7.75844e-11,1641962640,2022-01-12T04:44:00
7.71003e-11,7.71003e-11,7.71003e-11,7.71003e-11,1641962220,2022-01-12T04:37:00
7.64741e-11,7.64741e-11,7.64741e-11,7.64741e-11,1641962040,2022-01-12T04:34:00
7.70402e-11,7.70402e-11,7.70402e-11,7.70402e-11,1641960120,2022-01-12T04:02:00
7.66254e-11,7.66254e-11,7.66254e-11,7.66254e-11,1641959580,2022-01-12T03:53:00
7.65195e-11,7.65195e-11,7.65195e-11,7.65195e-11,1641959400,2022-01-12T03:50:00
8.08952e-11,8.08952e-11,8.08952e-11,8.08952e-11,1641959280,2022-01-12T03:48:00
8.51676e-11,8.51676e-11,8.51676e-11,8.51676e-11,1641959160,2022-01-12T03:46:00
8.47169e-11,8.47169e-11,8.47169e-11,8.47169e-11,1641958980,2022-01-12T03:43:00
8.50452e-11,8.50452e-11,8.50452e-11,8.50452e-11,1641950520,2022-01-12T01:22:00
8.49885e-11,8.49885e-11,8.49885e-11,8.49885e-11,1641949620,2022-01-12T01:07:00
8.51591e-11,8.51591e-11,8.51591e-11,8.51591e-11,1641947460,2022-01-12T00:31:00
8.50387e-11,8.50387e-11,8.50387e-11,8.50387e-11,1641944580,2022-01-11T23:43:00
8.57472e-11,8.57472e-11,8.57472e-11,8.57472e-11,1641944280,2022-01-11T23:38:00
8.60716e-11,8.60716e-11,8.60716e-11,8.60716e-11,1641941880,2022-01-11T22:58:00
8.53321e-11,8.53321e-11,8.53321e-11,8.53321e-11,1641939900,2022-01-11T22:25:00
8.58249e-11,8.58249e-11,8.58249e-11,8.58249e-11,1641938880,2022-01-11T22:08:00
8.63688e-11,8.63688e-11,8.63688e-11,8.63688e-11,1641938040,2022-01-11T21:54:00
8.49057e-11,8.49057e-11,8.49057e-11,8.49057e-11,1641933300,2022-01-11T20:35:00
8.44734e-11,8.44734e-11,8.44734e-11,8.44734e-11,1641931680,2022-01-11T20:08:00
8.47093e-11,8.47093e-11,8.47093e-11,8.47093e-11,1641929580,2022-01-11T19:33:00
8.40945e-11,8.40945e-11,8.40945e-11,8.40945e-11,1641928980,2022-01-11T19:23:00
8.39117e-11,8.39117e-11,8.39117e-11,8.39117e-11,1641928500,2022-01-11T19:15:00
8.42648e-11,8.42648e-11,8.42648e-11,8.42648e-11,1641927960,2022-01-11T19:06:00
8.47621e-11,8.47621e-11,8.47621e-11,8.47621e-11,1641927780,2022-01-11T19:03:00
8.43977e-11,8.43977e-11,8.43977e-11,8.43977e-11,1641925380,2022-01-11T18:23:00
8.41585e-11,8.41585e-11,8.41585e-11,8.41585e-11,1641925080,2022-01-11T18:18:00
8.43994e-11,8.43994e-11,8.43994e-11,8.43994e-11,1641924960,2022-01-11T18:16:00
8.48614e-11,8.48614e-11,8.48614e-11,8.48614e-11,1641924600,2022-01-11T18:10:00
8.47577e-11,8.47577e-11,8.47577e-11,8.47577e-11,1641919920,2022-01-11T16:52:00
8.44323e-11,8.44323e-11,8.44323e-11,8.44323e-11,1641917340,2022-01-11T16:09:00
8.44112e-11,8.44112e-11,8.44112e-11,8.44112e-11,1641916560,2022-01-11T15:56:00
8.49758e-11,8.49758e-11,8.49758e-11,8.49758e-11,1641913860,2022-01-11T15:11:00
8.52246e-11,8.52246e-11,8.52246e-11,8.52246e-11,1641913800,2022-01-11T15:10:00
8.52767e-11,8.52767e-11,8.52767e-11,8.52767e-11,1641913320,2022-01-11T15:02:00
8.45606e-11,8.45606e-11,8.45606e-11,8.45606e-11,1641912840,2022-01-11T14:54:00
8.44016e-11,8.44016e-11,8.44016e-11,8.44016e-11,1641911040,2022-01-11T14:24:00
8.51743e-11,8.51743e-11,8.51743e-11,8.51743e-11,1641910860,2022-01-11T14:21:00
8.60715e-11,8.60715e-11,8.60715e-11,8.60715e-11,1641910080,2022-01-11T14:08:00
8.58126e-11,8.58126e-11,8.58126e-11,8.58126e-11,1641910020,2022-01-11T14:07:00
8.55292e-11,8.55292e-11,8.55292e-11,8.55292e-11,1641909360,2022-01-11T13:56:00
8.61504e-11,8.61504e-11,8.61504e-11,8.61504e-11,1641908460,2022-01-11T13:41:00
8.5407e-11,8.5407e-11,8.5407e-11,8.5407e-11,1641908160,2022-01-11T13:36:00
8.43636e-11,8.43636e-11,8.43636e-11,8.43636e-11,1641906960,2022-01-11T13:16:00
8.44542e-11,8.44542e-11,8.44542e-11,8.44542e-11,1641906600,2022-01-11T13:10:00
8.31919e-11,8.31919e-11,8.31919e-11,8.31919e-11,1641906300,2022-01-11T13:05:00
8.22861e-11,8.22861e-11,8.22861e-11,8.22861e-11,1641905940,2022-01-11T12:59:00
8.18396e-11,8.18396e-11,8.18396e-11,8.18396e-11,1641905820,2022-01-11T12:57:00
8.22347e-11,8.22347e-11,8.22347e-11,8.22347e-11,1641905700,2022-01-11T12:55:00
8.21971e-11,8.21971e-11,8.21971e-11,8.21971e-11,1641905220,2022-01-11T12:47:00
8.21108e-11,8.21108e-11,8.21108e-11,8.21108e-11,1641903060,2022-01-11T12:11:00
8.21794e-11,8.21794e-11,8.21794e-11,8.21794e-11,1641902940,2022-01-11T12:09:00
8.20084e-11,8.20084e-11,8.20084e-11,8.20084e-11,1641901440,2022-01-11T11:44:00
8.18825e-11,8.18825e-11,8.18825e-11,8.18825e-11,1641900060,2022-01-11T11:21:00
8.24292e-11,8.24292e-11,8.24292e-11,8.24292e-11,1641899280,2022-01-11T11:08:00
8.31319e-11,8.31319e-11,8.31319e-11,8.31319e-11,1641898920,2022-01-11T11:02:00
8.34522e-11,8.34522e-11,8.34522e-11,8.34522e-11,1641898260,2022-01-11T10:51:00
8.445e-11,8.445e-11,8.445e-11,8.445e-11,1641894780,2022-01-11T09:53:00
8.37661e-11,8.37661e-11,8.37661e-11,8.37661e-11,1641894720,2022-01-11T09:52:00
8.3491e-11,8.3491e-11,8.3491e-11,8.3491e-11,1641894660,2022-01-11T09:51:00
8.26137e-11,8.26137e-11,8.26137e-11,8.26137e-11,1641892920,2022-01-11T09:22:00
8.15719e-11,8.15719e-11,8.15719e-11,8.15719e-11,1641891960,2022-01-11T09:06:00
8.20918e-11,8.20918e-11,8.20918e-11,8.20918e-11,1641891420,2022-01-11T08:57:00
8.23054e-11,8.23054e-11,8.23054e-11,8.23054e-11,1641889980,2022-01-11T08:33:00
8.2276e-11,8.2276e-11,8.2276e-11,8.2276e-11,1641888840,2022-01-11T08:14:00
8.13909e-11,8.13909e-11,8.13909e-11,8.13909e-11,1641888180,2022-01-11T08:03:00
8.14896e-11,8.14896e-11,8.14896e-11,8.14896e-11,1641886260,2022-01-11T07:31:00
8.10274e-11,8.10274e-11,8.10274e-11,8.10274e-11,1641885660,2022-01-11T07:21:00
7.99009e-11,7.99009e-11,7.99009e-11,7.99009e-11,1641884700,2022-01-11T07:05:00
8.08282e-11,8.08282e-11,8.08282e-11,8.08282e-11,1641884040,2022-01-11T06:54:00
8.044e-11,8.044e-11,8.044e-11,8.044e-11,1641883920,2022-01-11T06:52:00
8.05187e-11,8.09449e-11,8.05187e-11,8.09449e-11,1641883200,2022-01-11T06:40:00
8.1009e-11,8.1009e-11,8.1009e-11,8.1009e-11,1641883080,2022-01-11T06:38:00
8.0715e-11,8.0715e-11,8.0715e-11,8.0715e-11,1641882960,2022-01-11T06:36:00
8.07501e-11,8.07501e-11,8.07501e-11,8.07501e-11,1641880920,2022-01-11T06:02:00
8.06908e-11,8.06908e-11,8.06908e-11,8.06908e-11,1641879480,2022-01-11T05:38:00
8.03257e-11,8.03257e-11,8.03257e-11,8.03257e-11,1641877020,2022-01-11T04:57:00
8.07441e-11,8.07441e-11,8.07441e-11,8.07441e-11,1641875820,2022-01-11T04:37:00
8.02373e-11,8.02373e-11,8.02373e-11,8.02373e-11,1641875580,2022-01-11T04:33:00
7.99104e-11,7.99104e-11,7.99104e-11,7.99104e-11,1641874980,2022-01-11T04:23:00
8.01991e-11,8.01991e-11,8.01991e-11,8.01991e-11,1641874740,2022-01-11T04:19:00
8.07574e-11,8.07574e-11,8.07574e-11,8.07574e-11,1641874380,2022-01-11T04:13:00
8.05264e-11,8.05264e-11,8.05264e-11,8.05264e-11,1641873360,2022-01-11T03:56:00
8.00956e-11,8.00956e-11,8.00956e-11,8.00956e-11,1641873300,2022-01-11T03:55:00
8.05441e-11,8.05441e-11,8.05441e-11,8.05441e-11,1641872640,2022-01-11T03:44:00
8.0726e-11,8.11193e-11,8.0726e-11,8.11193e-11,1641872520,2022-01-11T03:42:00
8.07364e-11,8.07364e-11,8.07364e-11,8.07364e-11,1641871440,2022-01-11T03:24:00
8.06316e-11,8.06316e-11,8.06316e-11,8.06316e-11,1641870780,2022-01-11T03:13:00
8.01855e-11,8.01855e-11,8.01855e-11,8.01855e-11,1641870660,2022-01-11T03:11:00
7.91443e-11,7.91443e-11,7.91443e-11,7.91443e-11,1641868860,2022-01-11T02:41:00
7.83233e-11,7.83233e-11,7.83233e-11,7.83233e-11,1641866700,2022-01-11T02:05:00
7.82512e-11,7.82512e-11,7.82512e-11,7.82512e-11,1641865500,2022-01-11T01:45:00
7.81298e-11,7.81298e-11,7.81298e-11,7.81298e-11,1641865440,2022-01-11T01:44:00
7.78447e-11,7.78447e-11,7.78447e-11,7.78447e-11,1641865320,2022-01-11T01:42:00
7.69231e-11,7.69231e-11,7.69231e-11,7.69231e-11,1641864240,2022-01-11T01:24:00
7.63773e-11,7.63773e-11,7.63773e-11,7.63773e-11,1641864120,2022-01-11T01:22:00
7.59969e-11,7.59969e-11,7.59969e-11,7.59969e-11,1641862680,2022-01-11T00:58:00
7.57059e-11,7.57059e-11,7.57059e-11,7.57059e-11,1641861840,2022-01-11T00:44:00
7.57211e-11,7.57211e-11,7.57211e-11,7.57211e-11,1641860280,2022-01-11T00:18:00
7.56069e-11,7.56069e-11,7.56069e-11,7.56069e-11,1641859980,2022-01-11T00:13:00
7.52784e-11,7.52784e-11,7.52784e-11,7.52784e-11,1641858780,2022-01-10T23:53:00
7.48435e-11,7.48435e-11,7.48435e-11,7.48435e-11,1641858060,2022-01-10T23:41:00
7.45381e-11,7.45381e-11,7.45381e-11,7.45381e-11,1641857040,2022-01-10T23:24:00
7.36846e-11,7.36846e-11,7.36846e-11,7.36846e-11,1641856920,2022-01-10T23:22:00
7.28571e-11,7.28571e-11,7.28571e-11,7.28571e-11,1641856620,2022-01-10T23:17:00
7.27823e-11,7.27823e-11,7.27823e-11,7.27823e-11,1641856320,2022-01-10T23:12:00
7.23035e-11,7.23035e-11,7.23035e-11,7.23035e-11,1641855960,2022-01-10T23:06:00
7.25299e-11,7.25299e-11,7.25299e-11,7.25299e-11,1641855180,2022-01-10T22:53:00
7.22682e-11,7.22682e-11,7.22682e-11,7.22682e-11,1641854880,2022-01-10T22:48:00
7.19857e-11,7.19857e-11,7.19857e-11,7.19857e-11,1641853740,2022-01-10T22:29:00
7.17305e-11,7.17305e-11,7.17305e-11,7.17305e-11,1641853260,2022-01-10T22:21:00
7.15644e-11,7.15644e-11,7.15644e-11,7.15644e-11,1641853080,2022-01-10T22:18:00
7.12458e-11,7.12458e-11,7.12458e-11,7.12458e-11,1641851580,2022-01-10T21:53:00
7.10481e-11,7.10481e-11,7.10481e-11,7.10481e-11,1641851460,2022-01-10T21:51:00
7.02264e-11,7.02264e-11,7.02264e-11,7.02264e-11,1641851040,2022-01-10T21:44:00
6.88263e-11,6.88263e-11,6.88263e-11,6.88263e-11,1641850620,2022-01-10T21:37:00
6.71741e-11,6.71741e-11,6.71741e-11,6.71741e-11,1641850500,2022-01-10T21:35:00
6.59007e-11,6.59007e-11,6.59007e-11,6.59007e-11,1641849480,2022-01-10T21:18:00
6.64262e-11,6.64262e-11,6.64262e-11,6.64262e-11,1641848940,2022-01-10T21:09:00
6.4648e-11,6.4648e-11,6.4648e-11,6.4648e-11,1641843720,2022-01-10T19:42:00
6.34892e-11,6.34892e-11,6.34892e-11,6.34892e-11,1641843360,2022-01-10T19:36:00
6.36318e-11,6.36318e-11,6.36318e-11,6.36318e-11,1641843180,2022-01-10T19:33:00
6.4969e-11,6.4969e-11,6.4969e-11,6.4969e-11,1641842520,2022-01-10T19:22:00
6.60735e-11,6.60735e-11,6.60735e-11,6.60735e-11,1641833520,2022-01-10T16:52:00
6.60018e-11,6.60018e-11,6.60018e-11,6.60018e-11,1641832920,2022-01-10T16:42:00
6.54801e-11,6.54801e-11,6.54801e-11,6.54801e-11,1641832680,2022-01-10T16:38:00
6.52439e-11,6.52439e-11,6.52439e-11,6.52439e-11,1641832320,2022-01-10T16:32:00
6.33843e-11,6.33843e-11,6.33843e-11,6.33843e-11,1641831060,2022-01-10T16:11:00
6.2561e-11,6.2561e-11,6.2561e-11,6.2561e-11,1641830760,2022-01-10T16:06:00
6.12841e-11,6.12841e-11,6.12841e-11,6.12841e-11,1641829920,2022-01-10T15:52:00
6.01828e-11,6.01828e-11,6.01828e-11,6.01828e-11,1641829680,2022-01-10T15:48:00
7.15983e-11,7.15983e-11,6.01938e-11,6.01938e-11,1641826560,2022-01-10T14:56:00
7.3176e-11,7.3176e-11,7.3176e-11,7.3176e-11,1641825600,2022-01-10T14:40:00
7.47361e-11,7.47361e-11,7.47361e-11,7.47361e-11,1641820980,2022-01-10T13:23:00
7.46657e-11,7.46657e-11,7.46657e-11,7.46657e-11,1641820500,2022-01-10T13:15:00
7.40222e-11,7.40222e-11,7.40222e-11,7.40222e-11,1641820440,2022-01-10T13:14:00
7.68086e-11,7.68086e-11,7.68086e-11,7.68086e-11,1641817440,2022-01-10T12:24:00
7.80465e-11,7.80465e-11,7.80465e-11,7.80465e-11,1641804360,2022-01-10T08:46:00
7.83489e-11,7.83489e-11,7.83489e-11,7.83489e-11,1641803520,2022-01-10T08:32:00
7.83581e-11,7.83581e-11,7.83581e-11,7.83581e-11,1641801180,2022-01-10T07:53:00
7.8211e-11,7.8211e-11,7.8211e-11,7.8211e-11,1641799740,2022-01-10T07:29:00
7.76968e-11,7.76968e-11,7.76968e-11,7.76968e-11,1641799320,2022-01-10T07:22:00
7.83914e-11,7.83914e-11,7.78091e-11,7.78091e-11,1641796080,2022-01-10T06:28:00
7.89498e-11,7.89498e-11,7.89498e-11,7.89498e-11,1641795420,2022-01-10T06:17:00
7.8263e-11,7.8263e-11,7.8263e-11,7.8263e-11,1641794880,2022-01-10T06:08:00
7.87603e-11,7.87603e-11,7.87603e-11,7.87603e-11,1641793380,2022-01-10T05:43:00
8.00867e-11,8.00867e-11,8.00867e-11,8.00867e-11,1641793260,2022-01-10T05:41:00
8.01295e-11,8.01295e-11,8.01295e-11,8.01295e-11,1641792960,2022-01-10T05:36:00
7.96466e-11,7.96466e-11,7.96466e-11,7.96466e-11,1641792840,2022-01-10T05:34:00
7.97618e-11,7.97618e-11,7.97618e-11,7.97618e-11,1641792780,2022-01-10T05:33:00
8.03439e-11,8.03439e-11,8.03439e-11,8.03439e-11,1641791760,2022-01-10T05:16:00
8.03214e-11,8.03214e-11,8.03214e-11,8.03214e-11,1641790320,2022-01-10T04:52:00
8.00382e-11,8.01313e-11,8.00382e-11,8.01313e-11,1641789180,2022-01-10T04:33:00
8.06031e-11,8.06031e-11,8.06031e-11,8.06031e-11,1641789060,2022-01-10T04:31:00
8.09296e-11,8.09296e-11,8.09296e-11,8.09296e-11,1641785760,2022-01-10T03:36:00
8.07496e-11,8.07496e-11,8.07496e-11,8.07496e-11,1641785700,2022-01-10T03:35:00
8.12677e-11,8.12677e-11,8.12677e-11,8.12677e-11,1641785400,2022-01-10T03:30:00
8.0231e-11,8.0231e-11,8.0231e-11,8.0231e-11,1641784860,2022-01-10T03:21:00
8.07491e-11,8.07491e-11,8.07491e-11,8.07491e-11,1641782400,2022-01-10T02:40:00
8.01987e-11,8.01987e-11,8.01987e-11,8.01987e-11,1641780000,2022-01-10T02:00:00
8.05965e-11,8.05965e-11,8.05965e-11,8.05965e-11,1641779400,2022-01-10T01:50:00
8.04586e-11,8.04586e-11,8.04586e-11,8.04586e-11,1641778620,2022-01-10T01:37:00
8.04041e-11,8.04041e-11,8.04041e-11,8.04041e-11,1641778560,2022-01-10T01:36:00
8.03957e-11,8.03957e-11,8.03957e-11,8.03957e-11,1641778080,2022-01-10T01:28:00
8.00518e-11,8.00518e-11,8.00518e-11,8.00518e-11,1641777240,2022-01-10T01:14:00
8.06371e-11,8.06371e-11,8.06371e-11,8.06371e-11,1641777180,2022-01-10T01:13:00
8.02854e-11,8.02854e-11,8.02854e-11,8.02854e-11,1641775920,2022-01-10T00:52:00
7.99951e-11,7.99951e-11,7.99951e-11,7.99951e-11,1641771300,2022-01-09T23:35:00
8.11974e-11,8.11974e-11,8.11974e-11,8.11974e-11,1641770760,2022-01-09T23:26:00
8.11903e-11,8.11903e-11,8.11903e-11,8.11903e-11,1641770700,2022-01-09T23:25:00
8.11959e-11,8.11959e-11,8.11959e-11,8.11959e-11,1641770520,2022-01-09T23:22:00
8.10051e-11,8.10799e-11,8.10051e-11,8.10799e-11,1641770280,2022-01-09T23:18:00
8.14036e-11,8.14036e-11,8.14036e-11,8.14036e-11,1641768060,2022-01-09T22:41:00
8.12985e-11,8.12985e-11,8.12985e-11,8.12985e-11,1641767580,2022-01-09T22:33:00
8.11338e-11,8.11338e-11,8.11338e-11,8.11338e-11,1641766500,2022-01-09T22:15:00
8.17433e-11,8.17433e-11,8.17433e-11,8.17433e-11,1641766260,2022-01-09T22:11:00
8.24132e-11,8.24132e-11,8.24132e-11,8.24132e-11,1641765840,2022-01-09T22:04:00
8.21285e-11,8.21285e-11,8.21285e-11,8.21285e-11,1641764880,2022-01-09T21:48:00
8.25918e-11,8.25918e-11,8.25918e-11,8.25918e-11,1641764640,2022-01-09T21:44:00
8.32627e-11,8.32627e-11,8.32627e-11,8.32627e-11,1641764460,2022-01-09T21:41:00
8.29627e-11,8.29627e-11,8.29627e-11,8.29627e-11,1641764400,2022-01-09T21:40:00
8.11616e-11,8.11616e-11,8.11616e-11,8.11616e-11,1641764280,2022-01-09T21:38:00
7.88023e-11,7.8997e-11,7.88023e-11,7.8997e-11,1641763980,2022-01-09T21:33:00
7.82872e-11,7.83757e-11,7.82872e-11,7.83757e-11,1641763920,2022-01-09T21:32:00
7.79547e-11,7.79547e-11,7.79547e-11,7.79547e-11,1641763620,2022-01-09T21:27:00
7.68148e-11,7.68148e-11,7.68148e-11,7.68148e-11,1641763500,2022-01-09T21:25:00
7.58252e-11,7.58252e-11,7.58252e-11,7.58252e-11,1641763440,2022-01-09T21:24:00
7.57709e-11,7.57709e-11,7.57709e-11,7.57709e-11,1641763320,2022-01-09T21:22:00
7.48393e-11,7.48393e-11,7.48393e-11,7.48393e-11,1641762660,2022-01-09T21:11:00
7.25451e-11,7.25451e-11,7.25451e-11,7.25451e-11,1641762300,2022-01-09T21:05:00
6.95878e-11,6.95878e-11,6.95878e-11,6.95878e-11,1641762000,2022-01-09T21:00:00
6.73557e-11,6.73557e-11,6.73557e-11,6.73557e-11,1641761460,2022-01-09T20:51:00
6.7761e-11,6.7761e-11,6.7761e-11,6.7761e-11,1641759900,2022-01-09T20:25:00
6.7721e-11,6.7721e-11,6.7721e-11,6.7721e-11,1641759780,2022-01-09T20:23:00
6.83949e-11,6.83949e-11,6.83949e-11,6.83949e-11,1641759300,2022-01-09T20:15:00
6.88298e-11,6.88298e-11,6.88298e-11,6.88298e-11,1641758940,2022-01-09T20:09:00
6.90878e-11,6.90878e-11,6.90878e-11,6.90878e-11,1641758400,2022-01-09T20:00:00
6.95641e-11,6.95641e-11,6.95641e-11,6.95641e-11,1641757620,2022-01-09T19:47:00
6.98289e-11,6.98289e-11,6.98289e-11,6.98289e-11,1641756240,2022-01-09T19:24:00
6.79906e-11,6.79906e-11,6.79906e-11,6.79906e-11,1641754260,2022-01-09T18:51:00
7.04983e-11,7.04983e-11,7.04983e-11,7.04983e-11,1641751920,2022-01-09T18:12:00
7.46862e-11,7.46862e-11,7.46862e-11,7.46862e-11,1641746880,2022-01-09T16:48:00
7.50446e-11,7.50446e-11,7.50446e-11,7.50446e-11,1641746400,2022-01-09T16:40:00
7.47828e-11,7.47828e-11,7.47828e-11,7.47828e-11,1641746160,2022-01-09T16:36:00
7.39612e-11,7.39612e-11,7.39612e-11,7.39612e-11,1641745080,2022-01-09T16:18:00
7.31902e-11,7.31902e-11,7.31902e-11,7.31902e-11,1641743400,2022-01-09T15:50:00
7.37759e-11,7.37759e-11,7.37759e-11,7.37759e-11,1641742920,2022-01-09T15:42:00
7.33602e-11,7.33602e-11,7.33602e-11,7.33602e-11,1641742260,2022-01-09T15:31:00
7.34448e-11,7.34448e-11,7.34448e-11,7.34448e-11,1641742200,2022-01-09T15:30:00
7.38777e-11,7.38777e-11,7.38777e-11,7.38777e-11,1641742080,2022-01-09T15:28:00
7.38046e-11,7.38046e-11,7.38046e-11,7.38046e-11,1641741960,2022-01-09T15:26:00
7.3986e-11,7.3986e-11,7.3986e-11,7.3986e-11,1641740040,2022-01-09T14:54:00
7.35249e-11,7.35249e-11,7.35249e-11,7.35249e-11,1641738900,2022-01-09T14:35:00
7.45816e-11,7.45816e-11,7.45816e-11,7.45816e-11,1641738660,2022-01-09T14:31:00
7.58776e-11,7.58776e-11,7.58776e-11,7.58776e-11,1641735780,2022-01-09T13:43:00
7.5775e-11,7.5775e-11,7.5775e-11,7.5775e-11,1641735720,2022-01-09T13:42:00
7.54026e-11,7.54026e-11,7.54026e-11,7.54026e-11,1641735600,2022-01-09T13:40:00
7.54914e-11,7.54914e-11,7.54914e-11,7.54914e-11,1641735000,2022-01-09T13:30:00
7.50491e-11,7.50491e-11,7.50491e-11,7.50491e-11,1641734400,2022-01-09T13:20:00
7.46439e-11,7.46439e-11,7.46439e-11,7.46439e-11,1641734280,2022-01-09T13:18:00
7.52503e-11,7.52503e-11,7.52503e-11,7.52503e-11,1641734220,2022-01-09T13:17:00
7.47658e-11,7.47658e-11,7.47658e-11,7.47658e-11,1641733260,2022-01-09T13:01:00
7.42848e-11,7.42848e-11,7.42848e-11,7.42848e-11,1641732660,2022-01-09T12:51:00
6.978e-11,6.978e-11,6.978e-11,6.978e-11,1641732060,2022-01-09T12:41:00
6.51066e-11,6.51066e-11,6.51066e-11,6.51066e-11,1641731760,2022-01-09T12:36:00
6.47949e-11,6.47949e-11,6.47949e-11,6.47949e-11,1641730440,2022-01-09T12:14:00
6.37339e-11,6.37339e-11,6.37339e-11,6.37339e-11,1641729960,2022-01-09T12:06:00
6.22347e-11,6.22347e-11,6.22347e-11,6.22347e-11,1641725340,2022-01-09T10:49:00
6.20759e-11,6.20759e-11,6.20759e-11,6.20759e-11,1641724380,2022-01-09T10:33:00
6.19617e-11,6.19617e-11,6.19617e-11,6.19617e-11,1641722940,2022-01-09T10:09:00
6.24459e-11,6.24459e-11,6.24459e-11,6.24459e-11,1641722160,2022-01-09T09:56:00
6.31634e-11,6.31634e-11,6.31634e-11,6.31634e-11,1641718920,2022-01-09T09:02:00
6.28718e-11,6.28718e-11,6.28718e-11,6.28718e-11,1641718140,2022-01-09T08:49:00
6.38279e-11,6.38279e-11,6.38279e-11,6.38279e-11,1641715260,2022-01-09T08:01:00
6.39641e-11,6.39641e-11,6.39641e-11,6.39641e-11,1641709020,2022-01-09T06:17:00
6.37054e-11,6.37054e-11,6.37054e-11,6.37054e-11,1641708420,2022-01-09T06:07:00
6.34565e-11,6.34565e-11,6.34565e-11,6.34565e-11,1641707400,2022-01-09T05:50:00
6.35722e-11,6.35722e-11,6.35722e-11,6.35722e-11,1641706320,2022-01-09T05:32:00
6.36654e-11,6.36654e-11,6.36654e-11,6.36654e-11,1641705960,2022-01-09T05:26:00
6.32274e-11,6.32274e-11,6.32274e-11,6.32274e-11,1641705660,2022-01-09T05:21:00
6.31157e-11,6.31157e-11,6.31157e-11,6.31157e-11,1641705480,2022-01-09T05:18:00
6.69899e-11,6.69899e-11,6.69899e-11,6.69899e-11,1641704820,2022-01-09T05:07:00
7.15017e-11,7.15017e-11,7.15017e-11,7.15017e-11,1641699840,2022-01-09T03:44:00
7.10389e-11,7.10389e-11,7.10389e-11,7.10389e-11,1641696360,2022-01-09T02:46:00
7.10406e-11,7.10406e-11,7.10406e-11,7.10406e-11,1641695100,2022-01-09T02:25:00
7.03488e-11,7.03488e-11,7.03488e-11,7.03488e-11,1641694920,2022-01-09T02:22:00
7.07296e-11,7.07296e-11,7.07296e-11,7.07296e-11,1641693780,2022-01-09T02:03:00
7.03322e-11,7.03322e-11,7.03322e-11,7.03322e-11,1641690180,2022-01-09T01:03:00
7.02313e-11,7.02313e-11,7.02313e-11,7.02313e-11,1641689400,2022-01-09T00:50:00
6.97542e-11,6.97542e-11,6.97542e-11,6.97542e-11,1641688140,2022-01-09T00:29:00
6.95167e-11,6.95167e-11,6.95167e-11,6.95167e-11,1641687960,2022-01-09T00:26:00
7.05765e-11,7.05765e-11,7.05765e-11,7.05765e-11,1641686520,2022-01-09T00:02:00
7.04662e-11,7.04662e-11,7.04662e-11,7.04662e-11,1641685560,2022-01-08T23:46:00
7.11014e-11,7.11014e-11,7.11014e-11,7.11014e-11,1641685080,2022-01-08T23:38:00
7.05776e-11,7.05776e-11,7.05776e-11,7.05776e-11,1641684900,2022-01-08T23:35:00
7.08538e-11,7.08538e-11,7.08538e-11,7.08538e-11,1641684480,2022-01-08T23:28:00
7.12074e-11,7.12074e-11,7.12074e-11,7.12074e-11,1641682680,2022-01-08T22:58:00
7.11151e-11,7.11151e-11,7.11151e-11,7.11151e-11,1641681600,2022-01-08T22:40:00
6.99034e-11,6.99034e-11,6.99034e-11,6.99034e-11,1641679380,2022-01-08T22:03:00
7.05173e-11,7.05173e-11,7.05173e-11,7.05173e-11,1641679080,2022-01-08T21:58:00
7.01208e-11,7.01208e-11,7.01208e-11,7.01208e-11,1641678420,2022-01-08T21:47:00
7.04947e-11,7.04947e-11,7.04947e-11,7.04947e-11,1641678360,2022-01-08T21:46:00
6.92333e-11,6.92333e-11,6.92333e-11,6.92333e-11,1641673320,2022-01-08T20:22:00
7.11645e-11,7.11645e-11,7.11645e-11,7.11645e-11,1641673020,2022-01-08T20:17:00
7.29312e-11,7.29312e-11,7.29312e-11,7.29312e-11,1641671520,2022-01-08T19:52:00
7.37186e-11,7.37186e-11,7.37186e-11,7.37186e-11,1641669900,2022-01-08T19:25:00
7.43205e-11,7.43205e-11,7.43205e-11,7.43205e-11,1641669060,2022-01-08T19:11:00
7.43321e-11,7.43321e-11,7.43321e-11,7.43321e-11,1641668880,2022-01-08T19:08:00
7.40023e-11,7.40023e-11,7.40023e-11,7.40023e-11,1641667860,2022-01-08T18:51:00
7.43723e-11,7.43723e-11,7.43723e-11,7.43723e-11,1641666720,2022-01-08T18:32:00
7.39449e-11,7.39449e-11,7.39449e-11,7.39449e-11,1641666300,2022-01-08T18:25:00
7.38031e-11,7.38031e-11,7.38031e-11,7.38031e-11,1641665220,2022-01-08T18:07:00
7.37908e-11,7.37908e-11,7.37908e-11,7.37908e-11,1641664980,2022-01-08T18:03:00
7.54286e-11,7.54286e-11,7.54286e-11,7.54286e-11,1641661620,2022-01-08T17:07:00
7.53624e-11,7.53624e-11,7.53624e-11,7.53624e-11,1641661560,2022-01-08T17:06:00
7.55704e-11,7.55704e-11,7.55704e-11,7.55704e-11,1641661080,2022-01-08T16:58:00
7.56302e-11,7.56302e-11,7.56302e-11,7.56302e-11,1641659760,2022-01-08T16:36:00
7.602e-11,7.602e-11,7.602e-11,7.602e-11,1641659340,2022-01-08T16:29:00
7.60487e-11,7.60487e-11,7.60487e-11,7.60487e-11,1641658800,2022-01-08T16:20:00
7.58801e-11,7.58801e-11,7.58801e-11,7.58801e-11,1641658440,2022-01-08T16:14:00
7.56888e-11,7.56888e-11,7.56888e-11,7.56888e-11,1641657900,2022-01-08T16:05:00
7.53432e-11,7.53432e-11,7.53432e-11,7.53432e-11,1641656460,2022-01-08T15:41:00
7.63403e-11,7.63403e-11,7.63403e-11,7.63403e-11,1641656160,2022-01-08T15:36:00
7.59845e-11,7.59845e-11,7.59845e-11,7.59845e-11,1641656100,2022-01-08T15:35:00
7.56486e-11,7.56486e-11,7.56486e-11,7.56486e-11,1641655860,2022-01-08T15:31:00
7.57959e-11,7.57959e-11,7.57959e-11,7.57959e-11,1641654840,2022-01-08T15:14:00
7.70392e-11,7.70392e-11,7.70392e-11,7.70392e-11,1641654600,2022-01-08T15:10:00
7.66027e-11,7.66027e-11,7.66027e-11,7.66027e-11,1641654180,2022-01-08T15:03:00
7.77523e-11,7.77523e-11,7.77523e-11,7.77523e-11,1641653880,2022-01-08T14:58:00
7.7122e-11,7.7122e-11,7.7122e-11,7.7122e-11,1641653820,2022-01-08T14:57:00
7.66463e-11,7.66463e-11,7.66463e-11,7.66463e-11,1641653700,2022-01-08T14:55:00
7.62976e-11,7.62976e-11,7.62976e-11,7.62976e-11,1641652920,2022-01-08T14:42:00
7.61897e-11,7.61897e-11,7.61897e-11,7.61897e-11,1641652860,2022-01-08T14:41:00
7.56901e-11,7.56901e-11,7.56901e-11,7.56901e-11,1641652560,2022-01-08T14:36:00
7.54317e-11,7.54317e-11,7.54317e-11,7.54317e-11,1641652380,2022-01-08T14:33:00
7.53952e-11,7.53952e-11,7.53952e-11,7.53952e-11,1641651840,2022-01-08T14:24:00
7.54371e-11,7.54371e-11,7.54371e-11,7.54371e-11,1641650760,2022-01-08T14:06:00
7.50718e-11,7.50718e-11,7.50718e-11,7.50718e-11,1641650340,2022-01-08T13:59:00
7.48431e-11,7.48431e-11,7.48431e-11,7.48431e-11,1641650280,2022-01-08T13:58:00
7.38124e-11,7.38124e-11,7.38124e-11,7.38124e-11,1641648420,2022-01-08T13:27:00
7.36941e-11,7.36941e-11,7.36941e-11,7.36941e-11,1641647700,2022-01-08T13:15:00
7.35366e-11,7.35366e-11,7.35366e-11,7.35366e-11,1641646560,2022-01-08T12:56:00
7.32046e-11,7.32046e-11,7.32046e-11,7.32046e-11,1641646200,2022-01-08T12:50:00
7.33576e-11,7.33576e-11,7.33576e-11,7.33576e-11,1641643560,2022-01-08T12:06:00
7.33201e-11,7.33201e-11,7.33201e-11,7.33201e-11,1641642720,2022-01-08T11:52:00
7.29738e-11,7.29738e-11,7.29738e-11,7.29738e-11,1641642060,2022-01-08T11:41:00
7.12119e-11,7.12119e-11,7.12119e-11,7.12119e-11,1641641460,2022-01-08T11:31:00
6.97329e-11,6.97329e-11,6.97329e-11,6.97329e-11,1641641280,2022-01-08T11:28:00
6.93824e-11,6.93824e-11,6.93824e-11,6.93824e-11,1641641100,2022-01-08T11:25:00
7.11822e-11,7.11822e-11,7.11822e-11,7.11822e-11,1641640740,2022-01-08T11:19:00
7.33644e-11,7.33644e-11,7.33644e-11,7.33644e-11,1641640680,2022-01-08T11:18:00
7.28353e-11,7.28353e-11,7.28353e-11,7.28353e-11,1641640560,2022-01-08T11:16:00
7.35302e-11,7.35302e-11,7.35302e-11,7.35302e-11,1641638580,2022-01-08T10:43:00
7.29917e-11,7.29917e-11,7.29917e-11,7.29917e-11,1641638040,2022-01-08T10:34:00
7.36218e-11,7.36218e-11,7.36218e-11,7.36218e-11,1641637500,2022-01-08T10:25:00
7.32128e-11,7.32128e-11,7.32128e-11,7.32128e-11,1641637140,2022-01-08T10:19:00
7.29902e-11,7.29902e-11,7.29902e-11,7.29902e-11,1641636960,2022-01-08T10:16:00
7.17699e-11,7.17699e-11,7.17699e-11,7.17699e-11,1641635220,2022-01-08T09:47:00
7.22415e-11,7.22415e-11,7.22415e-11,7.22415e-11,1641634920,2022-01-08T09:42:00
7.208e-11,7.208e-11,7.208e-11,7.208e-11,1641634260,2022-01-08T09:31:00
7.19853e-11,7.19853e-11,7.19853e-11,7.19853e-11,1641634020,2022-01-08T09:27:00
7.15127e-11,7.15127e-11,7.15127e-11,7.15127e-11,1641633960,2022-01-08T09:26:00
7.17844e-11,7.17844e-11,7.17844e-11,7.17844e-11,1641633540,2022-01-08T09:19:00
7.12922e-11,7.12922e-11,7.12922e-11,7.12922e-11,1641633300,2022-01-08T09:15:00
7.06161e-11,7.06161e-11,7.06161e-11,7.06161e-11,1641631440,2022-01-08T08:44:00
7.04485e-11,7.04485e-11,7.04485e-11,7.04485e-11,1641631260,2022-01-08T08:41:00
6.94509e-11,6.94509e-11,6.94509e-11,6.94509e-11,1641630840,2022-01-08T08:34:00
6.78792e-11,6.78792e-11,6.78792e-11,6.78792e-11,1641630300,2022-01-08T08:25:00
7.13566e-11,7.13566e-11,7.13566e-11,7.13566e-11,1641628440,2022-01-08T07:54:00
7.71299e-11,7.71299e-11,7.71299e-11,7.71299e-11,1641628260,2022-01-08T07:51:00
7.72322e-11,7.72322e-11,7.72322e-11,7.72322e-11,1641628140,2022-01-08T07:49:00
7.67957e-11,7.67957e-11,7.67957e-11,7.67957e-11,1641627780,2022-01-08T07:43:00
7.72933e-11,7.72933e-11,7.72933e-11,7.72933e-11,1641626760,2022-01-08T07:26:00
7.70513e-11,7.70966e-11,7.70513e-11,7.70966e-11,1641626640,2022-01-08T07:24:00
7.73004e-11,7.73004e-11,7.73004e-11,7.73004e-11,1641626100,2022-01-08T07:15:00
7.69041e-11,7.69041e-11,7.69041e-11,7.69041e-11,1641624840,2022-01-08T06:54:00
7.73877e-11,7.73877e-11,7.73877e-11,7.73877e-11,1641623700,2022-01-08T06:35:00
7.73752e-11,7.73752e-11,7.73752e-11,7.73752e-11,1641621180,2022-01-08T05:53:00
7.73425e-11,7.73425e-11,7.73425e-11,7.73425e-11,1641621000,2022-01-08T05:50:00
7.73146e-11,7.73146e-11,7.73146e-11,7.73146e-11,1641620040,2022-01-08T05:34:00
7.72269e-11,7.72269e-11,7.72269e-11,7.72269e-11,1641619200,2022-01-08T05:20:00
7.7046e-11,7.7046e-11,7.7046e-11,7.7046e-11,1641618420,2022-01-08T05:07:00
7.6756e-11,7.6756e-11,7.6756e-11,7.6756e-11,1641617400,2022-01-08T04:50:00
7.66057e-11,7.66057e-11,7.66057e-11,7.66057e-11,1641616620,2022-01-08T04:37:00
7.62319e-11,7.62319e-11,7.62319e-11,7.62319e-11,1641616320,2022-01-08T04:32:00
7.61104e-11,7.61104e-11,7.61104e-11,7.61104e-11,1641616140,2022-01-08T04:29:00
7.45389e-11,7.45389e-11,7.45389e-11,7.45389e-11,1641615660,2022-01-08T04:21:00
7.3637e-11,7.3637e-11,7.3637e-11,7.3637e-11,1641615360,2022-01-08T04:16:00
7.41388e-11,7.41388e-11,7.41388e-11,7.41388e-11,1641613320,2022-01-08T03:42:00
7.40871e-11,7.40871e-11,7.40871e-11,7.40871e-11,1641613200,2022-01-08T03:40:00
7.34435e-11,7.34435e-11,7.34435e-11,7.34435e-11,1641612780,2022-01-08T03:33:00
7.3506e-11,7.3506e-11,7.3506e-11,7.3506e-11,1641612420,2022-01-08T03:27:00
7.40517e-11,7.40517e-11,7.40517e-11,7.40517e-11,1641612180,2022-01-08T03:23:00
7.46126e-11,7.46126e-11,7.46126e-11,7.46126e-11,1641612120,2022-01-08T03:22:00
7.44648e-11,7.44648e-11,7.44648e-11,7.44648e-11,1641611220,2022-01-08T03:07:00
7.45076e-11,7.45076e-11,7.45076e-11,7.45076e-11,1641610740,2022-01-08T02:59:00
7.43707e-11,7.43707e-11,7.43707e-11,7.43707e-11,1641610620,2022-01-08T02:57:00
7.38125e-11,7.38125e-11,7.38125e-11,7.38125e-11,1641609840,2022-01-08T02:44:00
7.43297e-11,7.43297e-11,7.43297e-11,7.43297e-11,1641609780,2022-01-08T02:43:00
7.43097e-11,7.43097e-11,7.43097e-11,7.43097e-11,1641609720,2022-01-08T02:42:00
7.45371e-11,7.45371e-11,7.45371e-11,7.45371e-11,1641607560,2022-01-08T02:06:00
7.46886e-11,7.46886e-11,7.46886e-11,7.46886e-11,1641606240,2022-01-08T01:44:00
7.57392e-11,7.57392e-11,7.57392e-11,7.57392e-11,1641605340,2022-01-08T01:29:00
7.5681e-11,7.5681e-11,7.5681e-11,7.5681e-11,1641604680,2022-01-08T01:18:00
7.53667e-11,7.53667e-11,7.53667e-11,7.53667e-11,1641603600,2022-01-08T01:00:00
7.50388e-11,7.50388e-11,7.50388e-11,7.50388e-11,1641603540,2022-01-08T00:59:00
7.41777e-11,7.41777e-11,7.41777e-11,7.41777e-11,1641602220,2022-01-08T00:37:00
7.35429e-11,7.35429e-11,7.35429e-11,7.35429e-11,1641602040,2022-01-08T00:34:00
7.32667e-11,7.32667e-11,7.32667e-11,7.32667e-11,1641601500,2022-01-08T00:25:00
7.26664e-11,7.26664e-11,7.26664e-11,7.26664e-11,1641600720,2022-01-08T00:12:00
7.20791e-11,7.20791e-11,7.20791e-11,7.20791e-11,1641600420,2022-01-08T00:07:00
7.14558e-11,7.14558e-11,7.14558e-11,7.14558e-11,1641599880,2022-01-07T23:58:00
7.18703e-11,7.18703e-11,7.18703e-11,7.18703e-11,1641598980,2022-01-07T23:43:00
7.18248e-11,7.18248e-11,7.18248e-11,7.18248e-11,1641598500,2022-01-07T23:35:00
7.1451e-11,7.1451e-11,7.1451e-11,7.1451e-11,1641598380,2022-01-07T23:33:00
7.13381e-11,7.13381e-11,7.13381e-11,7.13381e-11,1641598320,2022-01-07T23:32:00
7.07676e-11,7.07676e-11,7.07676e-11,7.07676e-11,1641598020,2022-01-07T23:27:00
7.08316e-11,7.08316e-11,7.08316e-11,7.08316e-11,1641597660,2022-01-07T23:21:00
7.11241e-11,7.11241e-11,7.11241e-11,7.11241e-11,1641596640,2022-01-07T23:04:00
7.16271e-11,7.16271e-11,7.16271e-11,7.16271e-11,1641596580,2022-01-07T23:03:00
7.15409e-11,7.15409e-11,7.15409e-11,7.15409e-11,1641596160,2022-01-07T22:56:00
7.15869e-11,7.15869e-11,7.15869e-11,7.15869e-11,1641596040,2022-01-07T22:54:00
7.19038e-11,7.19038e-11,7.19038e-11,7.19038e-11,1641594780,2022-01-07T22:33:00
7.18805e-11,7.18805e-11,7.18805e-11,7.18805e-11,1641594600,2022-01-07T22:30:00
7.15774e-11,7.15774e-11,7.15774e-11,7.15774e-11,1641594540,2022-01-07T22:29:00
7.13749e-11,7.13749e-11,7.13749e-11,7.13749e-11,1641594300,2022-01-07T22:25:00
7.13196e-11,7.13196e-11,7.13196e-11,7.13196e-11,1641594240,2022-01-07T22:24:00
7.07285e-11,7.08994e-11,7.07285e-11,7.08994e-11,1641594180,2022-01-07T22:23:00
7.06816e-11,7.06816e-11,7.06816e-11,7.06816e-11,1641594120,2022-01-07T22:22:00
6.99292e-11,6.99292e-11,6.99292e-11,6.99292e-11,1641593880,2022-01-07T22:18:00
6.92417e-11,6.92417e-11,6.92417e-11,6.92417e-11,1641593580,2022-01-07T22:13:00
6.90227e-11,6.90227e-11,6.90227e-11,6.90227e-11,1641593520,2022-01-07T22:12:00
7.01908e-11,7.01908e-11,6.91791e-11,6.91791e-11,1641593340,2022-01-07T22:09:00
7.09057e-11,7.09057e-11,7.09057e-11,7.09057e-11,1641593160,2022-01-07T22:06:00
7.35723e-11,7.35723e-11,7.35723e-11,7.35723e-11,1641592680,2022-01-07T21:58:00
7.71703e-11,7.71703e-11,7.71703e-11,7.71703e-11,1641592200,2022-01-07T21:50:00
7.71761e-11,7.71761e-11,7.71761e-11,7.71761e-11,1641591780,2022-01-07T21:43:00
7.67907e-11,7.67907e-11,7.67907e-11,7.67907e-11,1641591720,2022-01-07T21:42:00
7.71722e-11,7.71722e-11,7.71722e-11,7.71722e-11,1641590400,2022-01-07T21:20:00
8.20356e-11,8.20356e-11,8.20356e-11,8.20356e-11,1641589500,2022-01-07T21:05:00
8.78328e-11,8.78328e-11,8.78328e-11,8.78328e-11,1641589440,2022-01-07T21:04:00
8.73503e-11,8.73503e-11,8.73503e-11,8.73503e-11,1641588300,2022-01-07T20:45:00
8.68649e-11,8.68649e-11,8.68649e-11,8.68649e-11,1641588240,2022-01-07T20:44:00
8.71576e-11,8.71576e-11,8.71576e-11,8.71576e-11,1641587580,2022-01-07T20:33:00
8.6646e-11,8.6646e-11,8.6646e-11,8.6646e-11,1641587460,2022-01-07T20:31:00
8.72791e-11,8.72791e-11,8.72791e-11,8.72791e-11,1641587400,2022-01-07T20:30:00
8.60527e-11,8.60527e-11,8.60527e-11,8.60527e-11,1641581520,2022-01-07T18:52:00
8.69566e-11,8.69566e-11,8.69566e-11,8.69566e-11,1641581040,2022-01-07T18:44:00
8.80048e-11,8.80048e-11,8.80048e-11,8.80048e-11,1641580620,2022-01-07T18:37:00
8.7956e-11,8.7956e-11,8.7956e-11,8.7956e-11,1641579960,2022-01-07T18:26:00
8.75045e-11,8.75045e-11,8.75045e-11,8.75045e-11,1641579720,2022-01-07T18:22:00
8.75184e-11,8.75184e-11,8.75184e-11,8.75184e-11,1641578880,2022-01-07T18:08:00
8.81628e-11,8.81628e-11,8.81628e-11,8.81628e-11,1641578760,2022-01-07T18:06:00
8.90562e-11,8.90562e-11,8.90562e-11,8.90562e-11,1641578640,2022-01-07T18:04:00
9.00248e-11,9.00248e-11,9.00248e-11,9.00248e-11,1641575520,2022-01-07T17:12:00
8.89674e-11,8.89674e-11,8.89674e-11,8.89674e-11,1641574920,2022-01-07T17:02:00
8.84113e-11,8.84113e-11,8.84113e-11,8.84113e-11,1641574380,2022-01-07T16:53:00
8.89573e-11,8.89573e-11,8.89573e-11,8.89573e-11,1641574140,2022-01-07T16:49:00
8.86147e-11,8.86147e-11,8.86147e-11,8.86147e-11,1641573120,2022-01-07T16:32:00
8.94405e-11,8.94405e-11,8.94405e-11,8.94405e-11,1641571680,2022-01-07T16:08:00
9.13541e-11,9.13541e-11,9.13541e-11,9.13541e-11,1641569940,2022-01-07T15:39:00
9.17345e-11,9.17345e-11,9.17345e-11,9.17345e-11,1641565620,2022-01-07T14:27:00
9.20607e-11,9.20607e-11,9.20607e-11,9.20607e-11,1641565500,2022-01-07T14:25:00
9.28323e-11,9.28323e-11,9.28323e-11,9.28323e-11,1641565020,2022-01-07T14:17:00
9.34629e-11,9.34629e-11,9.34629e-11,9.34629e-11,1641562440,2022-01-07T13:34:00
9.37888e-11,9.37888e-11,9.37888e-11,9.37888e-11,1641562320,2022-01-07T13:32:00
9.30673e-11,9.30673e-11,9.30673e-11,9.30673e-11,1641562200,2022-01-07T13:30:00
9.19136e-11,9.19136e-11,9.19136e-11,9.19136e-11,1641561840,2022-01-07T13:24:00
9.22572e-11,9.22572e-11,9.22572e-11,9.22572e-11,1641561480,2022-01-07T13:18:00
9.26506e-11,9.26506e-11,9.26506e-11,9.26506e-11,1641561180,2022-01-07T13:13:00
9.32401e-11,9.32401e-11,9.32401e-11,9.32401e-11,1641560700,2022-01-07T13:05:00
9.39835e-11,9.39835e-11,9.39835e-11,9.39835e-11,1641560280,2022-01-07T12:58:00
9.39352e-11,9.39352e-11,9.39352e-11,9.39352e-11,1641560100,2022-01-07T12:55:00
9.38075e-11,9.38075e-11,9.38075e-11,9.38075e-11,1641559260,2022-01-07T12:41:00
9.36801e-11,9.36801e-11,9.36801e-11,9.36801e-11,1641558900,2022-01-07T12:35:00
9.32898e-11,9.32898e-11,9.32898e-11,9.32898e-11,1641557460,2022-01-07T12:11:00
9.27579e-11,9.27579e-11,9.27579e-11,9.27579e-11,1641557400,2022-01-07T12:10:00
9.30597e-11,9.30597e-11,9.30597e-11,9.30597e-11,1641556320,2022-01-07T11:52:00
9.31518e-11,9.31518e-11,9.31518e-11,9.31518e-11,1641555060,2022-01-07T11:31:00
9.31864e-11,9.31864e-11,9.31864e-11,9.31864e-11,1641554100,2022-01-07T11:15:00
9.31841e-11,9.31841e-11,9.31841e-11,9.31841e-11,1641553740,2022-01-07T11:09:00
9.28751e-11,9.28751e-11,9.28751e-11,9.28751e-11,1641553620,2022-01-07T11:07:00
9.23457e-11,9.23457e-11,9.23457e-11,9.23457e-11,1641553440,2022-01-07T11:04:00
9.33254e-11,9.33254e-11,9.33254e-11,9.33254e-11,1641553320,2022-01-07T11:02:00
9.33369e-11,9.33369e-11,9.33369e-11,9.33369e-11,1641553020,2022-01-07T10:57:00
9.31809e-11,9.31809e-11,9.31809e-11,9.31809e-11,1641552900,2022-01-07T10:55:00
9.33674e-11,9.33674e-11,9.33674e-11,9.33674e-11,1641552840,2022-01-07T10:54:00
9.32301e-11,9.32301e-11,9.32301e-11,9.32301e-11,1641552480,2022-01-07T10:48:00
9.25977e-11,9.25977e-11,9.25977e-11,9.25977e-11,1641552240,2022-01-07T10:44:00
9.34057e-11,9.34057e-11,9.34057e-11,9.34057e-11,1641551460,2022-01-07T10:31:00
9.48357e-11,9.48357e-11,9.48357e-11,9.48357e-11,1641550500,2022-01-07T10:15:00
9.47092e-11,9.47092e-11,9.47092e-11,9.47092e-11,1641549960,2022-01-07T10:06:00
9.4064e-11,9.4064e-11,9.4064e-11,9.4064e-11,1641549840,2022-01-07T10:04:00
9.44619e-11,9.44619e-11,9.44619e-11,9.44619e-11,1641549660,2022-01-07T10:01:00
9.52089e-11,9.52089e-11,9.52089e-11,9.52089e-11,1641549240,2022-01-07T09:54:00
9.48024e-11,9.52026e-11,9.48024e-11,9.52026e-11,1641548520,2022-01-07T09:42:00
9.48104e-11,9.48104e-11,9.48104e-11,9.48104e-11,1641547980,2022-01-07T09:33:00
9.46937e-11,9.46937e-11,9.46937e-11,9.46937e-11,1641547680,2022-01-07T09:28:00
9.27306e-11,9.27306e-11,9.27306e-11,9.27306e-11,1641545760,2022-01-07T08:56:00
9.05183e-11,9.05183e-11,9.05183e-11,9.05183e-11,1641544920,2022-01-07T08:42:00
9.1495e-11,9.1495e-11,9.1495e-11,9.1495e-11,1641544680,2022-01-07T08:38:00
9.13038e-11,9.13038e-11,9.13038e-11,9.13038e-11,1641544440,2022-01-07T08:34:00
9.15982e-11,9.15982e-11,9.15982e-11,9.15982e-11,1641542580,2022-01-07T08:03:00
9.05357e-11,9.05357e-11,9.05357e-11,9.05357e-11,1641542400,2022-01-07T08:00:00
8.97394e-11,8.97394e-11,8.97394e-11,8.97394e-11,1641541440,2022-01-07T07:44:00
8.9682e-11,8.9682e-11,8.9682e-11,8.9682e-11,1641541320,2022-01-07T07:42:00
8.85538e-11,8.85538e-11,8.85538e-11,8.85538e-11,1641540420,2022-01-07T07:27:00
8.86695e-11,8.86695e-11,8.86695e-11,8.86695e-11,1641540060,2022-01-07T07:21:00
8.92456e-11,8.92456e-11,8.92456e-11,8.92456e-11,1641538920,2022-01-07T07:02:00
8.99413e-11,8.99413e-11,8.99413e-11,8.99413e-11,1641538620,2022-01-07T06:57:00
8.93646e-11,8.93646e-11,8.93646e-11,8.93646e-11,1641538320,2022-01-07T06:52:00
9.02833e-11,9.02833e-11,8.97001e-11,8.97001e-11,1641537780,2022-01-07T06:43:00
9.06033e-11,9.06033e-11,9.06033e-11,9.06033e-11,1641537480,2022-01-07T06:38:00
8.88783e-11,8.88783e-11,8.88783e-11,8.88783e-11,1641537240,2022-01-07T06:34:00
8.81237e-11,8.86634e-11,8.81237e-11,8.86634e-11,1641536460,2022-01-07T06:21:00
8.88339e-11,8.88339e-11,8.88339e-11,8.88339e-11,1641536400,2022-01-07T06:20:00
8.81146e-11,8.81146e-11,8.81146e-11,8.81146e-11,1641536100,2022-01-07T06:15:00
8.99863e-11,8.99863e-11,8.99863e-11,8.99863e-11,1641536040,2022-01-07T06:14:00
8.95329e-11,8.95329e-11,8.95329e-11,8.95329e-11,1641534780,2022-01-07T05:53:00
9.04226e-11,9.04226e-11,9.04226e-11,9.04226e-11,1641534300,2022-01-07T05:45:00
9.05376e-11,9.05376e-11,9.05376e-11,9.05376e-11,1641533700,2022-01-07T05:35:00
9.25316e-11,9.25316e-11,9.25316e-11,9.25316e-11,1641532560,2022-01-07T05:16:00
9.60189e-11,9.60189e-11,9.60189e-11,9.60189e-11,1641530520,2022-01-07T04:42:00
9.64946e-11,9.64946e-11,9.64946e-11,9.64946e-11,1641530280,2022-01-07T04:38:00
9.63388e-11,9.63388e-11,9.63388e-11,9.63388e-11,1641529860,2022-01-07T04:31:00
9.58888e-11,9.58888e-11,9.58888e-11,9.58888e-11,1641529800,2022-01-07T04:30:00
9.60073e-11,9.60073e-11,9.60073e-11,9.60073e-11,1641529740,2022-01-07T04:29:00
9.71455e-11,9.71455e-11,9.71455e-11,9.71455e-11,1641529680,2022-01-07T04:28:00
9.84536e-11,9.84536e-11,9.84536e-11,9.84536e-11,1641528780,2022-01-07T04:13:00
1.02238e-10,1.02238e-10,1.02238e-10,1.02238e-10,1641526500,2022-01-07T03:35:00
1.04798e-10,1.04798e-10,1.04798e-10,1.04798e-10,1641525780,2022-01-07T03:23:00
1.0497e-10,1.0497e-10,1.0497e-10,1.0497e-10,1641525720,2022-01-07T03:22:00
1.059e-10,1.059e-10,1.059e-10,1.059e-10,1641525600,2022-01-07T03:20:00
1.05566e-10,1.05566e-10,1.05566e-10,1.05566e-10,1641524640,2022-01-07T03:04:00
1.06287e-10,1.06287e-10,1.06287e-10,1.06287e-10,1641524400,2022-01-07T03:00:00
1.07104e-10,1.07104e-10,1.07104e-10,1.07104e-10,1641524220,2022-01-07T02:57:00
1.09041e-10,1.09041e-10,1.09041e-10,1.09041e-10,1641524040,2022-01-07T02:54:00
1.11197e-10,1.11197e-10,1.11197e-10,1.11197e-10,1641523980,2022-01-07T02:53:00
1.13602e-10,1.13602e-10,1.13602e-10,1.13602e-10,1641523800,2022-01-07T02:50:00
1.16101e-10,1.16101e-10,1.16101e-10,1.16101e-10,1641523740,2022-01-07T02:49:00
1.16319e-10,1.16319e-10,1.16319e-10,1.16319e-10,1641522720,2022-01-07T02:32:00
1.16877e-10,1.16877e-10,1.16877e-10,1.16877e-10,1641522180,2022-01-07T02:23:00
1.17491e-10,1.17491e-10,1.17491e-10,1.17491e-10,1641522120,2022-01-07T02:22:00
1.16578e-10,1.17537e-10,1.16578e-10,1.17537e-10,1641521160,2022-01-07T02:06:00
1.15786e-10,1.15786e-10,1.15786e-10,1.15786e-10,1641520740,2022-01-07T01:59:00
1.1594e-10,1.1594e-10,1.1594e-10,1.1594e-10,1641520620,2022-01-07T01:57:00
1.17399e-10,1.17399e-10,1.17399e-10,1.17399e-10,1641520260,2022-01-07T01:51:00
1.16879e-10,1.16879e-10,1.16879e-10,1.16879e-10,1641520080,2022-01-07T01:48:00
1.1673e-10,1.1673e-10,1.1673e-10,1.1673e-10,1641519840,2022-01-07T01:44:00
1.16717e-10,1.16717e-10,1.16717e-10,1.16717e-10,1641519720,2022-01-07T01:42:00
1.1621e-10,1.1621e-10,1.1621e-10,1.1621e-10,1641519360,2022-01-07T01:36:00
1.16129e-10,1.16129e-10,1.16129e-10,1.16129e-10,1641516780,2022-01-07T00:53:00
1.16459e-10,1.16459e-10,1.16459e-10,1.16459e-10,1641515880,2022-01-07T00:38:00
1.17066e-10,1.17066e-10,1.17066e-10,1.17066e-10,1641512940,2022-01-06T23:49:00
1.17041e-10,1.17041e-10,1.17041e-10,1.17041e-10,1641511860,2022-01-06T23:31:00
1.16016e-10,1.16016e-10,1.16016e-10,1.16016e-10,1641511740,2022-01-06T23:29:00
1.16717e-10,1.16717e-10,1.16717e-10,1.16717e-10,1641511440,2022-01-06T23:24:00
1.18369e-10,1.18369e-10,1.18369e-10,1.18369e-10,1641511140,2022-01-06T23:19:00
1.17761e-10,1.17761e-10,1.17761e-10,1.17761e-10,1641511080,2022-01-06T23:18:00
1.18612e-10,1.18612e-10,1.18612e-10,1.18612e-10,1641511020,2022-01-06T23:17:00
1.17947e-10,1.17947e-10,1.17947e-10,1.17947e-10,1641510840,2022-01-06T23:14:00
1.18969e-10,1.18969e-10,1.18969e-10,1.18969e-10,1641510600,2022-01-06T23:10:00
1.19123e-10,1.19123e-10,1.19123e-10,1.19123e-10,1641510540,2022-01-06T23:09:00
1.22142e-10,1.22142e-10,1.20312e-10,1.20312e-10,1641510480,2022-01-06T23:08:00
1.21933e-10,1.21933e-10,1.21933e-10,1.21933e-10,1641510360,2022-01-06T23:06:00
1.21812e-10,1.21812e-10,1.21812e-10,1.21812e-10,1641510300,2022-01-06T23:05:00
1.21793e-10,1.21793e-10,1.21793e-10,1.21793e-10,1641510000,2022-01-06T23:00:00
1.21621e-10,1.21621e-10,1.21621e-10,1.21621e-10,1641509700,2022-01-06T22:55:00
1.1635e-10,1.1635e-10,1.1635e-10,1.1635e-10,1641509640,2022-01-06T22:54:00
1.16248e-10,1.16248e-10,1.16248e-10,1.16248e-10,1641509340,2022-01-06T22:49:00
1.16205e-10,1.16205e-10,1.16205e-10,1.16205e-10,1641509220,2022-01-06T22:47:00
1.17991e-10,1.17991e-10,1.17991e-10,1.17991e-10,1641509160,2022-01-06T22:46:00
1.1548e-10,1.1548e-10,1.1548e-10,1.1548e-10,1641509040,2022-01-06T22:44:00
1.13032e-10,1.13032e-10,1.13032e-10,1.13032e-10,1641508920,2022-01-06T22:42:00
1.12367e-10,1.12367e-10,1.12367e-10,1.12367e-10,1641508860,2022-01-06T22:41:00
1.1323e-10,1.1323e-10,1.1323e-10,1.1323e-10,1641508800,2022-01-06T22:40:00
1.13069e-10,1.13069e-10,1.13069e-10,1.13069e-10,1641508260,2022-01-06T22:31:00
1.13076e-10,1.13076e-10,1.13076e-10,1.13076e-10,1641507900,2022-01-06T22:25:00
1.12813e-10,1.12813e-10,1.12813e-10,1.12813e-10,1641507780,2022-01-06T22:23:00
1.12155e-10,1.12155e-10,1.12155e-10,1.12155e-10,1641507600,2022-01-06T22:20:00
1.08498e-10,1.08498e-10,1.08498e-10,1.08498e-10,1641507540,2022-01-06T22:19:00
1.09334e-10,1.09334e-10,1.0794e-10,1.0794e-10,1641506820,2022-01-06T22:07:00
1.09126e-10,1.09126e-10,1.09126e-10,1.09126e-10,1641506100,2022-01-06T21:55:00
1.08733e-10,1.08733e-10,1.08733e-10,1.08733e-10,1641506040,2022-01-06T21:54:00
1.08461e-10,1.08461e-10,1.08461e-10,1.08461e-10,1641504720,2022-01-06T21:32:00
1.08449e-10,1.08449e-10,1.08449e-10,1.08449e-10,1641504300,2022-01-06T21:25:00
1.07799e-10,1.07799e-10,1.07799e-10,1.07799e-10,1641504240,2022-01-06T21:24:00
1.07934e-10,1.07934e-10,1.07934e-10,1.07934e-10,1641504120,2022-01-06T21:22:00
1.08067e-10,1.08067e-10,1.08067e-10,1.08067e-10,1641504060,2022-01-06T21:21:00
1.04613e-10,1.04613e-10,1.04613e-10,1.04613e-10,1641503640,2022-01-06T21:14:00
1.01228e-10,1.01228e-10,1.01228e-10,1.01228e-10,1641503520,2022-01-06T21:12:00
1.01223e-10,1.01223e-10,1.01223e-10,1.01223e-10,1641503280,2022-01-06T21:08:00
1.00687e-10,1.00687e-10,1.00687e-10,1.00687e-10,1641502620,2022-01-06T20:57:00
9.40532e-12,9.40532e-12,9.40532e-12,9.40532e-12,1641502380,2022-01-06T20:53:00
1.00951e-10,1.00951e-10,1.00951e-10,1.00951e-10,1641501900,2022-01-06T20:45:00
1.0115e-10,1.0115e-10,1.0115e-10,1.0115e-10,1641501420,2022-01-06T20:37:00
1.01646e-10,1.01646e-10,1.01646e-10,1.01646e-10,1641500880,2022-01-06T20:28:00
1.02419e-10,1.02419e-10,1.02419e-10,1.02419e-10,1641500760,2022-01-06T20:26:00
1.02337e-10,1.02337e-10,1.02337e-10,1.02337e-10,1641500340,2022-01-06T20:19:00
1.02682e-10,1.02682e-10,1.02682e-10,1.02682e-10,1641500100,2022-01-06T20:15:00
1.03372e-10,1.03372e-10,1.03372e-10,1.03372e-10,1641498720,2022-01-06T19:52:00
1.03211e-10,1.03211e-10,1.03211e-10,1.03211e-10,1641498180,2022-01-06T19:43:00
1.02271e-10,1.02271e-10,1.02271e-10,1.02271e-10,1641497880,2022-01-06T19:38:00
1.03077e-10,1.03077e-10,1.03077e-10,1.03077e-10,1641496860,2022-01-06T19:21:00
1.02773e-10,1.02773e-10,1.02773e-10,1.02773e-10,1641496620,2022-01-06T19:17:00
1.02222e-10,1.02222e-10,1.02222e-10,1.02222e-10,1641494580,2022-01-06T18:43:00
1.0162e-10,1.0162e-10,1.0162e-10,1.0162e-10,1641493440,2022-01-06T18:24:00
1.02049e-10,1.02049e-10,1.02049e-10,1.02049e-10,1641493380,2022-01-06T18:23:00
1.01319e-10,1.01319e-10,1.01319e-10,1.01319e-10,1641493320,2022-01-06T18:22:00
1.01477e-10,1.01477e-10,1.01477e-10,1.01477e-10,1641492960,2022-01-06T18:16:00
1.02995e-10,1.02995e-10,1.02995e-10,1.02995e-10,1641492300,2022-01-06T18:05:00
1.04342e-10,1.04342e-10,1.04342e-10,1.04342e-10,1641492060,2022-01-06T18:01:00
1.05106e-10,1.05106e-10,1.05106e-10,1.05106e-10,1641491640,2022-01-06T17:54:00
1.04879e-10,1.04879e-10,1.04879e-10,1.04879e-10,1641491460,2022-01-06T17:51:00
1.04475e-10,1.04475e-10,1.04475e-10,1.04475e-10,1641491100,2022-01-06T17:45:00
1.05721e-10,1.05721e-10,1.05721e-10,1.05721e-10,1641490860,2022-01-06T17:41:00
1.07079e-10,1.07079e-10,1.07079e-10,1.07079e-10,1641490740,2022-01-06T17:39:00
1.0655e-10,1.0655e-10,1.0655e-10,1.0655e-10,1641490380,2022-01-06T17:33:00
1.07009e-10,1.07009e-10,1.07009e-10,1.07009e-10,1641489240,2022-01-06T17:14:00
1.07838e-10,1.07838e-10,1.07838e-10,1.07838e-10,1641489120,2022-01-06T17:12:00
1.07043e-10,1.07702e-10,1.07043e-10,1.07702e-10,1641488700,2022-01-06T17:05:00
1.07492e-10,1.07492e-10,1.07492e-10,1.07492e-10,1641487860,2022-01-06T16:51:00
1.07281e-10,1.07281e-10,1.06839e-10,1.06839e-10,1641487800,2022-01-06T16:50:00
1.07357e-10,1.07357e-10,1.07357e-10,1.07357e-10,1641487740,2022-01-06T16:49:00
1.07305e-10,1.07305e-10,1.07305e-10,1.07305e-10,1641487500,2022-01-06T16:45:00
1.07026e-10,1.07026e-10,1.07026e-10,1.07026e-10,1641486660,2022-01-06T16:31:00
1.06567e-10,1.06567e-10,1.06567e-10,1.06567e-10,1641486480,2022-01-06T16:28:00
1.07423e-10,1.07423e-10,1.07423e-10,1.07423e-10,1641486120,2022-01-06T16:22:00
1.07115e-10,1.07115e-10,1.07115e-10,1.07115e-10,1641486000,2022-01-06T16:20:00
1.07351e-10,1.07351e-10,1.07351e-10,1.07351e-10,1641485760,2022-01-06T16:16:00
1.07511e-10,1.07511e-10,1.07511e-10,1.07511e-10,1641485040,2022-01-06T16:04:00
1.0698e-10,1.0698e-10,1.0698e-10,1.0698e-10,1641484740,2022-01-06T15:59:00
1.06178e-10,1.06544e-10,1.06178e-10,1.06544e-10,1641484560,2022-01-06T15:56:00
1.05953e-10,1.05953e-10,1.05953e-10,1.05953e-10,1641484380,2022-01-06T15:53:00
1.06568e-10,1.06568e-10,1.06568e-10,1.06568e-10,1641484020,2022-01-06T15:47:00
1.06495e-10,1.06495e-10,1.06495e-10,1.06495e-10,1641483960,2022-01-06T15:46:00
1.062e-10,1.062e-10,1.062e-10,1.062e-10,1641483720,2022-01-06T15:42:00
1.05943e-10,1.05943e-10,1.05943e-10,1.05943e-10,1641483360,2022-01-06T15:36:00
1.0567e-10,1.0567e-10,1.0567e-10,1.0567e-10,1641483180,2022-01-06T15:33:00
1.06672e-10,1.06672e-10,1.06672e-10,1.06672e-10,1641482580,2022-01-06T15:23:00
1.06126e-10,1.06126e-10,1.06126e-10,1.06126e-10,1641482280,2022-01-06T15:18:00
1.06882e-10,1.06882e-10,1.06882e-10,1.06882e-10,1641482220,2022-01-06T15:17:00
1.08211e-10,1.08211e-10,1.08211e-10,1.08211e-10,1641481500,2022-01-06T15:05:00
1.08113e-10,1.08113e-10,1.08113e-10,1.08113e-10,1641481140,2022-01-06T14:59:00
1.092e-10,1.092e-10,1.092e-10,1.092e-10,1641480960,2022-01-06T14:56:00
1.088e-10,1.09358e-10,1.088e-10,1.09358e-10,1641480900,2022-01-06T14:55:00
1.0925e-10,1.0925e-10,1.0925e-10,1.0925e-10,1641480780,2022-01-06T14:53:00
1.09682e-10,1.09682e-10,1.09682e-10,1.09682e-10,1641480480,2022-01-06T14:48:00
1.08887e-10,1.08887e-10,1.08887e-10,1.08887e-10,1641480300,2022-01-06T14:45:00
1.08025e-10,1.08025e-10,1.08025e-10,1.08025e-10,1641480240,2022-01-06T14:44:00
1.07228e-10,1.07228e-10,1.07228e-10,1.07228e-10,1641479880,2022-01-06T14:38:00
1.06305e-10,1.06305e-10,1.06305e-10,1.06305e-10,1641479580,2022-01-06T14:33:00
1.06162e-10,1.06162e-10,1.06162e-10,1.06162e-10,1641479400,2022-01-06T14:30:00
1.05624e-10,1.05624e-10,1.05624e-10,1.05624e-10,1641479340,2022-01-06T14:29:00
1.04788e-10,1.04788e-10,1.04788e-10,1.04788e-10,1641478920,2022-01-06T14:22:00
1.04463e-10,1.04463e-10,1.04463e-10,1.04463e-10,1641478680,2022-01-06T14:18:00
1.0496e-10,1.0496e-10,1.0496e-10,1.0496e-10,1641478620,2022-01-06T14:17:00
1.04111e-10,1.04475e-10,1.04111e-10,1.04475e-10,1641478560,2022-01-06T14:16:00
1.04616e-10,1.04913e-10,1.04616e-10,1.04913e-10,1641478500,2022-01-06T14:15:00
1.05303e-10,1.05303e-10,1.05303e-10,1.05303e-10,1641478260,2022-01-06T14:11:00
1.04894e-10,1.04894e-10,1.04894e-10,1.04894e-10,1641478140,2022-01-06T14:09:00
1.04811e-10,1.04811e-10,1.04811e-10,1.04811e-10,1641477960,2022-01-06T14:06:00
1.04236e-10,1.05868e-10,1.04236e-10,1.05868e-10,1641477900,2022-01-06T14:05:00
1.0237e-10,1.0237e-10,1.0237e-10,1.0237e-10,1641477720,2022-01-06T14:02:00
1.01839e-10,1.01839e-10,1.01839e-10,1.01839e-10,1641477660,2022-01-06T14:01:00
1.01728e-10,1.01728e-10,1.01728e-10,1.01728e-10,1641477540,2022-01-06T13:59:00
1.0157e-10,1.0157e-10,1.0157e-10,1.0157e-10,1641477420,2022-01-06T13:57:00
1.01149e-10,1.01149e-10,1.01149e-10,1.01149e-10,1641477240,2022-01-06T13:54:00
1.00975e-10,1.00975e-10,1.00975e-10,1.00975e-10,1641477060,2022-01-06T13:51:00
1.00598e-10,1.00598e-10,1.00598e-10,1.00598e-10,1641476760,2022-01-06T13:46:00
1.0019e-10,1.0019e-10,1.0019e-10,1.0019e-10,1641476700,2022-01-06T13:45:00
1.00106e-10,1.00106e-10,1.00106e-10,1.00106e-10,1641476340,2022-01-06T13:39:00
9.99712e-11,9.99712e-11,9.99712e-11,9.99712e-11,1641476040,2022-01-06T13:34:00
9.92263e-11,9.92263e-11,9.92263e-11,9.92263e-11,1641475680,2022-01-06T13:28:00
9.89296e-11,9.89296e-11,9.89296e-11,9.89296e-11,1641475620,2022-01-06T13:27:00
9.77074e-11,9.77074e-11,9.76605e-11,9.76605e-11,1641475560,2022-01-06T13:26:00
9.75382e-11,9.75382e-11,9.75382e-11,9.75382e-11,1641475500,2022-01-06T13:25:00
9.72572e-11,9.72572e-11,9.72572e-11,9.72572e-11,1641475380,2022-01-06T13:23:00
9.73287e-11,9.73287e-11,9.73287e-11,9.73287e-11,1641475260,2022-01-06T13:21:00
9.69776e-11,9.69776e-11,9.69776e-11,9.69776e-11,1641475080,2022-01-06T13:18:00
9.66826e-11,9.66826e-11,9.66826e-11,9.66826e-11,1641474840,2022-01-06T13:14:00
9.65786e-11,9.65786e-11,9.65786e-11,9.65786e-11,1641474780,2022-01-06T13:13:00
9.69502e-11,9.72559e-11,9.6532e-11,9.6532e-11,1641474720,2022-01-06T13:12:00
9.69715e-11,9.69715e-11,9.69715e-11,9.69715e-11,1641474300,2022-01-06T13:05:00
9.65684e-11,9.65684e-11,9.65684e-11,9.65684e-11,1641474180,2022-01-06T13:03:00
9.64794e-11,9.64794e-11,9.64794e-11,9.64794e-11,1641473880,2022-01-06T12:58:00
9.58266e-11,9.58266e-11,9.58266e-11,9.58266e-11,1641473460,2022-01-06T12:51:00
9.41949e-11,9.41949e-11,9.41949e-11,9.41949e-11,1641473040,2022-01-06T12:44:00
9.33058e-11,9.33058e-11,9.33058e-11,9.33058e-11,1641472800,2022-01-06T12:40:00
9.29603e-11,9.29603e-11,9.29603e-11,9.29603e-11,1641472500,2022-01-06T12:35:00
9.23789e-11,9.23789e-11,9.23789e-11,9.23789e-11,1641472260,2022-01-06T12:31:00
9.21721e-11,9.21721e-11,9.21721e-11,9.21721e-11,1641472200,2022-01-06T12:30:00
9.21583e-11,9.21583e-11,9.21583e-11,9.21583e-11,1641472140,2022-01-06T12:29:00
9.23298e-11,9.23298e-11,9.23298e-11,9.23298e-11,1641471780,2022-01-06T12:23:00
9.20685e-11,9.20685e-11,9.20685e-11,9.20685e-11,1641471600,2022-01-06T12:20:00
9.17883e-11,9.17883e-11,9.17883e-11,9.17883e-11,1641471120,2022-01-06T12:12:00
9.14392e-11,9.14392e-11,9.14392e-11,9.14392e-11,1641470940,2022-01-06T12:09:00
9.11367e-11,9.11367e-11,9.11367e-11,9.11367e-11,1641470760,2022-01-06T12:06:00
9.10934e-11,9.10934e-11,9.10934e-11,9.10934e-11,1641470460,2022-01-06T12:01:00
9.09499e-11,9.09499e-11,9.09499e-11,9.09499e-11,1641470280,2022-01-06T11:58:00
9.07664e-11,9.07664e-11,9.07664e-11,9.07664e-11,1641470160,2022-01-06T11:56:00
9.02514e-11,9.02514e-11,9.02514e-11,9.02514e-11,1641469980,2022-01-06T11:53:00
9.04943e-11,9.04943e-11,9.04943e-11,9.04943e-11,1641469860,2022-01-06T11:51:00
8.99582e-11,8.99582e-11,8.99582e-11,8.99582e-11,1641469680,2022-01-06T11:48:00
9.07684e-11,9.07684e-11,9.07684e-11,9.07684e-11,1641469500,2022-01-06T11:45:00
9.11591e-11,9.11591e-11,9.11591e-11,9.11591e-11,1641468900,2022-01-06T11:35:00
9.08225e-11,9.08225e-11,9.08225e-11,9.08225e-11,1641468840,2022-01-06T11:34:00
9.08222e-11,9.08222e-11,9.08222e-11,9.08222e-11,1641468180,2022-01-06T11:23:00
8.9103e-11,8.9103e-11,8.9103e-11,8.9103e-11,1641468060,2022-01-06T11:21:00
8.7039e-11,8.7039e-11,8.7039e-11,8.7039e-11,1641467880,2022-01-06T11:18:00
8.65703e-11,8.65703e-11,8.65703e-11,8.65703e-11,1641467580,2022-01-06T11:13:00
8.62903e-11,8.62903e-11,8.62903e-11,8.62903e-11,1641466800,2022-01-06T11:00:00
8.61813e-11,8.61813e-11,8.61813e-11,8.61813e-11,1641466380,2022-01-06T10:53:00
8.59946e-11,8.62798e-11,8.59946e-11,8.62798e-11,1641465000,2022-01-06T10:30:00
8.64847e-11,8.64847e-11,8.64847e-11,8.64847e-11,1641464940,2022-01-06T10:29:00
8.42737e-11,8.42737e-11,8.42737e-11,8.42737e-11,1641464640,2022-01-06T10:24:00
8.39615e-11,8.39615e-11,8.39615e-11,8.39615e-11,1641464100,2022-01-06T10:15:00
8.4527e-11,8.4527e-11,8.4527e-11,8.4527e-11,1641463980,2022-01-06T10:13:00
8.32372e-11,8.32372e-11,8.32372e-11,8.32372e-11,1641463920,2022-01-06T10:12:00
8.37962e-11,8.37962e-11,8.37962e-11,8.37962e-11,1641463680,2022-01-06T10:08:00
8.14684e-11,8.14684e-11,8.14684e-11,8.14684e-11,1641463440,2022-01-06T10:04:00
7.98811e-11,7.98811e-11,7.98811e-11,7.98811e-11,1641463080,2022-01-06T09:58:00
8.01316e-11,8.01316e-11,8.01316e-11,8.01316e-11,1641461520,2022-01-06T09:32:00
8.08672e-11,8.08672e-11,8.08672e-11,8.08672e-11,1641461340,2022-01-06T09:29:00
8.00315e-11,8.00315e-11,8.00315e-11,8.00315e-11,1641461100,2022-01-06T09:25:00
7.37686e-11,7.37686e-11,7.37686e-11,7.37686e-11,1641460620,2022-01-06T09:17:00
6.8171e-11,6.8171e-11,6.8171e-11,6.8171e-11,1641460380,2022-01-06T09:13:00
6.79937e-11,6.79937e-11,6.79937e-11,6.79937e-11,1641458940,2022-01-06T08:49:00
6.86491e-11,6.86491e-11,6.86491e-11,6.86491e-11,1641458040,2022-01-06T08:34:00
6.8723e-11,6.8723e-11,6.8723e-11,6.8723e-11,1641457860,2022-01-06T08:31:00
6.89878e-11,6.89878e-11,6.89878e-11,6.89878e-11,1641456480,2022-01-06T08:08:00
6.91351e-11,6.91351e-11,6.91351e-11,6.91351e-11,1641456120,2022-01-06T08:02:00
6.85084e-11,6.85084e-11,6.85084e-11,6.85084e-11,1641455040,2022-01-06T07:44:00
6.91106e-11,6.91106e-11,6.91106e-11,6.91106e-11,1641454920,2022-01-06T07:42:00
6.90911e-11,6.90911e-11,6.90911e-11,6.90911e-11,1641454740,2022-01-06T07:39:00
6.9181e-11,6.9181e-11,6.9181e-11,6.9181e-11,1641454380,2022-01-06T07:33:00
6.88605e-11,6.88605e-11,6.88605e-11,6.88605e-11,1641454140,2022-01-06T07:29:00
6.8457e-11,6.8457e-11,6.8457e-11,6.8457e-11,1641454020,2022-01-06T07:27:00
6.90264e-11,6.90264e-11,6.90264e-11,6.90264e-11,1641453240,2022-01-06T07:14:00
6.88643e-11,6.88643e-11,6.88643e-11,6.88643e-11,1641453120,2022-01-06T07:12:00
6.8454e-11,6.8454e-11,6.8454e-11,6.8454e-11,1641453060,2022-01-06T07:11:00
6.83951e-11,6.83951e-11,6.83951e-11,6.83951e-11,1641452880,2022-01-06T07:08:00
6.83296e-11,6.83296e-11,6.83296e-11,6.83296e-11,1641448140,2022-01-06T05:49:00
6.82719e-11,6.82719e-11,6.82719e-11,6.82719e-11,1641448020,2022-01-06T05:47:00
6.82297e-11,6.82297e-11,6.82297e-11,6.82297e-11,1641447780,2022-01-06T05:43:00
6.86999e-11,6.86999e-11,6.86999e-11,6.86999e-11,1641446520,2022-01-06T05:22:00
6.74114e-11,6.74114e-11,6.74114e-11,6.74114e-11,1641446160,2022-01-06T05:16:00
6.8835e-11,6.8835e-11,6.73436e-11,6.73436e-11,1641445080,2022-01-06T04:58:00
6.86279e-11,6.86279e-11,6.86279e-11,6.86279e-11,1641444600,2022-01-06T04:50:00
6.84365e-11,6.84365e-11,6.84365e-11,6.84365e-11,1641443880,2022-01-06T04:38:00
6.87285e-11,6.87285e-11,6.87285e-11,6.87285e-11,1641443160,2022-01-06T04:26:00
6.87713e-11,6.87713e-11,6.87713e-11,6.87713e-11,1641442740,2022-01-06T04:19:00
6.86346e-11,6.86346e-11,6.86346e-11,6.86346e-11,1641442620,2022-01-06T04:17:00
6.84047e-11,6.84047e-11,6.84047e-11,6.84047e-11,1641442560,2022-01-06T04:16:00
6.81023e-11,6.81023e-11,6.81023e-11,6.81023e-11,1641442140,2022-01-06T04:09:00
6.80217e-11,6.80217e-11,6.80217e-11,6.80217e-11,1641442080,2022-01-06T04:08:00
7.03641e-11,7.03641e-11,7.03641e-11,7.03641e-11,1641441540,2022-01-06T03:59:00
7.26901e-11,7.26901e-11,7.26901e-11,7.26901e-11,1641440700,2022-01-06T03:45:00
7.38064e-11,7.38064e-11,7.38064e-11,7.38064e-11,1641438180,2022-01-06T03:03:00
7.38158e-11,7.38158e-11,7.38158e-11,7.38158e-11,1641437880,2022-01-06T02:58:00
7.3563e-11,7.3563e-11,7.3563e-11,7.3563e-11,1641437820,2022-01-06T02:57:00
7.35889e-11,7.35889e-11,7.35889e-11,7.35889e-11,1641437640,2022-01-06T02:54:00
7.18307e-11,7.18307e-11,7.18307e-11,7.18307e-11,1641437580,2022-01-06T02:53:00
7.03476e-11,7.03476e-11,7.03476e-11,7.03476e-11,1641437520,2022-01-06T02:52:00
7.01827e-11,7.01827e-11,7.01827e-11,7.01827e-11,1641437340,2022-01-06T02:49:00
7.00693e-11,7.00693e-11,7.00693e-11,7.00693e-11,1641437160,2022-01-06T02:46:00
6.99214e-11,6.99214e-11,6.99214e-11,6.99214e-11,1641437040,2022-01-06T02:44:00
6.97594e-11,6.97594e-11,6.97594e-11,6.97594e-11,1641436860,2022-01-06T02:41:00
6.96433e-11,6.96433e-11,6.96433e-11,6.96433e-11,1641436800,2022-01-06T02:40:00
6.79252e-11,6.79252e-11,6.79252e-11,6.79252e-11,1641436680,2022-01-06T02:38:00
6.71637e-11,6.71637e-11,6.71637e-11,6.71637e-11,1641436380,2022-01-06T02:33:00
6.84981e-11,6.84981e-11,6.84981e-11,6.84981e-11,1641435720,2022-01-06T02:22:00
6.83096e-11,6.83096e-11,6.83096e-11,6.83096e-11,1641435240,2022-01-06T02:14:00
6.81633e-11,6.81633e-11,6.81633e-11,6.81633e-11,1641434880,2022-01-06T02:08:00
6.78804e-11,6.78804e-11,6.78804e-11,6.78804e-11,1641433260,2022-01-06T01:41:00
6.82626e-11,6.82626e-11,6.82626e-11,6.82626e-11,1641433200,2022-01-06T01:40:00
6.8234e-11,6.8234e-11,6.8234e-11,6.8234e-11,1641433020,2022-01-06T01:37:00
6.81873e-11,6.81873e-11,6.81873e-11,6.81873e-11,1641432360,2022-01-06T01:26:00
6.80678e-11,6.80678e-11,6.80678e-11,6.80678e-11,1641431940,2022-01-06T01:19:00
6.78725e-11,6.80738e-11,6.78725e-11,6.80738e-11,1641431700,2022-01-06T01:15:00
6.7638e-11,6.7638e-11,6.7638e-11,6.7638e-11,1641431340,2022-01-06T01:09:00
6.84933e-11,6.84933e-11,6.84933e-11,6.84933e-11,1641430320,2022-01-06T00:52:00
6.83547e-11,6.83547e-11,6.83547e-11,6.83547e-11,1641430080,2022-01-06T00:48:00
6.78911e-11,6.78911e-11,6.78911e-11,6.78911e-11,1641429660,2022-01-06T00:41:00
6.86981e-11,6.86981e-11,6.76625e-11,6.76625e-11,1641429360,2022-01-06T00:36:00
6.92589e-11,6.92589e-11,6.92589e-11,6.92589e-11,1641429240,2022-01-06T00:34:00
6.90417e-11,6.90417e-11,6.90417e-11,6.90417e-11,1641428640,2022-01-06T00:24:00
6.8944e-11,6.8944e-11,6.8944e-11,6.8944e-11,1641428580,2022-01-06T00:23:00
6.88114e-11,6.88114e-11,6.88114e-11,6.88114e-11,1641427560,2022-01-06T00:06:00
6.87804e-11,6.87804e-11,6.87804e-11,6.87804e-11,1641427260,2022-01-06T00:01:00
6.8918e-11,6.8918e-11,6.8918e-11,6.8918e-11,1641427080,2022-01-05T23:58:00
6.85968e-11,6.85968e-11,6.85968e-11,6.85968e-11,1641427020,2022-01-05T23:57:00
6.93209e-11,6.93209e-11,6.93209e-11,6.93209e-11,1641426600,2022-01-05T23:50:00
6.91199e-11,6.91199e-11,6.91199e-11,6.91199e-11,1641426420,2022-01-05T23:47:00
6.88501e-11,6.88501e-11,6.88501e-11,6.88501e-11,1641426060,2022-01-05T23:41:00
6.84023e-11,6.86056e-11,6.84023e-11,6.86056e-11,1641425820,2022-01-05T23:37:00
6.82668e-11,6.82668e-11,6.82668e-11,6.82668e-11,1641425760,2022-01-05T23:36:00
6.81602e-11,6.81602e-11,6.81602e-11,6.81602e-11,1641425700,2022-01-05T23:35:00
6.80329e-11,6.80329e-11,6.80329e-11,6.80329e-11,1641425340,2022-01-05T23:29:00
6.84942e-11,6.84942e-11,6.84942e-11,6.84942e-11,1641424740,2022-01-05T23:19:00
6.81419e-11,6.81419e-11,6.81419e-11,6.81419e-11,1641424500,2022-01-05T23:15:00
6.82229e-11,6.82229e-11,6.82229e-11,6.82229e-11,1641423120,2022-01-05T22:52:00
6.69789e-11,6.69789e-11,6.69789e-11,6.69789e-11,1641421740,2022-01-05T22:29:00
6.80808e-11,6.80808e-11,6.80808e-11,6.80808e-11,1641421560,2022-01-05T22:26:00
6.82703e-11,6.82703e-11,6.82703e-11,6.82703e-11,1641421380,2022-01-05T22:23:00
6.74323e-11,6.74323e-11,6.74323e-11,6.74323e-11,1641421320,2022-01-05T22:22:00
6.87531e-11,6.87531e-11,6.87531e-11,6.87531e-11,1641420240,2022-01-05T22:04:00
7.16252e-11,7.16252e-11,7.16252e-11,7.16252e-11,1641419880,2022-01-05T21:58:00
7.16214e-11,7.16214e-11,7.16214e-11,7.16214e-11,1641419700,2022-01-05T21:55:00
7.26903e-11,7.26903e-11,7.26903e-11,7.26903e-11,1641419400,2022-01-05T21:50:00
7.2885e-11,7.2885e-11,7.2885e-11,7.2885e-11,1641419280,2022-01-05T21:48:00
7.5441e-11,7.5441e-11,7.5441e-11,7.5441e-11,1641416940,2022-01-05T21:09:00
7.7891e-11,7.7891e-11,7.7891e-11,7.7891e-11,1641415980,2022-01-05T20:53:00
8.08353e-11,8.11373e-11,8.08353e-11,8.11373e-11,1641415440,2022-01-05T20:44:00
8.18421e-11,8.18421e-11,8.18421e-11,8.18421e-11,1641415200,2022-01-05T20:40:00
8.31117e-11,8.31117e-11,8.31117e-11,8.31117e-11,1641412560,2022-01-05T19:56:00
8.36263e-11,8.36263e-11,8.36263e-11,8.36263e-11,1641412080,2022-01-05T19:48:00
8.37424e-11,8.37424e-11,8.37424e-11,8.37424e-11,1641411420,2022-01-05T19:37:00
8.29244e-11,8.29244e-11,8.29244e-11,8.29244e-11,1641411300,2022-01-05T19:35:00
8.26955e-11,8.26955e-11,8.26955e-11,8.26955e-11,1641410700,2022-01-05T19:25:00
8.07176e-11,8.07176e-11,8.07176e-11,8.07176e-11,1641410100,2022-01-05T19:15:00
7.94514e-11,7.94514e-11,7.94514e-11,7.94514e-11,1641409980,2022-01-05T19:13:00
7.94623e-11,7.94623e-11,7.94595e-11,7.94595e-11,1641409800,2022-01-05T19:10:00
7.91111e-11,7.91111e-11,7.91111e-11,7.91111e-11,1641409740,2022-01-05T19:09:00
7.87086e-11,7.87086e-11,7.87086e-11,7.87086e-11,1641409620,2022-01-05T19:07:00
7.86331e-11,7.86331e-11,7.86331e-11,7.86331e-11,1641409320,2022-01-05T19:02:00
7.61569e-11,7.61569e-11,7.61569e-11,7.61569e-11,1641408960,2022-01-05T18:56:00
7.39072e-11,7.39072e-11,7.39072e-11,7.39072e-11,1641408840,2022-01-05T18:54:00
7.37415e-11,7.37415e-11,7.37415e-11,7.37415e-11,1641408780,2022-01-05T18:53:00
7.37127e-11,7.37127e-11,7.37127e-11,7.37127e-11,1641408720,2022-01-05T18:52:00
7.32526e-11,7.32526e-11,7.32526e-11,7.32526e-11,1641408600,2022-01-05T18:50:00
7.18306e-11,7.18306e-11,7.18306e-11,7.18306e-11,1641407220,2022-01-05T18:27:00
7.01578e-11,7.01578e-11,7.01578e-11,7.01578e-11,1641407100,2022-01-05T18:25:00
6.91429e-11,6.91429e-11,6.91429e-11,6.91429e-11,1641406920,2022-01-05T18:22:00
6.93984e-11,6.93984e-11,6.93984e-11,6.93984e-11,1641406680,2022-01-05T18:18:00
6.90962e-11,6.90962e-11,6.90962e-11,6.90962e-11,1641406440,2022-01-05T18:14:00
6.8952e-11,6.8952e-11,6.8952e-11,6.8952e-11,1641406200,2022-01-05T18:10:00
6.94189e-11,6.94189e-11,6.94189e-11,6.94189e-11,1641404460,2022-01-05T17:41:00
6.90737e-11,6.90737e-11,6.90737e-11,6.90737e-11,1641404340,2022-01-05T17:39:00
6.89754e-11,6.89754e-11,6.89754e-11,6.89754e-11,1641403500,2022-01-05T17:25:00
6.85506e-11,6.85506e-11,6.85506e-11,6.85506e-11,1641403380,2022-01-05T17:23:00
6.66961e-11,6.66961e-11,6.66961e-11,6.66961e-11,1641402720,2022-01-05T17:12:00
6.39599e-11,6.39599e-11,6.39599e-11,6.39599e-11,1641402660,2022-01-05T17:11:00
6.3913e-11,6.3913e-11,6.3913e-11,6.3913e-11,1641402180,2022-01-05T17:03:00
6.37825e-11,6.37825e-11,6.37825e-11,6.37825e-11,1641402000,2022-01-05T17:00:00
6.35579e-11,6.35579e-11,6.35579e-11,6.35579e-11,1641401400,2022-01-05T16:50:00
6.3084e-11,6.3084e-11,6.3084e-11,6.3084e-11,1641401340,2022-01-05T16:49:00
6.12001e-11,6.12001e-11,6.12001e-11,6.12001e-11,1641401160,2022-01-05T16:46:00
5.98004e-11,5.98004e-11,5.98004e-11,5.98004e-11,1641400980,2022-01-05T16:43:00
5.97551e-11,5.97551e-11,5.97551e-11,5.97551e-11,1641400560,2022-01-05T16:36:00
5.93991e-11,5.93991e-11,5.93991e-11,5.93991e-11,1641400380,2022-01-05T16:33:00
5.88684e-11,5.88684e-11,5.88684e-11,5.88684e-11,1641399960,2022-01-05T16:26:00
5.86026e-11,5.86026e-11,5.86026e-11,5.86026e-11,1641399900,2022-01-05T16:25:00
5.82258e-11,5.84792e-11,5.82258e-11,5.84792e-11,1641399840,2022-01-05T16:24:00
6.00729e-11,6.00729e-11,5.87183e-11,5.87183e-11,1641399540,2022-01-05T16:19:00
5.88211e-11,5.88211e-11,5.88211e-11,5.88211e-11,1641399480,2022-01-05T16:18:00
5.68133e-11,5.68133e-11,5.68133e-11,5.68133e-11,1641399240,2022-01-05T16:14:00
5.61419e-11,5.61419e-11,5.61419e-11,5.61419e-11,1641399120,2022-01-05T16:12:00
5.5926e-11,5.5926e-11,5.5926e-11,5.5926e-11,1641399060,2022-01-05T16:11:00
5.58651e-11,5.58651e-11,5.58651e-11,5.58651e-11,1641398940,2022-01-05T16:09:00
5.57283e-11,5.57283e-11,5.57283e-11,5.57283e-11,1641398880,2022-01-05T16:08:00
5.55015e-11,5.55015e-11,5.55015e-11,5.55015e-11,1641398640,2022-01-05T16:04:00
5.44661e-11,5.44661e-11,5.44661e-11,5.44661e-11,1641397980,2022-01-05T15:53:00
5.36215e-11,5.36215e-11,5.36215e-11,5.36215e-11,1641397920,2022-01-05T15:52:00
5.4367e-11,5.4367e-11,5.4367e-11,5.4367e-11,1641397860,2022-01-05T15:51:00
5.5645e-11,5.5645e-11,5.5645e-11,5.5645e-11,1641397800,2022-01-05T15:50:00
5.61809e-11,5.61809e-11,5.61809e-11,5.61809e-11,1641397560,2022-01-05T15:46:00
5.73399e-11,5.73399e-11,5.59846e-11,5.59846e-11,1641397500,2022-01-05T15:45:00
5.89448e-11,5.89448e-11,5.89448e-11,5.89448e-11,1641397080,2022-01-05T15:38:00
5.93284e-11,5.93284e-11,5.93284e-11,5.93284e-11,1641396960,2022-01-05T15:36:00
6.05847e-11,6.05847e-11,6.05847e-11,6.05847e-11,1641396780,2022-01-05T15:33:00
6.03808e-11,6.03808e-11,6.03808e-11,6.03808e-11,1641396660,2022-01-05T15:31:00
6.02282e-11,6.02282e-11,6.02282e-11,6.02282e-11,1641396600,2022-01-05T15:30:00
5.99117e-11,5.99117e-11,5.99117e-11,5.99117e-11,1641396240,2022-01-05T15:24:00
5.96363e-11,5.96363e-11,5.96363e-11,5.96363e-11,1641396120,2022-01-05T15:22:00
5.93935e-11,5.93935e-11,5.93935e-11,5.93935e-11,1641396060,2022-01-05T15:21:00
5.89409e-11,5.89409e-11,5.89409e-11,5.89409e-11,1641395700,2022-01-05T15:15:00
5.89278e-11,5.89278e-11,5.89278e-11,5.89278e-11,1641395640,2022-01-05T15:14:00
5.97279e-11,5.97279e-11,5.97279e-11,5.97279e-11,1641395520,2022-01-05T15:12:00
5.90501e-11,5.90501e-11,5.90501e-11,5.90501e-11,1641395460,2022-01-05T15:11:00
5.76612e-11,5.76612e-11,5.76612e-11,5.76612e-11,1641395280,2022-01-05T15:08:00
6.09832e-11,6.09832e-11,5.95936e-11,5.95936e-11,1641395220,2022-01-05T15:07:00
5.95377e-11,5.95377e-11,5.95377e-11,5.95377e-11,1641394440,2022-01-05T14:54:00
5.95606e-11,5.95606e-11,5.95606e-11,5.95606e-11,1641394020,2022-01-05T14:47:00
5.99618e-11,5.99618e-11,5.99618e-11,5.99618e-11,1641393060,2022-01-05T14:31:00
6.12457e-11,6.12457e-11,6.12457e-11,6.12457e-11,1641392940,2022-01-05T14:29:00
6.34138e-11,6.34138e-11,6.34138e-11,6.34138e-11,1641392640,2022-01-05T14:24:00
6.31318e-11,6.31318e-11,6.31318e-11,6.31318e-11,1641392460,2022-01-05T14:21:00
6.3149e-11,6.3149e-11,6.3149e-11,6.3149e-11,1641391980,2022-01-05T14:13:00
6.37817e-11,6.37817e-11,6.37817e-11,6.37817e-11,1641390780,2022-01-05T13:53:00
6.43561e-11,6.43561e-11,6.43561e-11,6.43561e-11,1641390420,2022-01-05T13:47:00
6.41703e-11,6.41703e-11,6.41703e-11,6.41703e-11,1641390360,2022-01-05T13:46:00
6.39807e-11,6.39807e-11,6.39807e-11,6.39807e-11,1641390180,2022-01-05T13:43:00
6.36299e-11,6.36299e-11,6.36299e-11,6.36299e-11,1641390000,2022-01-05T13:40:00
6.38689e-11,6.38689e-11,6.38689e-11,6.38689e-11,1641389940,2022-01-05T13:39:00
6.41523e-11,6.41523e-11,6.41523e-11,6.41523e-11,1641389820,2022-01-05T13:37:00
6.4455e-11,6.4455e-11,6.4455e-11,6.4455e-11,1641389400,2022-01-05T13:30:00
6.45118e-11,6.45118e-11,6.45118e-11,6.45118e-11,1641389280,2022-01-05T13:28:00
6.53772e-11,6.53772e-11,6.53772e-11,6.53772e-11,1641389220,2022-01-05T13:27:00
6.56777e-11,6.56777e-11,6.56777e-11,6.56777e-11,1641389040,2022-01-05T13:24:00
6.68776e-11,6.68776e-11,6.68776e-11,6.68776e-11,1641388800,2022-01-05T13:20:00
6.6393e-11,6.6393e-11,6.6393e-11,6.6393e-11,1641388560,2022-01-05T13:16:00
6.57839e-11,6.57839e-11,6.57839e-11,6.57839e-11,1641388500,2022-01-05T13:15:00
6.60434e-11,6.60434e-11,6.60434e-11,6.60434e-11,1641387720,2022-01-05T13:02:00
6.5782e-11,6.5782e-11,6.5782e-11,6.5782e-11,1641387540,2022-01-05T12:59:00
6.64562e-11,6.64562e-11,6.64562e-11,6.64562e-11,1641387360,2022-01-05T12:56:00
6.64306e-11,6.64306e-11,6.64306e-11,6.64306e-11,1641387240,2022-01-05T12:54:00
6.62548e-11,6.62548e-11,6.62548e-11,6.62548e-11,1641387120,2022-01-05T12:52:00
6.73319e-11,6.73319e-11,6.73319e-11,6.73319e-11,1641386940,2022-01-05T12:49:00
6.85827e-11,6.85827e-11,6.85827e-11,6.85827e-11,1641386820,2022-01-05T12:47:00
6.91525e-11,6.91525e-11,6.91525e-11,6.91525e-11,1641386700,2022-01-05T12:45:00
6.94516e-11,6.94516e-11,6.94516e-11,6.94516e-11,1641386640,2022-01-05T12:44:00
6.90854e-11,6.90854e-11,6.90854e-11,6.90854e-11,1641386520,2022-01-05T12:42:00
6.88548e-11,6.88548e-11,6.88548e-11,6.88548e-11,1641385800,2022-01-05T12:30:00
6.91698e-11,6.91698e-11,6.91698e-11,6.91698e-11,1641385740,2022-01-05T12:29:00
7.04764e-11,7.04764e-11,7.04764e-11,7.04764e-11,1641385680,2022-01-05T12:28:00
7.00283e-11,7.00283e-11,7.00283e-11,7.00283e-11,1641384480,2022-01-05T12:08:00
6.96726e-11,6.96726e-11,6.96726e-11,6.96726e-11,1641384000,2022-01-05T12:00:00
6.92619e-11,6.92619e-11,6.92619e-11,6.92619e-11,1641383820,2022-01-05T11:57:00
6.98739e-11,6.98739e-11,6.98739e-11,6.98739e-11,1641382080,2022-01-05T11:28:00
7.06098e-11,7.06098e-11,7.06098e-11,7.06098e-11,1641381780,2022-01-05T11:23:00
7.21632e-11,7.21632e-11,7.21632e-11,7.21632e-11,1641381600,2022-01-05T11:20:00
7.46505e-11,7.46505e-11,7.46505e-11,7.46505e-11,1641381120,2022-01-05T11:12:00
7.46032e-11,7.46032e-11,7.44502e-11,7.44502e-11,1641380880,2022-01-05T11:08:00
7.42371e-11,7.42371e-11,7.42371e-11,7.42371e-11,1641380460,2022-01-05T11:01:00
7.42153e-11,7.42153e-11,7.42153e-11,7.42153e-11,1641380160,2022-01-05T10:56:00
7.35654e-11,7.35654e-11,7.35654e-11,7.35654e-11,1641379980,2022-01-05T10:53:00
7.32228e-11,7.32228e-11,7.32228e-11,7.32228e-11,1641379440,2022-01-05T10:44:00
7.26669e-11,7.26669e-11,7.26669e-11,7.26669e-11,1641379380,2022-01-05T10:43:00
7.22433e-11,7.22433e-11,7.22433e-11,7.22433e-11,1641379200,2022-01-05T10:40:00
7.18716e-11,7.18716e-11,7.18716e-11,7.18716e-11,1641377940,2022-01-05T10:19:00
7.22341e-11,7.22341e-11,7.22341e-11,7.22341e-11,1641377760,2022-01-05T10:16:00
7.51148e-11,7.51148e-11,7.51148e-11,7.51148e-11,1641376980,2022-01-05T10:03:00
7.86544e-11,7.86544e-11,7.86544e-11,7.86544e-11,1641376920,2022-01-05T10:02:00
7.85728e-11,7.85728e-11,7.85728e-11,7.85728e-11,1641376560,2022-01-05T09:56:00
7.90117e-11,7.90117e-11,7.90117e-11,7.90117e-11,1641376140,2022-01-05T09:49:00
7.86055e-11,7.86055e-11,7.86055e-11,7.86055e-11,1641375840,2022-01-05T09:44:00
7.91662e-11,7.91662e-11,7.91662e-11,7.91662e-11,1641375780,2022-01-05T09:43:00
7.88348e-11,7.88348e-11,7.88348e-11,7.88348e-11,1641375720,2022-01-05T09:42:00
7.94664e-11,7.94664e-11,7.94664e-11,7.94664e-11,1641375480,2022-01-05T09:38:00
8.01677e-11,8.01677e-11,8.01677e-11,8.01677e-11,1641375000,2022-01-05T09:30:00
8.00669e-11,8.00669e-11,8.00669e-11,8.00669e-11,1641374520,2022-01-05T09:22:00
8.00894e-11,8.00894e-11,8.00894e-11,8.00894e-11,1641374460,2022-01-05T09:21:00
7.99322e-11,7.99322e-11,7.99322e-11,7.99322e-11,1641373920,2022-01-05T09:12:00
7.97439e-11,7.97439e-11,7.97439e-11,7.97439e-11,1641373860,2022-01-05T09:11:00
7.96227e-11,7.96227e-11,7.96227e-11,7.96227e-11,1641373800,2022-01-05T09:10:00
7.96138e-11,7.96138e-11,7.96138e-11,7.96138e-11,1641373740,2022-01-05T09:09:00
7.93921e-11,7.93921e-11,7.93921e-11,7.93921e-11,1641373500,2022-01-05T09:05:00
7.92551e-11,7.92551e-11,7.92551e-11,7.92551e-11,1641373260,2022-01-05T09:01:00
7.87321e-11,7.87321e-11,7.87321e-11,7.87321e-11,1641373020,2022-01-05T08:57:00
7.74216e-11,7.74216e-11,7.74216e-11,7.74216e-11,1641372780,2022-01-05T08:53:00
7.56696e-11,7.56696e-11,7.56696e-11,7.56696e-11,1641372720,2022-01-05T08:52:00
7.51661e-11,7.55957e-11,7.51661e-11,7.55957e-11,1641372660,2022-01-05T08:51:00
7.48159e-11,7.48159e-11,7.48159e-11,7.48159e-11,1641372600,2022-01-05T08:50:00
7.41567e-11,7.47525e-11,7.41567e-11,7.47525e-11,1641372360,2022-01-05T08:46:00
7.36716e-11,7.36716e-11,7.36716e-11,7.36716e-11,1641372300,2022-01-05T08:45:00
7.34835e-11,7.34835e-11,7.34835e-11,7.34835e-11,1641372240,2022-01-05T08:44:00
7.31893e-11,7.33124e-11,7.31893e-11,7.33124e-11,1641371820,2022-01-05T08:37:00
7.28256e-11,7.28256e-11,7.28256e-11,7.28256e-11,1641371640,2022-01-05T08:34:00
7.33816e-11,7.33816e-11,7.33816e-11,7.33816e-11,1641371280,2022-01-05T08:28:00
7.52522e-11,7.52522e-11,7.52522e-11,7.52522e-11,1641371040,2022-01-05T08:24:00
7.72043e-11,7.72043e-11,7.72043e-11,7.72043e-11,1641370920,2022-01-05T08:22:00
7.68164e-11,7.68164e-11,7.68164e-11,7.68164e-11,1641369900,2022-01-05T08:05:00
7.72563e-11,7.72563e-11,7.72563e-11,7.72563e-11,1641369060,2022-01-05T07:51:00
7.67511e-11,7.67511e-11,7.67511e-11,7.67511e-11,1641368340,2022-01-05T07:39:00
7.60395e-11,7.60395e-11,7.60395e-11,7.60395e-11,1641367680,2022-01-05T07:28:00
7.64835e-11,7.64835e-11,7.64835e-11,7.64835e-11,1641367380,2022-01-05T07:23:00
7.63399e-11,7.63399e-11,7.63399e-11,7.63399e-11,1641366480,2022-01-05T07:08:00
7.58382e-11,7.58382e-11,7.58382e-11,7.58382e-11,1641366180,2022-01-05T07:03:00
7.63273e-11,7.63273e-11,7.63273e-11,7.63273e-11,1641365760,2022-01-05T06:56:00
7.58353e-11,7.58353e-11,7.58353e-11,7.58353e-11,1641365580,2022-01-05T06:53:00
7.55204e-11,7.55708e-11,7.55204e-11,7.55708e-11,1641365040,2022-01-05T06:44:00
7.49271e-11,7.53976e-11,7.49271e-11,7.53976e-11,1641364440,2022-01-05T06:34:00
7.537e-11,7.537e-11,7.537e-11,7.537e-11,1641364320,2022-01-05T06:32:00
7.84737e-11,7.84737e-11,7.84737e-11,7.84737e-11,1641364020,2022-01-05T06:27:00
8.25896e-11,8.27088e-11,8.25896e-11,8.27088e-11,1641363480,2022-01-05T06:18:00
8.26758e-11,8.26758e-11,8.26758e-11,8.26758e-11,1641363120,2022-01-05T06:12:00
8.34995e-11,8.34995e-11,8.34995e-11,8.34995e-11,1641362100,2022-01-05T05:55:00
8.36924e-11,8.36924e-11,8.36924e-11,8.36924e-11,1641361980,2022-01-05T05:53:00
8.00201e-11,8.00201e-11,8.00201e-11,8.00201e-11,1641361320,2022-01-05T05:42:00
7.7953e-11,7.7953e-11,7.7549e-11,7.7549e-11,1641361260,2022-01-05T05:41:00
7.69383e-11,7.69383e-11,7.69383e-11,7.69383e-11,1641361140,2022-01-05T05:39:00
7.67948e-11,7.67948e-11,7.67948e-11,7.67948e-11,1641360420,2022-01-05T05:27:00
7.66225e-11,7.66225e-11,7.66225e-11,7.66225e-11,1641360300,2022-01-05T05:25:00
7.60578e-11,7.60578e-11,7.60578e-11,7.60578e-11,1641360120,2022-01-05T05:22:00
7.97962e-11,7.97962e-11,7.97962e-11,7.97962e-11,1641359880,2022-01-05T05:18:00
8.4393e-11,8.4393e-11,8.4393e-11,8.4393e-11,1641359820,2022-01-05T05:17:00
8.45297e-11,8.45297e-11,8.45297e-11,8.45297e-11,1641359100,2022-01-05T05:05:00
8.55854e-11,8.55854e-11,8.55854e-11,8.55854e-11,1641358560,2022-01-05T04:56:00
8.53628e-11,8.53628e-11,8.53628e-11,8.53628e-11,1641358260,2022-01-05T04:51:00
8.54181e-11,8.54181e-11,8.54181e-11,8.54181e-11,1641357720,2022-01-05T04:42:00
8.51402e-11,8.51402e-11,8.51402e-11,8.51402e-11,1641354960,2022-01-05T03:56:00
8.56336e-11,8.56336e-11,8.56336e-11,8.56336e-11,1641354660,2022-01-05T03:51:00
8.58371e-11,8.58371e-11,8.58371e-11,8.58371e-11,1641354360,2022-01-05T03:46:00
8.6337e-11,8.6337e-11,8.6337e-11,8.6337e-11,1641354300,2022-01-05T03:45:00
8.62994e-11,8.62994e-11,8.62994e-11,8.62994e-11,1641354180,2022-01-05T03:43:00
8.59278e-11,8.59278e-11,8.59278e-11,8.59278e-11,1641353940,2022-01-05T03:39:00
8.60817e-11,8.60817e-11,8.60817e-11,8.60817e-11,1641353880,2022-01-05T03:38:00
8.60201e-11,8.60201e-11,8.60201e-11,8.60201e-11,1641352800,2022-01-05T03:20:00
8.60623e-11,8.60623e-11,8.60623e-11,8.60623e-11,1641352560,2022-01-05T03:16:00
8.57658e-11,8.57658e-11,8.57658e-11,8.57658e-11,1641351840,2022-01-05T03:04:00
8.55389e-11,8.55389e-11,8.55389e-11,8.55389e-11,1641351300,2022-01-05T02:55:00
8.55457e-11,8.55457e-11,8.55457e-11,8.55457e-11,1641350880,2022-01-05T02:48:00
8.52813e-11,8.52813e-11,8.52813e-11,8.52813e-11,1641350640,2022-01-05T02:44:00
8.50702e-11,8.50702e-11,8.50702e-11,8.50702e-11,1641350520,2022-01-05T02:42:00
8.50036e-11,8.50036e-11,8.50036e-11,8.50036e-11,1641350460,2022-01-05T02:41:00
8.47377e-11,8.47377e-11,8.47377e-11,8.47377e-11,1641350280,2022-01-05T02:38:00
8.42429e-11,8.42429e-11,8.42429e-11,8.42429e-11,1641349860,2022-01-05T02:31:00
8.3615e-11,8.3615e-11,8.3615e-11,8.3615e-11,1641349680,2022-01-05T02:28:00
8.28889e-11,8.28889e-11,8.28889e-11,8.28889e-11,1641349440,2022-01-05T02:24:00
8.34005e-11,8.34005e-11,8.34005e-11,8.34005e-11,1641349320,2022-01-05T02:22:00
8.31485e-11,8.31485e-11,8.31485e-11,8.31485e-11,1641348060,2022-01-05T02:01:00
8.28193e-11,8.28193e-11,8.28193e-11,8.28193e-11,1641347760,2022-01-05T01:56:00
8.25312e-11,8.25312e-11,8.25312e-11,8.25312e-11,1641347700,2022-01-05T01:55:00
8.18569e-11,8.18569e-11,8.18569e-11,8.18569e-11,1641347160,2022-01-05T01:46:00
8.22635e-11,8.23707e-11,8.22635e-11,8.23707e-11,1641346980,2022-01-05T01:43:00
8.21471e-11,8.21471e-11,8.21471e-11,8.21471e-11,1641346860,2022-01-05T01:41:00
8.19039e-11,8.19039e-11,8.19039e-11,8.19039e-11,1641346680,2022-01-05T01:38:00
8.17499e-11,8.17499e-11,8.17499e-11,8.17499e-11,1641346320,2022-01-05T01:32:00
8.18136e-11,8.18136e-11,8.18136e-11,8.18136e-11,1641345900,2022-01-05T01:25:00
8.71185e-11,8.71185e-11,8.71185e-11,8.71185e-11,1641345780,2022-01-05T01:23:00
9.46472e-11,9.46472e-11,9.46472e-11,9.46472e-11,1641345600,2022-01-05T01:20:00
9.60921e-11,9.60921e-11,9.60921e-11,9.60921e-11,1641345360,2022-01-05T01:16:00
9.6242e-11,9.6242e-11,9.6242e-11,9.6242e-11,1641345180,2022-01-05T01:13:00
9.55345e-11,9.55345e-11,9.55345e-11,9.55345e-11,1641344880,2022-01-05T01:08:00
9.53044e-11,9.53044e-11,9.53044e-11,9.53044e-11,1641344580,2022-01-05T01:03:00
9.51969e-11,9.51969e-11,9.51969e-11,9.51969e-11,1641344520,2022-01-05T01:02:00
9.4623e-11,9.4623e-11,9.4623e-11,9.4623e-11,1641343740,2022-01-05T00:49:00
9.54033e-11,9.54033e-11,9.54033e-11,9.54033e-11,1641343680,2022-01-05T00:48:00
9.48033e-11,9.48033e-11,9.48033e-11,9.48033e-11,1641343620,2022-01-05T00:47:00
9.42992e-11,9.42992e-11,9.42992e-11,9.42992e-11,1641343560,2022-01-05T00:46:00
9.39707e-11,9.39707e-11,9.39707e-11,9.39707e-11,1641343380,2022-01-05T00:43:00
9.49561e-11,9.49561e-11,9.49561e-11,9.49561e-11,1641343140,2022-01-05T00:39:00
9.48042e-11,9.49166e-11,9.48042e-11,9.49166e-11,1641342180,2022-01-05T00:23:00
8.67295e-11,8.67295e-11,8.67295e-11,8.67295e-11,1641342120,2022-01-05T00:22:00
7.95457e-11,7.95457e-11,7.95457e-11,7.95457e-11,1641342000,2022-01-05T00:20:00
7.93031e-11,7.93031e-11,7.93031e-11,7.93031e-11,1641341880,2022-01-05T00:18:00
7.91615e-11,7.91615e-11,7.91615e-11,7.91615e-11,1641341700,2022-01-05T00:15:00
7.88301e-11,7.88301e-11,7.88301e-11,7.88301e-11,1641341640,2022-01-05T00:14:00
7.86565e-11,7.86565e-11,7.86565e-11,7.86565e-11,1641341340,2022-01-05T00:09:00
7.81001e-11,7.81001e-11,7.81001e-11,7.81001e-11,1641341100,2022-01-05T00:05:00
7.78733e-11,7.78733e-11,7.78733e-11,7.78733e-11,1641340920,2022-01-05T00:02:00
7.71236e-11,7.71236e-11,7.71236e-11,7.71236e-11,1641340800,2022-01-05T00:00:00
7.54442e-11,7.62348e-11,7.54442e-11,7.62348e-11,1641340740,2022-01-04T23:59:00
7.49179e-11,7.49179e-11,7.49179e-11,7.49179e-11,1641340680,2022-01-04T23:58:00
7.46321e-11,7.46321e-11,7.46321e-11,7.46321e-11,1641340200,2022-01-04T23:50:00
7.93331e-11,7.93331e-11,7.93331e-11,7.93331e-11,1641340080,2022-01-04T23:48:00
8.55406e-11,8.55406e-11,8.55406e-11,8.55406e-11,1641340020,2022-01-04T23:47:00
8.49148e-11,8.49148e-11,8.49148e-11,8.49148e-11,1641339900,2022-01-04T23:45:00
8.68257e-11,8.68257e-11,8.68257e-11,8.68257e-11,1641339720,2022-01-04T23:42:00
9.48733e-11,9.48733e-11,9.48733e-11,9.48733e-11,1641339600,2022-01-04T23:40:00
9.58244e-11,9.58244e-11,9.58244e-11,9.58244e-11,1641339180,2022-01-04T23:33:00
9.85119e-11,9.85119e-11,9.85119e-11,9.85119e-11,1641339000,2022-01-04T23:30:00
9.99354e-11,9.99354e-11,9.99354e-11,9.99354e-11,1641338760,2022-01-04T23:26:00
9.95996e-11,9.95996e-11,9.95996e-11,9.95996e-11,1641338460,2022-01-04T23:21:00
9.93769e-11,9.93769e-11,9.93769e-11,9.93769e-11,1641338100,2022-01-04T23:15:00
9.93228e-11,9.93228e-11,9.93228e-11,9.93228e-11,1641337980,2022-01-04T23:13:00
9.96703e-11,9.96703e-11,9.96703e-11,9.96703e-11,1641337500,2022-01-04T23:05:00
1.00565e-10,1.00565e-10,1.00565e-10,1.00565e-10,1641336780,2022-01-04T22:53:00
1.01237e-10,1.01237e-10,1.01237e-10,1.01237e-10,1641336480,2022-01-04T22:48:00
1.00653e-10,1.00653e-10,1.00653e-10,1.00653e-10,1641336240,2022-01-04T22:44:00
1.00743e-10,1.00743e-10,1.00743e-10,1.00743e-10,1641335940,2022-01-04T22:39:00
1.01436e-10,1.01436e-10,1.01436e-10,1.01436e-10,1641335040,2022-01-04T22:24:00
1.00879e-10,1.00879e-10,1.00879e-10,1.00879e-10,1641334560,2022-01-04T22:16:00
1.01165e-10,1.01165e-10,1.01165e-10,1.01165e-10,1641333240,2022-01-04T21:54:00
1.01828e-10,1.01828e-10,1.01828e-10,1.01828e-10,1641332640,2022-01-04T21:44:00
1.01272e-10,1.01272e-10,1.01272e-10,1.01272e-10,1641332520,2022-01-04T21:42:00
9.97686e-11,9.97686e-11,9.97686e-11,9.97686e-11,1641329760,2022-01-04T20:56:00
9.71383e-11,9.71383e-11,9.71383e-11,9.71383e-11,1641329520,2022-01-04T20:52:00
9.78037e-11,9.78037e-11,9.78037e-11,9.78037e-11,1641328140,2022-01-04T20:29:00
9.72553e-11,9.72553e-11,9.72553e-11,9.72553e-11,1641326880,2022-01-04T20:08:00
9.78077e-11,9.78077e-11,9.78077e-11,9.78077e-11,1641325980,2022-01-04T19:53:00
9.80027e-11,9.80027e-11,9.80027e-11,9.80027e-11,1641325560,2022-01-04T19:46:00
9.74358e-11,9.74358e-11,9.74358e-11,9.74358e-11,1641325380,2022-01-04T19:43:00
9.67481e-11,9.67481e-11,9.67481e-11,9.67481e-11,1641325140,2022-01-04T19:39:00
9.73266e-11,9.73266e-11,9.73266e-11,9.73266e-11,1641324180,2022-01-04T19:23:00
9.66822e-11,9.66822e-11,9.66822e-11,9.66822e-11,1641321240,2022-01-04T18:34:00
9.81121e-11,9.81121e-11,9.81121e-11,9.81121e-11,1641320940,2022-01-04T18:29:00
9.91498e-11,9.91498e-11,9.91498e-11,9.91498e-11,1641320760,2022-01-04T18:26:00
9.93202e-11,9.93202e-11,9.93202e-11,9.93202e-11,1641320580,2022-01-04T18:23:00
9.99995e-11,9.99995e-11,9.99995e-11,9.99995e-11,1641320160,2022-01-04T18:16:00
9.99645e-11,9.99645e-11,9.99645e-11,9.99645e-11,1641320040,2022-01-04T18:14:00
1.00829e-10,1.00829e-10,1.00829e-10,1.00829e-10,1641319260,2022-01-04T18:01:00
1.00684e-10,1.00684e-10,1.00684e-10,1.00684e-10,1641319140,2022-01-04T17:59:00
1.01454e-10,1.01454e-10,1.01454e-10,1.01454e-10,1641318060,2022-01-04T17:41:00
1.01449e-10,1.01449e-10,1.01449e-10,1.01449e-10,1641317400,2022-01-04T17:30:00
1.02486e-10,1.02486e-10,1.02486e-10,1.02486e-10,1641317160,2022-01-04T17:26:00
1.0352e-10,1.0352e-10,1.0352e-10,1.0352e-10,1641316920,2022-01-04T17:22:00
1.03335e-10,1.03335e-10,1.03335e-10,1.03335e-10,1641316500,2022-01-04T17:15:00
1.02667e-10,1.02667e-10,1.02667e-10,1.02667e-10,1641314760,2022-01-04T16:46:00
1.03222e-10,1.03222e-10,1.03222e-10,1.03222e-10,1641314700,2022-01-04T16:45:00
1.02632e-10,1.02632e-10,1.02632e-10,1.02632e-10,1641314520,2022-01-04T16:42:00
1.02733e-10,1.02733e-10,1.02733e-10,1.02733e-10,1641314100,2022-01-04T16:35:00
1.04089e-10,1.04089e-10,1.04089e-10,1.04089e-10,1641313260,2022-01-04T16:21:00
1.04578e-10,1.04578e-10,1.04146e-10,1.04146e-10,1641313080,2022-01-04T16:18:00
1.04799e-10,1.04799e-10,1.04799e-10,1.04799e-10,1641312900,2022-01-04T16:15:00
1.03666e-10,1.03666e-10,1.03666e-10,1.03666e-10,1641312540,2022-01-04T16:09:00
1.03804e-10,1.03804e-10,1.03804e-10,1.03804e-10,1641312300,2022-01-04T16:05:00
1.04476e-10,1.04476e-10,1.04476e-10,1.04476e-10,1641312240,2022-01-04T16:04:00
1.05021e-10,1.05021e-10,1.05021e-10,1.05021e-10,1641311640,2022-01-04T15:54:00
1.06848e-10,1.06848e-10,1.06848e-10,1.06848e-10,1641311340,2022-01-04T15:49:00
1.08338e-10,1.08338e-10,1.08338e-10,1.08338e-10,1641311100,2022-01-04T15:45:00
1.08272e-10,1.08272e-10,1.08272e-10,1.08272e-10,1641310860,2022-01-04T15:41:00
1.08378e-10,1.08378e-10,1.08378e-10,1.08378e-10,1641310380,2022-01-04T15:33:00
1.08312e-10,1.08312e-10,1.08312e-10,1.08312e-10,1641310320,2022-01-04T15:32:00
1.0801e-10,1.0801e-10,1.0801e-10,1.0801e-10,1641310140,2022-01-04T15:29:00
1.08382e-10,1.08382e-10,1.08382e-10,1.08382e-10,1641310020,2022-01-04T15:27:00
1.0854e-10,1.0854e-10,1.0854e-10,1.0854e-10,1641309960,2022-01-04T15:26:00
1.08888e-10,1.09375e-10,1.08888e-10,1.09375e-10,1641309600,2022-01-04T15:20:00
1.08272e-10,1.08272e-10,1.08272e-10,1.08272e-10,1641308760,2022-01-04T15:06:00
1.07464e-10,1.07464e-10,1.07464e-10,1.07464e-10,1641308520,2022-01-04T15:02:00
1.07804e-10,1.07804e-10,1.07804e-10,1.07804e-10,1641308040,2022-01-04T14:54:00
1.06266e-10,1.06266e-10,1.06266e-10,1.06266e-10,1641307800,2022-01-04T14:50:00
1.06356e-10,1.06356e-10,1.06356e-10,1.06356e-10,1641307560,2022-01-04T14:46:00
1.05157e-10,1.05157e-10,1.05157e-10,1.05157e-10,1641307260,2022-01-04T14:41:00
1.05323e-10,1.05323e-10,1.05323e-10,1.05323e-10,1641306600,2022-01-04T14:30:00
1.04196e-10,1.04196e-10,1.04196e-10,1.04196e-10,1641306000,2022-01-04T14:20:00
1.04624e-10,1.04624e-10,1.04624e-10,1.04624e-10,1641305700,2022-01-04T14:15:00
1.03976e-10,1.03976e-10,1.03976e-10,1.03976e-10,1641305520,2022-01-04T14:12:00
1.03684e-10,1.03684e-10,1.03684e-10,1.03684e-10,1641305460,2022-01-04T14:11:00
1.03285e-10,1.03285e-10,1.03285e-10,1.03285e-10,1641305040,2022-01-04T14:04:00
1.02798e-10,1.02798e-10,1.02798e-10,1.02798e-10,1641304740,2022-01-04T13:59:00
1.02941e-10,1.02941e-10,1.02941e-10,1.02941e-10,1641304500,2022-01-04T13:55:00
1.03544e-10,1.03544e-10,1.03544e-10,1.03544e-10,1641304440,2022-01-04T13:54:00
1.02468e-10,1.02468e-10,1.02468e-10,1.02468e-10,1641304140,2022-01-04T13:49:00
1.03213e-10,1.03213e-10,1.03213e-10,1.03213e-10,1641303600,2022-01-04T13:40:00
1.02772e-10,1.02772e-10,1.02772e-10,1.02772e-10,1641303120,2022-01-04T13:32:00
1.02683e-10,1.02683e-10,1.02683e-10,1.02683e-10,1641303000,2022-01-04T13:30:00
1.02301e-10,1.02655e-10,1.02301e-10,1.02655e-10,1641302940,2022-01-04T13:29:00
1.0202e-10,1.0202e-10,1.0202e-10,1.0202e-10,1641301020,2022-01-04T12:57:00
1.02871e-10,1.02871e-10,1.02871e-10,1.02871e-10,1641300300,2022-01-04T12:45:00
1.02766e-10,1.02766e-10,1.02766e-10,1.02766e-10,1641300240,2022-01-04T12:44:00
1.0271e-10,1.0271e-10,1.0271e-10,1.0271e-10,1641299880,2022-01-04T12:38:00
1.02542e-10,1.02542e-10,1.02542e-10,1.02542e-10,1641299760,2022-01-04T12:36:00
1.02346e-10,1.02346e-10,1.02346e-10,1.02346e-10,1641299700,2022-01-04T12:35:00
1.02257e-10,1.02257e-10,1.02257e-10,1.02257e-10,1641299160,2022-01-04T12:26:00
1.02303e-10,1.02303e-10,1.02303e-10,1.02303e-10,1641298560,2022-01-04T12:16:00
1.0199e-10,1.0199e-10,1.0199e-10,1.0199e-10,1641297600,2022-01-04T12:00:00
1.02809e-10,1.02809e-10,1.02809e-10,1.02809e-10,1641296580,2022-01-04T11:43:00
1.021e-10,1.021e-10,1.021e-10,1.021e-10,1641296520,2022-01-04T11:42:00
1.02424e-10,1.02424e-10,1.02424e-10,1.02424e-10,1641295320,2022-01-04T11:22:00
1.02237e-10,1.02237e-10,1.02237e-10,1.02237e-10,1641294720,2022-01-04T11:12:00
1.02286e-10,1.02286e-10,1.02286e-10,1.02286e-10,1641294660,2022-01-04T11:11:00
1.0163e-10,1.0163e-10,1.0163e-10,1.0163e-10,1641294300,2022-01-04T11:05:00
1.01954e-10,1.01954e-10,1.01954e-10,1.01954e-10,1641294000,2022-01-04T11:00:00
1.01353e-10,1.01353e-10,1.01353e-10,1.01353e-10,1641293520,2022-01-04T10:52:00
1.00654e-10,1.00654e-10,1.00654e-10,1.00654e-10,1641292140,2022-01-04T10:29:00
9.97929e-11,9.97929e-11,9.97929e-11,9.97929e-11,1641291360,2022-01-04T10:16:00
9.99148e-11,9.99148e-11,9.99148e-11,9.99148e-11,1641290280,2022-01-04T09:58:00
8.4994e-11,9.24056e-11,8.4994e-11,9.24056e-11,1641289200,2022-01-04T09:40:00
8.5372e-11,8.5372e-11,8.5372e-11,8.5372e-11,1641289140,2022-01-04T09:39:00
8.53332e-11,8.53332e-11,8.53332e-11,8.53332e-11,1641288780,2022-01-04T09:33:00
8.50804e-11,8.50804e-11,8.50804e-11,8.50804e-11,1641288480,2022-01-04T09:28:00
8.50145e-11,8.50145e-11,8.50145e-11,8.50145e-11,1641288240,2022-01-04T09:24:00
8.99004e-11,8.99004e-11,8.99004e-11,8.99004e-11,1641288180,2022-01-04T09:23:00
9.55069e-11,9.55069e-11,9.55069e-11,9.55069e-11,1641287640,2022-01-04T09:14:00
9.58754e-11,9.58754e-11,9.58754e-11,9.58754e-11,1641287520,2022-01-04T09:12:00
9.53736e-11,9.53736e-11,9.53736e-11,9.53736e-11,1641286140,2022-01-04T08:49:00
9.52493e-11,9.52493e-11,9.52493e-11,9.52493e-11,1641284940,2022-01-04T08:29:00
9.59811e-11,9.59811e-11,9.59811e-11,9.59811e-11,1641284700,2022-01-04T08:25:00
9.58628e-11,9.58628e-11,9.58628e-11,9.58628e-11,1641284040,2022-01-04T08:14:00
9.52356e-11,9.52356e-11,9.52356e-11,9.52356e-11,1641283920,2022-01-04T08:12:00
9.55018e-11,9.55018e-11,9.55018e-11,9.55018e-11,1641283080,2022-01-04T07:58:00
9.49631e-11,9.49631e-11,9.49631e-11,9.49631e-11,1641282720,2022-01-04T07:52:00
9.56477e-11,9.56477e-11,9.56477e-11,9.56477e-11,1641282660,2022-01-04T07:51:00
9.55842e-11,9.55842e-11,9.55842e-11,9.55842e-11,1641282600,2022-01-04T07:50:00
9.51092e-11,9.51092e-11,9.51092e-11,9.51092e-11,1641281820,2022-01-04T07:37:00
9.57233e-11,9.57233e-11,9.57233e-11,9.57233e-11,1641281640,2022-01-04T07:34:00
9.51957e-11,9.51957e-11,9.51957e-11,9.51957e-11,1641280020,2022-01-04T07:07:00
9.57395e-11,9.57395e-11,9.57395e-11,9.57395e-11,1641279540,2022-01-04T06:59:00
9.67632e-11,9.67632e-11,9.67632e-11,9.67632e-11,1641279240,2022-01-04T06:54:00
9.67481e-11,9.67481e-11,9.67481e-11,9.67481e-11,1641279120,2022-01-04T06:52:00
9.74064e-11,9.74064e-11,9.74064e-11,9.74064e-11,1641278940,2022-01-04T06:49:00
9.80371e-11,9.80371e-11,9.80371e-11,9.80371e-11,1641278760,2022-01-04T06:46:00
9.80003e-11,9.80003e-11,9.80003e-11,9.80003e-11,1641278400,2022-01-04T06:40:00
9.78871e-11,9.78871e-11,9.78871e-11,9.78871e-11,1641278100,2022-01-04T06:35:00
9.98478e-11,9.98478e-11,9.81292e-11,9.81292e-11,1641277980,2022-01-04T06:33:00
1.012e-10,1.012e-10,1.00579e-10,1.00579e-10,1641276540,2022-01-04T06:09:00
1.01095e-10,1.01095e-10,1.01095e-10,1.01095e-10,1641276360,2022-01-04T06:06:00
1.00367e-10,1.00367e-10,1.00367e-10,1.00367e-10,1641274980,2022-01-04T05:43:00
1.00905e-10,1.00905e-10,1.00905e-10,1.00905e-10,1641274920,2022-01-04T05:42:00
1.00864e-10,1.00864e-10,1.00864e-10,1.00864e-10,1641273840,2022-01-04T05:24:00
1.00856e-10,1.00856e-10,1.00856e-10,1.00856e-10,1641273660,2022-01-04T05:21:00
1.00228e-10,1.00228e-10,1.00228e-10,1.00228e-10,1641272940,2022-01-04T05:09:00
1.00719e-10,1.00719e-10,1.00719e-10,1.00719e-10,1641272160,2022-01-04T04:56:00
1.01492e-10,1.01492e-10,1.01492e-10,1.01492e-10,1641272040,2022-01-04T04:54:00
1.01313e-10,1.01313e-10,1.01313e-10,1.01313e-10,1641271860,2022-01-04T04:51:00
1.02089e-10,1.02089e-10,1.02089e-10,1.02089e-10,1641271560,2022-01-04T04:46:00
1.02573e-10,1.02573e-10,1.02573e-10,1.02573e-10,1641270300,2022-01-04T04:25:00
1.01406e-10,1.02392e-10,1.01406e-10,1.02392e-10,1641270000,2022-01-04T04:20:00
1.01946e-10,1.01946e-10,1.01946e-10,1.01946e-10,1641269820,2022-01-04T04:17:00
1.01352e-10,1.01352e-10,1.01352e-10,1.01352e-10,1641269760,2022-01-04T04:16:00
1.00669e-10,1.00669e-10,1.00669e-10,1.00669e-10,1641269700,2022-01-04T04:15:00
1.00882e-10,1.00882e-10,1.00882e-10,1.00882e-10,1641269340,2022-01-04T04:09:00
1.01347e-10,1.01347e-10,1.01347e-10,1.01347e-10,1641268380,2022-01-04T03:53:00
1.0149e-10,1.0149e-10,1.0149e-10,1.0149e-10,1641267900,2022-01-04T03:45:00
1.02171e-10,1.02171e-10,1.02171e-10,1.02171e-10,1641267600,2022-01-04T03:40:00
1.01595e-10,1.01595e-10,1.01595e-10,1.01595e-10,1641266640,2022-01-04T03:24:00
1.01081e-10,1.01081e-10,1.01081e-10,1.01081e-10,1641266520,2022-01-04T03:22:00
9.7107e-11,9.7107e-11,9.7107e-11,9.7107e-11,1641266460,2022-01-04T03:21:00
9.32243e-11,9.32243e-11,9.32243e-11,9.32243e-11,1641266340,2022-01-04T03:19:00
9.30879e-11,9.30879e-11,9.30879e-11,9.30879e-11,1641266220,2022-01-04T03:17:00
9.39378e-11,9.39378e-11,9.39378e-11,9.39378e-11,1641266040,2022-01-04T03:14:00
8.85586e-11,9.11634e-11,8.85586e-11,9.11634e-11,1641265800,2022-01-04T03:10:00
8.73041e-11,8.73041e-11,8.73041e-11,8.73041e-11,1641265680,2022-01-04T03:08:00
8.64051e-11,8.64051e-11,8.64051e-11,8.64051e-11,1641264840,2022-01-04T02:54:00
8.61411e-11,8.61411e-11,8.61411e-11,8.61411e-11,1641264780,2022-01-04T02:53:00
8.60074e-11,8.60074e-11,8.5601e-11,8.5601e-11,1641264720,2022-01-04T02:52:00
8.54342e-11,8.54342e-11,8.54342e-11,8.54342e-11,1641264600,2022-01-04T02:50:00
8.41931e-11,8.41931e-11,8.41931e-11,8.41931e-11,1641264180,2022-01-04T02:43:00
8.43251e-11,8.43251e-11,8.43251e-11,8.43251e-11,1641264120,2022-01-04T02:42:00
8.35842e-11,8.35842e-11,8.35842e-11,8.35842e-11,1641264000,2022-01-04T02:40:00
8.30299e-11,8.30299e-11,8.30299e-11,8.30299e-11,1641263940,2022-01-04T02:39:00
8.35977e-11,8.35977e-11,8.35977e-11,8.35977e-11,1641263220,2022-01-04T02:27:00
8.32841e-11,8.32841e-11,8.32841e-11,8.32841e-11,1641262980,2022-01-04T02:23:00
8.27897e-11,8.27897e-11,8.27897e-11,8.27897e-11,1641262860,2022-01-04T02:21:00
8.34611e-11,8.34611e-11,8.34611e-11,8.34611e-11,1641262800,2022-01-04T02:20:00
8.30555e-11,8.30555e-11,8.30555e-11,8.30555e-11,1641262260,2022-01-04T02:11:00
8.27073e-11,8.27073e-11,8.27073e-11,8.27073e-11,1641261360,2022-01-04T01:56:00
8.26107e-11,8.26107e-11,8.26107e-11,8.26107e-11,1641261300,2022-01-04T01:55:00
8.25605e-11,8.25605e-11,8.25605e-11,8.25605e-11,1641260880,2022-01-04T01:48:00
8.2833e-11,8.2833e-11,8.23617e-11,8.23617e-11,1641260640,2022-01-04T01:44:00
8.24695e-11,8.24695e-11,8.24695e-11,8.24695e-11,1641260400,2022-01-04T01:40:00
8.27833e-11,8.27833e-11,8.27833e-11,8.27833e-11,1641260100,2022-01-04T01:35:00
8.27928e-11,8.27928e-11,8.27928e-11,8.27928e-11,1641259920,2022-01-04T01:32:00
8.2156e-11,8.2156e-11,8.2156e-11,8.2156e-11,1641259680,2022-01-04T01:28:00
8.20966e-11,8.20966e-11,8.20966e-11,8.20966e-11,1641259560,2022-01-04T01:26:00
8.19389e-11,8.19389e-11,8.19389e-11,8.19389e-11,1641259140,2022-01-04T01:19:00
8.21525e-11,8.21525e-11,8.21525e-11,8.21525e-11,1641257460,2022-01-04T00:51:00
8.18129e-11,8.18129e-11,8.18129e-11,8.18129e-11,1641257400,2022-01-04T00:50:00
8.18023e-11,8.18023e-11,8.18023e-11,8.18023e-11,1641257100,2022-01-04T00:45:00
8.15114e-11,8.15114e-11,8.15114e-11,8.15114e-11,1641256800,2022-01-04T00:40:00
8.15979e-11,8.15979e-11,8.15979e-11,8.15979e-11,1641256740,2022-01-04T00:39:00
8.24546e-11,8.24546e-11,8.24546e-11,8.24546e-11,1641256260,2022-01-04T00:31:00
8.27249e-11,8.27249e-11,8.27249e-11,8.27249e-11,1641255960,2022-01-04T00:26:00
8.30758e-11,8.30758e-11,8.30758e-11,8.30758e-11,1641255780,2022-01-04T00:23:00
8.26554e-11,8.26554e-11,8.26554e-11,8.26554e-11,1641255720,2022-01-04T00:22:00
8.34353e-11,8.34353e-11,8.34353e-11,8.34353e-11,1641255660,2022-01-04T00:21:00
8.3423e-11,8.3423e-11,8.3423e-11,8.3423e-11,1641255480,2022-01-04T00:18:00
8.29453e-11,8.32569e-11,8.29453e-11,8.32569e-11,1641255420,2022-01-04T00:17:00
8.37903e-11,8.37903e-11,8.37903e-11,8.37903e-11,1641255300,2022-01-04T00:15:00
8.35259e-11,8.35259e-11,8.35259e-11,8.35259e-11,1641255120,2022-01-04T00:12:00
8.29361e-11,8.29361e-11,8.29361e-11,8.29361e-11,1641255060,2022-01-04T00:11:00
8.34639e-11,8.34639e-11,8.34639e-11,8.34639e-11,1641255000,2022-01-04T00:10:00
8.33915e-11,8.33915e-11,8.33915e-11,8.33915e-11,1641254880,2022-01-04T00:08:00
8.3227e-11,8.3227e-11,8.3227e-11,8.3227e-11,1641254280,2022-01-03T23:58:00
8.29388e-11,8.29388e-11,8.29388e-11,8.29388e-11,1641254040,2022-01-03T23:54:00
8.2461e-11,8.2461e-11,8.2461e-11,8.2461e-11,1641253620,2022-01-03T23:47:00
8.2942e-11,8.2942e-11,8.2942e-11,8.2942e-11,1641253560,2022-01-03T23:46:00
8.34957e-11,8.34957e-11,8.34957e-11,8.34957e-11,1641253500,2022-01-03T23:45:00
8.40674e-11,8.40674e-11,8.40674e-11,8.40674e-11,1641253440,2022-01-03T23:44:00
8.40106e-11,8.40106e-11,8.40106e-11,8.40106e-11,1641253320,2022-01-03T23:42:00
8.37436e-11,8.38439e-11,8.37436e-11,8.38439e-11,1641253140,2022-01-03T23:39:00
8.28374e-11,8.28374e-11,8.28374e-11,8.28374e-11,1641253080,2022-01-03T23:38:00
8.29335e-11,8.29335e-11,8.29335e-11,8.29335e-11,1641252900,2022-01-03T23:35:00
8.36277e-11,8.36277e-11,8.36277e-11,8.36277e-11,1641252360,2022-01-03T23:26:00
8.41792e-11,8.41792e-11,8.41792e-11,8.41792e-11,1641252120,2022-01-03T23:22:00
8.53283e-11,8.53283e-11,8.50994e-11,8.50994e-11,1641252060,2022-01-03T23:21:00
8.49608e-11,8.49608e-11,8.49608e-11,8.49608e-11,1641251940,2022-01-03T23:19:00
8.53815e-11,8.53815e-11,8.53815e-11,8.53815e-11,1641251640,2022-01-03T23:14:00
8.48864e-11,8.48864e-11,8.48864e-11,8.48864e-11,1641251460,2022-01-03T23:11:00
8.49396e-11,8.49396e-11,8.49396e-11,8.49396e-11,1641250560,2022-01-03T22:56:00
8.54347e-11,8.54347e-11,8.54347e-11,8.54347e-11,1641250500,2022-01-03T22:55:00
8.50376e-11,8.50376e-11,8.50376e-11,8.50376e-11,1641250440,2022-01-03T22:54:00
8.6074e-11,8.6074e-11,8.6074e-11,8.6074e-11,1641250140,2022-01-03T22:49:00
9.27174e-11,9.27174e-11,9.27174e-11,9.27174e-11,1641250020,2022-01-03T22:47:00
9.93015e-11,9.98666e-11,9.91154e-11,9.91154e-11,1641249660,2022-01-03T22:41:00
9.94759e-11,9.94759e-11,9.94759e-11,9.94759e-11,1641249600,2022-01-03T22:40:00
9.94322e-11,9.94322e-11,9.94322e-11,9.94322e-11,1641249000,2022-01-03T22:30:00
9.94031e-11,9.94031e-11,9.94031e-11,9.94031e-11,1641248640,2022-01-03T22:24:00
9.87429e-11,9.87429e-11,9.87429e-11,9.87429e-11,1641248580,2022-01-03T22:23:00
9.88607e-11,9.88607e-11,9.88607e-11,9.88607e-11,1641248460,2022-01-03T22:21:00
9.94097e-11,9.94097e-11,9.94097e-11,9.94097e-11,1641248040,2022-01-03T22:14:00
9.92775e-11,9.92775e-11,9.92775e-11,9.92775e-11,1641247860,2022-01-03T22:11:00
1.00123e-10,1.00123e-10,1.00123e-10,1.00123e-10,1641247620,2022-01-03T22:07:00
1.00247e-10,1.00247e-10,1.00247e-10,1.00247e-10,1641247440,2022-01-03T22:04:00
1.00426e-10,1.00426e-10,1.00426e-10,1.00426e-10,1641247320,2022-01-03T22:02:00
1.01284e-10,1.01284e-10,1.01284e-10,1.01284e-10,1641247200,2022-01-03T22:00:00
1.02409e-10,1.02409e-10,1.02409e-10,1.02409e-10,1641247080,2022-01-03T21:58:00
1.02709e-10,1.02709e-10,1.02709e-10,1.02709e-10,1641247020,2022-01-03T21:57:00
1.03477e-10,1.03477e-10,1.03477e-10,1.03477e-10,1641246840,2022-01-03T21:54:00
1.02871e-10,1.02871e-10,1.02871e-10,1.02871e-10,1641246780,2022-01-03T21:53:00
1.03856e-10,1.03856e-10,1.03856e-10,1.03856e-10,1641246240,2022-01-03T21:44:00
1.04445e-10,1.05119e-10,1.04445e-10,1.05119e-10,1641246060,2022-01-03T21:41:00
1.03791e-10,1.03791e-10,1.03791e-10,1.03791e-10,1641245700,2022-01-03T21:35:00
1.04459e-10,1.04459e-10,1.04459e-10,1.04459e-10,1641245400,2022-01-03T21:30:00
1.04255e-10,1.04255e-10,1.04255e-10,1.04255e-10,1641245220,2022-01-03T21:27:00
1.03281e-10,1.03281e-10,1.03281e-10,1.03281e-10,1641245040,2022-01-03T21:24:00
1.0244e-10,1.0244e-10,1.0244e-10,1.0244e-10,1641244980,2022-01-03T21:23:00
1.01879e-10,1.01879e-10,1.01879e-10,1.01879e-10,1641244200,2022-01-03T21:10:00
1.01242e-10,1.01242e-10,1.01242e-10,1.01242e-10,1641244140,2022-01-03T21:09:00
1.00201e-10,1.00201e-10,1.00201e-10,1.00201e-10,1641244080,2022-01-03T21:08:00
9.96422e-11,9.96422e-11,9.96422e-11,9.96422e-11,1641243840,2022-01-03T21:04:00
9.94818e-11,9.94818e-11,9.94818e-11,9.94818e-11,1641243720,2022-01-03T21:02:00
9.82011e-11,9.82011e-11,9.82011e-11,9.82011e-11,1641243300,2022-01-03T20:55:00
9.65577e-11,9.65577e-11,9.65577e-11,9.65577e-11,1641243240,2022-01-03T20:54:00
9.55858e-11,9.55858e-11,9.55858e-11,9.55858e-11,1641243180,2022-01-03T20:53:00
9.47847e-11,9.50038e-11,9.43921e-11,9.50038e-11,1641243000,2022-01-03T20:50:00
9.2435e-11,9.35847e-11,9.2435e-11,9.35847e-11,1641242940,2022-01-03T20:49:00
9.12985e-11,9.12985e-11,9.12985e-11,9.12985e-11,1641242880,2022-01-03T20:48:00
9.05685e-11,9.05685e-11,9.05685e-11,9.05685e-11,1641242820,2022-01-03T20:47:00
9.03318e-11,9.03318e-11,9.03318e-11,9.03318e-11,1641242700,2022-01-03T20:45:00
8.89205e-11,8.89205e-11,8.89205e-11,8.89205e-11,1641242640,2022-01-03T20:44:00
8.63459e-11,8.71433e-11,8.63459e-11,8.71433e-11,1641242580,2022-01-03T20:43:00
9.07871e-11,9.07871e-11,8.70267e-11,8.71507e-11,1641242460,2022-01-03T20:41:00
8.73081e-11,9.07511e-11,8.73081e-11,9.07511e-11,1641242340,2022-01-03T20:39:00
8.39873e-11,8.39873e-11,8.39873e-11,8.39873e-11,1641242280,2022-01-03T20:38:00
8.26338e-11,8.26338e-11,8.26338e-11,8.26338e-11,1641242220,2022-01-03T20:37:00
8.27854e-11,8.27854e-11,8.27854e-11,8.27854e-11,1641242040,2022-01-03T20:34:00
8.40002e-11,8.40002e-11,8.40002e-11,8.40002e-11,1641241980,2022-01-03T20:33:00
8.32837e-11,8.32837e-11,8.32837e-11,8.32837e-11,1641241920,2022-01-03T20:32:00
8.88654e-11,8.88654e-11,8.53505e-11,8.53505e-11,1641241680,2022-01-03T20:28:00
8.85908e-11,8.85908e-11,8.85908e-11,8.85908e-11,1641241620,2022-01-03T20:27:00
8.96071e-11,8.96071e-11,8.96071e-11,8.96071e-11,1641241560,2022-01-03T20:26:00
9.05818e-11,9.05818e-11,9.05818e-11,9.05818e-11,1641241500,2022-01-03T20:25:00
9.03001e-11,9.03001e-11,9.03001e-11,9.03001e-11,1641241380,2022-01-03T20:23:00
9.18677e-11,9.18677e-11,9.18677e-11,9.18677e-11,1641241140,2022-01-03T20:19:00
9.39333e-11,9.39333e-11,9.39333e-11,9.39333e-11,1641240960,2022-01-03T20:16:00
9.42169e-11,9.42169e-11,9.42169e-11,9.42169e-11,1641240720,2022-01-03T20:12:00
9.39157e-11,9.39157e-11,9.39157e-11,9.39157e-11,1641240540,2022-01-03T20:09:00
9.36743e-11,9.36743e-11,9.36743e-11,9.36743e-11,1641240360,2022-01-03T20:06:00
9.35199e-11,9.35199e-11,9.35199e-11,9.35199e-11,1641240300,2022-01-03T20:05:00
9.52536e-11,9.52536e-11,9.52536e-11,9.52536e-11,1641240240,2022-01-03T20:04:00
9.71001e-11,9.71001e-11,9.71001e-11,9.71001e-11,1641240120,2022-01-03T20:02:00
1.03006e-10,1.03006e-10,1.03006e-10,1.03006e-10,1641239460,2022-01-03T19:51:00
1.10672e-10,1.10672e-10,1.10672e-10,1.10672e-10,1641239220,2022-01-03T19:47:00
1.13362e-10,1.13362e-10,1.13362e-10,1.13362e-10,1641237900,2022-01-03T19:25:00
1.15209e-10,1.15209e-10,1.15209e-10,1.15209e-10,1641237840,2022-01-03T19:24:00
1.16513e-10,1.16513e-10,1.16513e-10,1.16513e-10,1641237600,2022-01-03T19:20:00
1.18621e-10,1.18621e-10,1.18621e-10,1.18621e-10,1641237540,2022-01-03T19:19:00
1.18278e-10,1.18305e-10,1.18278e-10,1.18305e-10,1641236760,2022-01-03T19:06:00
1.1755e-10,1.1755e-10,1.1755e-10,1.1755e-10,1641235920,2022-01-03T18:52:00
1.17644e-10,1.17644e-10,1.17644e-10,1.17644e-10,1641235740,2022-01-03T18:49:00
1.18466e-10,1.18466e-10,1.18466e-10,1.18466e-10,1641235440,2022-01-03T18:44:00
1.17972e-10,1.17972e-10,1.17972e-10,1.17972e-10,1641234960,2022-01-03T18:36:00
1.18833e-10,1.18833e-10,1.18833e-10,1.18833e-10,1641234900,2022-01-03T18:35:00
1.1824e-10,1.1824e-10,1.1824e-10,1.1824e-10,1641234720,2022-01-03T18:32:00
1.19295e-10,1.19295e-10,1.19295e-10,1.19295e-10,1641234660,2022-01-03T18:31:00
1.1889e-10,1.1889e-10,1.1889e-10,1.1889e-10,1641234480,2022-01-03T18:28:00
1.19586e-10,1.19586e-10,1.19586e-10,1.19586e-10,1641234360,2022-01-03T18:26:00
1.20712e-10,1.20712e-10,1.20712e-10,1.20712e-10,1641234240,2022-01-03T18:24:00
1.201e-10,1.201e-10,1.201e-10,1.201e-10,1641234000,2022-01-03T18:20:00
1.20477e-10,1.20477e-10,1.20477e-10,1.20477e-10,1641233820,2022-01-03T18:17:00
1.1967e-10,1.1967e-10,1.1967e-10,1.1967e-10,1641233580,2022-01-03T18:13:00
1.20614e-10,1.20614e-10,1.20614e-10,1.20614e-10,1641233520,2022-01-03T18:12:00
1.20011e-10,1.20011e-10,1.20011e-10,1.20011e-10,1641233340,2022-01-03T18:09:00
1.20721e-10,1.20721e-10,1.20721e-10,1.20721e-10,1641233100,2022-01-03T18:05:00
1.19969e-10,1.19969e-10,1.19969e-10,1.19969e-10,1641232980,2022-01-03T18:03:00
1.20292e-10,1.20292e-10,1.20292e-10,1.20292e-10,1641232620,2022-01-03T17:57:00
1.20427e-10,1.20427e-10,1.19956e-10,1.19956e-10,1641232440,2022-01-03T17:54:00
1.21743e-10,1.21743e-10,1.21743e-10,1.21743e-10,1641232140,2022-01-03T17:49:00
1.19242e-10,1.19242e-10,1.19242e-10,1.19242e-10,1641231900,2022-01-03T17:45:00
1.1582e-10,1.1582e-10,1.1582e-10,1.1582e-10,1641231660,2022-01-03T17:41:00
1.15419e-10,1.15419e-10,1.15419e-10,1.15419e-10,1641231480,2022-01-03T17:38:00
1.14561e-10,1.14561e-10,1.14561e-10,1.14561e-10,1641231360,2022-01-03T17:36:00
1.15312e-10,1.15312e-10,1.15312e-10,1.15312e-10,1641231240,2022-01-03T17:34:00
1.15599e-10,1.15599e-10,1.15599e-10,1.15599e-10,1641230580,2022-01-03T17:23:00
1.14606e-10,1.14606e-10,1.14606e-10,1.14606e-10,1641230340,2022-01-03T17:19:00
1.13989e-10,1.13989e-10,1.13989e-10,1.13989e-10,1641230280,2022-01-03T17:18:00
1.13677e-10,1.13677e-10,1.13677e-10,1.13677e-10,1641230160,2022-01-03T17:16:00
1.12907e-10,1.12907e-10,1.12907e-10,1.12907e-10,1641229920,2022-01-03T17:12:00
1.12637e-10,1.12637e-10,1.12637e-10,1.12637e-10,1641228960,2022-01-03T16:56:00
1.11332e-10,1.11332e-10,1.11332e-10,1.11332e-10,1641228540,2022-01-03T16:49:00
1.11971e-10,1.11971e-10,1.11971e-10,1.11971e-10,1641228420,2022-01-03T16:47:00
1.11764e-10,1.11764e-10,1.11764e-10,1.11764e-10,1641228300,2022-01-03T16:45:00
1.11169e-10,1.11169e-10,1.11169e-10,1.11169e-10,1641228180,2022-01-03T16:43:00
1.12008e-10,1.12008e-10,1.12008e-10,1.12008e-10,1641228000,2022-01-03T16:40:00
1.11993e-10,1.11993e-10,1.11993e-10,1.11993e-10,1641226920,2022-01-03T16:22:00
1.13118e-10,1.13118e-10,1.11995e-10,1.11995e-10,1641226740,2022-01-03T16:19:00
1.12879e-10,1.12879e-10,1.12879e-10,1.12879e-10,1641226560,2022-01-03T16:16:00
1.1222e-10,1.1222e-10,1.1222e-10,1.1222e-10,1641226440,2022-01-03T16:14:00
1.12834e-10,1.12834e-10,1.12834e-10,1.12834e-10,1641226320,2022-01-03T16:12:00
1.14256e-10,1.14256e-10,1.14256e-10,1.14256e-10,1641226260,2022-01-03T16:11:00
1.14631e-10,1.14631e-10,1.14631e-10,1.14631e-10,1641225840,2022-01-03T16:04:00
1.14023e-10,1.14023e-10,1.14023e-10,1.14023e-10,1641225720,2022-01-03T16:02:00
1.14976e-10,1.14976e-10,1.14976e-10,1.14976e-10,1641225660,2022-01-03T16:01:00
1.14381e-10,1.14381e-10,1.14381e-10,1.14381e-10,1641225600,2022-01-03T16:00:00
1.14693e-10,1.14693e-10,1.14693e-10,1.14693e-10,1641225480,2022-01-03T15:58:00
1.14957e-10,1.14957e-10,1.14957e-10,1.14957e-10,1641225060,2022-01-03T15:51:00
1.16323e-10,1.16323e-10,1.16323e-10,1.16323e-10,1641224940,2022-01-03T15:49:00
1.17515e-10,1.17515e-10,1.17515e-10,1.17515e-10,1641224460,2022-01-03T15:41:00
1.18056e-10,1.18056e-10,1.18056e-10,1.18056e-10,1641224340,2022-01-03T15:39:00
1.20096e-10,1.20096e-10,1.20096e-10,1.20096e-10,1641224100,2022-01-03T15:35:00
1.20866e-10,1.20866e-10,1.20866e-10,1.20866e-10,1641223860,2022-01-03T15:31:00
1.21869e-10,1.21869e-10,1.21869e-10,1.21869e-10,1641223740,2022-01-03T15:29:00
1.25003e-10,1.25003e-10,1.25003e-10,1.25003e-10,1641223560,2022-01-03T15:26:00
1.27081e-10,1.27081e-10,1.25581e-10,1.25581e-10,1641222780,2022-01-03T15:13:00
1.28148e-10,1.28148e-10,1.28148e-10,1.28148e-10,1641222420,2022-01-03T15:07:00
1.29095e-10,1.29095e-10,1.29095e-10,1.29095e-10,1641222240,2022-01-03T15:04:00
1.2949e-10,1.2949e-10,1.2949e-10,1.2949e-10,1641221880,2022-01-03T14:58:00
1.29865e-10,1.29865e-10,1.29865e-10,1.29865e-10,1641221820,2022-01-03T14:57:00
1.34409e-10,1.34409e-10,1.34409e-10,1.34409e-10,1641221520,2022-01-03T14:52:00
1.38952e-10,1.38952e-10,1.38952e-10,1.38952e-10,1641221340,2022-01-03T14:49:00
1.40215e-10,1.40215e-10,1.40215e-10,1.40215e-10,1641221100,2022-01-03T14:45:00
1.40657e-10,1.41264e-10,1.40657e-10,1.41264e-10,1641220920,2022-01-03T14:42:00
1.41472e-10,1.41472e-10,1.41472e-10,1.41472e-10,1641220800,2022-01-03T14:40:00
1.46073e-10,1.46073e-10,1.46073e-10,1.46073e-10,1641220320,2022-01-03T14:32:00
1.5326e-10,1.5326e-10,1.5326e-10,1.5326e-10,1641219840,2022-01-03T14:24:00
1.53054e-10,1.53054e-10,1.52774e-10,1.52774e-10,1641219420,2022-01-03T14:17:00
1.5382e-10,1.5382e-10,1.5382e-10,1.5382e-10,1641219120,2022-01-03T14:12:00
1.53205e-10,1.53205e-10,1.53205e-10,1.53205e-10,1641218940,2022-01-03T14:09:00
1.56141e-10,1.56141e-10,1.56141e-10,1.56141e-10,1641218760,2022-01-03T14:06:00
1.58357e-10,1.58357e-10,1.58357e-10,1.58357e-10,1641218640,2022-01-03T14:04:00
1.59997e-10,1.59997e-10,1.59997e-10,1.59997e-10,1641218580,2022-01-03T14:03:00
1.61894e-10,1.61894e-10,1.61894e-10,1.61894e-10,1641218340,2022-01-03T13:59:00
1.61856e-10,1.61856e-10,1.61856e-10,1.61856e-10,1641218220,2022-01-03T13:57:00
1.6322e-10,1.6322e-10,1.6322e-10,1.6322e-10,1641217980,2022-01-03T13:53:00
1.62864e-10,1.62864e-10,1.62864e-10,1.62864e-10,1641217620,2022-01-03T13:47:00
1.62095e-10,1.62095e-10,1.61343e-10,1.61343e-10,1641217500,2022-01-03T13:45:00
1.61714e-10,1.61714e-10,1.61714e-10,1.61714e-10,1641217200,2022-01-03T13:40:00
1.6167e-10,1.6167e-10,1.6167e-10,1.6167e-10,1641216900,2022-01-03T13:35:00
1.61532e-10,1.61532e-10,1.61532e-10,1.61532e-10,1641216660,2022-01-03T13:31:00
1.62802e-10,1.62802e-10,1.62802e-10,1.62802e-10,1641216600,2022-01-03T13:30:00
1.64493e-10,1.64493e-10,1.64493e-10,1.64493e-10,1641216480,2022-01-03T13:28:00
1.65426e-10,1.65426e-10,1.65426e-10,1.65426e-10,1641216240,2022-01-03T13:24:00
1.64341e-10,1.64341e-10,1.64341e-10,1.64341e-10,1641216180,2022-01-03T13:23:00
1.65386e-10,1.65386e-10,1.65386e-10,1.65386e-10,1641216000,2022-01-03T13:20:00
1.65312e-10,1.65312e-10,1.65312e-10,1.65312e-10,1641215880,2022-01-03T13:18:00
1.64954e-10,1.64954e-10,1.64954e-10,1.64954e-10,1641215340,2022-01-03T13:09:00
1.64879e-10,1.64879e-10,1.64879e-10,1.64879e-10,1641215280,2022-01-03T13:08:00
1.64418e-10,1.64418e-10,1.64418e-10,1.64418e-10,1641215160,2022-01-03T13:06:00
1.52194e-10,1.52194e-10,1.52194e-10,1.52194e-10,1641215040,2022-01-03T13:04:00
1.64035e-10,1.64035e-10,1.64035e-10,1.64035e-10,1641214920,2022-01-03T13:02:00
1.63742e-10,1.63742e-10,1.63742e-10,1.63742e-10,1641214860,2022-01-03T13:01:00
1.63655e-10,1.63655e-10,1.63655e-10,1.63655e-10,1641214500,2022-01-03T12:55:00
1.63451e-10,1.63451e-10,1.63451e-10,1.63451e-10,1641214440,2022-01-03T12:54:00
1.58187e-10,1.58187e-10,1.58187e-10,1.58187e-10,1641214140,2022-01-03T12:49:00
1.52987e-10,1.52987e-10,1.52987e-10,1.52987e-10,1641213840,2022-01-03T12:44:00
1.5262e-10,1.5262e-10,1.5262e-10,1.5262e-10,1641213780,2022-01-03T12:43:00
1.51853e-10,1.51853e-10,1.51853e-10,1.51853e-10,1641213240,2022-01-03T12:34:00
1.52694e-10,1.52694e-10,1.52694e-10,1.52694e-10,1641212640,2022-01-03T12:24:00
1.52693e-10,1.52693e-10,1.52693e-10,1.52693e-10,1641212580,2022-01-03T12:23:00
1.52119e-10,1.52119e-10,1.52119e-10,1.52119e-10,1641212220,2022-01-03T12:17:00
1.50954e-10,1.50954e-10,1.50954e-10,1.50954e-10,1641211140,2022-01-03T11:59:00
1.49535e-10,1.49535e-10,1.49535e-10,1.49535e-10,1641211020,2022-01-03T11:57:00
1.50504e-10,1.50504e-10,1.50504e-10,1.50504e-10,1641210960,2022-01-03T11:56:00
1.50088e-10,1.50088e-10,1.50088e-10,1.50088e-10,1641210660,2022-01-03T11:51:00
1.48699e-10,1.48699e-10,1.48699e-10,1.48699e-10,1641209760,2022-01-03T11:36:00
1.46377e-10,1.46377e-10,1.46377e-10,1.46377e-10,1641209460,2022-01-03T11:31:00
1.46531e-10,1.46531e-10,1.46531e-10,1.46531e-10,1641209100,2022-01-03T11:25:00
1.47302e-10,1.47302e-10,1.47302e-10,1.47302e-10,1641208440,2022-01-03T11:14:00
1.47138e-10,1.47138e-10,1.47138e-10,1.47138e-10,1641208140,2022-01-03T11:09:00
1.43218e-10,1.43218e-10,1.43218e-10,1.43218e-10,1641207780,2022-01-03T11:03:00
1.39245e-10,1.39245e-10,1.39245e-10,1.39245e-10,1641207660,2022-01-03T11:01:00
1.39034e-10,1.39034e-10,1.39034e-10,1.39034e-10,1641207480,2022-01-03T10:58:00
1.38279e-10,1.38279e-10,1.38279e-10,1.38279e-10,1641207300,2022-01-03T10:55:00
1.38694e-10,1.38694e-10,1.38694e-10,1.38694e-10,1641207180,2022-01-03T10:53:00
1.3815e-10,1.3815e-10,1.3815e-10,1.3815e-10,1641206940,2022-01-03T10:49:00
1.37938e-10,1.37938e-10,1.37938e-10,1.37938e-10,1641206880,2022-01-03T10:48:00
1.38409e-10,1.38409e-10,1.38409e-10,1.38409e-10,1641206400,2022-01-03T10:40:00
1.39296e-10,1.39296e-10,1.39296e-10,1.39296e-10,1641206340,2022-01-03T10:39:00
1.40331e-10,1.40331e-10,1.40331e-10,1.40331e-10,1641205920,2022-01-03T10:32:00
1.37792e-10,1.37792e-10,1.37792e-10,1.37792e-10,1641205500,2022-01-03T10:25:00
1.34412e-10,1.34412e-10,1.34412e-10,1.34412e-10,1641204660,2022-01-03T10:11:00
1.35542e-10,1.35542e-10,1.35542e-10,1.35542e-10,1641204060,2022-01-03T10:01:00
1.35592e-10,1.35592e-10,1.35592e-10,1.35592e-10,1641203700,2022-01-03T09:55:00
1.34834e-10,1.34834e-10,1.34834e-10,1.34834e-10,1641203580,2022-01-03T09:53:00
1.33708e-10,1.33708e-10,1.33708e-10,1.33708e-10,1641203100,2022-01-03T09:45:00
1.33498e-10,1.33498e-10,1.33498e-10,1.33498e-10,1641203040,2022-01-03T09:44:00
1.34608e-10,1.34608e-10,1.34608e-10,1.34608e-10,1641202920,2022-01-03T09:42:00
1.34895e-10,1.35812e-10,1.34895e-10,1.35812e-10,1641202440,2022-01-03T09:34:00
1.35178e-10,1.35178e-10,1.35178e-10,1.35178e-10,1641201960,2022-01-03T09:26:00
1.35994e-10,1.35994e-10,1.35994e-10,1.35994e-10,1641201720,2022-01-03T09:22:00
1.329e-10,1.329e-10,1.329e-10,1.329e-10,1641201660,2022-01-03T09:21:00
1.18728e-10,1.18728e-10,1.18728e-10,1.18728e-10,1641200880,2022-01-03T09:08:00
1.07856e-10,1.07856e-10,1.07856e-10,1.07856e-10,1641200760,2022-01-03T09:06:00
1.07422e-10,1.07422e-10,1.07422e-10,1.07422e-10,1641200160,2022-01-03T08:56:00
1.06939e-10,1.06939e-10,1.06939e-10,1.06939e-10,1641199860,2022-01-03T08:51:00
1.06959e-10,1.06959e-10,1.06959e-10,1.06959e-10,1641199620,2022-01-03T08:47:00
1.06305e-10,1.06305e-10,1.06305e-10,1.06305e-10,1641199380,2022-01-03T08:43:00
1.066e-10,1.066e-10,1.066e-10,1.066e-10,1641198540,2022-01-03T08:29:00
1.05344e-10,1.05344e-10,1.05344e-10,1.05344e-10,1641198420,2022-01-03T08:27:00
1.053e-10,1.053e-10,1.053e-10,1.053e-10,1641198300,2022-01-03T08:25:00
1.05596e-10,1.05596e-10,1.05596e-10,1.05596e-10,1641197940,2022-01-03T08:19:00
1.048e-10,1.05269e-10,1.048e-10,1.05269e-10,1641197460,2022-01-03T08:11:00
1.05571e-10,1.05571e-10,1.05571e-10,1.05571e-10,1641197340,2022-01-03T08:09:00
1.05221e-10,1.05221e-10,1.05221e-10,1.05221e-10,1641197280,2022-01-03T08:08:00
1.04998e-10,1.04998e-10,1.04998e-10,1.04998e-10,1641197220,2022-01-03T08:07:00
1.03963e-10,1.03963e-10,1.03963e-10,1.03963e-10,1641197160,2022-01-03T08:06:00
1.0461e-10,1.0461e-10,1.0461e-10,1.0461e-10,1641196860,2022-01-03T08:01:00
1.03995e-10,1.03995e-10,1.03995e-10,1.03995e-10,1641196140,2022-01-03T07:49:00
1.04181e-10,1.04181e-10,1.04181e-10,1.04181e-10,1641194700,2022-01-03T07:25:00
1.04756e-10,1.04756e-10,1.04756e-10,1.04756e-10,1641194280,2022-01-03T07:18:00
1.04592e-10,1.04592e-10,1.04592e-10,1.04592e-10,1641193560,2022-01-03T07:06:00
1.04247e-10,1.04247e-10,1.04247e-10,1.04247e-10,1641193440,2022-01-03T07:04:00
1.04482e-10,1.04482e-10,1.04482e-10,1.04482e-10,1641193260,2022-01-03T07:01:00
1.03817e-10,1.03817e-10,1.03817e-10,1.03817e-10,1641193140,2022-01-03T06:59:00
1.04275e-10,1.04405e-10,1.04275e-10,1.04405e-10,1641192720,2022-01-03T06:52:00
1.03678e-10,1.03678e-10,1.03678e-10,1.03678e-10,1641192180,2022-01-03T06:43:00
1.04949e-10,1.04949e-10,1.04949e-10,1.04949e-10,1641191940,2022-01-03T06:39:00
1.06652e-10,1.06652e-10,1.06652e-10,1.06652e-10,1641191400,2022-01-03T06:30:00
1.05702e-10,1.05702e-10,1.05702e-10,1.05702e-10,1641191160,2022-01-03T06:26:00
1.01382e-10,1.01382e-10,1.01382e-10,1.01382e-10,1641190920,2022-01-03T06:22:00
1.00366e-10,1.00366e-10,1.00366e-10,1.00366e-10,1641190860,2022-01-03T06:21:00
9.93006e-11,9.93006e-11,9.93006e-11,9.93006e-11,1641190800,2022-01-03T06:20:00
9.71121e-11,9.71121e-11,9.71121e-11,9.71121e-11,1641190440,2022-01-03T06:14:00
9.65052e-11,9.65052e-11,9.65052e-11,9.65052e-11,1641190140,2022-01-03T06:09:00
9.62398e-11,9.62398e-11,9.62398e-11,9.62398e-11,1641190020,2022-01-03T06:07:00
9.31868e-11,9.31868e-11,9.31868e-11,9.31868e-11,1641189840,2022-01-03T06:04:00
9.01304e-11,9.01304e-11,9.01304e-11,9.01304e-11,1641189780,2022-01-03T06:03:00
8.98943e-11,8.98943e-11,8.98943e-11,8.98943e-11,1641189720,2022-01-03T06:02:00
8.98751e-11,8.99001e-11,8.98751e-11,8.99001e-11,1641189480,2022-01-03T05:58:00
8.971e-11,8.971e-11,8.971e-11,8.971e-11,1641189360,2022-01-03T05:56:00
8.96731e-11,8.96731e-11,8.96731e-11,8.96731e-11,1641189180,2022-01-03T05:53:00
8.95736e-11,8.95736e-11,8.95736e-11,8.95736e-11,1641189060,2022-01-03T05:51:00
8.99365e-11,8.99365e-11,8.99365e-11,8.99365e-11,1641188940,2022-01-03T05:49:00
8.97256e-11,8.97256e-11,8.97256e-11,8.97256e-11,1641188880,2022-01-03T05:48:00
8.97407e-11,8.97407e-11,8.97407e-11,8.97407e-11,1641188820,2022-01-03T05:47:00
8.98537e-11,8.98537e-11,8.98537e-11,8.98537e-11,1641188760,2022-01-03T05:46:00
8.97204e-11,8.97204e-11,8.97204e-11,8.97204e-11,1641188700,2022-01-03T05:45:00
8.92621e-11,8.92621e-11,8.92621e-11,8.92621e-11,1641188580,2022-01-03T05:43:00
8.98246e-11,8.98246e-11,8.98246e-11,8.98246e-11,1641188520,2022-01-03T05:42:00
8.99063e-11,8.99063e-11,8.96861e-11,8.96861e-11,1641188280,2022-01-03T05:38:00
8.95068e-11,8.95068e-11,8.95068e-11,8.95068e-11,1641188220,2022-01-03T05:37:00
8.80835e-11,8.87367e-11,8.80835e-11,8.87367e-11,1641188160,2022-01-03T05:36:00
8.85671e-11,8.85671e-11,8.85671e-11,8.85671e-11,1641188040,2022-01-03T05:34:00
8.83676e-11,8.83676e-11,8.83676e-11,8.83676e-11,1641187920,2022-01-03T05:32:00
9.04017e-11,9.04017e-11,9.04017e-11,9.04017e-11,1641187800,2022-01-03T05:30:00
9.27077e-11,9.27077e-11,9.25011e-11,9.25011e-11,1641187500,2022-01-03T05:25:00
9.21558e-11,9.21558e-11,9.21558e-11,9.21558e-11,1641187440,2022-01-03T05:24:00
9.21343e-11,9.21343e-11,9.21343e-11,9.21343e-11,1641187320,2022-01-03T05:22:00
9.18304e-11,9.18304e-11,9.18304e-11,9.18304e-11,1641186960,2022-01-03T05:16:00
9.17414e-11,9.17414e-11,9.17414e-11,9.17414e-11,1641186780,2022-01-03T05:13:00
9.25547e-11,9.25547e-11,9.25547e-11,9.25547e-11,1641186720,2022-01-03T05:12:00
9.19313e-11,9.19313e-11,9.19313e-11,9.19313e-11,1641186360,2022-01-03T05:06:00
9.18431e-11,9.18431e-11,9.18431e-11,9.18431e-11,1641186060,2022-01-03T05:01:00
9.26892e-11,9.26892e-11,9.26892e-11,9.26892e-11,1641186000,2022-01-03T05:00:00
9.33345e-11,9.33345e-11,9.33345e-11,9.33345e-11,1641185940,2022-01-03T04:59:00
9.90735e-11,9.90735e-11,9.90735e-11,9.90735e-11,1641185820,2022-01-03T04:57:00
1.04448e-10,1.04448e-10,1.04448e-10,1.04448e-10,1641185700,2022-01-03T04:55:00
1.08213e-10,1.08213e-10,1.05703e-10,1.05703e-10,1641185400,2022-01-03T04:50:00
1.08862e-10,1.08862e-10,1.08862e-10,1.08862e-10,1641184920,2022-01-03T04:42:00
1.08827e-10,1.08827e-10,1.08827e-10,1.08827e-10,1641184440,2022-01-03T04:34:00
1.09023e-10,1.09023e-10,1.09023e-10,1.09023e-10,1641184080,2022-01-03T04:28:00
1.08568e-10,1.08568e-10,1.08568e-10,1.08568e-10,1641183960,2022-01-03T04:26:00
1.08793e-10,1.08793e-10,1.08793e-10,1.08793e-10,1641183720,2022-01-03T04:22:00
1.07268e-10,1.07268e-10,1.07268e-10,1.07268e-10,1641183660,2022-01-03T04:21:00
1.07307e-10,1.07307e-10,1.07307e-10,1.07307e-10,1641183480,2022-01-03T04:18:00
1.07743e-10,1.07743e-10,1.07743e-10,1.07743e-10,1641183360,2022-01-03T04:16:00
1.08509e-10,1.08509e-10,1.08341e-10,1.08341e-10,1641183180,2022-01-03T04:13:00
1.08173e-10,1.08173e-10,1.08173e-10,1.08173e-10,1641183000,2022-01-03T04:10:00
1.07362e-10,1.07362e-10,1.06991e-10,1.06991e-10,1641182880,2022-01-03T04:08:00
1.07912e-10,1.07912e-10,1.07912e-10,1.07912e-10,1641182640,2022-01-03T04:04:00
1.08415e-10,1.08901e-10,1.08415e-10,1.08901e-10,1641182280,2022-01-03T03:58:00
1.07957e-10,1.07957e-10,1.07957e-10,1.07957e-10,1641181980,2022-01-03T03:53:00
1.07987e-10,1.07987e-10,1.07987e-10,1.07987e-10,1641181800,2022-01-03T03:50:00
1.08025e-10,1.08631e-10,1.08025e-10,1.08631e-10,1641181740,2022-01-03T03:49:00
1.09554e-10,1.09554e-10,1.07962e-10,1.07962e-10,1641181500,2022-01-03T03:45:00
1.1222e-10,1.1222e-10,1.1222e-10,1.1222e-10,1641180960,2022-01-03T03:36:00
1.12774e-10,1.12774e-10,1.12774e-10,1.12774e-10,1641180840,2022-01-03T03:34:00
1.12882e-10,1.12882e-10,1.12882e-10,1.12882e-10,1641180720,2022-01-03T03:32:00
1.12534e-10,1.12534e-10,1.12534e-10,1.12534e-10,1641180240,2022-01-03T03:24:00
1.11942e-10,1.11942e-10,1.11942e-10,1.11942e-10,1641180180,2022-01-03T03:23:00
1.11576e-10,1.11576e-10,1.11576e-10,1.11576e-10,1641180120,2022-01-03T03:22:00
1.10782e-10,1.1165e-10,1.10782e-10,1.1165e-10,1641179820,2022-01-03T03:17:00
1.10098e-10,1.10364e-10,1.10098e-10,1.10364e-10,1641179700,2022-01-03T03:15:00
1.09774e-10,1.09774e-10,1.09774e-10,1.09774e-10,1641179520,2022-01-03T03:12:00
1.09247e-10,1.09247e-10,1.09247e-10,1.09247e-10,1641178800,2022-01-03T03:00:00
1.08865e-10,1.08865e-10,1.08865e-10,1.08865e-10,1641178620,2022-01-03T02:57:00
1.10094e-10,1.10094e-10,1.10094e-10,1.10094e-10,1641178440,2022-01-03T02:54:00
1.10203e-10,1.12436e-10,1.10203e-10,1.12396e-10,1641178140,2022-01-03T02:49:00
1.10151e-10,1.10151e-10,1.10151e-10,1.10151e-10,1641178080,2022-01-03T02:48:00
1.0985e-10,1.0985e-10,1.0985e-10,1.0985e-10,1641177780,2022-01-03T02:43:00
1.09552e-10,1.0958e-10,1.09552e-10,1.0958e-10,1641177720,2022-01-03T02:42:00
1.0966e-10,1.0966e-10,1.0966e-10,1.0966e-10,1641177660,2022-01-03T02:41:00
1.09085e-10,1.09392e-10,1.09085e-10,1.09392e-10,1641177420,2022-01-03T02:37:00
1.08925e-10,1.08925e-10,1.08925e-10,1.08925e-10,1641177300,2022-01-03T02:35:00
1.09938e-10,1.09938e-10,1.09938e-10,1.09938e-10,1641177180,2022-01-03T02:33:00
1.10648e-10,1.10648e-10,1.10648e-10,1.10648e-10,1641177000,2022-01-03T02:30:00
1.10234e-10,1.10234e-10,1.10234e-10,1.10234e-10,1641176820,2022-01-03T02:27:00
1.10519e-10,1.10519e-10,1.10519e-10,1.10519e-10,1641176760,2022-01-03T02:26:00
1.10462e-10,1.10462e-10,1.10462e-10,1.10462e-10,1641176520,2022-01-03T02:22:00
1.09093e-10,1.09093e-10,1.09093e-10,1.09093e-10,1641176280,2022-01-03T02:18:00
1.07965e-10,1.07965e-10,1.07965e-10,1.07965e-10,1641176220,2022-01-03T02:17:00
1.07699e-10,1.07699e-10,1.07699e-10,1.07699e-10,1641176100,2022-01-03T02:15:00
1.07853e-10,1.07853e-10,1.07853e-10,1.07853e-10,1641176040,2022-01-03T02:14:00
1.09429e-10,1.09429e-10,1.09429e-10,1.09429e-10,1641175980,2022-01-03T02:13:00
1.09154e-10,1.09154e-10,1.09154e-10,1.09154e-10,1641175920,2022-01-03T02:12:00
1.1223e-10,1.1223e-10,1.1223e-10,1.1223e-10,1641175740,2022-01-03T02:09:00
1.17911e-10,1.17911e-10,1.17911e-10,1.17911e-10,1641175200,2022-01-03T02:00:00
1.2134e-10,1.2134e-10,1.2134e-10,1.2134e-10,1641175140,2022-01-03T01:59:00
1.21806e-10,1.21806e-10,1.21806e-10,1.21806e-10,1641174900,2022-01-03T01:55:00
1.21319e-10,1.21319e-10,1.21319e-10,1.21319e-10,1641174420,2022-01-03T01:47:00
1.21542e-10,1.21542e-10,1.21542e-10,1.21542e-10,1641174060,2022-01-03T01:41:00
1.20564e-10,1.21016e-10,1.2046e-10,1.21016e-10,1641174000,2022-01-03T01:40:00
1.21377e-10,1.21377e-10,1.20729e-10,1.20729e-10,1641173940,2022-01-03T01:39:00
1.16091e-10,1.16091e-10,1.16091e-10,1.16091e-10,1641173640,2022-01-03T01:34:00
1.13454e-10,1.13454e-10,1.13454e-10,1.13454e-10,1641173580,2022-01-03T01:33:00
1.16087e-10,1.16087e-10,1.16087e-10,1.16087e-10,1641173220,2022-01-03T01:27:00
1.16813e-10,1.16813e-10,1.16813e-10,1.16813e-10,1641173160,2022-01-03T01:26:00
1.16542e-10,1.16542e-10,1.16542e-10,1.16542e-10,1641173040,2022-01-03T01:24:00
1.17446e-10,1.17446e-10,1.17446e-10,1.17446e-10,1641172980,2022-01-03T01:23:00
1.16958e-10,1.16958e-10,1.16958e-10,1.16958e-10,1641172860,2022-01-03T01:21:00
1.19607e-10,1.19607e-10,1.19607e-10,1.19607e-10,1641172740,2022-01-03T01:19:00
1.22423e-10,1.22423e-10,1.22423e-10,1.22423e-10,1641172560,2022-01-03T01:16:00
1.22917e-10,1.22917e-10,1.22917e-10,1.22917e-10,1641172500,2022-01-03T01:15:00
1.23693e-10,1.23693e-10,1.23693e-10,1.23693e-10,1641172440,2022-01-03T01:14:00
1.23358e-10,1.23358e-10,1.23358e-10,1.23358e-10,1641172320,2022-01-03T01:12:00
1.23825e-10,1.23825e-10,1.23825e-10,1.23825e-10,1641172080,2022-01-03T01:08:00
1.25054e-10,1.25054e-10,1.24269e-10,1.24269e-10,1641171960,2022-01-03T01:06:00
1.24601e-10,1.24601e-10,1.24601e-10,1.24601e-10,1641171840,2022-01-03T01:04:00
1.25327e-10,1.25327e-10,1.25327e-10,1.25327e-10,1641171600,2022-01-03T01:00:00
1.25096e-10,1.25096e-10,1.24516e-10,1.24792e-10,1641171540,2022-01-03T00:59:00
1.24928e-10,1.24928e-10,1.24928e-10,1.24928e-10,1641171240,2022-01-03T00:54:00
1.26275e-10,1.26275e-10,1.26275e-10,1.26275e-10,1641171180,2022-01-03T00:53:00
1.25884e-10,1.25884e-10,1.25884e-10,1.25884e-10,1641171120,2022-01-03T00:52:00
1.28033e-10,1.28033e-10,1.26787e-10,1.26787e-10,1641171060,2022-01-03T00:51:00
1.27807e-10,1.27807e-10,1.27807e-10,1.27807e-10,1641170580,2022-01-03T00:43:00
1.27325e-10,1.27325e-10,1.27325e-10,1.27325e-10,1641170400,2022-01-03T00:40:00
1.26406e-10,1.26406e-10,1.26406e-10,1.26406e-10,1641170100,2022-01-03T00:35:00
1.26338e-10,1.26473e-10,1.26338e-10,1.26473e-10,1641169800,2022-01-03T00:30:00
1.24962e-10,1.24962e-10,1.24962e-10,1.24962e-10,1641169680,2022-01-03T00:28:00
1.25478e-10,1.25478e-10,1.25478e-10,1.25478e-10,1641169020,2022-01-03T00:17:00
1.26505e-10,1.26505e-10,1.26505e-10,1.26505e-10,1641168900,2022-01-03T00:15:00
1.27396e-10,1.27396e-10,1.27396e-10,1.27396e-10,1641168720,2022-01-03T00:12:00
1.27535e-10,1.27535e-10,1.27535e-10,1.27535e-10,1641168600,2022-01-03T00:10:00
1.27456e-10,1.27456e-10,1.27456e-10,1.27456e-10,1641168180,2022-01-03T00:03:00
1.282e-10,1.282e-10,1.282e-10,1.282e-10,1641168060,2022-01-03T00:01:00
1.28143e-10,1.28143e-10,1.28143e-10,1.28143e-10,1641167940,2022-01-02T23:59:00
1.27823e-10,1.27823e-10,1.27823e-10,1.27823e-10,1641166620,2022-01-02T23:37:00
1.28557e-10,1.28557e-10,1.28557e-10,1.28557e-10,1641166560,2022-01-02T23:36:00
1.28426e-10,1.28426e-10,1.28426e-10,1.28426e-10,1641166380,2022-01-02T23:33:00
1.26998e-10,1.26998e-10,1.26998e-10,1.26998e-10,1641166320,2022-01-02T23:32:00
1.25034e-10,1.25034e-10,1.25034e-10,1.25034e-10,1641166080,2022-01-02T23:28:00
1.2421e-10,1.2421e-10,1.2421e-10,1.2421e-10,1641165900,2022-01-02T23:25:00
1.24948e-10,1.24948e-10,1.24948e-10,1.24948e-10,1641165540,2022-01-02T23:19:00
1.31484e-10,1.31484e-10,1.31484e-10,1.31484e-10,1641165180,2022-01-02T23:13:00
1.392e-10,1.392e-10,1.392e-10,1.392e-10,1641165120,2022-01-02T23:12:00
1.40263e-10,1.40263e-10,1.40263e-10,1.40263e-10,1641164880,2022-01-02T23:08:00
1.39658e-10,1.39658e-10,1.39658e-10,1.39658e-10,1641164700,2022-01-02T23:05:00
1.41122e-10,1.41122e-10,1.41122e-10,1.41122e-10,1641164640,2022-01-02T23:04:00
1.40759e-10,1.40759e-10,1.40759e-10,1.40759e-10,1641164340,2022-01-02T22:59:00
1.40107e-10,1.40107e-10,1.40107e-10,1.40107e-10,1641164280,2022-01-02T22:58:00
1.40491e-10,1.40491e-10,1.40491e-10,1.40491e-10,1641163860,2022-01-02T22:51:00
1.40319e-10,1.40319e-10,1.40319e-10,1.40319e-10,1641163740,2022-01-02T22:49:00
1.4069e-10,1.4069e-10,1.4069e-10,1.4069e-10,1641163500,2022-01-02T22:45:00
1.41039e-10,1.41039e-10,1.41039e-10,1.41039e-10,1641163320,2022-01-02T22:42:00
1.41304e-10,1.41304e-10,1.41304e-10,1.41304e-10,1641163260,2022-01-02T22:41:00
1.42174e-10,1.42174e-10,1.42174e-10,1.42174e-10,1641163200,2022-01-02T22:40:00
1.42685e-10,1.42685e-10,1.42685e-10,1.42685e-10,1641162900,2022-01-02T22:35:00
1.43109e-10,1.43109e-10,1.43109e-10,1.43109e-10,1641162780,2022-01-02T22:33:00
1.4215e-10,1.4215e-10,1.4215e-10,1.4215e-10,1641162240,2022-01-02T22:24:00
1.41631e-10,1.41631e-10,1.41631e-10,1.41631e-10,1641161880,2022-01-02T22:18:00
1.40331e-10,1.40331e-10,1.40331e-10,1.40331e-10,1641161640,2022-01-02T22:14:00
1.39418e-10,1.39418e-10,1.39418e-10,1.39418e-10,1641161520,2022-01-02T22:12:00
1.39611e-10,1.39611e-10,1.39611e-10,1.39611e-10,1641161400,2022-01-02T22:10:00
1.40524e-10,1.40524e-10,1.40524e-10,1.40524e-10,1641161160,2022-01-02T22:06:00
1.42196e-10,1.42196e-10,1.42196e-10,1.42196e-10,1641160980,2022-01-02T22:03:00
1.41381e-10,1.41381e-10,1.41381e-10,1.41381e-10,1641160860,2022-01-02T22:01:00
1.42228e-10,1.42228e-10,1.42228e-10,1.42228e-10,1641160200,2022-01-02T21:50:00
1.41924e-10,1.41924e-10,1.41924e-10,1.41924e-10,1641160080,2022-01-02T21:48:00
1.42913e-10,1.42913e-10,1.42074e-10,1.42074e-10,1641159900,2022-01-02T21:45:00
1.41778e-10,1.41778e-10,1.41778e-10,1.41778e-10,1641159840,2022-01-02T21:44:00
1.41782e-10,1.41782e-10,1.41782e-10,1.41782e-10,1641159420,2022-01-02T21:37:00
1.42095e-10,1.42095e-10,1.42095e-10,1.42095e-10,1641159300,2022-01-02T21:35:00
1.42872e-10,1.42872e-10,1.42872e-10,1.42872e-10,1641158940,2022-01-02T21:29:00
1.41989e-10,1.41989e-10,1.41989e-10,1.41989e-10,1641158820,2022-01-02T21:27:00
1.42124e-10,1.42124e-10,1.42124e-10,1.42124e-10,1641158640,2022-01-02T21:24:00
1.41568e-10,1.42565e-10,1.41568e-10,1.42565e-10,1641158580,2022-01-02T21:23:00
1.4283e-10,1.4283e-10,1.4283e-10,1.4283e-10,1641158160,2022-01-02T21:16:00
1.4248e-10,1.4248e-10,1.4248e-10,1.4248e-10,1641157980,2022-01-02T21:13:00
1.42689e-10,1.42689e-10,1.42689e-10,1.42689e-10,1641157920,2022-01-02T21:12:00
1.43592e-10,1.43592e-10,1.43592e-10,1.43592e-10,1641156780,2022-01-02T20:53:00
1.41657e-10,1.41657e-10,1.41657e-10,1.41657e-10,1641156300,2022-01-02T20:45:00
1.3922e-10,1.3922e-10,1.3922e-10,1.3922e-10,1641154920,2022-01-02T20:22:00
1.3947e-10,1.3947e-10,1.3947e-10,1.3947e-10,1641154560,2022-01-02T20:16:00
1.40625e-10,1.40625e-10,1.40625e-10,1.40625e-10,1641154380,2022-01-02T20:13:00
1.40158e-10,1.40158e-10,1.40158e-10,1.40158e-10,1641154320,2022-01-02T20:12:00
1.36125e-10,1.38792e-10,1.36125e-10,1.38792e-10,1641154200,2022-01-02T20:10:00
1.34884e-10,1.34884e-10,1.34884e-10,1.34884e-10,1641154140,2022-01-02T20:09:00
1.33111e-10,1.33111e-10,1.33111e-10,1.33111e-10,1641154080,2022-01-02T20:08:00
1.33799e-10,1.33799e-10,1.33799e-10,1.33799e-10,1641154020,2022-01-02T20:07:00
1.33774e-10,1.33774e-10,1.33507e-10,1.33507e-10,1641153960,2022-01-02T20:06:00
1.3302e-10,1.3302e-10,1.3302e-10,1.3302e-10,1641153780,2022-01-02T20:03:00
1.32218e-10,1.32218e-10,1.32218e-10,1.32218e-10,1641153720,2022-01-02T20:02:00
1.33039e-10,1.33039e-10,1.33039e-10,1.33039e-10,1641153660,2022-01-02T20:01:00
1.33274e-10,1.33274e-10,1.33274e-10,1.33274e-10,1641153600,2022-01-02T20:00:00
1.33317e-10,1.33317e-10,1.33317e-10,1.33317e-10,1641153540,2022-01-02T19:59:00
1.34551e-10,1.34551e-10,1.34551e-10,1.34551e-10,1641153300,2022-01-02T19:55:00
1.34745e-10,1.34745e-10,1.34745e-10,1.34745e-10,1641153180,2022-01-02T19:53:00
1.36931e-10,1.36931e-10,1.36931e-10,1.36931e-10,1641153060,2022-01-02T19:51:00
1.38207e-10,1.38207e-10,1.38207e-10,1.38207e-10,1641153000,2022-01-02T19:50:00
1.42055e-10,1.42055e-10,1.42055e-10,1.42055e-10,1641152820,2022-01-02T19:47:00
1.45572e-10,1.45572e-10,1.45572e-10,1.45572e-10,1641152640,2022-01-02T19:44:00
1.46057e-10,1.46057e-10,1.46057e-10,1.46057e-10,1641152280,2022-01-02T19:38:00
1.46891e-10,1.46891e-10,1.46891e-10,1.46891e-10,1641151860,2022-01-02T19:31:00
1.46818e-10,1.46818e-10,1.46818e-10,1.46818e-10,1641151800,2022-01-02T19:30:00
1.44564e-10,1.46283e-10,1.44564e-10,1.46283e-10,1641151740,2022-01-02T19:29:00
1.44852e-10,1.44852e-10,1.44852e-10,1.44852e-10,1641151620,2022-01-02T19:27:00
1.50063e-10,1.50063e-10,1.46527e-10,1.46527e-10,1641151500,2022-01-02T19:25:00
1.52494e-10,1.52494e-10,1.522e-10,1.522e-10,1641151380,2022-01-02T19:23:00
1.50236e-10,1.50236e-10,1.50236e-10,1.50236e-10,1641151320,2022-01-02T19:22:00
1.50926e-10,1.50926e-10,1.50926e-10,1.50926e-10,1641151140,2022-01-02T19:19:00
1.5132e-10,1.5132e-10,1.5132e-10,1.5132e-10,1641151020,2022-01-02T19:17:00
1.51571e-10,1.51571e-10,1.51571e-10,1.51571e-10,1641150900,2022-01-02T19:15:00
1.52157e-10,1.52157e-10,1.52157e-10,1.52157e-10,1641150540,2022-01-02T19:09:00
1.52559e-10,1.52559e-10,1.52559e-10,1.52559e-10,1641150480,2022-01-02T19:08:00
1.53218e-10,1.53218e-10,1.53218e-10,1.53218e-10,1641150360,2022-01-02T19:06:00
1.53116e-10,1.53116e-10,1.53116e-10,1.53116e-10,1641149460,2022-01-02T18:51:00
1.56017e-10,1.56017e-10,1.56017e-10,1.56017e-10,1641149160,2022-01-02T18:46:00
1.57835e-10,1.57835e-10,1.57835e-10,1.57835e-10,1641148980,2022-01-02T18:43:00
1.57862e-10,1.58879e-10,1.57862e-10,1.58879e-10,1641148920,2022-01-02T18:42:00
1.58846e-10,1.58846e-10,1.58846e-10,1.58846e-10,1641147900,2022-01-02T18:25:00
1.5935e-10,1.5935e-10,1.5935e-10,1.5935e-10,1641147840,2022-01-02T18:24:00
1.58455e-10,1.58455e-10,1.58455e-10,1.58455e-10,1641147600,2022-01-02T18:20:00
1.55137e-10,1.55137e-10,1.55137e-10,1.55137e-10,1641147540,2022-01-02T18:19:00
1.55587e-10,1.55587e-10,1.55587e-10,1.55587e-10,1641147420,2022-01-02T18:17:00
1.56548e-10,1.56548e-10,1.56548e-10,1.56548e-10,1641146940,2022-01-02T18:09:00
1.56363e-10,1.56363e-10,1.56363e-10,1.56363e-10,1641146760,2022-01-02T18:06:00
1.55949e-10,1.55949e-10,1.55949e-10,1.55949e-10,1641146460,2022-01-02T18:01:00
1.54517e-10,1.54517e-10,1.54517e-10,1.54517e-10,1641146220,2022-01-02T17:57:00
1.53391e-10,1.53391e-10,1.53391e-10,1.53391e-10,1641146040,2022-01-02T17:54:00
1.52435e-10,1.52435e-10,1.52435e-10,1.52435e-10,1641145860,2022-01-02T17:51:00
1.53369e-10,1.53871e-10,1.53369e-10,1.53871e-10,1641145620,2022-01-02T17:47:00
1.53136e-10,1.53136e-10,1.53136e-10,1.53136e-10,1641145500,2022-01-02T17:45:00
1.52151e-10,1.52151e-10,1.52151e-10,1.52151e-10,1641145440,2022-01-02T17:44:00
1.53072e-10,1.53427e-10,1.53072e-10,1.53427e-10,1641145140,2022-01-02T17:39:00
1.52657e-10,1.52657e-10,1.52657e-10,1.52657e-10,1641145020,2022-01-02T17:37:00
1.57815e-10,1.57815e-10,1.57728e-10,1.57728e-10,1641144840,2022-01-02T17:34:00
1.56457e-10,1.57313e-10,1.56457e-10,1.57313e-10,1641144780,2022-01-02T17:33:00
1.56776e-10,1.56776e-10,1.56776e-10,1.56776e-10,1641144660,2022-01-02T17:31:00
1.57145e-10,1.57512e-10,1.57145e-10,1.57512e-10,1641144600,2022-01-02T17:30:00
1.56859e-10,1.56859e-10,1.56715e-10,1.56715e-10,1641144540,2022-01-02T17:29:00
1.55485e-10,1.56111e-10,1.55485e-10,1.56111e-10,1641144480,2022-01-02T17:28:00
1.55219e-10,1.55219e-10,1.55219e-10,1.55219e-10,1641144420,2022-01-02T17:27:00
1.53978e-10,1.53978e-10,1.53978e-10,1.53978e-10,1641144360,2022-01-02T17:26:00
1.30016e-10,1.41673e-10,1.30016e-10,1.41673e-10,1641144300,2022-01-02T17:25:00
1.29843e-10,1.29843e-10,1.29843e-10,1.29843e-10,1641144240,2022-01-02T17:24:00
1.29531e-10,1.29531e-10,1.29531e-10,1.29531e-10,1641144180,2022-01-02T17:23:00
1.27411e-10,1.29111e-10,1.27411e-10,1.29111e-10,1641144120,2022-01-02T17:22:00
1.25177e-10,1.25177e-10,1.25177e-10,1.25177e-10,1641144060,2022-01-02T17:21:00
1.24449e-10,1.24449e-10,1.23938e-10,1.23938e-10,1641144000,2022-01-02T17:20:00
1.23592e-10,1.23883e-10,1.23592e-10,1.23883e-10,1641143940,2022-01-02T17:19:00
1.23584e-10,1.23584e-10,1.23584e-10,1.23584e-10,1641143880,2022-01-02T17:18:00
1.2339e-10,1.2339e-10,1.2339e-10,1.2339e-10,1641143820,2022-01-02T17:17:00
1.22239e-10,1.22239e-10,1.22239e-10,1.22239e-10,1641143760,2022-01-02T17:16:00
1.20034e-10,1.20034e-10,1.20034e-10,1.20034e-10,1641143700,2022-01-02T17:15:00
1.18607e-10,1.18971e-10,1.18396e-10,1.18971e-10,1641143580,2022-01-02T17:13:00
1.18443e-10,1.19197e-10,1.18443e-10,1.19197e-10,1641143520,2022-01-02T17:12:00
1.16928e-10,1.1822e-10,1.16928e-10,1.1822e-10,1641143460,2022-01-02T17:11:00
1.14847e-10,1.15242e-10,1.14847e-10,1.15242e-10,1641143400,2022-01-02T17:10:00
1.15364e-10,1.1547e-10,1.15364e-10,1.1547e-10,1641143340,2022-01-02T17:09:00
1.14647e-10,1.14647e-10,1.14647e-10,1.14647e-10,1641143220,2022-01-02T17:07:00
1.09227e-10,1.11138e-10,1.09227e-10,1.11138e-10,1641143160,2022-01-02T17:06:00
1.09033e-10,1.09033e-10,1.09033e-10,1.09033e-10,1641143100,2022-01-02T17:05:00
1.08678e-10,1.08678e-10,1.08678e-10,1.08678e-10,1641143040,2022-01-02T17:04:00
1.11837e-10,1.11837e-10,1.11837e-10,1.11837e-10,1641142980,2022-01-02T17:03:00
1.15853e-10,1.15853e-10,1.15853e-10,1.15853e-10,1641142860,2022-01-02T17:01:00
1.16516e-10,1.16565e-10,1.16516e-10,1.16565e-10,1641142800,2022-01-02T17:00:00
1.16132e-10,1.17474e-10,1.16132e-10,1.17474e-10,1641142740,2022-01-02T16:59:00
1.16834e-10,1.16928e-10,1.16834e-10,1.16928e-10,1641142680,2022-01-02T16:58:00
1.17455e-10,1.17946e-10,1.17455e-10,1.17946e-10,1641142560,2022-01-02T16:56:00
1.17299e-10,1.17299e-10,1.17299e-10,1.17299e-10,1641142500,2022-01-02T16:55:00
1.15911e-10,1.15911e-10,1.15911e-10,1.15911e-10,1641142440,2022-01-02T16:54:00
1.13419e-10,1.13553e-10,1.13419e-10,1.13553e-10,1641142380,2022-01-02T16:53:00
1.1325e-10,1.1325e-10,1.1325e-10,1.1325e-10,1641142260,2022-01-02T16:51:00
1.13096e-10,1.1325e-10,1.13096e-10,1.1325e-10,1641142200,2022-01-02T16:50:00
1.17443e-10,1.17443e-10,1.12831e-10,1.12831e-10,1641142140,2022-01-02T16:49:00
1.22287e-10,1.22287e-10,1.22287e-10,1.22287e-10,1641142080,2022-01-02T16:48:00
1.22738e-10,1.22738e-10,1.22738e-10,1.22738e-10,1641141960,2022-01-02T16:46:00
1.23688e-10,1.23688e-10,1.22988e-10,1.22988e-10,1641141840,2022-01-02T16:44:00
1.23595e-10,1.23595e-10,1.22793e-10,1.22793e-10,1641141540,2022-01-02T16:39:00
1.24929e-10,1.24929e-10,1.23749e-10,1.23749e-10,1641141480,2022-01-02T16:38:00
1.2641e-10,1.2641e-10,1.2641e-10,1.2641e-10,1641141420,2022-01-02T16:37:00
1.276e-10,1.276e-10,1.276e-10,1.276e-10,1641141360,2022-01-02T16:36:00
1.34908e-10,1.35136e-10,1.30505e-10,1.30505e-10,1641141300,2022-01-02T16:35:00
1.34815e-10,1.34815e-10,1.34815e-10,1.34815e-10,1641141240,2022-01-02T16:34:00
1.34712e-10,1.34712e-10,1.34712e-10,1.34712e-10,1641140940,2022-01-02T16:29:00
1.35422e-10,1.35422e-10,1.35422e-10,1.35422e-10,1641140820,2022-01-02T16:27:00
1.42923e-10,1.42923e-10,1.38604e-10,1.38604e-10,1641140760,2022-01-02T16:26:00
1.44256e-10,1.44256e-10,1.44256e-10,1.44256e-10,1641140640,2022-01-02T16:24:00
1.46651e-10,1.46651e-10,1.46651e-10,1.46651e-10,1641140280,2022-01-02T16:18:00
1.50103e-10,1.50103e-10,1.50103e-10,1.50103e-10,1641140220,2022-01-02T16:17:00
1.48881e-10,1.48881e-10,1.48881e-10,1.48881e-10,1641140040,2022-01-02T16:14:00
1.49805e-10,1.49805e-10,1.49805e-10,1.49805e-10,1641139920,2022-01-02T16:12:00
1.49521e-10,1.49521e-10,1.49521e-10,1.49521e-10,1641139800,2022-01-02T16:10:00
1.49558e-10,1.49558e-10,1.49558e-10,1.49558e-10,1641139620,2022-01-02T16:07:00
1.48597e-10,1.48597e-10,1.48597e-10,1.48597e-10,1641139560,2022-01-02T16:06:00
1.49173e-10,1.49173e-10,1.49173e-10,1.49173e-10,1641139440,2022-01-02T16:04:00
1.48614e-10,1.48614e-10,1.48614e-10,1.48614e-10,1641139380,2022-01-02T16:03:00
1.47964e-10,1.47964e-10,1.47964e-10,1.47964e-10,1641139320,2022-01-02T16:02:00
1.47189e-10,1.47189e-10,1.47189e-10,1.47189e-10,1641139200,2022-01-02T16:00:00
1.48551e-10,1.48551e-10,1.48551e-10,1.48551e-10,1641138960,2022-01-02T15:56:00
1.51658e-10,1.51658e-10,1.50311e-10,1.50311e-10,1641138900,2022-01-02T15:55:00
1.50853e-10,1.50853e-10,1.50853e-10,1.50853e-10,1641138720,2022-01-02T15:52:00
1.51349e-10,1.51349e-10,1.51349e-10,1.51349e-10,1641138600,2022-01-02T15:50:00
1.50414e-10,1.50414e-10,1.50414e-10,1.50414e-10,1641138540,2022-01-02T15:49:00
1.5092e-10,1.5092e-10,1.5092e-10,1.5092e-10,1641138480,2022-01-02T15:48:00
1.52744e-10,1.52744e-10,1.52744e-10,1.52744e-10,1641138420,2022-01-02T15:47:00
1.53153e-10,1.53153e-10,1.53153e-10,1.53153e-10,1641137880,2022-01-02T15:38:00
1.53594e-10,1.53594e-10,1.53594e-10,1.53594e-10,1641137760,2022-01-02T15:36:00
1.53992e-10,1.53992e-10,1.53992e-10,1.53992e-10,1641137640,2022-01-02T15:34:00
1.55062e-10,1.55062e-10,1.55062e-10,1.55062e-10,1641137580,2022-01-02T15:33:00
1.54926e-10,1.54926e-10,1.54926e-10,1.54926e-10,1641137520,2022-01-02T15:32:00
1.54683e-10,1.54683e-10,1.5418e-10,1.5418e-10,1641137280,2022-01-02T15:28:00
1.55759e-10,1.55759e-10,1.55759e-10,1.55759e-10,1641137100,2022-01-02T15:25:00
1.56494e-10,1.56494e-10,1.56494e-10,1.56494e-10,1641136920,2022-01-02T15:22:00
1.57476e-10,1.57476e-10,1.57476e-10,1.57476e-10,1641136740,2022-01-02T15:19:00
1.56467e-10,1.56467e-10,1.56467e-10,1.56467e-10,1641136500,2022-01-02T15:15:00
1.57291e-10,1.57291e-10,1.57291e-10,1.57291e-10,1641136260,2022-01-02T15:11:00
1.56916e-10,1.56916e-10,1.56916e-10,1.56916e-10,1641136140,2022-01-02T15:09:00
1.5794e-10,1.58196e-10,1.5794e-10,1.58196e-10,1641136080,2022-01-02T15:08:00
1.63118e-10,1.63118e-10,1.63118e-10,1.63118e-10,1641135900,2022-01-02T15:05:00
1.64192e-10,1.64192e-10,1.64192e-10,1.64192e-10,1641135840,2022-01-02T15:04:00
1.64521e-10,1.64521e-10,1.64521e-10,1.64521e-10,1641135720,2022-01-02T15:02:00
1.6476e-10,1.6476e-10,1.6476e-10,1.6476e-10,1641135660,2022-01-02T15:01:00
1.64874e-10,1.64874e-10,1.64874e-10,1.64874e-10,1641135300,2022-01-02T14:55:00
1.66014e-10,1.66014e-10,1.66014e-10,1.66014e-10,1641135240,2022-01-02T14:54:00
1.67124e-10,1.67124e-10,1.67124e-10,1.67124e-10,1641135180,2022-01-02T14:53:00
1.67738e-10,1.67738e-10,1.67738e-10,1.67738e-10,1641135060,2022-01-02T14:51:00
1.68526e-10,1.68526e-10,1.68526e-10,1.68526e-10,1641135000,2022-01-02T14:50:00
1.68759e-10,1.6961e-10,1.68759e-10,1.6961e-10,1641133980,2022-01-02T14:33:00
1.69998e-10,1.69998e-10,1.69998e-10,1.69998e-10,1641133860,2022-01-02T14:31:00
1.69629e-10,1.69629e-10,1.69074e-10,1.69074e-10,1641133680,2022-01-02T14:28:00
1.70349e-10,1.70349e-10,1.70349e-10,1.70349e-10,1641133140,2022-01-02T14:19:00
1.70116e-10,1.70116e-10,1.70116e-10,1.70116e-10,1641132960,2022-01-02T14:16:00
1.72355e-10,1.72355e-10,1.69465e-10,1.69465e-10,1641132660,2022-01-02T14:11:00
1.77435e-10,1.77435e-10,1.77435e-10,1.77435e-10,1641132420,2022-01-02T14:07:00
1.78186e-10,1.78186e-10,1.78186e-10,1.78186e-10,1641132060,2022-01-02T14:01:00
1.78572e-10,1.78572e-10,1.78572e-10,1.78572e-10,1641131460,2022-01-02T13:51:00
1.78721e-10,1.79677e-10,1.78721e-10,1.79677e-10,1641131400,2022-01-02T13:50:00
1.79195e-10,1.79195e-10,1.79195e-10,1.79195e-10,1641130740,2022-01-02T13:39:00
1.80205e-10,1.80205e-10,1.80205e-10,1.80205e-10,1641129960,2022-01-02T13:26:00
1.79817e-10,1.79817e-10,1.79817e-10,1.79817e-10,1641129900,2022-01-02T13:25:00
1.79672e-10,1.79672e-10,1.79672e-10,1.79672e-10,1641129840,2022-01-02T13:24:00
1.78509e-10,1.78509e-10,1.78509e-10,1.78509e-10,1641129600,2022-01-02T13:20:00
1.79506e-10,1.79506e-10,1.79506e-10,1.79506e-10,1641129060,2022-01-02T13:11:00
1.8014e-10,1.8014e-10,1.8014e-10,1.8014e-10,1641128640,2022-01-02T13:04:00
1.80967e-10,1.80967e-10,1.80967e-10,1.80967e-10,1641128220,2022-01-02T12:57:00
1.81503e-10,1.81503e-10,1.81503e-10,1.81503e-10,1641127980,2022-01-02T12:53:00
1.8222e-10,1.8222e-10,1.8222e-10,1.8222e-10,1641127740,2022-01-02T12:49:00
1.82599e-10,1.82599e-10,1.82599e-10,1.82599e-10,1641127440,2022-01-02T12:44:00
1.83006e-10,1.83006e-10,1.82795e-10,1.82795e-10,1641127380,2022-01-02T12:43:00
1.8311e-10,1.8311e-10,1.8311e-10,1.8311e-10,1641127080,2022-01-02T12:38:00
1.8403e-10,1.8403e-10,1.8403e-10,1.8403e-10,1641126540,2022-01-02T12:29:00
1.82931e-10,1.82931e-10,1.82931e-10,1.82931e-10,1641126480,2022-01-02T12:28:00
1.82836e-10,1.82836e-10,1.82836e-10,1.82836e-10,1641125820,2022-01-02T12:17:00
1.84046e-10,1.84046e-10,1.84046e-10,1.84046e-10,1641125640,2022-01-02T12:14:00
1.83828e-10,1.83828e-10,1.83828e-10,1.83828e-10,1641125220,2022-01-02T12:07:00
1.82342e-10,1.82342e-10,1.82342e-10,1.82342e-10,1641125100,2022-01-02T12:05:00
1.80098e-10,1.80098e-10,1.80098e-10,1.80098e-10,1641125040,2022-01-02T12:04:00
1.80223e-10,1.80223e-10,1.80223e-10,1.80223e-10,1641124980,2022-01-02T12:03:00
1.81519e-10,1.81519e-10,1.81519e-10,1.81519e-10,1641124860,2022-01-02T12:01:00
1.81692e-10,1.81692e-10,1.81692e-10,1.81692e-10,1641123720,2022-01-02T11:42:00
1.80702e-10,1.80702e-10,1.80702e-10,1.80702e-10,1641123240,2022-01-02T11:34:00
1.81667e-10,1.81667e-10,1.81667e-10,1.81667e-10,1641122640,2022-01-02T11:24:00
1.80424e-10,1.80424e-10,1.80424e-10,1.80424e-10,1641122580,2022-01-02T11:23:00
1.80766e-10,1.80766e-10,1.80766e-10,1.80766e-10,1641122520,2022-01-02T11:22:00
1.81162e-10,1.81162e-10,1.81162e-10,1.81162e-10,1641122400,2022-01-02T11:20:00
1.82486e-10,1.82486e-10,1.82486e-10,1.82486e-10,1641121920,2022-01-02T11:12:00
1.82385e-10,1.82422e-10,1.82385e-10,1.82422e-10,1641121380,2022-01-02T11:03:00
1.79005e-10,1.79005e-10,1.79005e-10,1.79005e-10,1641121080,2022-01-02T10:58:00
1.75074e-10,1.75074e-10,1.75074e-10,1.75074e-10,1641120660,2022-01-02T10:51:00
1.7438e-10,1.7438e-10,1.7438e-10,1.7438e-10,1641120420,2022-01-02T10:47:00
1.73301e-10,1.73301e-10,1.73301e-10,1.73301e-10,1641120120,2022-01-02T10:42:00
1.73817e-10,1.73817e-10,1.73817e-10,1.73817e-10,1641119940,2022-01-02T10:39:00
1.75074e-10,1.75074e-10,1.75074e-10,1.75074e-10,1641119580,2022-01-02T10:33:00
1.74461e-10,1.74461e-10,1.74461e-10,1.74461e-10,1641119400,2022-01-02T10:30:00
1.72935e-10,1.72935e-10,1.72935e-10,1.72935e-10,1641118980,2022-01-02T10:23:00
1.73073e-10,1.73073e-10,1.73073e-10,1.73073e-10,1641118920,2022-01-02T10:22:00
1.74085e-10,1.74085e-10,1.74085e-10,1.74085e-10,1641118740,2022-01-02T10:19:00
1.74042e-10,1.74042e-10,1.74039e-10,1.74039e-10,1641118620,2022-01-02T10:17:00
1.73914e-10,1.73914e-10,1.73914e-10,1.73914e-10,1641118500,2022-01-02T10:15:00
1.73821e-10,1.73821e-10,1.73821e-10,1.73821e-10,1641118320,2022-01-02T10:12:00
1.73581e-10,1.73581e-10,1.73581e-10,1.73581e-10,1641118140,2022-01-02T10:09:00
1.7322e-10,1.7322e-10,1.7322e-10,1.7322e-10,1641117900,2022-01-02T10:05:00
1.72943e-10,1.72943e-10,1.72943e-10,1.72943e-10,1641117840,2022-01-02T10:04:00
1.72864e-10,1.72864e-10,1.72864e-10,1.72864e-10,1641117780,2022-01-02T10:03:00
1.72269e-10,1.72269e-10,1.72269e-10,1.72269e-10,1641117240,2022-01-02T09:54:00
1.72984e-10,1.72984e-10,1.72984e-10,1.72984e-10,1641117180,2022-01-02T09:53:00
1.74391e-10,1.74391e-10,1.74391e-10,1.74391e-10,1641116580,2022-01-02T09:43:00
1.73732e-10,1.73732e-10,1.73732e-10,1.73732e-10,1641116460,2022-01-02T09:41:00
1.72351e-10,1.72351e-10,1.72351e-10,1.72351e-10,1641116220,2022-01-02T09:37:00
1.73363e-10,1.73363e-10,1.73363e-10,1.73363e-10,1641116160,2022-01-02T09:36:00
1.71774e-10,1.71774e-10,1.71774e-10,1.71774e-10,1641115920,2022-01-02T09:32:00
1.69896e-10,1.69896e-10,1.69896e-10,1.69896e-10,1641115860,2022-01-02T09:31:00
1.68554e-10,1.68554e-10,1.68554e-10,1.68554e-10,1641115800,2022-01-02T09:30:00
1.62784e-10,1.62784e-10,1.62784e-10,1.62784e-10,1641115740,2022-01-02T09:29:00
1.58256e-10,1.58256e-10,1.58256e-10,1.58256e-10,1641115620,2022-01-02T09:27:00
1.56666e-10,1.56666e-10,1.56666e-10,1.56666e-10,1641115500,2022-01-02T09:25:00
1.54665e-10,1.54665e-10,1.54665e-10,1.54665e-10,1641115020,2022-01-02T09:17:00
1.64385e-10,1.64385e-10,1.64385e-10,1.64385e-10,1641114900,2022-01-02T09:15:00
1.76784e-10,1.76784e-10,1.76784e-10,1.76784e-10,1641114720,2022-01-02T09:12:00
1.76701e-10,1.76701e-10,1.76701e-10,1.76701e-10,1641114540,2022-01-02T09:09:00
1.76705e-10,1.76705e-10,1.76705e-10,1.76705e-10,1641114480,2022-01-02T09:08:00
1.76869e-10,1.76869e-10,1.76869e-10,1.76869e-10,1641114360,2022-01-02T09:06:00
1.75843e-10,1.75843e-10,1.75843e-10,1.75843e-10,1641113760,2022-01-02T08:56:00
1.76968e-10,1.76968e-10,1.76968e-10,1.76968e-10,1641113700,2022-01-02T08:55:00
1.76666e-10,1.76666e-10,1.76666e-10,1.76666e-10,1641113520,2022-01-02T08:52:00
1.76535e-10,1.76535e-10,1.76535e-10,1.76535e-10,1641113460,2022-01-02T08:51:00
1.76232e-10,1.76232e-10,1.76232e-10,1.76232e-10,1641113160,2022-01-02T08:46:00
1.75964e-10,1.75964e-10,1.75964e-10,1.75964e-10,1641112980,2022-01-02T08:43:00
1.75354e-10,1.75354e-10,1.75354e-10,1.75354e-10,1641112740,2022-01-02T08:39:00
1.74728e-10,1.74728e-10,1.74728e-10,1.74728e-10,1641112560,2022-01-02T08:36:00
1.74881e-10,1.74881e-10,1.74881e-10,1.74881e-10,1641112140,2022-01-02T08:29:00
1.7453e-10,1.7453e-10,1.7453e-10,1.7453e-10,1641111960,2022-01-02T08:26:00
1.74815e-10,1.74815e-10,1.74815e-10,1.74815e-10,1641111900,2022-01-02T08:25:00
1.73891e-10,1.73891e-10,1.73891e-10,1.73891e-10,1641111780,2022-01-02T08:23:00
1.75113e-10,1.75113e-10,1.75113e-10,1.75113e-10,1641111720,2022-01-02T08:22:00
1.74929e-10,1.74929e-10,1.74929e-10,1.74929e-10,1641111600,2022-01-02T08:20:00
1.7477e-10,1.7477e-10,1.7477e-10,1.7477e-10,1641111240,2022-01-02T08:14:00
1.7477e-10,1.7477e-10,1.7477e-10,1.7477e-10,1641111180,2022-01-02T08:13:00
1.7356e-10,1.7356e-10,1.7356e-10,1.7356e-10,1641111120,2022-01-02T08:12:00
1.72156e-10,1.72156e-10,1.72156e-10,1.72156e-10,1641111060,2022-01-02T08:11:00
1.71505e-10,1.71505e-10,1.71505e-10,1.71505e-10,1641111000,2022-01-02T08:10:00
1.69194e-10,1.70444e-10,1.69194e-10,1.70444e-10,1641110700,2022-01-02T08:05:00
1.68982e-10,1.68982e-10,1.68982e-10,1.68982e-10,1641110640,2022-01-02T08:04:00
1.68743e-10,1.68743e-10,1.68743e-10,1.68743e-10,1641110580,2022-01-02T08:03:00
1.68274e-10,1.68274e-10,1.68274e-10,1.68274e-10,1641110520,2022-01-02T08:02:00
1.67802e-10,1.67802e-10,1.67802e-10,1.67802e-10,1641110340,2022-01-02T07:59:00
1.64532e-10,1.64532e-10,1.64532e-10,1.64532e-10,1641110280,2022-01-02T07:58:00
1.61217e-10,1.61217e-10,1.61217e-10,1.61217e-10,1641109980,2022-01-02T07:53:00
1.60407e-10,1.60407e-10,1.60407e-10,1.60407e-10,1641109920,2022-01-02T07:52:00
1.56982e-10,1.58479e-10,1.56982e-10,1.58479e-10,1641109860,2022-01-02T07:51:00
1.56238e-10,1.56576e-10,1.55839e-10,1.55839e-10,1641109800,2022-01-02T07:50:00
1.54141e-10,1.55673e-10,1.54141e-10,1.55673e-10,1641109680,2022-01-02T07:48:00
1.51876e-10,1.51876e-10,1.51876e-10,1.51876e-10,1641109620,2022-01-02T07:47:00
1.51304e-10,1.51525e-10,1.51304e-10,1.51525e-10,1641109440,2022-01-02T07:44:00
1.51058e-10,1.51058e-10,1.51058e-10,1.51058e-10,1641109260,2022-01-02T07:41:00
1.50974e-10,1.50974e-10,1.50974e-10,1.50974e-10,1641109140,2022-01-02T07:39:00
1.50472e-10,1.50472e-10,1.50472e-10,1.50472e-10,1641109080,2022-01-02T07:38:00
1.49447e-10,1.49447e-10,1.49447e-10,1.49447e-10,1641109020,2022-01-02T07:37:00
1.48713e-10,1.48713e-10,1.48713e-10,1.48713e-10,1641108960,2022-01-02T07:36:00
1.46612e-10,1.47665e-10,1.46612e-10,1.47665e-10,1641108840,2022-01-02T07:34:00
1.53671e-10,1.53671e-10,1.53671e-10,1.53671e-10,1641108720,2022-01-02T07:32:00
1.72625e-10,1.72625e-10,1.72625e-10,1.72625e-10,1641108660,2022-01-02T07:31:00
1.86068e-10,1.86068e-10,1.84687e-10,1.84687e-10,1641108540,2022-01-02T07:29:00
1.87552e-10,1.87552e-10,1.87552e-10,1.87552e-10,1641108120,2022-01-02T07:22:00
1.86974e-10,1.86974e-10,1.86974e-10,1.86974e-10,1641107940,2022-01-02T07:19:00
1.87084e-10,1.87084e-10,1.87084e-10,1.87084e-10,1641107400,2022-01-02T07:10:00
1.88845e-10,1.88845e-10,1.88845e-10,1.88845e-10,1641107100,2022-01-02T07:05:00
1.88056e-10,1.88056e-10,1.88056e-10,1.88056e-10,1641105780,2022-01-02T06:43:00
1.87629e-10,1.87629e-10,1.87629e-10,1.87629e-10,1641105720,2022-01-02T06:42:00
1.86637e-10,1.86637e-10,1.86637e-10,1.86637e-10,1641105300,2022-01-02T06:35:00
1.87135e-10,1.87135e-10,1.87135e-10,1.87135e-10,1641105000,2022-01-02T06:30:00
1.87339e-10,1.87339e-10,1.87339e-10,1.87339e-10,1641104760,2022-01-02T06:26:00
1.87964e-10,1.87964e-10,1.87964e-10,1.87964e-10,1641104580,2022-01-02T06:23:00
1.88562e-10,1.88562e-10,1.88562e-10,1.88562e-10,1641104400,2022-01-02T06:20:00
1.88637e-10,1.88637e-10,1.88637e-10,1.88637e-10,1641103980,2022-01-02T06:13:00
1.88671e-10,1.88671e-10,1.88671e-10,1.88671e-10,1641103020,2022-01-02T05:57:00
1.89385e-10,1.89385e-10,1.89385e-10,1.89385e-10,1641102660,2022-01-02T05:51:00
1.88197e-10,1.88197e-10,1.88197e-10,1.88197e-10,1641102480,2022-01-02T05:48:00
1.89371e-10,1.89371e-10,1.89371e-10,1.89371e-10,1641102300,2022-01-02T05:45:00
1.88899e-10,1.88899e-10,1.88899e-10,1.88899e-10,1641102180,2022-01-02T05:43:00
1.89063e-10,1.89063e-10,1.89063e-10,1.89063e-10,1641102060,2022-01-02T05:41:00
1.88971e-10,1.88971e-10,1.88971e-10,1.88971e-10,1641102000,2022-01-02T05:40:00
1.88009e-10,1.88009e-10,1.88009e-10,1.88009e-10,1641101820,2022-01-02T05:37:00
1.86044e-10,1.86044e-10,1.86044e-10,1.86044e-10,1641101640,2022-01-02T05:34:00
1.85659e-10,1.85659e-10,1.85659e-10,1.85659e-10,1641101400,2022-01-02T05:30:00
1.84329e-10,1.84329e-10,1.84329e-10,1.84329e-10,1641101340,2022-01-02T05:29:00
1.80732e-10,1.80732e-10,1.80732e-10,1.80732e-10,1641100920,2022-01-02T05:22:00
1.77002e-10,1.77174e-10,1.77002e-10,1.77174e-10,1641100680,2022-01-02T05:18:00
1.77445e-10,1.77445e-10,1.76174e-10,1.76174e-10,1641100320,2022-01-02T05:12:00
1.77102e-10,1.77102e-10,1.77102e-10,1.77102e-10,1641100080,2022-01-02T05:08:00
1.7505e-10,1.7505e-10,1.7505e-10,1.7505e-10,1641099780,2022-01-02T05:03:00
1.73041e-10,1.7315e-10,1.73041e-10,1.7315e-10,1641099420,2022-01-02T04:57:00
1.71696e-10,1.72735e-10,1.71696e-10,1.72735e-10,1641099120,2022-01-02T04:52:00
1.71893e-10,1.71893e-10,1.71893e-10,1.71893e-10,1641099000,2022-01-02T04:50:00
1.73311e-10,1.73311e-10,1.73311e-10,1.73311e-10,1641098820,2022-01-02T04:47:00
1.73669e-10,1.73669e-10,1.73669e-10,1.73669e-10,1641098640,2022-01-02T04:44:00
1.73656e-10,1.73656e-10,1.72189e-10,1.72189e-10,1641098580,2022-01-02T04:43:00
1.74717e-10,1.74717e-10,1.73505e-10,1.73551e-10,1641098280,2022-01-02T04:38:00
1.76043e-10,1.76043e-10,1.76043e-10,1.76043e-10,1641098160,2022-01-02T04:36:00
1.75178e-10,1.75178e-10,1.75178e-10,1.75178e-10,1641098040,2022-01-02T04:34:00
1.75779e-10,1.76752e-10,1.75779e-10,1.76752e-10,1641097920,2022-01-02T04:32:00
1.74412e-10,1.74412e-10,1.74412e-10,1.74412e-10,1641097860,2022-01-02T04:31:00
1.75258e-10,1.7589e-10,1.75258e-10,1.7589e-10,1641097680,2022-01-02T04:28:00
1.76641e-10,1.76641e-10,1.76641e-10,1.76641e-10,1641097620,2022-01-02T04:27:00
1.77101e-10,1.77101e-10,1.75609e-10,1.75609e-10,1641097260,2022-01-02T04:21:00
1.77253e-10,1.77253e-10,1.77253e-10,1.77253e-10,1641097140,2022-01-02T04:19:00
1.76124e-10,1.76124e-10,1.76124e-10,1.76124e-10,1641096840,2022-01-02T04:14:00
1.77197e-10,1.77197e-10,1.76498e-10,1.76498e-10,1641096420,2022-01-02T04:07:00
1.76617e-10,1.76617e-10,1.76617e-10,1.76617e-10,1641096240,2022-01-02T04:04:00
1.7621e-10,1.7621e-10,1.7621e-10,1.7621e-10,1641096180,2022-01-02T04:03:00
1.75265e-10,1.75265e-10,1.75265e-10,1.75265e-10,1641096120,2022-01-02T04:02:00
1.77845e-10,1.77845e-10,1.75858e-10,1.75858e-10,1641096000,2022-01-02T04:00:00
1.77111e-10,1.77111e-10,1.77111e-10,1.77111e-10,1641095940,2022-01-02T03:59:00
1.77574e-10,1.77574e-10,1.76647e-10,1.76647e-10,1641095880,2022-01-02T03:58:00
1.75979e-10,1.75979e-10,1.75979e-10,1.75979e-10,1641095820,2022-01-02T03:57:00
1.72887e-10,1.72887e-10,1.72887e-10,1.72887e-10,1641095760,2022-01-02T03:56:00
1.69131e-10,1.69131e-10,1.69131e-10,1.69131e-10,1641095700,2022-01-02T03:55:00
1.68767e-10,1.68767e-10,1.68767e-10,1.68767e-10,1641095580,2022-01-02T03:53:00
1.70367e-10,1.70367e-10,1.70367e-10,1.70367e-10,1641095520,2022-01-02T03:52:00
1.75682e-10,1.75682e-10,1.75682e-10,1.75682e-10,1641095460,2022-01-02T03:51:00
1.74198e-10,1.74198e-10,1.74198e-10,1.74198e-10,1641095340,2022-01-02T03:49:00
1.7494e-10,1.7494e-10,1.7494e-10,1.7494e-10,1641094980,2022-01-02T03:43:00
1.76687e-10,1.76687e-10,1.76687e-10,1.76687e-10,1641094920,2022-01-02T03:42:00
1.78655e-10,1.78655e-10,1.78655e-10,1.78655e-10,1641094860,2022-01-02T03:41:00
1.79997e-10,1.79997e-10,1.79997e-10,1.79997e-10,1641094800,2022-01-02T03:40:00
1.81329e-10,1.81329e-10,1.81329e-10,1.81329e-10,1641094440,2022-01-02T03:34:00
1.83294e-10,1.83294e-10,1.83294e-10,1.83294e-10,1641094260,2022-01-02T03:31:00
1.86423e-10,1.86423e-10,1.83191e-10,1.83191e-10,1641094080,2022-01-02T03:28:00
1.85467e-10,1.85467e-10,1.85467e-10,1.85467e-10,1641093600,2022-01-02T03:20:00
1.85748e-10,1.85748e-10,1.84581e-10,1.84581e-10,1641093540,2022-01-02T03:19:00
1.87688e-10,1.87688e-10,1.87688e-10,1.87688e-10,1641093480,2022-01-02T03:18:00
1.86695e-10,1.86695e-10,1.86695e-10,1.86695e-10,1641093060,2022-01-02T03:11:00
1.88915e-10,1.88915e-10,1.88915e-10,1.88915e-10,1641092940,2022-01-02T03:09:00
1.87277e-10,1.87277e-10,1.87277e-10,1.87277e-10,1641092880,2022-01-02T03:08:00
1.88503e-10,1.88503e-10,1.88503e-10,1.88503e-10,1641092520,2022-01-02T03:02:00
1.89709e-10,1.89709e-10,1.89709e-10,1.89709e-10,1641091980,2022-01-02T02:53:00
1.90534e-10,1.90534e-10,1.90534e-10,1.90534e-10,1641091920,2022-01-02T02:52:00
1.91753e-10,1.91753e-10,1.91191e-10,1.91191e-10,1641091860,2022-01-02T02:51:00
1.93168e-10,1.93168e-10,1.93168e-10,1.93168e-10,1641091320,2022-01-02T02:42:00
1.93059e-10,1.93059e-10,1.93059e-10,1.93059e-10,1641091080,2022-01-02T02:38:00
1.91814e-10,1.91814e-10,1.91814e-10,1.91814e-10,1641090960,2022-01-02T02:36:00
1.92264e-10,1.92264e-10,1.92264e-10,1.92264e-10,1641090600,2022-01-02T02:30:00
1.93951e-10,1.93951e-10,1.92998e-10,1.92998e-10,1641090360,2022-01-02T02:26:00
1.93748e-10,1.93748e-10,1.93748e-10,1.93748e-10,1641089760,2022-01-02T02:16:00
1.95376e-10,1.95376e-10,1.95376e-10,1.95376e-10,1641089040,2022-01-02T02:04:00
1.94251e-10,1.94251e-10,1.94251e-10,1.94251e-10,1641088500,2022-01-02T01:55:00
1.95844e-10,1.95844e-10,1.95844e-10,1.95844e-10,1641088440,2022-01-02T01:54:00
1.95617e-10,1.95617e-10,1.95617e-10,1.95617e-10,1641088320,2022-01-02T01:52:00
1.95657e-10,1.95657e-10,1.95657e-10,1.95657e-10,1641087960,2022-01-02T01:46:00
1.99787e-10,1.99787e-10,1.96497e-10,1.96497e-10,1641087900,2022-01-02T01:45:00
2.02645e-10,2.02645e-10,2.02645e-10,2.02645e-10,1641087720,2022-01-02T01:42:00
2.01483e-10,2.01483e-10,2.01483e-10,2.01483e-10,1641087540,2022-01-02T01:39:00
2.04555e-10,2.04555e-10,2.04555e-10,2.04555e-10,1641087360,2022-01-02T01:36:00
2.03698e-10,2.03698e-10,2.03698e-10,2.03698e-10,1641087300,2022-01-02T01:35:00
2.03306e-10,2.03306e-10,2.03306e-10,2.03306e-10,1641086220,2022-01-02T01:17:00
2.02404e-10,2.02404e-10,2.02404e-10,2.02404e-10,1641086040,2022-01-02T01:14:00
2.05364e-10,2.05448e-10,2.05364e-10,2.05448e-10,1641085860,2022-01-02T01:11:00
2.03673e-10,2.03673e-10,2.03673e-10,2.03673e-10,1641085440,2022-01-02T01:04:00
2.05085e-10,2.05085e-10,2.05085e-10,2.05085e-10,1641084900,2022-01-02T00:55:00
2.0463e-10,2.0463e-10,2.0463e-10,2.0463e-10,1641084840,2022-01-02T00:54:00
2.07252e-10,2.07252e-10,2.07252e-10,2.07252e-10,1641084720,2022-01-02T00:52:00
2.06948e-10,2.06948e-10,2.06948e-10,2.06948e-10,1641084360,2022-01-02T00:46:00
2.07594e-10,2.07594e-10,2.07594e-10,2.07594e-10,1641084300,2022-01-02T00:45:00
2.08542e-10,2.08542e-10,2.08542e-10,2.08542e-10,1641084240,2022-01-02T00:44:00
2.1033e-10,2.1033e-10,2.1033e-10,2.1033e-10,1641084120,2022-01-02T00:42:00
2.09122e-10,2.09122e-10,2.09122e-10,2.09122e-10,1641083880,2022-01-02T00:38:00
2.10656e-10,2.10656e-10,2.10401e-10,2.10401e-10,1641083700,2022-01-02T00:35:00
2.09081e-10,2.09081e-10,2.09081e-10,2.09081e-10,1641083640,2022-01-02T00:34:00
2.10464e-10,2.10464e-10,2.10464e-10,2.10464e-10,1641083580,2022-01-02T00:33:00
2.1024e-10,2.1024e-10,2.1024e-10,2.1024e-10,1641083460,2022-01-02T00:31:00
2.10093e-10,2.10093e-10,2.10093e-10,2.10093e-10,1641083340,2022-01-02T00:29:00
2.09237e-10,2.09824e-10,2.09237e-10,2.09824e-10,1641083100,2022-01-02T00:25:00
2.08743e-10,2.08743e-10,2.08743e-10,2.08743e-10,1641082680,2022-01-02T00:18:00
2.0785e-10,2.0785e-10,2.0785e-10,2.0785e-10,1641082500,2022-01-02T00:15:00
2.08552e-10,2.08552e-10,2.08552e-10,2.08552e-10,1641082380,2022-01-02T00:13:00
2.09074e-10,2.09074e-10,2.09074e-10,2.09074e-10,1641082320,2022-01-02T00:12:00
2.10688e-10,2.10688e-10,2.10688e-10,2.10688e-10,1641082080,2022-01-02T00:08:00
2.09775e-10,2.09775e-10,2.09775e-10,2.09775e-10,1641081960,2022-01-02T00:06:00
2.11545e-10,2.11545e-10,2.11545e-10,2.11545e-10,1641081900,2022-01-02T00:05:00
2.10747e-10,2.10747e-10,2.10747e-10,2.10747e-10,1641081540,2022-01-01T23:59:00
2.09987e-10,2.09987e-10,2.09987e-10,2.09987e-10,1641081480,2022-01-01T23:58:00
2.08872e-10,2.08872e-10,2.08872e-10,2.08872e-10,1641081420,2022-01-01T23:57:00
2.10008e-10,2.10248e-10,2.10008e-10,2.10248e-10,1641081180,2022-01-01T23:53:00
2.03251e-10,2.06813e-10,2.03251e-10,2.06813e-10,1641081060,2022-01-01T23:51:00
2.02218e-10,2.02218e-10,2.02218e-10,2.02218e-10,1641081000,2022-01-01T23:50:00
2.02425e-10,2.02425e-10,2.02425e-10,2.02425e-10,1641080640,2022-01-01T23:44:00
2.02986e-10,2.02986e-10,2.02986e-10,2.02986e-10,1641080580,2022-01-01T23:43:00
2.03966e-10,2.03966e-10,2.03966e-10,2.03966e-10,1641080460,2022-01-01T23:41:00
2.05807e-10,2.05858e-10,2.05807e-10,2.05858e-10,1641080340,2022-01-01T23:39:00
2.05256e-10,2.05256e-10,2.05256e-10,2.05256e-10,1641080280,2022-01-01T23:38:00
2.04707e-10,2.04707e-10,2.04707e-10,2.04707e-10,1641080220,2022-01-01T23:37:00
2.02826e-10,2.02826e-10,2.02826e-10,2.02826e-10,1641080160,2022-01-01T23:36:00
2.02525e-10,2.0418e-10,2.02525e-10,2.0418e-10,1641080100,2022-01-01T23:35:00
2.04029e-10,2.04029e-10,2.04029e-10,2.04029e-10,1641079860,2022-01-01T23:31:00
2.03637e-10,2.03637e-10,2.03637e-10,2.03637e-10,1641079740,2022-01-01T23:29:00
2.07308e-10,2.07308e-10,2.07308e-10,2.07308e-10,1641079680,2022-01-01T23:28:00
2.12186e-10,2.12186e-10,2.12186e-10,2.12186e-10,1641079320,2022-01-01T23:22:00
2.12282e-10,2.12282e-10,2.12282e-10,2.12282e-10,1641079260,2022-01-01T23:21:00
2.13007e-10,2.13007e-10,2.13007e-10,2.13007e-10,1641079140,2022-01-01T23:19:00
2.14241e-10,2.14241e-10,2.14241e-10,2.14241e-10,1641078540,2022-01-01T23:09:00
2.13602e-10,2.13602e-10,2.13602e-10,2.13602e-10,1641078060,2022-01-01T23:01:00
2.12249e-10,2.13519e-10,2.12249e-10,2.13519e-10,1641077940,2022-01-01T22:59:00
2.13234e-10,2.13234e-10,2.12631e-10,2.12631e-10,1641077460,2022-01-01T22:51:00
2.14482e-10,2.14482e-10,2.14482e-10,2.14482e-10,1641077280,2022-01-01T22:48:00
2.14259e-10,2.14259e-10,2.14259e-10,2.14259e-10,1641077220,2022-01-01T22:47:00
2.14267e-10,2.14267e-10,2.14267e-10,2.14267e-10,1641077100,2022-01-01T22:45:00
2.12916e-10,2.12916e-10,2.12916e-10,2.12916e-10,1641076860,2022-01-01T22:41:00
2.13824e-10,2.14192e-10,2.13824e-10,2.14192e-10,1641076740,2022-01-01T22:39:00
2.13382e-10,2.13382e-10,2.13382e-10,2.13382e-10,1641076560,2022-01-01T22:36:00
2.12606e-10,2.12606e-10,2.12606e-10,2.12606e-10,1641076500,2022-01-01T22:35:00
2.14249e-10,2.14249e-10,2.14249e-10,2.14249e-10,1641076260,2022-01-01T22:31:00
2.13987e-10,2.13987e-10,2.13987e-10,2.13987e-10,1641076080,2022-01-01T22:28:00
2.18754e-10,2.18754e-10,2.18754e-10,2.18754e-10,1641075780,2022-01-01T22:23:00
2.2535e-10,2.2535e-10,2.2535e-10,2.2535e-10,1641075720,2022-01-01T22:22:00
2.26062e-10,2.26062e-10,2.26062e-10,2.26062e-10,1641075660,2022-01-01T22:21:00
2.20646e-10,2.20646e-10,2.20646e-10,2.20646e-10,1641075420,2022-01-01T22:17:00
2.15522e-10,2.15522e-10,2.15522e-10,2.15522e-10,1641075240,2022-01-01T22:14:00
2.16182e-10,2.16182e-10,2.16182e-10,2.16182e-10,1641075180,2022-01-01T22:13:00
2.189e-10,2.19987e-10,2.189e-10,2.19987e-10,1641075120,2022-01-01T22:12:00
2.23781e-10,2.23781e-10,2.23781e-10,2.23781e-10,1641074940,2022-01-01T22:09:00
2.30184e-10,2.30184e-10,2.30184e-10,2.30184e-10,1641074880,2022-01-01T22:08:00
2.32526e-10,2.32526e-10,2.32526e-10,2.32526e-10,1641074760,2022-01-01T22:06:00
2.37436e-10,2.37436e-10,2.37436e-10,2.37436e-10,1641074460,2022-01-01T22:01:00
2.38109e-10,2.38109e-10,2.38109e-10,2.38109e-10,1641074400,2022-01-01T22:00:00
2.36752e-10,2.36752e-10,2.36752e-10,2.36752e-10,1641074340,2022-01-01T21:59:00
2.3984e-10,2.3984e-10,6.89105e-11,6.89105e-11,1641074160,2022-01-01T21:56:00
2.40439e-10,2.40439e-10,2.40439e-10,2.40439e-10,1641073920,2022-01-01T21:52:00
2.42468e-10,2.42468e-10,2.42468e-10,2.42468e-10,1641073740,2022-01-01T21:49:00
2.24379e-10,2.24379e-10,2.24379e-10,2.24379e-10,1641073560,2022-01-01T21:46:00
2.27134e-10,2.27134e-10,2.27134e-10,2.27134e-10,1641073500,2022-01-01T21:45:00
2.26801e-10,2.26801e-10,2.26801e-10,2.26801e-10,1641073440,2022-01-01T21:44:00
2.30667e-10,2.30667e-10,2.30667e-10,2.30667e-10,1641073260,2022-01-01T21:41:00
2.37189e-10,2.37189e-10,2.35774e-10,2.35774e-10,1641073140,2022-01-01T21:39:00
2.35765e-10,2.35765e-10,2.35765e-10,2.35765e-10,1641073080,2022-01-01T21:38:00
2.29744e-10,2.34726e-10,2.29744e-10,2.34726e-10,1641072900,2022-01-01T21:35:00
2.28727e-10,2.28727e-10,2.26935e-10,2.26935e-10,1641072840,2022-01-01T21:34:00
2.28409e-10,2.28409e-10,2.28409e-10,2.28409e-10,1641072600,2022-01-01T21:30:00
2.34267e-10,2.34267e-10,2.34267e-10,2.34267e-10,1641072540,2022-01-01T21:29:00
2.41634e-10,2.41634e-10,2.41634e-10,2.41634e-10,1641072480,2022-01-01T21:28:00
2.43343e-10,2.43343e-10,2.43343e-10,2.43343e-10,1641072120,2022-01-01T21:22:00
2.43236e-10,2.43236e-10,2.43236e-10,2.43236e-10,1641072060,2022-01-01T21:21:00
2.41744e-10,2.41744e-10,2.41744e-10,2.41744e-10,1641071820,2022-01-01T21:17:00
2.43756e-10,2.43756e-10,2.43756e-10,2.43756e-10,1641071700,2022-01-01T21:15:00
2.46071e-10,2.46071e-10,2.46071e-10,2.46071e-10,1641071460,2022-01-01T21:11:00
2.44722e-10,2.44722e-10,2.44722e-10,2.44722e-10,1641071340,2022-01-01T21:09:00
2.40147e-10,2.40147e-10,2.40147e-10,2.40147e-10,1641071220,2022-01-01T21:07:00
2.4612e-10,2.4612e-10,2.4612e-10,2.4612e-10,1641071100,2022-01-01T21:05:00
2.46532e-10,2.46532e-10,2.46532e-10,2.46532e-10,1641071040,2022-01-01T21:04:00
2.44755e-10,2.44755e-10,2.44755e-10,2.44755e-10,1641070980,2022-01-01T21:03:00
2.45206e-10,2.45882e-10,2.45206e-10,2.45882e-10,1641070920,2022-01-01T21:02:00
2.44669e-10,2.44669e-10,2.44669e-10,2.44669e-10,1641070740,2022-01-01T20:59:00
2.44185e-10,2.44185e-10,2.44185e-10,2.44185e-10,1641070560,2022-01-01T20:56:00
2.46455e-10,2.46455e-10,2.46455e-10,2.46455e-10,1641070500,2022-01-01T20:55:00
2.45362e-10,2.45362e-10,2.45362e-10,2.45362e-10,1641070440,2022-01-01T20:54:00
2.46296e-10,2.46296e-10,2.46296e-10,2.46296e-10,1641070320,2022-01-01T20:52:00
2.45312e-10,2.45312e-10,2.45312e-10,2.45312e-10,1641070260,2022-01-01T20:51:00
2.13647e-10,2.29761e-10,2.13647e-10,2.29761e-10,1641070140,2022-01-01T20:49:00
2.14815e-10,2.14815e-10,2.14815e-10,2.14815e-10,1641070080,2022-01-01T20:48:00
2.13171e-10,2.13171e-10,2.13171e-10,2.13171e-10,1641070020,2022-01-01T20:47:00
2.14579e-10,2.14579e-10,2.14579e-10,2.14579e-10,1641069960,2022-01-01T20:46:00
2.14177e-10,2.14177e-10,2.14177e-10,2.14177e-10,1641069780,2022-01-01T20:43:00
2.14902e-10,2.14902e-10,2.13487e-10,2.13487e-10,1641069660,2022-01-01T20:41:00
2.13865e-10,2.14821e-10,2.13865e-10,2.14821e-10,1641069540,2022-01-01T20:39:00
2.12299e-10,2.12299e-10,2.12299e-10,2.12299e-10,1641069360,2022-01-01T20:36:00
2.10809e-10,2.10809e-10,2.10809e-10,2.10809e-10,1641069300,2022-01-01T20:35:00
2.09017e-10,2.09933e-10,2.09017e-10,2.09933e-10,1641069180,2022-01-01T20:33:00
2.08536e-10,2.08536e-10,2.08536e-10,2.08536e-10,1641069060,2022-01-01T20:31:00
2.06431e-10,2.06431e-10,2.06431e-10,2.06431e-10,1641068940,2022-01-01T20:29:00
2.05151e-10,2.05151e-10,2.03519e-10,2.03519e-10,1641068760,2022-01-01T20:26:00
2.02052e-10,2.03435e-10,2.02052e-10,2.03435e-10,1641068460,2022-01-01T20:21:00
2.01985e-10,2.01985e-10,2.01985e-10,2.01985e-10,1641068400,2022-01-01T20:20:00
2.0243e-10,2.0243e-10,2.0069e-10,2.0069e-10,1641068340,2022-01-01T20:19:00
2.01328e-10,2.01328e-10,2.01328e-10,2.01328e-10,1641067560,2022-01-01T20:06:00
2.02427e-10,2.02427e-10,2.02427e-10,2.02427e-10,1641067320,2022-01-01T20:02:00
2.01016e-10,2.01016e-10,2.01016e-10,2.01016e-10,1641066660,2022-01-01T19:51:00
2.01878e-10,2.01878e-10,2.01878e-10,2.01878e-10,1641066420,2022-01-01T19:47:00
2.03804e-10,2.03804e-10,2.02562e-10,2.02562e-10,1641066240,2022-01-01T19:44:00
2.02704e-10,2.02704e-10,2.02704e-10,2.02704e-10,1641066000,2022-01-01T19:40:00
2.03082e-10,2.03082e-10,2.03082e-10,2.03082e-10,1641065880,2022-01-01T19:38:00
2.05358e-10,2.05358e-10,2.05358e-10,2.05358e-10,1641065820,2022-01-01T19:37:00
2.09861e-10,2.09861e-10,2.08295e-10,2.08295e-10,1641065760,2022-01-01T19:36:00
2.09578e-10,2.09578e-10,2.09578e-10,2.09578e-10,1641065700,2022-01-01T19:35:00
2.09644e-10,2.09644e-10,2.09644e-10,2.09644e-10,1641065520,2022-01-01T19:32:00
2.08919e-10,2.08919e-10,2.08919e-10,2.08919e-10,1641065340,2022-01-01T19:29:00
2.12754e-10,2.12754e-10,2.12754e-10,2.12754e-10,1641065100,2022-01-01T19:25:00
2.0668e-10,2.09559e-10,2.0668e-10,2.09559e-10,1641064920,2022-01-01T19:22:00
2.07313e-10,2.07313e-10,2.07313e-10,2.07313e-10,1641064740,2022-01-01T19:19:00
2.08628e-10,2.08628e-10,2.08628e-10,2.08628e-10,1641064620,2022-01-01T19:17:00
2.10603e-10,2.10603e-10,2.10603e-10,2.10603e-10,1641064080,2022-01-01T19:08:00
2.11207e-10,2.11207e-10,2.11207e-10,2.11207e-10,1641064020,2022-01-01T19:07:00
2.11389e-10,2.11389e-10,2.11389e-10,2.11389e-10,1641063960,2022-01-01T19:06:00
2.09953e-10,2.09953e-10,2.09953e-10,2.09953e-10,1641063900,2022-01-01T19:05:00
2.09944e-10,2.09944e-10,2.09944e-10,2.09944e-10,1641063840,2022-01-01T19:04:00
2.10192e-10,2.10192e-10,2.10192e-10,2.10192e-10,1641063780,2022-01-01T19:03:00
2.11151e-10,2.11151e-10,2.11151e-10,2.11151e-10,1641063660,2022-01-01T19:01:00
2.11123e-10,2.11123e-10,2.11123e-10,2.11123e-10,1641063420,2022-01-01T18:57:00
2.10922e-10,2.10922e-10,2.10922e-10,2.10922e-10,1641063300,2022-01-01T18:55:00
2.10872e-10,2.10872e-10,2.09831e-10,2.09831e-10,1641063120,2022-01-01T18:52:00
2.12993e-10,2.12993e-10,2.12993e-10,2.12993e-10,1641063060,2022-01-01T18:51:00
2.1319e-10,2.1319e-10,2.11616e-10,2.11616e-10,1641063000,2022-01-01T18:50:00
2.16286e-10,2.16286e-10,2.16286e-10,2.16286e-10,1641062760,2022-01-01T18:46:00
2.13362e-10,2.13362e-10,2.13362e-10,2.13362e-10,1641062700,2022-01-01T18:45:00
2.11215e-10,2.11215e-10,2.10803e-10,2.10803e-10,1641062520,2022-01-01T18:42:00
2.12131e-10,2.12131e-10,2.12131e-10,2.12131e-10,1641062100,2022-01-01T18:35:00
2.11028e-10,2.11028e-10,2.11028e-10,2.11028e-10,1641061980,2022-01-01T18:33:00
2.14108e-10,2.14108e-10,2.12439e-10,2.137e-10,1641061860,2022-01-01T18:31:00
2.13616e-10,2.13616e-10,2.13616e-10,2.13616e-10,1641061800,2022-01-01T18:30:00
2.13595e-10,2.13595e-10,2.11924e-10,2.11924e-10,1641061740,2022-01-01T18:29:00
2.12789e-10,2.12789e-10,2.12789e-10,2.12789e-10,1641061560,2022-01-01T18:26:00
2.1357e-10,2.1357e-10,2.11506e-10,2.11506e-10,1641061500,2022-01-01T18:25:00
2.13215e-10,2.13215e-10,2.13215e-10,2.13215e-10,1641061380,2022-01-01T18:23:00
2.11897e-10,2.11897e-10,2.11897e-10,2.11897e-10,1641061200,2022-01-01T18:20:00
2.0916e-10,2.10706e-10,2.0916e-10,2.10706e-10,1641061080,2022-01-01T18:18:00
2.06516e-10,2.06516e-10,2.06516e-10,2.06516e-10,1641060960,2022-01-01T18:16:00
2.07233e-10,2.07233e-10,2.07233e-10,2.07233e-10,1641060900,2022-01-01T18:15:00
2.07945e-10,2.07945e-10,2.07945e-10,2.07945e-10,1641060720,2022-01-01T18:12:00
2.10081e-10,2.10081e-10,2.10081e-10,2.10081e-10,1641060600,2022-01-01T18:10:00
2.10126e-10,2.10126e-10,2.10126e-10,2.10126e-10,1641060240,2022-01-01T18:04:00
2.09796e-10,2.09796e-10,2.09796e-10,2.09796e-10,1641060120,2022-01-01T18:02:00
2.08372e-10,2.08372e-10,2.08372e-10,2.08372e-10,1641059640,2022-01-01T17:54:00
2.09281e-10,2.09281e-10,2.09281e-10,2.09281e-10,1641059520,2022-01-01T17:52:00
2.12884e-10,2.12884e-10,2.12884e-10,2.12884e-10,1641059400,2022-01-01T17:50:00
2.16605e-10,2.16605e-10,2.16605e-10,2.16605e-10,1641059340,2022-01-01T17:49:00
2.15978e-10,2.15978e-10,2.15978e-10,2.15978e-10,1641059280,2022-01-01T17:48:00
2.167e-10,2.167e-10,2.167e-10,2.167e-10,1641059100,2022-01-01T17:45:00
2.17256e-10,2.17256e-10,2.17256e-10,2.17256e-10,1641059040,2022-01-01T17:44:00
2.18075e-10,2.18075e-10,2.18075e-10,2.18075e-10,1641058920,2022-01-01T17:42:00
2.19158e-10,2.19158e-10,2.19158e-10,2.19158e-10,1641058500,2022-01-01T17:35:00
2.17975e-10,2.17975e-10,2.17975e-10,2.17975e-10,1641058440,2022-01-01T17:34:00
2.18868e-10,2.18868e-10,2.18868e-10,2.18868e-10,1641058380,2022-01-01T17:33:00
2.21496e-10,2.21496e-10,2.21496e-10,2.21496e-10,1641058260,2022-01-01T17:31:00
2.22507e-10,2.22507e-10,2.22507e-10,2.22507e-10,1641058080,2022-01-01T17:28:00
2.2604e-10,2.2604e-10,2.2604e-10,2.2604e-10,1641058020,2022-01-01T17:27:00
2.26929e-10,2.26929e-10,2.26929e-10,2.26929e-10,1641057900,2022-01-01T17:25:00
2.27475e-10,2.27475e-10,2.27475e-10,2.27475e-10,1641057480,2022-01-01T17:18:00
2.29609e-10,2.29609e-10,2.29609e-10,2.29609e-10,1641057360,2022-01-01T17:16:00
2.27945e-10,2.27945e-10,2.27945e-10,2.27945e-10,1641057120,2022-01-01T17:12:00
2.29091e-10,2.29091e-10,2.29091e-10,2.29091e-10,1641057000,2022-01-01T17:10:00
2.30265e-10,2.31422e-10,2.30265e-10,2.31422e-10,1641056940,2022-01-01T17:09:00
2.28411e-10,2.28411e-10,2.28411e-10,2.28411e-10,1641056880,2022-01-01T17:08:00
2.31071e-10,2.31071e-10,2.31071e-10,2.31071e-10,1641056820,2022-01-01T17:07:00
2.31034e-10,2.31034e-10,2.31034e-10,2.31034e-10,1641056580,2022-01-01T17:03:00
2.30723e-10,2.30723e-10,2.30723e-10,2.30723e-10,1641056280,2022-01-01T16:58:00
2.32831e-10,2.32831e-10,2.32831e-10,2.32831e-10,1641056160,2022-01-01T16:56:00
2.31323e-10,2.31323e-10,2.31323e-10,2.31323e-10,1641056040,2022-01-01T16:54:00
2.32808e-10,2.32808e-10,2.32808e-10,2.32808e-10,1641055980,2022-01-01T16:53:00
2.32649e-10,2.32649e-10,2.32649e-10,2.32649e-10,1641055800,2022-01-01T16:50:00
2.32056e-10,2.32056e-10,2.32056e-10,2.32056e-10,1641055500,2022-01-01T16:45:00
2.32639e-10,2.33839e-10,2.32639e-10,2.33839e-10,1641055320,2022-01-01T16:42:00
2.34148e-10,2.34148e-10,2.34148e-10,2.34148e-10,1641054900,2022-01-01T16:35:00
2.33008e-10,2.34035e-10,2.33008e-10,2.34035e-10,1641054780,2022-01-01T16:33:00
2.3544e-10,2.3544e-10,2.3544e-10,2.3544e-10,1641054600,2022-01-01T16:30:00
2.3844e-10,2.3844e-10,2.3844e-10,2.3844e-10,1641054540,2022-01-01T16:29:00
2.38173e-10,2.38173e-10,2.38173e-10,2.38173e-10,1641054420,2022-01-01T16:27:00
2.38952e-10,2.38952e-10,2.38952e-10,2.38952e-10,1641054300,2022-01-01T16:25:00
2.34319e-10,2.41642e-10,2.34319e-10,2.41642e-10,1641054240,2022-01-01T16:24:00
2.24281e-10,2.24281e-10,2.24281e-10,2.24281e-10,1641054180,2022-01-01T16:23:00
2.24428e-10,2.24428e-10,2.22986e-10,2.22986e-10,1641053760,2022-01-01T16:16:00
2.23609e-10,2.23609e-10,2.23609e-10,2.23609e-10,1641053580,2022-01-01T16:13:00
2.18594e-10,2.18594e-10,2.18594e-10,2.18594e-10,1641053520,2022-01-01T16:12:00
2.10875e-10,2.10875e-10,2.10875e-10,2.10875e-10,1641053460,2022-01-01T16:11:00
2.09401e-10,2.09401e-10,2.09401e-10,2.09401e-10,1641053280,2022-01-01T16:08:00
2.08838e-10,2.08838e-10,2.08838e-10,2.08838e-10,1641052800,2022-01-01T16:00:00
2.0881e-10,2.0881e-10,2.0881e-10,2.0881e-10,1641052680,2022-01-01T15:58:00
2.08813e-10,2.08813e-10,2.08813e-10,2.08813e-10,1641052260,2022-01-01T15:51:00
2.08631e-10,2.08631e-10,2.08631e-10,2.08631e-10,1641052140,2022-01-01T15:49:00
2.08385e-10,2.0865e-10,2.08385e-10,2.0865e-10,1641052020,2022-01-01T15:47:00
2.08e-10,2.08141e-10,2.08e-10,2.08141e-10,1641051960,2022-01-01T15:46:00
2.09199e-10,2.09199e-10,2.07693e-10,2.07693e-10,1641051900,2022-01-01T15:45:00
2.129e-10,2.129e-10,2.129e-10,2.129e-10,1641051780,2022-01-01T15:43:00
2.12775e-10,2.12775e-10,2.12775e-10,2.12775e-10,1641051600,2022-01-01T15:40:00
2.11846e-10,2.12562e-10,2.11846e-10,2.12562e-10,1641051540,2022-01-01T15:39:00
2.10817e-10,2.10817e-10,2.10817e-10,2.10817e-10,1641051420,2022-01-01T15:37:00
2.10554e-10,2.10554e-10,2.10554e-10,2.10554e-10,1641051300,2022-01-01T15:35:00
2.10518e-10,2.10518e-10,2.10518e-10,2.10518e-10,1641051240,2022-01-01T15:34:00
2.09933e-10,2.09955e-10,2.09933e-10,2.09955e-10,1641051120,2022-01-01T15:32:00
2.08533e-10,2.08533e-10,2.08533e-10,2.08533e-10,1641051060,2022-01-01T15:31:00
2.09662e-10,2.10075e-10,2.09662e-10,2.10075e-10,1641051000,2022-01-01T15:30:00
2.09473e-10,2.09473e-10,2.09473e-10,2.09473e-10,1641050940,2022-01-01T15:29:00
2.08435e-10,2.08435e-10,2.08435e-10,2.08435e-10,1641050880,2022-01-01T15:28:00
2.10136e-10,2.10136e-10,2.10136e-10,2.10136e-10,1641050640,2022-01-01T15:24:00
2.08858e-10,2.08858e-10,2.08858e-10,2.08858e-10,1641050520,2022-01-01T15:22:00
2.10114e-10,2.10114e-10,2.10114e-10,2.10114e-10,1641050220,2022-01-01T15:17:00
2.08821e-10,2.08821e-10,2.08821e-10,2.08821e-10,1641049860,2022-01-01T15:11:00
2.09965e-10,2.09965e-10,2.09965e-10,2.09965e-10,1641049620,2022-01-01T15:07:00
2.09876e-10,2.09876e-10,2.09876e-10,2.09876e-10,1641049320,2022-01-01T15:02:00
2.09381e-10,2.09381e-10,2.09381e-10,2.09381e-10,1641048960,2022-01-01T14:56:00
2.08166e-10,2.08166e-10,2.08166e-10,2.08166e-10,1641048900,2022-01-01T14:55:00
2.08097e-10,2.08097e-10,2.08097e-10,2.08097e-10,1641048720,2022-01-01T14:52:00
2.0704e-10,2.0704e-10,2.0704e-10,2.0704e-10,1641048600,2022-01-01T14:50:00
2.06876e-10,2.06876e-10,2.06876e-10,2.06876e-10,1641048540,2022-01-01T14:49:00
2.06753e-10,2.06753e-10,2.06753e-10,2.06753e-10,1641048480,2022-01-01T14:48:00
2.06777e-10,2.06777e-10,2.06777e-10,2.06777e-10,1641048060,2022-01-01T14:41:00
2.07061e-10,2.07061e-10,2.07061e-10,2.07061e-10,1641047460,2022-01-01T14:31:00
2.07016e-10,2.07016e-10,2.07016e-10,2.07016e-10,1641047100,2022-01-01T14:25:00
2.05787e-10,2.05787e-10,2.05787e-10,2.05787e-10,1641047040,2022-01-01T14:24:00
2.07154e-10,2.07154e-10,2.07154e-10,2.07154e-10,1641046560,2022-01-01T14:16:00
2.07375e-10,2.07394e-10,2.05774e-10,2.05774e-10,1641046440,2022-01-01T14:14:00
2.06002e-10,2.06002e-10,2.06002e-10,2.06002e-10,1641046320,2022-01-01T14:12:00
2.06292e-10,2.06292e-10,2.06292e-10,2.06292e-10,1641045960,2022-01-01T14:06:00
2.07386e-10,2.07386e-10,2.07386e-10,2.07386e-10,1641045900,2022-01-01T14:05:00
2.06982e-10,2.06982e-10,2.06982e-10,2.06982e-10,1641045840,2022-01-01T14:04:00
2.05739e-10,2.05739e-10,2.05739e-10,2.05739e-10,1641045780,2022-01-01T14:03:00
2.11713e-10,2.11713e-10,2.11713e-10,2.11713e-10,1641045660,2022-01-01T14:01:00
2.17865e-10,2.184e-10,2.17865e-10,2.184e-10,1641045420,2022-01-01T13:57:00
2.17787e-10,2.17787e-10,2.17787e-10,2.17787e-10,1641045360,2022-01-01T13:56:00
2.17682e-10,2.17682e-10,2.17682e-10,2.17682e-10,1641045120,2022-01-01T13:52:00
2.17535e-10,2.17775e-10,2.17535e-10,2.17775e-10,1641045000,2022-01-01T13:50:00
2.17467e-10,2.17597e-10,2.17467e-10,2.17597e-10,1641044880,2022-01-01T13:48:00
2.17122e-10,2.17122e-10,2.17122e-10,2.17122e-10,1641044700,2022-01-01T13:45:00
2.16688e-10,2.16688e-10,2.16688e-10,2.16688e-10,1641044640,2022-01-01T13:44:00
2.16286e-10,2.16286e-10,2.16286e-10,2.16286e-10,1641044580,2022-01-01T13:43:00
2.15801e-10,2.15898e-10,2.15801e-10,2.15898e-10,1641044520,2022-01-01T13:42:00
2.09739e-10,2.09739e-10,2.09739e-10,2.09739e-10,1641044460,2022-01-01T13:41:00
2.0343e-10,2.0343e-10,2.0343e-10,2.0343e-10,1641044400,2022-01-01T13:40:00
2.03311e-10,2.03311e-10,2.03311e-10,2.03311e-10,1641044220,2022-01-01T13:37:00
2.01982e-10,2.01982e-10,2.01982e-10,2.01982e-10,1641044040,2022-01-01T13:34:00
2.0351e-10,2.0351e-10,2.0351e-10,2.0351e-10,1641043980,2022-01-01T13:33:00
2.03184e-10,2.03184e-10,2.03184e-10,2.03184e-10,1641043920,2022-01-01T13:32:00
2.03036e-10,2.03036e-10,2.03036e-10,2.03036e-10,1641043740,2022-01-01T13:29:00
2.02903e-10,2.0296e-10,2.02903e-10,2.0296e-10,1641043560,2022-01-01T13:26:00
2.02281e-10,2.02281e-10,2.02281e-10,2.02281e-10,1641043440,2022-01-01T13:24:00
2.01672e-10,2.01672e-10,2.01672e-10,2.01672e-10,1641042960,2022-01-01T13:16:00
2.0159e-10,2.0159e-10,2.0159e-10,2.0159e-10,1641042900,2022-01-01T13:15:00
2.01899e-10,2.01899e-10,2.00361e-10,2.0151e-10,1641042780,2022-01-01T13:13:00
2.01724e-10,2.01724e-10,2.01724e-10,2.01724e-10,1641042180,2022-01-01T13:03:00
2.01445e-10,2.01445e-10,2.01445e-10,2.01445e-10,1641041760,2022-01-01T12:56:00
2.01235e-10,2.01235e-10,2.01235e-10,2.01235e-10,1641041640,2022-01-01T12:54:00
2.00712e-10,2.00808e-10,2.00712e-10,2.00808e-10,1641041520,2022-01-01T12:52:00
2.00668e-10,2.00853e-10,2.00668e-10,2.00853e-10,1641041460,2022-01-01T12:51:00
2.00421e-10,2.00421e-10,2.00421e-10,2.00421e-10,1641041340,2022-01-01T12:49:00
1.99703e-10,1.99887e-10,1.99703e-10,1.99887e-10,1641041280,2022-01-01T12:48:00
1.9964e-10,1.9964e-10,1.9964e-10,1.9964e-10,1641041220,2022-01-01T12:47:00
1.99555e-10,1.99555e-10,1.99555e-10,1.99555e-10,1641041160,2022-01-01T12:46:00
1.98918e-10,1.98918e-10,1.98918e-10,1.98918e-10,1641040440,2022-01-01T12:34:00
1.97328e-10,1.9856e-10,1.97328e-10,1.9856e-10,1641040380,2022-01-01T12:33:00
1.96897e-10,1.96897e-10,1.96897e-10,1.96897e-10,1641040320,2022-01-01T12:32:00
1.94561e-10,1.94561e-10,1.94561e-10,1.94561e-10,1641039960,2022-01-01T12:26:00
1.95384e-10,1.95384e-10,1.95384e-10,1.95384e-10,1641039900,2022-01-01T12:25:00
1.96849e-10,1.96849e-10,1.96849e-10,1.96849e-10,1641039780,2022-01-01T12:23:00
1.95707e-10,1.95707e-10,1.95707e-10,1.95707e-10,1641039600,2022-01-01T12:20:00
1.90253e-10,1.93642e-10,1.90253e-10,1.93642e-10,1641039420,2022-01-01T12:17:00
1.92056e-10,1.92056e-10,1.92056e-10,1.92056e-10,1641039240,2022-01-01T12:14:00
1.91546e-10,1.91546e-10,1.91546e-10,1.91546e-10,1641039120,2022-01-01T12:12:00
1.91432e-10,1.91513e-10,1.91432e-10,1.91513e-10,1641038820,2022-01-01T12:07:00
1.91393e-10,1.91393e-10,1.91393e-10,1.91393e-10,1641038760,2022-01-01T12:06:00
1.91326e-10,1.91326e-10,1.91326e-10,1.91326e-10,1641038220,2022-01-01T11:57:00
1.9055e-10,1.9055e-10,1.9055e-10,1.9055e-10,1641038160,2022-01-01T11:56:00
1.91565e-10,1.91565e-10,1.91565e-10,1.91565e-10,1641038100,2022-01-01T11:55:00
1.92873e-10,1.92873e-10,1.92873e-10,1.92873e-10,1641037860,2022-01-01T11:51:00
1.92482e-10,1.92956e-10,1.92482e-10,1.92956e-10,1641037740,2022-01-01T11:49:00
1.91511e-10,1.91511e-10,1.91511e-10,1.91511e-10,1641037560,2022-01-01T11:46:00
1.90189e-10,1.90189e-10,1.90189e-10,1.90189e-10,1641037500,2022-01-01T11:45:00
1.89525e-10,1.89525e-10,1.89485e-10,1.89485e-10,1641037440,2022-01-01T11:44:00
1.87859e-10,1.87859e-10,1.87859e-10,1.87859e-10,1641037380,2022-01-01T11:43:00
1.8623e-10,1.8623e-10,1.8623e-10,1.8623e-10,1641037020,2022-01-01T11:37:00
1.85254e-10,1.85254e-10,1.85254e-10,1.85254e-10,1641036900,2022-01-01T11:35:00
1.8651e-10,1.8685e-10,1.8651e-10,1.8685e-10,1641036720,2022-01-01T11:32:00
1.85518e-10,1.85518e-10,1.85518e-10,1.85518e-10,1641036540,2022-01-01T11:29:00
1.86714e-10,1.86714e-10,1.86714e-10,1.86714e-10,1641036300,2022-01-01T11:25:00
1.8298e-10,1.8298e-10,1.8298e-10,1.8298e-10,1641036240,2022-01-01T11:24:00
1.79464e-10,1.79464e-10,1.79464e-10,1.79464e-10,1641036120,2022-01-01T11:22:00
1.77321e-10,1.77321e-10,1.77321e-10,1.77321e-10,1641036000,2022-01-01T11:20:00
1.74212e-10,1.74212e-10,1.74212e-10,1.74212e-10,1641035880,2022-01-01T11:18:00
1.73513e-10,1.73513e-10,1.73513e-10,1.73513e-10,1641035760,2022-01-01T11:16:00
1.73519e-10,1.73519e-10,1.72446e-10,1.72446e-10,1641035640,2022-01-01T11:14:00
1.73499e-10,1.73499e-10,1.73499e-10,1.73499e-10,1641035520,2022-01-01T11:12:00
1.71123e-10,1.72124e-10,1.71123e-10,1.72124e-10,1641035460,2022-01-01T11:11:00
1.68474e-10,1.68474e-10,1.68474e-10,1.68474e-10,1641035340,2022-01-01T11:09:00
1.6618e-10,1.6618e-10,1.6618e-10,1.6618e-10,1641035040,2022-01-01T11:04:00
1.66076e-10,1.66158e-10,1.66076e-10,1.66158e-10,1641034860,2022-01-01T11:01:00
1.66001e-10,1.66001e-10,1.66001e-10,1.66001e-10,1641034800,2022-01-01T11:00:00
1.65357e-10,1.65357e-10,1.65357e-10,1.65357e-10,1641034680,2022-01-01T10:58:00
1.64934e-10,1.64934e-10,1.64934e-10,1.64934e-10,1641034260,2022-01-01T10:51:00
1.63709e-10,1.63709e-10,1.63709e-10,1.63709e-10,1641033780,2022-01-01T10:43:00
1.64611e-10,1.64611e-10,1.64611e-10,1.64611e-10,1641033480,2022-01-01T10:38:00
1.64031e-10,1.64031e-10,1.64031e-10,1.64031e-10,1641033120,2022-01-01T10:32:00
1.64979e-10,1.65372e-10,1.63686e-10,1.63686e-10,1641032160,2022-01-01T10:16:00
1.64695e-10,1.64695e-10,1.64695e-10,1.64695e-10,1641031860,2022-01-01T10:11:00
1.638e-10,1.638e-10,1.638e-10,1.638e-10,1641031620,2022-01-01T10:07:00
1.64091e-10,1.64091e-10,1.64091e-10,1.64091e-10,1641031500,2022-01-01T10:05:00
1.63348e-10,1.63348e-10,1.63348e-10,1.63348e-10,1641031440,2022-01-01T10:04:00
1.62318e-10,1.62318e-10,1.62318e-10,1.62318e-10,1641031200,2022-01-01T10:00:00
1.63438e-10,1.63438e-10,1.63438e-10,1.63438e-10,1641031020,2022-01-01T09:57:00
1.63398e-10,1.63398e-10,1.63398e-10,1.63398e-10,1641030900,2022-01-01T09:55:00
1.63401e-10,1.63401e-10,1.63401e-10,1.63401e-10,1641030600,2022-01-01T09:50:00
1.63126e-10,1.63126e-10,1.63126e-10,1.63126e-10,1641030420,2022-01-01T09:47:00
1.63195e-10,1.63195e-10,1.63195e-10,1.63195e-10,1641029940,2022-01-01T09:39:00
1.63147e-10,1.63147e-10,1.63147e-10,1.63147e-10,1641029880,2022-01-01T09:38:00
1.63092e-10,1.63092e-10,1.63092e-10,1.63092e-10,1641029340,2022-01-01T09:29:00
1.62962e-10,1.62962e-10,1.62962e-10,1.62962e-10,1641029280,2022-01-01T09:28:00
1.62899e-10,1.62899e-10,1.62899e-10,1.62899e-10,1641029220,2022-01-01T09:27:00
1.62777e-10,1.62777e-10,1.62777e-10,1.62777e-10,1641029040,2022-01-01T09:24:00
1.61291e-10,1.62351e-10,1.61291e-10,1.62351e-10,1641028920,2022-01-01T09:22:00
1.62504e-10,1.62504e-10,1.62504e-10,1.62504e-10,1641028560,2022-01-01T09:16:00
1.62292e-10,1.62292e-10,1.62292e-10,1.62292e-10,1641028500,2022-01-01T09:15:00
1.62141e-10,1.62141e-10,1.62141e-10,1.62141e-10,1641028440,2022-01-01T09:14:00
1.62062e-10,1.62062e-10,1.62062e-10,1.62062e-10,1641028380,2022-01-01T09:13:00
1.61116e-10,1.61116e-10,1.61116e-10,1.61116e-10,1641028200,2022-01-01T09:10:00
1.62572e-10,1.62572e-10,1.61408e-10,1.61408e-10,1641028140,2022-01-01T09:09:00
1.62479e-10,1.62479e-10,1.62479e-10,1.62479e-10,1641027900,2022-01-01T09:05:00
1.62005e-10,1.62005e-10,1.62005e-10,1.62005e-10,1641027780,2022-01-01T09:03:00
1.62425e-10,1.62425e-10,1.61238e-10,1.61238e-10,1641027480,2022-01-01T08:58:00
1.61444e-10,1.61444e-10,1.61444e-10,1.61444e-10,1641027420,2022-01-01T08:57:00
1.61645e-10,1.61645e-10,1.61645e-10,1.61645e-10,1641027060,2022-01-01T08:51:00
1.62069e-10,1.62069e-10,1.62069e-10,1.62069e-10,1641026640,2022-01-01T08:44:00
1.63301e-10,1.63301e-10,1.63301e-10,1.63301e-10,1641026520,2022-01-01T08:42:00
1.63117e-10,1.63117e-10,1.63117e-10,1.63117e-10,1641026400,2022-01-01T08:40:00
1.62833e-10,1.62833e-10,1.62833e-10,1.62833e-10,1641026340,2022-01-01T08:39:00
1.62144e-10,1.62144e-10,1.62144e-10,1.62144e-10,1641026280,2022-01-01T08:38:00
1.62635e-10,1.62635e-10,1.62635e-10,1.62635e-10,1641025500,2022-01-01T08:25:00
1.63282e-10,1.63809e-10,1.63282e-10,1.63809e-10,1641025440,2022-01-01T08:24:00
1.62762e-10,1.62762e-10,1.62762e-10,1.62762e-10,1641024480,2022-01-01T08:08:00
1.62441e-10,1.62441e-10,1.62441e-10,1.62441e-10,1641024360,2022-01-01T08:06:00
1.61455e-10,1.61455e-10,1.61455e-10,1.61455e-10,1641024120,2022-01-01T08:02:00
1.62616e-10,1.62616e-10,1.62616e-10,1.62616e-10,1641023880,2022-01-01T07:58:00
1.62112e-10,1.62112e-10,1.62112e-10,1.62112e-10,1641023760,2022-01-01T07:56:00
1.61801e-10,1.61801e-10,1.61801e-10,1.61801e-10,1641023520,2022-01-01T07:52:00
1.61712e-10,1.61712e-10,1.61712e-10,1.61712e-10,1641023460,2022-01-01T07:51:00
1.6097e-10,1.6097e-10,1.6097e-10,1.6097e-10,1641023400,2022-01-01T07:50:00
1.59769e-10,1.59769e-10,1.59769e-10,1.59769e-10,1641023100,2022-01-01T07:45:00
1.59267e-10,1.59267e-10,1.59267e-10,1.59267e-10,1641022980,2022-01-01T07:43:00
1.5925e-10,1.5925e-10,1.5925e-10,1.5925e-10,1641022920,2022-01-01T07:42:00
1.59021e-10,1.59021e-10,1.59021e-10,1.59021e-10,1641022740,2022-01-01T07:39:00
1.58441e-10,1.58643e-10,1.58441e-10,1.58643e-10,1641022020,2022-01-01T07:27:00
1.56214e-10,1.57599e-10,1.56214e-10,1.57599e-10,1641021840,2022-01-01T07:24:00
1.56634e-10,1.56634e-10,1.56634e-10,1.56634e-10,1641021780,2022-01-01T07:23:00
1.58081e-10,1.58081e-10,1.58081e-10,1.58081e-10,1641021660,2022-01-01T07:21:00
1.5795e-10,1.5795e-10,1.5795e-10,1.5795e-10,1641021540,2022-01-01T07:19:00
1.59899e-10,1.60192e-10,1.59899e-10,1.60192e-10,1641021300,2022-01-01T07:15:00
1.59927e-10,1.59927e-10,1.59927e-10,1.59927e-10,1641021240,2022-01-01T07:14:00
1.60446e-10,1.61379e-10,1.59618e-10,1.59618e-10,1641021180,2022-01-01T07:13:00
1.60534e-10,1.61573e-10,1.60534e-10,1.61573e-10,1641021120,2022-01-01T07:12:00
1.59887e-10,1.59887e-10,1.59887e-10,1.59887e-10,1641021060,2022-01-01T07:11:00
1.58742e-10,1.58742e-10,1.58742e-10,1.58742e-10,1641020940,2022-01-01T07:09:00
1.63124e-10,1.63124e-10,1.63124e-10,1.63124e-10,1641020820,2022-01-01T07:07:00
1.64547e-10,1.64772e-10,1.63675e-10,1.63675e-10,1641020760,2022-01-01T07:06:00
1.64389e-10,1.64389e-10,1.64389e-10,1.64389e-10,1641020700,2022-01-01T07:05:00
1.6887e-10,1.6887e-10,1.65603e-10,1.65603e-10,1641020640,2022-01-01T07:04:00
1.68502e-10,1.68502e-10,1.68502e-10,1.68502e-10,1641020580,2022-01-01T07:03:00
1.686e-10,1.686e-10,1.686e-10,1.686e-10,1641020340,2022-01-01T06:59:00
1.67776e-10,1.67776e-10,1.67776e-10,1.67776e-10,1641020280,2022-01-01T06:58:00
1.68836e-10,1.68836e-10,1.68836e-10,1.68836e-10,1641020220,2022-01-01T06:57:00
1.6883e-10,1.6883e-10,1.6883e-10,1.6883e-10,1641020160,2022-01-01T06:56:00
1.68181e-10,1.68181e-10,1.67817e-10,1.67817e-10,1641019980,2022-01-01T06:53:00
1.69351e-10,1.69351e-10,1.69351e-10,1.69351e-10,1641019500,2022-01-01T06:45:00
1.70799e-10,1.70799e-10,1.70799e-10,1.70799e-10,1641019380,2022-01-01T06:43:00
1.70829e-10,1.70829e-10,1.70829e-10,1.70829e-10,1641019200,2022-01-01T06:40:00
1.7125e-10,1.7125e-10,1.7125e-10,1.7125e-10,1641019140,2022-01-01T06:39:00
1.7202e-10,1.7202e-10,1.7202e-10,1.7202e-10,1641018720,2022-01-01T06:32:00
1.73663e-10,1.73681e-10,1.73663e-10,1.73681e-10,1641018600,2022-01-01T06:30:00
1.7319e-10,1.7319e-10,1.7319e-10,1.7319e-10,1641018540,2022-01-01T06:29:00
1.74872e-10,1.74872e-10,1.74872e-10,1.74872e-10,1641018300,2022-01-01T06:25:00
1.74362e-10,1.74362e-10,1.74362e-10,1.74362e-10,1641018240,2022-01-01T06:24:00
1.75035e-10,1.75035e-10,1.75035e-10,1.75035e-10,1641018120,2022-01-01T06:22:00
1.76126e-10,1.76126e-10,1.76126e-10,1.76126e-10,1641018000,2022-01-01T06:20:00
1.75821e-10,1.75821e-10,1.75821e-10,1.75821e-10,1641017820,2022-01-01T06:17:00
1.75493e-10,1.75493e-10,1.75493e-10,1.75493e-10,1641017700,2022-01-01T06:15:00
1.74983e-10,1.74983e-10,1.74983e-10,1.74983e-10,1641017640,2022-01-01T06:14:00
1.73812e-10,1.73812e-10,1.73812e-10,1.73812e-10,1641017580,2022-01-01T06:13:00
1.76003e-10,1.76003e-10,1.74966e-10,1.74966e-10,1641017460,2022-01-01T06:11:00
1.77686e-10,1.77686e-10,1.77686e-10,1.77686e-10,1641017400,2022-01-01T06:10:00
1.80204e-10,1.80204e-10,1.80204e-10,1.80204e-10,1641017220,2022-01-01T06:07:00
1.7978e-10,1.7978e-10,1.7934e-10,1.7934e-10,1641017040,2022-01-01T06:04:00
1.80191e-10,1.80191e-10,1.80191e-10,1.80191e-10,1641016680,2022-01-01T05:58:00
1.79988e-10,1.79988e-10,1.79988e-10,1.79988e-10,1641016620,2022-01-01T05:57:00
1.78339e-10,1.78339e-10,1.78339e-10,1.78339e-10,1641016500,2022-01-01T05:55:00
1.79787e-10,1.79787e-10,1.79787e-10,1.79787e-10,1641016440,2022-01-01T05:54:00
1.82962e-10,1.82962e-10,1.82962e-10,1.82962e-10,1641016200,2022-01-01T05:50:00
1.88262e-10,1.88262e-10,1.88262e-10,1.88262e-10,1641016140,2022-01-01T05:49:00
1.88164e-10,1.88164e-10,1.88164e-10,1.88164e-10,1641015960,2022-01-01T05:46:00
1.86218e-10,1.86218e-10,1.86218e-10,1.86218e-10,1641015900,2022-01-01T05:45:00
1.87599e-10,1.87599e-10,1.87599e-10,1.87599e-10,1641015840,2022-01-01T05:44:00
1.88716e-10,1.88716e-10,1.88716e-10,1.88716e-10,1641015780,2022-01-01T05:43:00
1.89236e-10,1.89236e-10,1.89096e-10,1.89096e-10,1641015720,2022-01-01T05:42:00
1.90462e-10,1.90462e-10,1.90462e-10,1.90462e-10,1641015540,2022-01-01T05:39:00
1.9019e-10,1.9019e-10,1.9019e-10,1.9019e-10,1641015480,2022-01-01T05:38:00
1.89416e-10,1.89416e-10,1.89416e-10,1.89416e-10,1641015420,2022-01-01T05:37:00
1.93345e-10,1.93345e-10,1.93345e-10,1.93345e-10,1641015360,2022-01-01T05:36:00
1.97709e-10,1.97709e-10,1.96641e-10,1.96641e-10,1641015300,2022-01-01T05:35:00
1.97379e-10,1.97379e-10,1.97379e-10,1.97379e-10,1641015240,2022-01-01T05:34:00
1.96631e-10,1.96631e-10,1.96631e-10,1.96631e-10,1641015180,2022-01-01T05:33:00
1.99781e-10,1.99781e-10,1.99781e-10,1.99781e-10,1641015120,2022-01-01T05:32:00
2.04036e-10,2.04036e-10,2.04036e-10,2.04036e-10,1641015000,2022-01-01T05:30:00
2.07193e-10,2.07193e-10,2.07193e-10,2.07193e-10,1641014880,2022-01-01T05:28:00
2.08799e-10,2.08799e-10,2.08799e-10,2.08799e-10,1641014760,2022-01-01T05:26:00
2.10698e-10,2.10698e-10,2.10698e-10,2.10698e-10,1641014700,2022-01-01T05:25:00
2.05293e-10,2.09299e-10,2.05293e-10,2.09299e-10,1641014640,2022-01-01T05:24:00
2.09866e-10,2.09866e-10,2.09866e-10,2.09866e-10,1641014580,2022-01-01T05:23:00
2.07478e-10,2.07478e-10,2.07478e-10,2.07478e-10,1641014460,2022-01-01T05:21:00
2.08752e-10,2.08752e-10,2.08512e-10,2.08512e-10,1641014400,2022-01-01T05:20:00
2.07824e-10,2.08304e-10,2.07824e-10,2.08304e-10,1641014340,2022-01-01T05:19:00
2.07604e-10,2.07604e-10,2.07604e-10,2.07604e-10,1641014280,2022-01-01T05:18:00
2.06909e-10,2.06909e-10,2.06909e-10,2.06909e-10,1641014220,2022-01-01T05:17:00
2.06224e-10,2.06224e-10,2.06224e-10,2.06224e-10,1641014160,2022-01-01T05:16:00
2.05838e-10,2.05838e-10,2.05838e-10,2.05838e-10,1641014040,2022-01-01T05:14:00
2.04537e-10,2.05485e-10,2.04537e-10,2.05485e-10,1641013920,2022-01-01T05:12:00
2.05312e-10,2.06256e-10,2.05312e-10,2.06256e-10,1641013800,2022-01-01T05:10:00
2.04967e-10,2.0524e-10,2.04967e-10,2.0524e-10,1641013740,2022-01-01T05:09:00
2.04423e-10,2.04793e-10,2.04423e-10,2.04793e-10,1641013680,2022-01-01T05:08:00
2.01242e-10,2.01242e-10,2.01242e-10,2.01242e-10,1641013500,2022-01-01T05:05:00
1.97612e-10,1.97612e-10,1.97612e-10,1.97612e-10,1641013380,2022-01-01T05:03:00
1.9918e-10,1.9918e-10,1.9918e-10,1.9918e-10,1641013260,2022-01-01T05:01:00
1.99003e-10,1.99003e-10,1.99003e-10,1.99003e-10,1641013140,2022-01-01T04:59:00
1.98013e-10,1.98013e-10,1.98013e-10,1.98013e-10,1641013020,2022-01-01T04:57:00
1.96771e-10,1.96771e-10,1.96771e-10,1.96771e-10,1641012960,2022-01-01T04:56:00
1.96431e-10,1.96431e-10,1.96431e-10,1.96431e-10,1641012840,2022-01-01T04:54:00
1.94537e-10,1.95213e-10,1.94537e-10,1.95213e-10,1641012660,2022-01-01T04:51:00
1.93047e-10,1.93047e-10,1.93047e-10,1.93047e-10,1641012540,2022-01-01T04:49:00
1.91693e-10,1.91823e-10,1.91693e-10,1.91823e-10,1641012360,2022-01-01T04:46:00
1.91491e-10,1.91603e-10,1.91491e-10,1.91603e-10,1641012300,2022-01-01T04:45:00
1.9141e-10,1.9141e-10,1.9141e-10,1.9141e-10,1641012240,2022-01-01T04:44:00
1.91212e-10,1.91212e-10,1.91212e-10,1.91212e-10,1641012060,2022-01-01T04:41:00
1.90112e-10,1.90112e-10,1.90112e-10,1.90112e-10,1641012000,2022-01-01T04:40:00
1.91621e-10,1.91621e-10,1.90532e-10,1.90532e-10,1641011160,2022-01-01T04:26:00
1.9148e-10,1.9148e-10,1.9148e-10,1.9148e-10,1641011100,2022-01-01T04:25:00
1.92857e-10,1.92857e-10,1.92857e-10,1.92857e-10,1641011040,2022-01-01T04:24:00
1.9659e-10,1.9659e-10,1.9659e-10,1.9659e-10,1641010980,2022-01-01T04:23:00
1.95393e-10,1.95393e-10,1.95393e-10,1.95393e-10,1641010920,2022-01-01T04:22:00
1.94832e-10,1.96526e-10,1.94832e-10,1.96526e-10,1641010800,2022-01-01T04:20:00
1.93321e-10,1.93321e-10,1.93321e-10,1.93321e-10,1641010740,2022-01-01T04:19:00
1.92329e-10,1.92329e-10,1.92329e-10,1.92329e-10,1641010680,2022-01-01T04:18:00
1.93696e-10,1.93696e-10,1.93696e-10,1.93696e-10,1641010560,2022-01-01T04:16:00
1.9338e-10,1.9338e-10,1.9338e-10,1.9338e-10,1641010500,2022-01-01T04:15:00
1.93308e-10,1.93308e-10,1.93308e-10,1.93308e-10,1641010260,2022-01-01T04:11:00
1.93208e-10,1.93208e-10,1.93208e-10,1.93208e-10,1641010200,2022-01-01T04:10:00
1.93061e-10,1.93061e-10,1.93061e-10,1.93061e-10,1641010080,2022-01-01T04:08:00
1.91871e-10,1.92874e-10,1.91871e-10,1.92874e-10,1641009900,2022-01-01T04:05:00
1.92098e-10,1.92098e-10,1.92098e-10,1.92098e-10,1641009840,2022-01-01T04:04:00
1.92278e-10,1.92278e-10,1.92278e-10,1.92278e-10,1641009780,2022-01-01T04:03:00
1.93716e-10,1.93716e-10,1.93716e-10,1.93716e-10,1641009540,2022-01-01T03:59:00
1.9281e-10,1.9281e-10,1.9281e-10,1.9281e-10,1641009480,2022-01-01T03:58:00
1.9324e-10,1.9324e-10,1.9324e-10,1.9324e-10,1641009300,2022-01-01T03:55:00
1.92834e-10,1.93956e-10,1.92834e-10,1.93956e-10,1641009240,2022-01-01T03:54:00
1.92309e-10,1.92309e-10,1.91148e-10,1.91148e-10,1641009120,2022-01-01T03:52:00
1.92218e-10,1.92218e-10,1.92218e-10,1.92218e-10,1641009060,2022-01-01T03:51:00
1.91569e-10,1.91569e-10,1.91569e-10,1.91569e-10,1641008880,2022-01-01T03:48:00
1.90595e-10,1.90595e-10,1.90595e-10,1.90595e-10,1641008820,2022-01-01T03:47:00
1.89814e-10,1.90018e-10,1.89814e-10,1.90018e-10,1641008760,2022-01-01T03:46:00
1.89418e-10,1.89576e-10,1.89418e-10,1.89576e-10,1641008700,2022-01-01T03:45:00
1.88242e-10,1.89401e-10,1.88242e-10,1.89401e-10,1641008640,2022-01-01T03:44:00
1.8879e-10,1.8879e-10,1.8879e-10,1.8879e-10,1641008580,2022-01-01T03:43:00
1.89521e-10,1.89521e-10,1.89385e-10,1.89385e-10,1641008340,2022-01-01T03:39:00
1.88036e-10,1.88036e-10,1.88036e-10,1.88036e-10,1641008100,2022-01-01T03:35:00
1.8759e-10,1.87781e-10,1.8759e-10,1.87781e-10,1641008040,2022-01-01T03:34:00
1.85815e-10,1.85815e-10,1.85815e-10,1.85815e-10,1641007800,2022-01-01T03:30:00
1.83444e-10,1.83444e-10,1.83444e-10,1.83444e-10,1641007680,2022-01-01T03:28:00
1.83958e-10,1.83958e-10,1.83958e-10,1.83958e-10,1641007620,2022-01-01T03:27:00
1.8295e-10,1.8295e-10,1.8295e-10,1.8295e-10,1641007380,2022-01-01T03:23:00
1.8251e-10,1.8251e-10,1.8251e-10,1.8251e-10,1641007320,2022-01-01T03:22:00
1.84126e-10,1.84126e-10,1.84126e-10,1.84126e-10,1641007200,2022-01-01T03:20:00
1.82743e-10,1.82743e-10,1.82743e-10,1.82743e-10,1641006780,2022-01-01T03:13:00
1.87283e-10,1.87283e-10,1.8369e-10,1.8369e-10,1641005940,2022-01-01T02:59:00
1.935e-10,1.935e-10,1.935e-10,1.935e-10,1641005820,2022-01-01T02:57:00
1.93499e-10,1.93499e-10,1.93499e-10,1.93499e-10,1641005760,2022-01-01T02:56:00
1.93122e-10,1.934e-10,1.93122e-10,1.934e-10,1641005700,2022-01-01T02:55:00
1.92843e-10,1.92843e-10,1.92843e-10,1.92843e-10,1641005580,2022-01-01T02:53:00
1.92752e-10,1.92752e-10,1.92752e-10,1.92752e-10,1641005340,2022-01-01T02:49:00
2.01958e-10,2.01958e-10,1.96108e-10,1.96108e-10,1641005280,2022-01-01T02:48:00
2.04591e-10,2.04591e-10,2.02112e-10,2.02112e-10,1641005220,2022-01-01T02:47:00
2.0963e-10,2.0963e-10,2.0963e-10,2.0963e-10,1641005160,2022-01-01T02:46:00
2.19707e-10,2.19707e-10,2.19707e-10,2.19707e-10,1641005040,2022-01-01T02:44:00
2.2372e-10,2.2372e-10,2.2372e-10,2.2372e-10,1641004920,2022-01-01T02:42:00
2.25561e-10,2.25561e-10,2.25561e-10,2.25561e-10,1641004860,2022-01-01T02:41:00
2.30503e-10,2.30503e-10,2.30503e-10,2.30503e-10,1641004740,2022-01-01T02:39:00
2.34271e-10,2.34271e-10,2.30517e-10,2.30517e-10,1641004680,2022-01-01T02:38:00
2.34087e-10,2.34087e-10,2.34087e-10,2.34087e-10,1641004620,2022-01-01T02:37:00
2.33938e-10,2.33938e-10,2.33938e-10,2.33938e-10,1641004500,2022-01-01T02:35:00
2.32652e-10,2.32652e-10,2.32652e-10,2.32652e-10,1641004440,2022-01-01T02:34:00
2.31847e-10,2.34023e-10,2.31847e-10,2.34023e-10,1641004380,2022-01-01T02:33:00
2.33085e-10,2.33085e-10,2.33085e-10,2.33085e-10,1641004320,2022-01-01T02:32:00
2.31957e-10,2.31957e-10,2.31628e-10,2.31628e-10,1641004200,2022-01-01T02:30:00
2.33074e-10,2.33074e-10,2.33074e-10,2.33074e-10,1641004140,2022-01-01T02:29:00
2.35058e-10,2.35058e-10,2.35058e-10,2.35058e-10,1641004080,2022-01-01T02:28:00
2.34465e-10,2.34465e-10,2.34465e-10,2.34465e-10,1641003960,2022-01-01T02:26:00
2.33852e-10,2.33852e-10,2.33852e-10,2.33852e-10,1641003900,2022-01-01T02:25:00
2.32762e-10,2.33198e-10,2.32762e-10,2.33198e-10,1641003780,2022-01-01T02:23:00
2.32618e-10,2.32618e-10,2.32618e-10,2.32618e-10,1641003660,2022-01-01T02:21:00
2.30565e-10,2.30565e-10,2.30565e-10,2.30565e-10,1641003600,2022-01-01T02:20:00
2.31836e-10,2.31836e-10,2.31836e-10,2.31836e-10,1641003540,2022-01-01T02:19:00
2.31221e-10,2.31525e-10,2.31221e-10,2.31525e-10,1641003300,2022-01-01T02:15:00
2.31146e-10,2.31303e-10,2.31146e-10,2.31303e-10,1641003240,2022-01-01T02:14:00
2.31049e-10,2.31049e-10,2.31049e-10,2.31049e-10,1641003180,2022-01-01T02:13:00
2.30761e-10,2.30761e-10,2.30761e-10,2.30761e-10,1641003000,2022-01-01T02:10:00
2.29683e-10,2.29683e-10,2.29683e-10,2.29683e-10,1641002940,2022-01-01T02:09:00
2.30579e-10,2.30579e-10,2.30579e-10,2.30579e-10,1641002820,2022-01-01T02:07:00
2.28936e-10,2.28936e-10,2.28936e-10,2.28936e-10,1641002700,2022-01-01T02:05:00
2.27695e-10,2.27695e-10,2.27695e-10,2.27695e-10,1641002340,2022-01-01T01:59:00
2.27556e-10,2.27556e-10,2.2725e-10,2.2725e-10,1641002280,2022-01-01T01:58:00
2.26338e-10,2.26338e-10,2.26338e-10,2.26338e-10,1641002160,2022-01-01T01:56:00
2.27208e-10,2.27208e-10,2.27208e-10,2.27208e-10,1641002100,2022-01-01T01:55:00
2.25059e-10,2.25059e-10,2.25059e-10,2.25059e-10,1641001980,2022-01-01T01:53:00
2.24841e-10,2.24841e-10,2.24841e-10,2.24841e-10,1641001800,2022-01-01T01:50:00
2.24705e-10,2.24705e-10,2.24705e-10,2.24705e-10,1641001740,2022-01-01T01:49:00
2.2224e-10,2.2224e-10,2.2224e-10,2.2224e-10,1641001500,2022-01-01T01:45:00
2.21019e-10,2.21019e-10,2.21019e-10,2.21019e-10,1641001440,2022-01-01T01:44:00
2.2271e-10,2.2271e-10,2.2271e-10,2.2271e-10,1641001380,2022-01-01T01:43:00
2.22225e-10,2.22225e-10,2.22225e-10,2.22225e-10,1641001200,2022-01-01T01:40:00
2.2147e-10,2.2147e-10,2.2147e-10,2.2147e-10,1641001140,2022-01-01T01:39:00
2.20951e-10,2.20951e-10,2.20951e-10,2.20951e-10,1641001080,2022-01-01T01:38:00
2.20698e-10,2.20698e-10,2.20698e-10,2.20698e-10,1641000960,2022-01-01T01:36:00
2.14024e-10,2.18551e-10,2.14024e-10,2.18551e-10,1641000780,2022-01-01T01:33:00
2.10114e-10,2.1065e-10,2.10114e-10,2.1065e-10,1641000720,2022-01-01T01:32:00
2.0942e-10,2.0942e-10,2.0942e-10,2.0942e-10,1641000660,2022-01-01T01:31:00
2.07478e-10,2.08248e-10,2.07478e-10,2.08248e-10,1641000600,2022-01-01T01:30:00
2.07424e-10,2.07424e-10,2.07424e-10,2.07424e-10,1641000540,2022-01-01T01:29:00
2.07069e-10,2.07069e-10,2.07069e-10,2.07069e-10,1641000420,2022-01-01T01:27:00
2.06466e-10,2.06466e-10,2.06466e-10,2.06466e-10,1641000240,2022-01-01T01:24:00
2.06e-10,2.06e-10,2.06e-10,2.06e-10,1641000120,2022-01-01T01:22:00
2.1048e-10,2.1048e-10,2.07456e-10,2.07456e-10,1641000060,2022-01-01T01:21:00
2.1012e-10,2.10312e-10,2.1012e-10,2.10312e-10,1641000000,2022-01-01T01:20:00
2.04526e-10,2.09939e-10,2.04526e-10,2.09939e-10,1640999940,2022-01-01T01:19:00
2.02631e-10,2.0285e-10,2.02631e-10,2.0285e-10,1640999880,2022-01-01T01:18:00
2.0224e-10,2.02559e-10,2.0224e-10,2.02559e-10,1640999820,2022-01-01T01:17:00
2.03634e-10,2.03634e-10,2.03634e-10,2.03634e-10,1640999760,2022-01-01T01:16:00
2.03002e-10,2.03547e-10,2.03002e-10,2.03547e-10,1640999700,2022-01-01T01:15:00
2.02738e-10,2.0296e-10,2.02738e-10,2.0296e-10,1640999640,2022-01-01T01:14:00
1.89817e-10,1.97324e-10,1.89817e-10,1.97324e-10,1640999580,2022-01-01T01:13:00
1.91807e-10,1.91807e-10,1.91807e-10,1.91807e-10,1640999520,2022-01-01T01:12:00
1.90385e-10,1.90385e-10,1.90385e-10,1.90385e-10,1640999460,2022-01-01T01:11:00
1.86684e-10,1.88374e-10,1.86684e-10,1.88374e-10,1640999400,2022-01-01T01:10:00
1.84535e-10,1.84535e-10,1.84535e-10,1.84535e-10,1640999340,2022-01-01T01:09:00
1.83064e-10,1.83064e-10,1.83064e-10,1.83064e-10,1640999280,2022-01-01T01:08:00
1.80178e-10,1.83371e-10,1.80178e-10,1.83371e-10,1640999220,2022-01-01T01:07:00
1.83131e-10,1.83437e-10,1.81153e-10,1.81153e-10,1640999100,2022-01-01T01:05:00
1.83329e-10,1.83329e-10,1.83329e-10,1.83329e-10,1640999040,2022-01-01T01:04:00
1.85535e-10,1.85535e-10,1.85535e-10,1.85535e-10,1640998920,2022-01-01T01:02:00
1.86401e-10,1.86401e-10,1.84801e-10,1.84801e-10,1640998860,2022-01-01T01:01:00
1.86792e-10,1.86792e-10,1.85507e-10,1.85507e-10,1640998800,2022-01-01T01:00:00
1.90996e-10,1.90996e-10,1.88041e-10,1.88041e-10,1640998740,2022-01-01T00:59:00
1.94808e-10,1.94808e-10,1.91954e-10,1.91954e-10,1640998680,2022-01-01T00:58:00
1.94148e-10,1.94148e-10,1.93794e-10,1.93794e-10,1640998440,2022-01-01T00:54:00
1.95404e-10,1.95404e-10,1.95404e-10,1.95404e-10,1640998380,2022-01-01T00:53:00
1.95107e-10,1.95107e-10,1.95107e-10,1.95107e-10,1640998320,2022-01-01T00:52:00
1.96574e-10,1.97105e-10,1.95947e-10,1.95947e-10,1640998200,2022-01-01T00:50:00
1.96014e-10,1.96014e-10,1.96014e-10,1.96014e-10,1640998080,2022-01-01T00:48:00
1.95383e-10,1.95383e-10,1.95383e-10,1.95383e-10,1640998020,2022-01-01T00:47:00
1.95923e-10,1.95923e-10,1.95923e-10,1.95923e-10,1640997960,2022-01-01T00:46:00
1.99606e-10,2.01194e-10,1.99012e-10,1.99012e-10,1640997900,2022-01-01T00:45:00
2.00817e-10,2.00817e-10,2.00817e-10,2.00817e-10,1640997840,2022-01-01T00:44:00
2.00043e-10,2.00043e-10,2.00043e-10,2.00043e-10,1640997780,2022-01-01T00:43:00
2.02194e-10,2.02194e-10,2.02194e-10,2.02194e-10,1640997720,2022-01-01T00:42:00
2.01031e-10,2.01031e-10,2.01031e-10,2.01031e-10,1640997660,2022-01-01T00:41:00
2.02008e-10,2.02008e-10,2.02008e-10,2.02008e-10,1640997600,2022-01-01T00:40:00
2.03368e-10,2.03368e-10,2.03368e-10,2.03368e-10,1640997540,2022-01-01T00:39:00
2.0216e-10,2.0216e-10,2.0216e-10,2.0216e-10,1640997480,2022-01-01T00:38:00
2.00894e-10,2.00894e-10,2.00894e-10,2.00894e-10,1640997420,2022-01-01T00:37:00
2.06873e-10,2.06873e-10,2.03715e-10,2.03715e-10,1640997360,2022-01-01T00:36:00
2.06244e-10,2.06244e-10,2.06244e-10,2.06244e-10,1640997240,2022-01-01T00:34:00
2.06276e-10,2.06276e-10,2.05102e-10,2.05102e-10,1640997180,2022-01-01T00:33:00
2.05862e-10,2.05862e-10,2.05862e-10,2.05862e-10,1640997120,2022-01-01T00:32:00
2.07282e-10,2.07282e-10,2.0586e-10,2.0586e-10,1640997060,2022-01-01T00:31:00
2.06422e-10,2.08503e-10,2.06422e-10,2.08193e-10,1640996940,2022-01-01T00:29:00
2.15166e-10,2.15166e-10,2.0835e-10,2.0835e-10,1640996880,2022-01-01T00:28:00
2.16463e-10,2.16463e-10,2.16463e-10,2.16463e-10,1640996820,2022-01-01T00:27:00
2.20122e-10,2.20344e-10,2.19121e-10,2.19121e-10,1640996700,2022-01-01T00:25:00
2.2143e-10,2.21824e-10,2.2143e-10,2.21824e-10,1640996580,2022-01-01T00:23:00
2.26763e-10,2.26763e-10,2.2258e-10,2.2258e-10,1640996460,2022-01-01T00:21:00
2.25235e-10,2.25235e-10,2.25235e-10,2.25235e-10,1640996400,2022-01-01T00:20:00
2.26587e-10,2.26853e-10,2.26587e-10,2.26853e-10,1640996340,2022-01-01T00:19:00
2.27931e-10,2.27931e-10,2.27931e-10,2.27931e-10,1640996280,2022-01-01T00:18:00
2.32056e-10,2.32235e-10,2.32056e-10,2.32235e-10,1640996220,2022-01-01T00:17:00
2.31726e-10,2.31726e-10,2.31726e-10,2.31726e-10,1640996160,2022-01-01T00:16:00
2.31828e-10,2.31828e-10,2.31828e-10,2.31828e-10,1640996100,2022-01-01T00:15:00
2.31507e-10,2.31507e-10,2.31507e-10,2.31507e-10,1640996040,2022-01-01T00:14:00
2.32547e-10,2.32547e-10,2.30616e-10,2.31229e-10,1640995980,2022-01-01T00:13:00
2.30633e-10,2.32245e-10,2.30633e-10,2.32245e-10,1640995860,2022-01-01T00:11:00
2.31842e-10,2.31842e-10,2.31842e-10,2.31842e-10,1640995500,2022-01-01T00:05:00
2.31041e-10,2.31466e-10,2.31041e-10,2.31466e-10,1640995320,2022-01-01T00:02:00
2.32086e-10,2.32346e-10,2.32035e-10,2.32346e-10,1640995200,2022-01-01T00:00:00
2.34482e-10,2.34482e-10,2.34482e-10,2.34482e-10,1640995140,2021-12-31T23:59:00
2.35185e-10,2.3544e-10,2.34076e-10,2.3544e-10,1640995080,2021-12-31T23:58:00
2.32759e-10,2.32759e-10,2.32759e-10,2.32759e-10,1640995020,2021-12-31T23:57:00
2.26886e-10,2.26886e-10,2.26886e-10,2.26886e-10,1640994960,2021-12-31T23:56:00
2.26615e-10,2.26615e-10,2.26615e-10,2.26615e-10,1640994900,2021-12-31T23:55:00
2.25622e-10,2.25622e-10,2.25622e-10,2.25622e-10,1640994840,2021-12-31T23:54:00
2.24915e-10,2.24915e-10,2.24915e-10,2.24915e-10,1640994780,2021-12-31T23:53:00
2.33397e-10,2.33406e-10,2.33397e-10,2.33406e-10,1640994720,2021-12-31T23:52:00
2.33081e-10,2.33407e-10,2.33081e-10,2.33407e-10,1640994660,2021-12-31T23:51:00
2.32611e-10,2.33177e-10,2.32611e-10,2.33177e-10,1640994540,2021-12-31T23:49:00
2.31842e-10,2.32508e-10,2.31842e-10,2.32508e-10,1640994480,2021-12-31T23:48:00
2.31529e-10,2.31529e-10,2.31529e-10,2.31529e-10,1640994420,2021-12-31T23:47:00
2.31393e-10,2.31393e-10,2.31393e-10,2.31393e-10,1640994360,2021-12-31T23:46:00
2.31071e-10,2.31071e-10,2.31071e-10,2.31071e-10,1640994300,2021-12-31T23:45:00
2.29611e-10,2.31228e-10,2.29611e-10,2.31228e-10,1640994240,2021-12-31T23:44:00
2.27639e-10,2.29299e-10,2.27639e-10,2.29299e-10,1640994180,2021-12-31T23:43:00
2.27674e-10,2.27674e-10,2.27674e-10,2.27674e-10,1640994060,2021-12-31T23:41:00
2.27267e-10,2.27267e-10,2.27267e-10,2.27267e-10,1640994000,2021-12-31T23:40:00
2.28718e-10,2.28718e-10,2.27338e-10,2.27338e-10,1640993940,2021-12-31T23:39:00
2.29458e-10,2.29458e-10,2.27553e-10,2.27553e-10,1640993880,2021-12-31T23:38:00
2.36066e-10,2.36066e-10,2.31324e-10,2.31324e-10,1640993820,2021-12-31T23:37:00
2.37182e-10,2.37182e-10,2.35425e-10,2.35425e-10,1640993700,2021-12-31T23:35:00
2.36606e-10,2.36606e-10,2.36606e-10,2.36606e-10,1640993640,2021-12-31T23:34:00
2.4338e-10,2.4338e-10,2.38495e-10,2.38495e-10,1640993580,2021-12-31T23:33:00
2.44321e-10,2.45028e-10,2.43168e-10,2.43168e-10,1640993460,2021-12-31T23:31:00
2.46601e-10,2.46601e-10,2.46601e-10,2.46601e-10,1640993400,2021-12-31T23:30:00
2.50335e-10,2.50335e-10,2.50335e-10,2.50335e-10,1640993340,2021-12-31T23:29:00
2.57597e-10,2.57597e-10,2.57597e-10,2.57597e-10,1640993280,2021-12-31T23:28:00
2.61268e-10,2.61268e-10,2.58704e-10,2.5935e-10,1640993220,2021-12-31T23:27:00
2.58676e-10,2.6105e-10,2.58676e-10,2.6105e-10,1640993100,2021-12-31T23:25:00
2.58051e-10,2.58051e-10,2.58051e-10,2.58051e-10,1640993040,2021-12-31T23:24:00
2.56795e-10,2.57558e-10,2.55301e-10,2.57558e-10,1640992980,2021-12-31T23:23:00
2.56635e-10,2.56635e-10,2.56635e-10,2.56635e-10,1640992920,2021-12-31T23:22:00
2.56914e-10,2.56914e-10,2.56914e-10,2.56914e-10,1640992860,2021-12-31T23:21:00
2.56474e-10,2.5667e-10,2.56474e-10,2.5667e-10,1640992800,2021-12-31T23:20:00
2.56167e-10,2.56167e-10,2.56167e-10,2.56167e-10,1640992740,2021-12-31T23:19:00
2.52472e-10,2.52472e-10,2.52472e-10,2.52472e-10,1640992680,2021-12-31T23:18:00
2.46182e-10,2.46182e-10,2.46182e-10,2.46182e-10,1640992620,2021-12-31T23:17:00
2.45219e-10,2.45219e-10,2.45219e-10,2.45219e-10,1640992560,2021-12-31T23:16:00
2.40766e-10,2.46822e-10,2.40766e-10,2.46822e-10,1640992500,2021-12-31T23:15:00
2.36294e-10,2.39147e-10,2.36294e-10,2.39147e-10,1640992380,2021-12-31T23:13:00
2.34205e-10,2.3563e-10,2.34205e-10,2.3563e-10,1640992320,2021-12-31T23:12:00
2.31043e-10,2.33243e-10,2.29708e-10,2.33243e-10,1640992260,2021-12-31T23:11:00
2.30195e-10,2.30839e-10,2.30195e-10,2.30839e-10,1640992200,2021-12-31T23:10:00
2.29984e-10,2.29984e-10,2.29984e-10,2.29984e-10,1640992140,2021-12-31T23:09:00
2.26886e-10,2.26886e-10,2.26886e-10,2.26886e-10,1640992080,2021-12-31T23:08:00
2.23346e-10,2.23505e-10,2.23346e-10,2.23505e-10,1640991960,2021-12-31T23:06:00
2.2151e-10,2.2151e-10,2.2151e-10,2.2151e-10,1640991900,2021-12-31T23:05:00
2.22843e-10,2.23276e-10,2.22843e-10,2.2309e-10,1640991840,2021-12-31T23:04:00
2.19786e-10,2.22031e-10,2.19786e-10,2.22031e-10,1640991780,2021-12-31T23:03:00
2.19678e-10,2.19678e-10,2.19678e-10,2.19678e-10,1640991720,2021-12-31T23:02:00
2.17491e-10,2.18992e-10,2.17491e-10,2.18992e-10,1640991660,2021-12-31T23:01:00
2.12823e-10,2.16653e-10,2.12823e-10,2.16653e-10,1640991600,2021-12-31T23:00:00
2.07482e-10,2.08138e-10,2.07482e-10,2.08138e-10,1640991540,2021-12-31T22:59:00
1.93694e-10,2.06947e-10,1.93694e-10,2.06947e-10,1640991480,2021-12-31T22:58:00
1.79823e-10,1.91001e-10,1.78848e-10,1.91001e-10,1640991420,2021-12-31T22:57:00
1.73368e-10,1.76707e-10,1.73368e-10,1.76707e-10,1640991360,2021-12-31T22:56:00
1.55314e-10,1.68714e-10,1.55314e-10,1.68714e-10,1640991300,2021-12-31T22:55:00
1.48005e-10,1.52554e-10,1.46078e-10,1.52554e-10,1640991240,2021-12-31T22:54:00
1.36003e-10,1.45595e-10,1.36003e-10,1.45595e-10,1640991180,2021-12-31T22:53:00
1.37528e-10,1.37528e-10,1.37528e-10,1.37528e-10,1640991120,2021-12-31T22:52:00
1.56121e-10,1.56121e-10,1.33544e-10,1.33544e-10,1640991060,2021-12-31T22:51:00
1.57545e-10,1.57545e-10,1.57321e-10,1.57321e-10,1640991000,2021-12-31T22:50:00
1.59747e-10,1.59747e-10,1.55914e-10,1.55914e-10,1640990940,2021-12-31T22:49:00
1.63486e-10,1.63486e-10,1.63486e-10,1.63486e-10,1640990880,2021-12-31T22:48:00
1.69812e-10,1.70241e-10,1.69812e-10,1.70241e-10,1640990820,2021-12-31T22:47:00
1.72016e-10,1.72801e-10,1.72016e-10,1.72801e-10,1640990760,2021-12-31T22:46:00
1.94817e-10,1.95374e-10,1.92814e-10,1.92814e-10,1640990700,2021-12-31T22:45:00
1.95531e-10,1.9664e-10,1.95531e-10,1.9664e-10,1640990640,2021-12-31T22:44:00
2.02779e-10,2.03324e-10,1.96471e-10,1.96471e-10,1640990580,2021-12-31T22:43:00
2.10089e-10,2.10089e-10,2.02715e-10,2.02715e-10,1640990520,2021-12-31T22:42:00
2.1436e-10,2.1436e-10,2.1436e-10,2.1436e-10,1640990460,2021-12-31T22:41:00
2.19475e-10,2.19475e-10,2.17219e-10,2.17219e-10,1640990400,2021-12-31T22:40:00
2.21024e-10,2.21024e-10,2.21024e-10,2.21024e-10,1640990340,2021-12-31T22:39:00
2.25273e-10,2.25273e-10,2.25273e-10,2.25273e-10,1640990280,2021-12-31T22:38:00
2.31072e-10,2.31072e-10,2.31072e-10,2.31072e-10,1640990220,2021-12-31T22:37:00
2.36275e-10,2.36275e-10,2.32669e-10,2.32669e-10,1640990160,2021-12-31T22:36:00
2.35317e-10,2.36728e-10,2.35317e-10,2.36728e-10,1640990100,2021-12-31T22:35:00
2.35655e-10,2.37035e-10,2.35655e-10,2.37035e-10,1640990040,2021-12-31T22:34:00
2.36414e-10,2.36414e-10,2.36414e-10,2.36414e-10,1640989980,2021-12-31T22:33:00
2.35654e-10,2.36009e-10,2.35654e-10,2.36009e-10,1640989920,2021-12-31T22:32:00
2.51702e-10,2.51702e-10,2.42234e-10,2.42234e-10,1640989800,2021-12-31T22:30:00
2.45882e-10,2.49741e-10,2.45882e-10,2.49741e-10,1640989740,2021-12-31T22:29:00
2.45022e-10,2.45022e-10,2.4293e-10,2.4293e-10,1640989680,2021-12-31T22:28:00
2.44622e-10,2.44771e-10,2.44609e-10,2.44771e-10,1640989620,2021-12-31T22:27:00
2.46606e-10,2.46606e-10,2.43115e-10,2.43115e-10,1640989560,2021-12-31T22:26:00
2.50877e-10,2.51255e-10,2.50877e-10,2.51255e-10,1640989440,2021-12-31T22:24:00
2.5389e-10,2.5389e-10,2.5389e-10,2.5389e-10,1640989320,2021-12-31T22:22:00
2.54519e-10,2.54519e-10,2.53457e-10,2.53457e-10,1640989200,2021-12-31T22:20:00
2.53178e-10,2.53178e-10,2.53178e-10,2.53178e-10,1640989140,2021-12-31T22:19:00
2.55043e-10,2.55043e-10,2.55043e-10,2.55043e-10,1640989020,2021-12-31T22:17:00
2.53998e-10,2.53998e-10,2.52441e-10,2.52441e-10,1640988960,2021-12-31T22:16:00
2.58377e-10,2.58377e-10,2.57272e-10,2.58273e-10,1640988900,2021-12-31T22:15:00
2.60966e-10,2.60966e-10,2.60793e-10,2.60793e-10,1640988840,2021-12-31T22:14:00
2.466e-10,2.63499e-10,2.43805e-10,2.63499e-10,1640988780,2021-12-31T22:13:00
2.48509e-10,2.48509e-10,2.45254e-10,2.45254e-10,1640988720,2021-12-31T22:12:00
2.51583e-10,2.52455e-10,2.48417e-10,2.48417e-10,1640988660,2021-12-31T22:11:00
2.50537e-10,2.50537e-10,2.50537e-10,2.50537e-10,1640988600,2021-12-31T22:10:00
2.54716e-10,2.54716e-10,2.51574e-10,2.51574e-10,1640988540,2021-12-31T22:09:00
2.56162e-10,2.57103e-10,2.52832e-10,2.57103e-10,1640988480,2021-12-31T22:08:00
2.57224e-10,2.57224e-10,2.57224e-10,2.57224e-10,1640988420,2021-12-31T22:07:00
2.65633e-10,2.65633e-10,2.65633e-10,2.65633e-10,1640988360,2021-12-31T22:06:00
2.72109e-10,2.72296e-10,2.71874e-10,2.72296e-10,1640988300,2021-12-31T22:05:00
2.76914e-10,2.78243e-10,2.75741e-10,2.75741e-10,1640988240,2021-12-31T22:04:00
2.77159e-10,2.77159e-10,2.77159e-10,2.77159e-10,1640988180,2021-12-31T22:03:00
2.80787e-10,2.81147e-10,2.80787e-10,2.81147e-10,1640988120,2021-12-31T22:02:00
2.80473e-10,2.80473e-10,2.78571e-10,2.79198e-10,1640988060,2021-12-31T22:01:00
2.83333e-10,2.83333e-10,2.81043e-10,2.82335e-10,1640988000,2021-12-31T22:00:00
2.8429e-10,2.8429e-10,2.81784e-10,2.82867e-10,1640987940,2021-12-31T21:59:00
2.70508e-10,2.7752e-10,2.70508e-10,2.7752e-10,1640987880,2021-12-31T21:58:00
2.70957e-10,2.70957e-10,2.70326e-10,2.70326e-10,1640987820,2021-12-31T21:57:00
2.75038e-10,2.75038e-10,2.70992e-10,2.70992e-10,1640987760,2021-12-31T21:56:00
2.83271e-10,2.83403e-10,2.83271e-10,2.83403e-10,1640987700,2021-12-31T21:55:00
2.81259e-10,2.81259e-10,2.81259e-10,2.81259e-10,1640987640,2021-12-31T21:54:00
2.76006e-10,2.79632e-10,2.76006e-10,2.79632e-10,1640987580,2021-12-31T21:53:00
2.73462e-10,2.73798e-10,2.73462e-10,2.73798e-10,1640987520,2021-12-31T21:52:00
2.72483e-10,2.73687e-10,2.72483e-10,2.73687e-10,1640987460,2021-12-31T21:51:00
2.65945e-10,2.72403e-10,2.65945e-10,2.72403e-10,1640987340,2021-12-31T21:49:00
2.63233e-10,2.65659e-10,2.63233e-10,2.65659e-10,1640987280,2021-12-31T21:48:00
2.55678e-10,2.60812e-10,2.55678e-10,2.60812e-10,1640987220,2021-12-31T21:47:00
2.48469e-10,2.48469e-10,2.46984e-10,2.46984e-10,1640987160,2021-12-31T21:46:00
2.53795e-10,2.53795e-10,2.53469e-10,2.53469e-10,1640987100,2021-12-31T21:45:00
2.52927e-10,2.53676e-10,2.52927e-10,2.53676e-10,1640987040,2021-12-31T21:44:00
2.58005e-10,2.58005e-10,2.58005e-10,2.58005e-10,1640986980,2021-12-31T21:43:00
2.68445e-10,2.68445e-10,2.63051e-10,2.63051e-10,1640986920,2021-12-31T21:42:00
2.74925e-10,2.77454e-10,2.74925e-10,2.77379e-10,1640986860,2021-12-31T21:41:00
2.77031e-10,2.77031e-10,2.77031e-10,2.77031e-10,1640986800,2021-12-31T21:40:00
2.75836e-10,2.75836e-10,2.75836e-10,2.75836e-10,1640986740,2021-12-31T21:39:00
2.68061e-10,2.68061e-10,2.68061e-10,2.68061e-10,1640986680,2021-12-31T21:38:00
2.66879e-10,2.66879e-10,2.66879e-10,2.66879e-10,1640986560,2021-12-31T21:36:00
2.65415e-10,2.66552e-10,2.65415e-10,2.66403e-10,1640986500,2021-12-31T21:35:00
2.64328e-10,2.65033e-10,2.64328e-10,2.65033e-10,1640986440,2021-12-31T21:34:00
2.64557e-10,2.64557e-10,2.64557e-10,2.64557e-10,1640986380,2021-12-31T21:33:00
2.60536e-10,2.64305e-10,2.60536e-10,2.64305e-10,1640986320,2021-12-31T21:32:00
2.57246e-10,2.57246e-10,2.57246e-10,2.57246e-10,1640986260,2021-12-31T21:31:00
2.60054e-10,2.61734e-10,2.60054e-10,2.61734e-10,1640986200,2021-12-31T21:30:00
2.62518e-10,2.63515e-10,2.62518e-10,2.63515e-10,1640986140,2021-12-31T21:29:00
2.62838e-10,2.62838e-10,2.62838e-10,2.62838e-10,1640986080,2021-12-31T21:28:00
2.53646e-10,2.53646e-10,2.53646e-10,2.53646e-10,1640986020,2021-12-31T21:27:00
2.48589e-10,2.48589e-10,2.44893e-10,2.44893e-10,1640985960,2021-12-31T21:26:00
2.4737e-10,2.48439e-10,2.47232e-10,2.48439e-10,1640985840,2021-12-31T21:24:00
2.5793e-10,2.5793e-10,2.49826e-10,2.49826e-10,1640985780,2021-12-31T21:23:00
2.56565e-10,2.56565e-10,2.56565e-10,2.56565e-10,1640985720,2021-12-31T21:22:00
2.56654e-10,2.59345e-10,2.56654e-10,2.59209e-10,1640985660,2021-12-31T21:21:00
2.52679e-10,2.55779e-10,2.52679e-10,2.55779e-10,1640985600,2021-12-31T21:20:00
2.5109e-10,2.5109e-10,2.5109e-10,2.5109e-10,1640985540,2021-12-31T21:19:00
2.50232e-10,2.50232e-10,2.50232e-10,2.50232e-10,1640985480,2021-12-31T21:18:00
2.49062e-10,2.49062e-10,2.49062e-10,2.49062e-10,1640985420,2021-12-31T21:17:00
2.51198e-10,2.51198e-10,2.51198e-10,2.51198e-10,1640985360,2021-12-31T21:16:00
2.53247e-10,2.53247e-10,2.53247e-10,2.53247e-10,1640985300,2021-12-31T21:15:00
2.51709e-10,2.52687e-10,2.51709e-10,2.52687e-10,1640985180,2021-12-31T21:13:00
2.54345e-10,2.54345e-10,2.54345e-10,2.54345e-10,1640985120,2021-12-31T21:12:00
2.53311e-10,2.53311e-10,2.53311e-10,2.53311e-10,1640985060,2021-12-31T21:11:00
2.55162e-10,2.55162e-10,2.55162e-10,2.55162e-10,1640985000,2021-12-31T21:10:00
2.50851e-10,2.50851e-10,2.50851e-10,2.50851e-10,1640984940,2021-12-31T21:09:00
2.47975e-10,2.50899e-10,2.47975e-10,2.50899e-10,1640984880,2021-12-31T21:08:00
2.46006e-10,2.46006e-10,2.46006e-10,2.46006e-10,1640984760,2021-12-31T21:06:00
2.4475e-10,2.4475e-10,2.42369e-10,2.42369e-10,1640984700,2021-12-31T21:05:00
2.43367e-10,2.43367e-10,2.43243e-10,2.43243e-10,1640984640,2021-12-31T21:04:00
2.42805e-10,2.43372e-10,2.424e-10,2.424e-10,1640984520,2021-12-31T21:02:00
2.42658e-10,2.42658e-10,2.42658e-10,2.42658e-10,1640984460,2021-12-31T21:01:00
2.43072e-10,2.43072e-10,2.39923e-10,2.39923e-10,1640984400,2021-12-31T21:00:00
2.43774e-10,2.43774e-10,2.43774e-10,2.43774e-10,1640984340,2021-12-31T20:59:00
2.49987e-10,2.49987e-10,2.49987e-10,2.49987e-10,1640984280,2021-12-31T20:58:00
2.35614e-10,2.3581e-10,2.35614e-10,2.3581e-10,1640984220,2021-12-31T20:57:00
2.34963e-10,2.34963e-10,2.34963e-10,2.34963e-10,1640984160,2021-12-31T20:56:00
2.34822e-10,2.34822e-10,2.34682e-10,2.34682e-10,1640984100,2021-12-31T20:55:00
2.34898e-10,2.34898e-10,2.34898e-10,2.34898e-10,1640984040,2021-12-31T20:54:00
2.32845e-10,2.32845e-10,2.32845e-10,2.32845e-10,1640983980,2021-12-31T20:53:00
2.36111e-10,2.36111e-10,2.33913e-10,2.33913e-10,1640983860,2021-12-31T20:51:00
2.3566e-10,2.3566e-10,2.34597e-10,2.34597e-10,1640983800,2021-12-31T20:50:00
2.341e-10,2.34932e-10,2.33672e-10,2.34932e-10,1640983740,2021-12-31T20:49:00
2.35249e-10,2.35249e-10,2.35249e-10,2.35249e-10,1640983680,2021-12-31T20:48:00
2.36927e-10,2.36927e-10,2.36927e-10,2.36927e-10,1640983620,2021-12-31T20:47:00
2.35111e-10,2.36662e-10,2.35111e-10,2.36662e-10,1640983500,2021-12-31T20:45:00
2.31554e-10,2.33649e-10,2.29603e-10,2.33649e-10,1640983440,2021-12-31T20:44:00
2.30597e-10,2.31117e-10,2.30078e-10,2.30078e-10,1640983380,2021-12-31T20:43:00
2.30088e-10,2.30407e-10,2.30088e-10,2.30407e-10,1640983320,2021-12-31T20:42:00
2.30084e-10,2.30084e-10,2.30084e-10,2.30084e-10,1640983260,2021-12-31T20:41:00
2.28584e-10,2.29933e-10,2.28584e-10,2.29933e-10,1640983200,2021-12-31T20:40:00
2.26704e-10,2.2936e-10,2.26428e-10,2.2936e-10,1640983140,2021-12-31T20:39:00
2.37853e-10,2.37853e-10,2.30611e-10,2.30611e-10,1640983080,2021-12-31T20:38:00
2.39993e-10,2.39993e-10,2.39993e-10,2.39993e-10,1640983020,2021-12-31T20:37:00
2.30301e-10,2.30471e-10,2.30301e-10,2.30471e-10,1640982960,2021-12-31T20:36:00
2.40892e-10,2.42904e-10,2.3397e-10,2.3397e-10,1640982900,2021-12-31T20:35:00
2.41456e-10,2.41456e-10,2.40089e-10,2.40089e-10,1640982840,2021-12-31T20:34:00
2.42842e-10,2.42842e-10,2.42647e-10,2.42647e-10,1640982780,2021-12-31T20:33:00
2.38336e-10,2.43087e-10,2.38336e-10,2.43087e-10,1640982720,2021-12-31T20:32:00
2.31756e-10,2.3562e-10,2.31756e-10,2.3562e-10,1640982660,2021-12-31T20:31:00
2.29354e-10,2.31139e-10,2.29354e-10,2.31139e-10,1640982600,2021-12-31T20:30:00
2.27785e-10,2.29102e-10,2.27785e-10,2.29102e-10,1640982540,2021-12-31T20:29:00
2.27364e-10,2.28126e-10,2.27364e-10,2.28126e-10,1640982480,2021-12-31T20:28:00
2.27514e-10,2.27514e-10,2.27514e-10,2.27514e-10,1640982420,2021-12-31T20:27:00
2.31137e-10,2.33811e-10,2.31137e-10,2.33811e-10,1640982300,2021-12-31T20:25:00
2.29087e-10,2.29087e-10,2.29087e-10,2.29087e-10,1640982240,2021-12-31T20:24:00
2.2769e-10,2.2769e-10,2.2769e-10,2.2769e-10,1640982180,2021-12-31T20:23:00
2.25127e-10,2.25127e-10,2.25127e-10,2.25127e-10,1640982120,2021-12-31T20:22:00
2.22946e-10,2.22946e-10,2.22946e-10,2.22946e-10,1640982060,2021-12-31T20:21:00
2.23008e-10,2.23008e-10,2.23008e-10,2.23008e-10,1640981940,2021-12-31T20:19:00
2.10588e-10,2.17683e-10,2.10588e-10,2.17683e-10,1640981880,2021-12-31T20:18:00
2.04142e-10,2.08333e-10,2.04142e-10,2.08333e-10,1640981760,2021-12-31T20:16:00
2.0486e-10,2.0538e-10,2.0486e-10,2.0538e-10,1640981640,2021-12-31T20:14:00
1.93163e-10,1.9666e-10,1.91307e-10,1.9666e-10,1640981460,2021-12-31T20:11:00
1.92883e-10,1.92883e-10,1.92883e-10,1.92883e-10,1640981340,2021-12-31T20:09:00
1.85754e-10,1.89376e-10,1.85754e-10,1.89376e-10,1640981280,2021-12-31T20:08:00
1.83675e-10,1.83675e-10,1.83675e-10,1.83675e-10,1640981100,2021-12-31T20:05:00
1.81554e-10,1.81554e-10,1.81554e-10,1.81554e-10,1640981040,2021-12-31T20:04:00
1.82519e-10,1.82519e-10,1.82519e-10,1.82519e-10,1640980980,2021-12-31T20:03:00
1.81722e-10,1.81722e-10,1.81722e-10,1.81722e-10,1640980860,2021-12-31T20:01:00
1.82342e-10,1.82342e-10,1.82342e-10,1.82342e-10,1640980740,2021-12-31T19:59:00
1.81624e-10,1.81624e-10,1.81624e-10,1.81624e-10,1640980680,2021-12-31T19:58:00
1.80854e-10,1.80854e-10,1.80854e-10,1.80854e-10,1640980500,2021-12-31T19:55:00
1.83146e-10,1.83146e-10,1.83146e-10,1.83146e-10,1640980380,2021-12-31T19:53:00
1.83048e-10,1.83048e-10,1.83048e-10,1.83048e-10,1640980200,2021-12-31T19:50:00
1.83144e-10,1.83144e-10,1.83144e-10,1.83144e-10,1640980140,2021-12-31T19:49:00
1.83396e-10,1.83396e-10,1.82043e-10,1.82043e-10,1640980080,2021-12-31T19:48:00
1.8256e-10,1.8256e-10,1.8256e-10,1.8256e-10,1640980020,2021-12-31T19:47:00
1.82556e-10,1.82556e-10,1.82556e-10,1.82556e-10,1640979900,2021-12-31T19:45:00
1.82058e-10,1.82058e-10,1.82058e-10,1.82058e-10,1640979780,2021-12-31T19:43:00
1.74776e-10,1.78438e-10,1.74776e-10,1.78438e-10,1640979720,2021-12-31T19:42:00
1.73574e-10,1.75399e-10,1.73574e-10,1.75399e-10,1640979600,2021-12-31T19:40:00
1.65753e-10,1.69793e-10,1.65753e-10,1.69793e-10,1640979480,2021-12-31T19:38:00
1.64629e-10,1.64629e-10,1.64629e-10,1.64629e-10,1640979420,2021-12-31T19:37:00
1.64619e-10,1.64619e-10,1.64619e-10,1.64619e-10,1640979360,2021-12-31T19:36:00
1.64072e-10,1.64072e-10,1.64072e-10,1.64072e-10,1640979300,2021-12-31T19:35:00
1.64075e-10,1.64075e-10,1.64075e-10,1.64075e-10,1640979240,2021-12-31T19:34:00
1.64268e-10,1.64268e-10,1.64268e-10,1.64268e-10,1640979120,2021-12-31T19:32:00
1.64093e-10,1.64093e-10,1.64093e-10,1.64093e-10,1640979060,2021-12-31T19:31:00
1.64131e-10,1.64131e-10,1.64131e-10,1.64131e-10,1640978820,2021-12-31T19:27:00
1.63181e-10,1.63181e-10,1.63181e-10,1.63181e-10,1640978760,2021-12-31T19:26:00
1.64321e-10,1.64321e-10,1.64321e-10,1.64321e-10,1640978700,2021-12-31T19:25:00
1.63967e-10,1.63967e-10,1.63967e-10,1.63967e-10,1640978640,2021-12-31T19:24:00
1.641e-10,1.641e-10,1.641e-10,1.641e-10,1640978580,2021-12-31T19:23:00
1.64107e-10,1.64107e-10,1.64107e-10,1.64107e-10,1640978400,2021-12-31T19:20:00
1.61864e-10,1.61864e-10,1.61864e-10,1.61864e-10,1640978160,2021-12-31T19:16:00
1.60045e-10,1.60045e-10,1.60045e-10,1.60045e-10,1640978040,2021-12-31T19:14:00
1.5949e-10,1.5949e-10,1.5949e-10,1.5949e-10,1640977920,2021-12-31T19:12:00
1.59481e-10,1.59481e-10,1.59481e-10,1.59481e-10,1640977740,2021-12-31T19:09:00
1.59804e-10,1.59804e-10,1.58654e-10,1.58654e-10,1640977620,2021-12-31T19:07:00
1.60386e-10,1.60386e-10,1.59597e-10,1.59597e-10,1640977560,2021-12-31T19:06:00
1.5831e-10,1.59653e-10,1.5831e-10,1.59653e-10,1640977500,2021-12-31T19:05:00
1.57861e-10,1.57861e-10,1.57861e-10,1.57861e-10,1640977440,2021-12-31T19:04:00
1.57168e-10,1.57168e-10,1.57168e-10,1.57168e-10,1640977320,2021-12-31T19:02:00
1.54325e-10,1.56149e-10,1.54325e-10,1.56149e-10,1640977260,2021-12-31T19:01:00
1.52614e-10,1.52614e-10,1.52614e-10,1.52614e-10,1640977200,2021-12-31T19:00:00
1.52429e-10,1.52429e-10,1.52429e-10,1.52429e-10,1640977020,2021-12-31T18:57:00
1.52381e-10,1.52381e-10,1.52381e-10,1.52381e-10,1640976960,2021-12-31T18:56:00
1.51492e-10,1.51492e-10,1.51492e-10,1.51492e-10,1640976900,2021-12-31T18:55:00
1.5495e-10,1.5495e-10,1.5495e-10,1.5495e-10,1640976720,2021-12-31T18:52:00
1.5774e-10,1.5774e-10,1.5774e-10,1.5774e-10,1640976660,2021-12-31T18:51:00
1.58546e-10,1.58546e-10,1.58546e-10,1.58546e-10,1640976600,2021-12-31T18:50:00
1.59671e-10,1.59671e-10,1.59671e-10,1.59671e-10,1640976540,2021-12-31T18:49:00
1.58889e-10,1.58889e-10,1.58889e-10,1.58889e-10,1640976480,2021-12-31T18:48:00
1.60302e-10,1.60302e-10,1.60302e-10,1.60302e-10,1640976360,2021-12-31T18:46:00
1.59372e-10,1.59372e-10,1.59372e-10,1.59372e-10,1640976300,2021-12-31T18:45:00
1.60666e-10,1.60666e-10,1.60666e-10,1.60666e-10,1640976240,2021-12-31T18:44:00
1.5955e-10,1.6051e-10,1.5955e-10,1.6051e-10,1640976180,2021-12-31T18:43:00
1.60274e-10,1.60274e-10,1.60274e-10,1.60274e-10,1640976120,2021-12-31T18:42:00
1.5886e-10,1.6024e-10,1.5886e-10,1.6024e-10,1640976060,2021-12-31T18:41:00
1.59749e-10,1.59749e-10,1.59749e-10,1.59749e-10,1640976000,2021-12-31T18:40:00
1.60216e-10,1.60216e-10,1.60216e-10,1.60216e-10,1640975940,2021-12-31T18:39:00
1.58991e-10,1.58991e-10,1.58991e-10,1.58991e-10,1640975820,2021-12-31T18:37:00
1.59647e-10,1.59647e-10,1.59647e-10,1.59647e-10,1640975760,2021-12-31T18:36:00
1.58668e-10,1.58668e-10,1.58668e-10,1.58668e-10,1640975700,2021-12-31T18:35:00
1.59612e-10,1.59612e-10,1.59612e-10,1.59612e-10,1640975520,2021-12-31T18:32:00
1.59562e-10,1.59562e-10,1.59562e-10,1.59562e-10,1640975460,2021-12-31T18:31:00
1.58499e-10,1.58499e-10,1.58499e-10,1.58499e-10,1640975040,2021-12-31T18:24:00
1.59681e-10,1.59681e-10,1.59681e-10,1.59681e-10,1640974980,2021-12-31T18:23:00
1.59411e-10,1.59411e-10,1.59411e-10,1.59411e-10,1640974680,2021-12-31T18:18:00
1.59269e-10,1.59269e-10,1.59269e-10,1.59269e-10,1640974440,2021-12-31T18:14:00
1.58338e-10,1.58338e-10,1.58338e-10,1.58338e-10,1640974260,2021-12-31T18:11:00
1.59498e-10,1.59498e-10,1.59498e-10,1.59498e-10,1640974140,2021-12-31T18:09:00
1.58983e-10,1.58983e-10,1.58983e-10,1.58983e-10,1640974080,2021-12-31T18:08:00
1.58865e-10,1.58865e-10,1.58865e-10,1.58865e-10,1640973960,2021-12-31T18:06:00
1.58566e-10,1.58566e-10,1.58566e-10,1.58566e-10,1640973780,2021-12-31T18:03:00
1.57718e-10,1.57718e-10,1.57718e-10,1.57718e-10,1640973660,2021-12-31T18:01:00
1.57081e-10,1.57081e-10,1.57081e-10,1.57081e-10,1640973480,2021-12-31T17:58:00
1.56725e-10,1.56725e-10,1.56725e-10,1.56725e-10,1640973360,2021-12-31T17:56:00
1.55057e-10,1.55057e-10,1.55057e-10,1.55057e-10,1640972940,2021-12-31T17:49:00
1.53098e-10,1.53687e-10,1.53098e-10,1.53687e-10,1640972820,2021-12-31T17:47:00
1.5242e-10,1.52882e-10,1.5242e-10,1.52882e-10,1640972580,2021-12-31T17:43:00
1.5166e-10,1.52255e-10,1.5166e-10,1.52255e-10,1640972520,2021-12-31T17:42:00
1.53032e-10,1.53032e-10,1.53032e-10,1.53032e-10,1640972400,2021-12-31T17:40:00
1.52042e-10,1.52042e-10,1.52042e-10,1.52042e-10,1640972340,2021-12-31T17:39:00
1.52713e-10,1.52713e-10,1.52713e-10,1.52713e-10,1640972220,2021-12-31T17:37:00
1.52058e-10,1.52418e-10,1.52058e-10,1.52418e-10,1640972160,2021-12-31T17:36:00
1.61967e-10,1.61967e-10,1.56995e-10,1.56995e-10,1640972040,2021-12-31T17:34:00
1.6156e-10,1.6156e-10,1.60472e-10,1.60472e-10,1640971980,2021-12-31T17:33:00
1.72369e-10,1.72369e-10,1.66822e-10,1.66822e-10,1640971800,2021-12-31T17:30:00
1.73889e-10,1.73889e-10,1.73889e-10,1.73889e-10,1640971680,2021-12-31T17:28:00
1.75505e-10,1.75704e-10,1.75505e-10,1.75704e-10,1640971620,2021-12-31T17:27:00
1.75115e-10,1.75422e-10,1.75115e-10,1.75422e-10,1640971560,2021-12-31T17:26:00
1.74829e-10,1.74829e-10,1.74829e-10,1.74829e-10,1640971440,2021-12-31T17:24:00
1.74139e-10,1.74139e-10,1.74139e-10,1.74139e-10,1640971320,2021-12-31T17:22:00
1.73448e-10,1.73448e-10,1.73448e-10,1.73448e-10,1640971260,2021-12-31T17:21:00
1.72955e-10,1.72955e-10,1.72955e-10,1.72955e-10,1640971140,2021-12-31T17:19:00
9.77162e-11,9.77162e-11,9.77162e-11,9.77162e-11,1640971080,2021-12-31T17:18:00
1.7175e-10,1.72776e-10,1.71442e-10,1.72776e-10,1640970900,2021-12-31T17:15:00
1.7232e-10,1.7232e-10,1.7232e-10,1.7232e-10,1640970840,2021-12-31T17:14:00
1.73665e-10,1.73665e-10,1.73665e-10,1.73665e-10,1640970780,2021-12-31T17:13:00
1.73572e-10,1.73572e-10,1.73572e-10,1.73572e-10,1640970720,2021-12-31T17:12:00
1.73395e-10,1.73395e-10,1.73395e-10,1.73395e-10,1640970660,2021-12-31T17:11:00
1.72855e-10,1.73138e-10,1.72453e-10,1.72453e-10,1640970600,2021-12-31T17:10:00
1.72694e-10,1.72694e-10,1.72694e-10,1.72694e-10,1640970540,2021-12-31T17:09:00
1.72488e-10,1.72488e-10,1.72488e-10,1.72488e-10,1640970360,2021-12-31T17:06:00
1.71852e-10,1.71852e-10,1.71852e-10,1.71852e-10,1640970300,2021-12-31T17:05:00
1.73171e-10,1.73171e-10,1.73171e-10,1.73171e-10,1640970240,2021-12-31T17:04:00
1.72874e-10,1.72874e-10,1.72874e-10,1.72874e-10,1640970180,2021-12-31T17:03:00
1.72675e-10,1.72675e-10,1.72675e-10,1.72675e-10,1640969880,2021-12-31T16:58:00
1.72145e-10,1.72145e-10,1.72145e-10,1.72145e-10,1640969760,2021-12-31T16:56:00
1.70929e-10,1.71654e-10,1.70929e-10,1.71654e-10,1640969700,2021-12-31T16:55:00
1.72128e-10,1.72128e-10,1.72128e-10,1.72128e-10,1640969580,2021-12-31T16:53:00
1.70569e-10,1.71953e-10,1.70569e-10,1.71953e-10,1640969460,2021-12-31T16:51:00
1.69381e-10,1.69381e-10,1.69381e-10,1.69381e-10,1640969400,2021-12-31T16:50:00
1.68538e-10,1.68538e-10,1.68538e-10,1.68538e-10,1640969340,2021-12-31T16:49:00
1.69436e-10,1.70062e-10,1.69436e-10,1.70062e-10,1640969280,2021-12-31T16:48:00
1.7218e-10,1.7218e-10,1.6992e-10,1.71796e-10,1640969220,2021-12-31T16:47:00
1.70993e-10,1.71936e-10,1.70993e-10,1.71936e-10,1640969100,2021-12-31T16:45:00
1.69686e-10,1.69686e-10,1.68509e-10,1.68509e-10,1640969040,2021-12-31T16:44:00
1.66235e-10,1.66235e-10,1.66235e-10,1.66235e-10,1640968980,2021-12-31T16:43:00
1.60137e-10,1.60137e-10,1.60137e-10,1.60137e-10,1640968860,2021-12-31T16:41:00
1.57852e-10,1.59007e-10,1.57852e-10,1.59007e-10,1640968740,2021-12-31T16:39:00
1.58151e-10,1.58151e-10,1.58151e-10,1.58151e-10,1640968680,2021-12-31T16:38:00
1.56e-10,1.57058e-10,1.56e-10,1.57058e-10,1640968560,2021-12-31T16:36:00
1.55962e-10,1.55962e-10,1.53971e-10,1.53971e-10,1640968500,2021-12-31T16:35:00
1.55084e-10,1.55084e-10,1.55084e-10,1.55084e-10,1640968380,2021-12-31T16:33:00
1.55548e-10,1.55548e-10,1.55548e-10,1.55548e-10,1640968320,2021-12-31T16:32:00
1.54367e-10,1.54367e-10,1.54367e-10,1.54367e-10,1640968260,2021-12-31T16:31:00
1.5255e-10,1.5255e-10,1.5255e-10,1.5255e-10,1640968200,2021-12-31T16:30:00
1.50558e-10,1.50951e-10,1.50558e-10,1.50951e-10,1640967960,2021-12-31T16:26:00
1.5e-10,1.50313e-10,1.5e-10,1.50313e-10,1640967840,2021-12-31T16:24:00
1.49535e-10,1.49535e-10,1.49535e-10,1.49535e-10,1640967780,2021-12-31T16:23:00
1.49429e-10,1.49429e-10,1.49429e-10,1.49429e-10,1640967720,2021-12-31T16:22:00
1.49159e-10,1.49159e-10,1.49159e-10,1.49159e-10,1640967600,2021-12-31T16:20:00
1.48981e-10,1.48981e-10,1.48981e-10,1.48981e-10,1640967540,2021-12-31T16:19:00
1.49014e-10,1.49014e-10,1.47994e-10,1.47994e-10,1640967180,2021-12-31T16:13:00
1.48832e-10,1.49182e-10,1.48832e-10,1.49182e-10,1640967060,2021-12-31T16:11:00
1.49051e-10,1.49051e-10,1.49051e-10,1.49051e-10,1640966880,2021-12-31T16:08:00
1.47835e-10,1.47835e-10,1.47835e-10,1.47835e-10,1640966820,2021-12-31T16:07:00
1.49155e-10,1.49155e-10,1.49155e-10,1.49155e-10,1640966760,2021-12-31T16:06:00
1.44749e-10,1.44749e-10,1.44749e-10,1.44749e-10,1640966700,2021-12-31T16:05:00
1.44889e-10,1.44889e-10,1.44889e-10,1.44889e-10,1640966580,2021-12-31T16:03:00
1.4312e-10,1.4312e-10,1.4312e-10,1.4312e-10,1640966280,2021-12-31T15:58:00
1.42694e-10,1.42694e-10,1.42694e-10,1.42694e-10,1640966100,2021-12-31T15:55:00
1.45193e-10,1.45193e-10,1.45193e-10,1.45193e-10,1640966040,2021-12-31T15:54:00
1.40684e-10,1.40684e-10,1.40684e-10,1.40684e-10,1640965920,2021-12-31T15:52:00
1.37284e-10,1.37284e-10,1.37284e-10,1.37284e-10,1640965380,2021-12-31T15:43:00
1.36851e-10,1.36851e-10,1.36851e-10,1.36851e-10,1640965320,2021-12-31T15:42:00
1.3647e-10,1.3647e-10,1.3647e-10,1.3647e-10,1640965200,2021-12-31T15:40:00
1.3621e-10,1.3621e-10,1.3621e-10,1.3621e-10,1640965020,2021-12-31T15:37:00
1.35392e-10,1.35392e-10,1.35392e-10,1.35392e-10,1640964900,2021-12-31T15:35:00
1.35558e-10,1.35558e-10,1.35558e-10,1.35558e-10,1640964840,2021-12-31T15:34:00
1.35593e-10,1.35593e-10,1.35593e-10,1.35593e-10,1640964720,2021-12-31T15:32:00
1.35135e-10,1.35135e-10,1.35135e-10,1.35135e-10,1640964660,2021-12-31T15:31:00
1.34929e-10,1.34929e-10,1.34929e-10,1.34929e-10,1640964540,2021-12-31T15:29:00
1.34827e-10,1.34827e-10,1.34827e-10,1.34827e-10,1640964480,2021-12-31T15:28:00
1.34716e-10,1.34716e-10,1.34516e-10,1.34516e-10,1640964420,2021-12-31T15:27:00
1.34662e-10,1.34662e-10,1.34662e-10,1.34662e-10,1640964360,2021-12-31T15:26:00
1.36279e-10,1.36279e-10,1.36279e-10,1.36279e-10,1640964300,2021-12-31T15:25:00
1.36207e-10,1.36207e-10,1.36207e-10,1.36207e-10,1640964000,2021-12-31T15:20:00
1.36378e-10,1.36378e-10,1.36378e-10,1.36378e-10,1640963940,2021-12-31T15:19:00
1.35623e-10,1.35761e-10,1.35623e-10,1.35761e-10,1640963640,2021-12-31T15:14:00
1.35446e-10,1.35446e-10,1.35446e-10,1.35446e-10,1640963460,2021-12-31T15:11:00
1.34756e-10,1.3545e-10,1.34561e-10,1.3545e-10,1640963340,2021-12-31T15:09:00
1.35771e-10,1.35771e-10,1.35771e-10,1.35771e-10,1640963220,2021-12-31T15:07:00
1.34757e-10,1.34757e-10,1.34757e-10,1.34757e-10,1640963040,2021-12-31T15:04:00
1.33541e-10,1.33541e-10,1.33541e-10,1.33541e-10,1640962920,2021-12-31T15:02:00
1.33579e-10,1.33579e-10,1.33579e-10,1.33579e-10,1640962800,2021-12-31T15:00:00
1.33147e-10,1.33586e-10,1.33147e-10,1.33586e-10,1640962620,2021-12-31T14:57:00
1.32814e-10,1.32814e-10,1.32814e-10,1.32814e-10,1640962560,2021-12-31T14:56:00
1.32715e-10,1.32715e-10,1.32715e-10,1.32715e-10,1640962380,2021-12-31T14:53:00
1.32518e-10,1.32518e-10,1.32518e-10,1.32518e-10,1640962320,2021-12-31T14:52:00
1.32085e-10,1.32085e-10,1.32085e-10,1.32085e-10,1640962140,2021-12-31T14:49:00
1.31084e-10,1.31887e-10,1.31084e-10,1.31887e-10,1640962020,2021-12-31T14:47:00
1.27887e-10,1.30115e-10,1.27887e-10,1.30115e-10,1640961840,2021-12-31T14:44:00
1.25537e-10,1.25537e-10,1.25537e-10,1.25537e-10,1640961720,2021-12-31T14:42:00
1.25222e-10,1.25222e-10,1.25222e-10,1.25222e-10,1640961660,2021-12-31T14:41:00
1.24144e-10,1.24144e-10,1.24144e-10,1.24144e-10,1640961600,2021-12-31T14:40:00
1.23025e-10,1.23025e-10,1.23025e-10,1.23025e-10,1640961240,2021-12-31T14:34:00
1.20309e-10,1.20309e-10,1.20309e-10,1.20309e-10,1640961180,2021-12-31T14:33:00
1.19998e-10,1.19998e-10,1.19998e-10,1.19998e-10,1640960880,2021-12-31T14:28:00
1.19385e-10,1.19385e-10,1.19385e-10,1.19385e-10,1640960820,2021-12-31T14:27:00
1.18843e-10,1.18913e-10,1.18843e-10,1.18913e-10,1640960460,2021-12-31T14:21:00
1.18617e-10,1.18617e-10,1.18617e-10,1.18617e-10,1640960340,2021-12-31T14:19:00
1.18773e-10,1.18773e-10,1.18773e-10,1.18773e-10,1640960040,2021-12-31T14:14:00
1.18546e-10,1.18546e-10,1.18546e-10,1.18546e-10,1640959800,2021-12-31T14:10:00
1.18494e-10,1.18494e-10,1.18494e-10,1.18494e-10,1640959740,2021-12-31T14:09:00
1.182e-10,1.18591e-10,1.182e-10,1.18591e-10,1640959440,2021-12-31T14:04:00
1.17294e-10,1.17294e-10,1.17294e-10,1.17294e-10,1640959380,2021-12-31T14:03:00
1.16371e-10,1.16371e-10,1.16371e-10,1.16371e-10,1640959260,2021-12-31T14:01:00
1.16208e-10,1.16208e-10,1.16208e-10,1.16208e-10,1640958960,2021-12-31T13:56:00
1.15984e-10,1.15986e-10,1.15984e-10,1.15986e-10,1640958720,2021-12-31T13:52:00
1.15333e-10,1.15333e-10,1.15333e-10,1.15333e-10,1640958420,2021-12-31T13:47:00
1.15517e-10,1.16124e-10,1.15517e-10,1.16124e-10,1640958300,2021-12-31T13:45:00
1.16481e-10,1.16481e-10,1.16481e-10,1.16481e-10,1640958240,2021-12-31T13:44:00
1.16238e-10,1.16238e-10,1.16238e-10,1.16238e-10,1640958180,2021-12-31T13:43:00
1.15664e-10,1.15664e-10,1.15664e-10,1.15664e-10,1640958120,2021-12-31T13:42:00
1.1543e-10,1.1543e-10,1.1543e-10,1.1543e-10,1640957820,2021-12-31T13:37:00
1.14065e-10,1.14065e-10,1.14065e-10,1.14065e-10,1640957520,2021-12-31T13:32:00
1.12456e-10,1.13706e-10,1.12456e-10,1.13706e-10,1640957220,2021-12-31T13:27:00
1.12919e-10,1.12919e-10,1.12919e-10,1.12919e-10,1640957160,2021-12-31T13:26:00
1.13168e-10,1.13168e-10,1.13168e-10,1.13168e-10,1640957100,2021-12-31T13:25:00
1.10197e-10,1.10197e-10,1.10197e-10,1.10197e-10,1640956980,2021-12-31T13:23:00
1.08009e-10,1.08009e-10,1.08009e-10,1.08009e-10,1640956920,2021-12-31T13:22:00
1.0808e-10,1.0808e-10,1.0808e-10,1.0808e-10,1640956860,2021-12-31T13:21:00
1.07988e-10,1.07988e-10,1.07988e-10,1.07988e-10,1640956740,2021-12-31T13:19:00
1.08009e-10,1.08009e-10,1.08009e-10,1.08009e-10,1640956620,2021-12-31T13:17:00
1.07911e-10,1.07911e-10,1.07911e-10,1.07911e-10,1640956500,2021-12-31T13:15:00
1.08469e-10,1.08469e-10,1.08469e-10,1.08469e-10,1640956380,2021-12-31T13:13:00
1.08817e-10,1.08817e-10,1.08817e-10,1.08817e-10,1640956200,2021-12-31T13:10:00
1.09126e-10,1.09126e-10,1.09126e-10,1.09126e-10,1640956080,2021-12-31T13:08:00
1.09732e-10,1.09732e-10,1.09732e-10,1.09732e-10,1640956020,2021-12-31T13:07:00
1.09119e-10,1.09119e-10,1.09119e-10,1.09119e-10,1640955900,2021-12-31T13:05:00
1.09878e-10,1.09878e-10,1.09878e-10,1.09878e-10,1640955840,2021-12-31T13:04:00
1.0972e-10,1.0972e-10,1.0972e-10,1.0972e-10,1640955780,2021-12-31T13:03:00
1.09667e-10,1.09667e-10,1.09667e-10,1.09667e-10,1640955720,2021-12-31T13:02:00
1.09206e-10,1.09206e-10,1.09206e-10,1.09206e-10,1640955660,2021-12-31T13:01:00
1.09893e-10,1.09893e-10,1.09893e-10,1.09893e-10,1640955240,2021-12-31T12:54:00
1.10647e-10,1.10877e-10,1.10647e-10,1.10877e-10,1640955180,2021-12-31T12:53:00
1.10462e-10,1.10462e-10,1.10462e-10,1.10462e-10,1640955000,2021-12-31T12:50:00
1.09713e-10,1.09713e-10,1.09713e-10,1.09713e-10,1640954940,2021-12-31T12:49:00
1.08512e-10,1.08512e-10,1.08512e-10,1.08512e-10,1640954820,2021-12-31T12:47:00
1.08303e-10,1.08303e-10,1.08303e-10,1.08303e-10,1640954760,2021-12-31T12:46:00
1.07909e-10,1.08046e-10,1.07909e-10,1.08046e-10,1640954640,2021-12-31T12:44:00
1.07244e-10,1.07244e-10,1.07244e-10,1.07244e-10,1640954580,2021-12-31T12:43:00
1.0783e-10,1.0783e-10,1.0783e-10,1.0783e-10,1640954460,2021-12-31T12:41:00
1.07571e-10,1.07571e-10,1.07571e-10,1.07571e-10,1640954160,2021-12-31T12:36:00
1.07964e-10,1.07964e-10,1.07964e-10,1.07964e-10,1640954040,2021-12-31T12:34:00
1.08821e-10,1.08821e-10,1.08821e-10,1.08821e-10,1640953920,2021-12-31T12:32:00
1.09002e-10,1.09002e-10,1.09002e-10,1.09002e-10,1640953680,2021-12-31T12:28:00
1.09733e-10,1.09733e-10,1.09733e-10,1.09733e-10,1640953560,2021-12-31T12:26:00
1.09538e-10,1.09538e-10,1.09538e-10,1.09538e-10,1640953380,2021-12-31T12:23:00
1.09484e-10,1.09484e-10,1.09484e-10,1.09484e-10,1640953320,2021-12-31T12:22:00
1.0959e-10,1.0959e-10,1.0959e-10,1.0959e-10,1640953260,2021-12-31T12:21:00
1.10863e-10,1.10863e-10,1.10863e-10,1.10863e-10,1640953140,2021-12-31T12:19:00
1.10797e-10,1.10797e-10,1.10797e-10,1.10797e-10,1640953020,2021-12-31T12:17:00
1.10305e-10,1.10305e-10,1.10305e-10,1.10305e-10,1640952900,2021-12-31T12:15:00
1.1095e-10,1.1095e-10,1.1095e-10,1.1095e-10,1640952840,2021-12-31T12:14:00
1.10527e-10,1.10527e-10,1.10527e-10,1.10527e-10,1640952780,2021-12-31T12:13:00
1.11172e-10,1.11172e-10,1.11136e-10,1.11136e-10,1640952600,2021-12-31T12:10:00
1.1174e-10,1.12331e-10,1.1174e-10,1.12331e-10,1640952300,2021-12-31T12:05:00
1.12452e-10,1.12452e-10,1.12452e-10,1.12452e-10,1640951880,2021-12-31T11:58:00
1.12234e-10,1.124e-10,1.12234e-10,1.124e-10,1640951700,2021-12-31T11:55:00
1.11733e-10,1.11733e-10,1.11733e-10,1.11733e-10,1640951280,2021-12-31T11:48:00
1.1199e-10,1.1199e-10,1.1199e-10,1.1199e-10,1640950980,2021-12-31T11:43:00
1.12781e-10,1.12781e-10,1.12781e-10,1.12781e-10,1640950680,2021-12-31T11:38:00
1.13202e-10,1.13202e-10,1.13202e-10,1.13202e-10,1640950500,2021-12-31T11:35:00
1.15061e-10,1.15061e-10,1.15061e-10,1.15061e-10,1640950380,2021-12-31T11:33:00
1.1587e-10,1.1587e-10,1.1587e-10,1.1587e-10,1640950200,2021-12-31T11:30:00
1.17346e-10,1.17346e-10,1.16628e-10,1.16628e-10,1640950140,2021-12-31T11:29:00
1.17196e-10,1.17636e-10,1.17196e-10,1.17636e-10,1640950020,2021-12-31T11:27:00
1.17913e-10,1.17913e-10,1.17913e-10,1.17913e-10,1640949840,2021-12-31T11:24:00
1.17008e-10,1.17008e-10,1.17008e-10,1.17008e-10,1640949600,2021-12-31T11:20:00
1.1732e-10,1.1732e-10,1.1732e-10,1.1732e-10,1640949540,2021-12-31T11:19:00
1.18189e-10,1.18189e-10,1.17739e-10,1.17739e-10,1640949480,2021-12-31T11:18:00
1.18674e-10,1.18674e-10,1.18674e-10,1.18674e-10,1640949360,2021-12-31T11:16:00
1.18777e-10,1.18777e-10,1.18777e-10,1.18777e-10,1640948940,2021-12-31T11:09:00
1.19215e-10,1.19215e-10,1.19215e-10,1.19215e-10,1640948880,2021-12-31T11:08:00
1.18948e-10,1.18948e-10,1.18948e-10,1.18948e-10,1640948700,2021-12-31T11:05:00
1.19693e-10,1.19693e-10,1.19693e-10,1.19693e-10,1640948640,2021-12-31T11:04:00
1.1926e-10,1.1926e-10,1.1926e-10,1.1926e-10,1640948520,2021-12-31T11:02:00
1.19737e-10,1.19737e-10,1.19737e-10,1.19737e-10,1640948400,2021-12-31T11:00:00
1.19933e-10,1.20117e-10,1.19933e-10,1.20117e-10,1640947980,2021-12-31T10:53:00
1.20606e-10,1.20606e-10,1.20606e-10,1.20606e-10,1640947920,2021-12-31T10:52:00
1.20285e-10,1.20285e-10,1.20285e-10,1.20285e-10,1640947800,2021-12-31T10:50:00
1.20973e-10,1.20973e-10,1.20973e-10,1.20973e-10,1640947380,2021-12-31T10:43:00
1.20499e-10,1.20499e-10,1.20499e-10,1.20499e-10,1640947200,2021-12-31T10:40:00
1.21069e-10,1.21069e-10,1.21069e-10,1.21069e-10,1640946900,2021-12-31T10:35:00
1.20314e-10,1.20917e-10,1.20314e-10,1.20917e-10,1640946840,2021-12-31T10:34:00
1.20228e-10,1.20228e-10,1.20228e-10,1.20228e-10,1640946720,2021-12-31T10:32:00
1.20595e-10,1.20677e-10,1.20595e-10,1.20677e-10,1640946540,2021-12-31T10:29:00
1.22106e-10,1.22106e-10,1.21932e-10,1.21932e-10,1640946480,2021-12-31T10:28:00
1.22285e-10,1.22662e-10,1.22285e-10,1.22338e-10,1640946300,2021-12-31T10:25:00
1.21698e-10,1.22774e-10,1.21698e-10,1.22774e-10,1640946120,2021-12-31T10:22:00
1.22665e-10,1.22665e-10,1.22665e-10,1.22665e-10,1640946060,2021-12-31T10:21:00
1.25026e-10,1.25026e-10,1.25026e-10,1.25026e-10,1640946000,2021-12-31T10:20:00
1.25904e-10,1.25904e-10,1.25904e-10,1.25904e-10,1640945940,2021-12-31T10:19:00
1.27161e-10,1.27161e-10,1.2628e-10,1.2628e-10,1640945880,2021-12-31T10:18:00
1.29087e-10,1.29087e-10,1.29087e-10,1.29087e-10,1640945820,2021-12-31T10:17:00
1.29114e-10,1.29114e-10,1.29114e-10,1.29114e-10,1640945640,2021-12-31T10:14:00
1.2871e-10,1.2871e-10,1.28555e-10,1.28555e-10,1640945520,2021-12-31T10:12:00
1.29315e-10,1.29601e-10,1.29315e-10,1.29601e-10,1640945400,2021-12-31T10:10:00
1.29388e-10,1.29388e-10,1.29388e-10,1.29388e-10,1640945280,2021-12-31T10:08:00
1.30153e-10,1.30153e-10,1.30153e-10,1.30153e-10,1640945160,2021-12-31T10:06:00
1.2822e-10,1.2822e-10,1.2822e-10,1.2822e-10,1640944980,2021-12-31T10:03:00
1.27734e-10,1.28314e-10,1.27734e-10,1.28314e-10,1640944920,2021-12-31T10:02:00
1.32031e-10,1.32515e-10,1.32031e-10,1.32515e-10,1640944800,2021-12-31T10:00:00
1.35609e-10,1.35609e-10,1.35609e-10,1.35609e-10,1640944680,2021-12-31T09:58:00
1.34688e-10,1.34688e-10,1.34688e-10,1.34688e-10,1640944560,2021-12-31T09:56:00
1.31421e-10,1.31421e-10,1.31421e-10,1.31421e-10,1640944500,2021-12-31T09:55:00
1.32041e-10,1.32041e-10,1.32041e-10,1.32041e-10,1640944440,2021-12-31T09:54:00
1.32212e-10,1.32212e-10,1.32212e-10,1.32212e-10,1640944320,2021-12-31T09:52:00
1.31764e-10,1.31764e-10,1.31764e-10,1.31764e-10,1640944140,2021-12-31T09:49:00
1.31655e-10,1.31655e-10,1.31655e-10,1.31655e-10,1640943840,2021-12-31T09:44:00
1.3004e-10,1.31568e-10,1.3004e-10,1.31568e-10,1640943720,2021-12-31T09:42:00
1.26461e-10,1.26461e-10,1.26461e-10,1.26461e-10,1640943600,2021-12-31T09:40:00
1.26469e-10,1.26469e-10,1.26469e-10,1.26469e-10,1640943540,2021-12-31T09:39:00
1.27774e-10,1.27774e-10,1.26538e-10,1.26538e-10,1640943120,2021-12-31T09:32:00
1.27323e-10,1.27323e-10,1.27323e-10,1.27323e-10,1640942880,2021-12-31T09:28:00
1.28127e-10,1.28127e-10,1.27669e-10,1.27669e-10,1640942580,2021-12-31T09:23:00
1.28198e-10,1.28198e-10,1.28198e-10,1.28198e-10,1640942520,2021-12-31T09:22:00
1.27958e-10,1.27958e-10,1.27958e-10,1.27958e-10,1640942280,2021-12-31T09:18:00
1.28686e-10,1.28686e-10,1.28686e-10,1.28686e-10,1640942040,2021-12-31T09:14:00
1.28398e-10,1.28398e-10,1.28398e-10,1.28398e-10,1640941980,2021-12-31T09:13:00
1.28148e-10,1.28148e-10,1.28148e-10,1.28148e-10,1640941920,2021-12-31T09:12:00
1.28126e-10,1.28126e-10,1.28126e-10,1.28126e-10,1640941800,2021-12-31T09:10:00
1.28795e-10,1.28795e-10,1.28795e-10,1.28795e-10,1640941620,2021-12-31T09:07:00
1.27902e-10,1.27902e-10,1.27776e-10,1.27776e-10,1640941500,2021-12-31T09:05:00
1.2814e-10,1.2814e-10,1.2814e-10,1.2814e-10,1640941440,2021-12-31T09:04:00
1.30456e-10,1.30456e-10,1.30456e-10,1.30456e-10,1640941260,2021-12-31T09:01:00
1.30671e-10,1.30671e-10,1.30671e-10,1.30671e-10,1640941080,2021-12-31T08:58:00
1.31041e-10,1.31041e-10,1.31041e-10,1.31041e-10,1640941020,2021-12-31T08:57:00
1.31001e-10,1.31001e-10,1.31001e-10,1.31001e-10,1640940900,2021-12-31T08:55:00
1.31356e-10,1.31356e-10,1.31356e-10,1.31356e-10,1640940840,2021-12-31T08:54:00
1.31187e-10,1.31187e-10,1.31187e-10,1.31187e-10,1640940780,2021-12-31T08:53:00
1.30208e-10,1.30208e-10,1.30208e-10,1.30208e-10,1640940660,2021-12-31T08:51:00
1.31005e-10,1.31005e-10,1.31005e-10,1.31005e-10,1640940420,2021-12-31T08:47:00
1.30312e-10,1.30312e-10,1.30312e-10,1.30312e-10,1640940180,2021-12-31T08:43:00
1.29366e-10,1.29366e-10,1.29366e-10,1.29366e-10,1640940120,2021-12-31T08:42:00
1.30059e-10,1.30059e-10,1.30059e-10,1.30059e-10,1640940000,2021-12-31T08:40:00
1.28812e-10,1.28812e-10,1.28812e-10,1.28812e-10,1640939940,2021-12-31T08:39:00
1.29906e-10,1.29906e-10,1.29906e-10,1.29906e-10,1640939880,2021-12-31T08:38:00
1.30298e-10,1.30298e-10,1.30298e-10,1.30298e-10,1640939820,2021-12-31T08:37:00
1.30598e-10,1.30954e-10,1.30598e-10,1.30954e-10,1640939760,2021-12-31T08:36:00
1.31074e-10,1.31074e-10,1.31074e-10,1.31074e-10,1640939700,2021-12-31T08:35:00
1.32705e-10,1.32705e-10,1.3115e-10,1.31247e-10,1640939640,2021-12-31T08:34:00
1.3486e-10,1.3486e-10,1.3486e-10,1.3486e-10,1640939460,2021-12-31T08:31:00
1.35711e-10,1.35711e-10,1.35711e-10,1.35711e-10,1640939400,2021-12-31T08:30:00
1.35146e-10,1.35146e-10,1.35146e-10,1.35146e-10,1640939340,2021-12-31T08:29:00
1.3563e-10,1.3563e-10,1.3563e-10,1.3563e-10,1640939160,2021-12-31T08:26:00
1.36636e-10,1.36636e-10,1.36636e-10,1.36636e-10,1640939100,2021-12-31T08:25:00
1.37507e-10,1.37507e-10,1.37507e-10,1.37507e-10,1640939040,2021-12-31T08:24:00
1.37701e-10,1.37701e-10,1.37701e-10,1.37701e-10,1640938920,2021-12-31T08:22:00
1.38006e-10,1.38006e-10,1.38006e-10,1.38006e-10,1640938860,2021-12-31T08:21:00
1.37051e-10,1.37895e-10,1.37051e-10,1.37895e-10,1640938800,2021-12-31T08:20:00
1.3768e-10,1.3768e-10,1.3768e-10,1.3768e-10,1640938380,2021-12-31T08:13:00
1.38066e-10,1.38066e-10,1.36866e-10,1.37382e-10,1640938320,2021-12-31T08:12:00
1.3737e-10,1.3737e-10,1.3737e-10,1.3737e-10,1640938200,2021-12-31T08:10:00
1.37337e-10,1.38246e-10,1.37337e-10,1.38246e-10,1640937960,2021-12-31T08:06:00
1.38026e-10,1.38026e-10,1.38026e-10,1.38026e-10,1640937840,2021-12-31T08:04:00
1.37977e-10,1.37977e-10,1.37977e-10,1.37977e-10,1640937780,2021-12-31T08:03:00
1.39417e-10,1.39417e-10,1.38098e-10,1.38098e-10,1640937720,2021-12-31T08:02:00
1.39922e-10,1.40185e-10,1.39922e-10,1.40185e-10,1640937600,2021-12-31T08:00:00
1.3933e-10,1.3933e-10,1.3933e-10,1.3933e-10,1640937420,2021-12-31T07:57:00
1.39008e-10,1.39162e-10,1.39008e-10,1.39162e-10,1640937360,2021-12-31T07:56:00
1.41158e-10,1.41158e-10,1.41158e-10,1.41158e-10,1640937300,2021-12-31T07:55:00
1.45114e-10,1.45114e-10,1.45114e-10,1.45114e-10,1640937240,2021-12-31T07:54:00
1.45189e-10,1.45189e-10,1.45189e-10,1.45189e-10,1640937180,2021-12-31T07:53:00
1.33363e-10,1.38926e-10,1.33363e-10,1.38926e-10,1640937120,2021-12-31T07:52:00
1.33675e-10,1.33856e-10,1.33675e-10,1.33856e-10,1640937060,2021-12-31T07:51:00
1.32952e-10,1.32952e-10,1.32952e-10,1.32952e-10,1640936880,2021-12-31T07:48:00
1.32617e-10,1.32617e-10,1.32617e-10,1.32617e-10,1640936820,2021-12-31T07:47:00
1.33003e-10,1.33003e-10,1.33003e-10,1.33003e-10,1640936760,2021-12-31T07:46:00
1.44925e-10,1.44925e-10,1.37692e-10,1.37692e-10,1640936640,2021-12-31T07:44:00
1.45325e-10,1.45325e-10,1.45325e-10,1.45325e-10,1640936580,2021-12-31T07:43:00
1.47212e-10,1.47212e-10,1.46143e-10,1.46143e-10,1640936520,2021-12-31T07:42:00
1.46813e-10,1.46813e-10,1.46813e-10,1.46813e-10,1640936280,2021-12-31T07:38:00
1.46731e-10,1.46731e-10,1.46731e-10,1.46731e-10,1640936220,2021-12-31T07:37:00
1.46676e-10,1.46676e-10,1.46676e-10,1.46676e-10,1640936160,2021-12-31T07:36:00
1.46742e-10,1.46742e-10,1.46713e-10,1.46713e-10,1640936040,2021-12-31T07:34:00
1.46588e-10,1.46588e-10,1.46588e-10,1.46588e-10,1640935860,2021-12-31T07:31:00
1.4648e-10,1.4648e-10,1.4648e-10,1.4648e-10,1640935800,2021-12-31T07:30:00
1.47753e-10,1.47753e-10,1.45894e-10,1.45894e-10,1640935620,2021-12-31T07:27:00
1.44696e-10,1.44696e-10,1.44696e-10,1.44696e-10,1640935500,2021-12-31T07:25:00
1.39324e-10,1.39324e-10,1.39324e-10,1.39324e-10,1640935440,2021-12-31T07:24:00
1.39143e-10,1.39143e-10,1.39143e-10,1.39143e-10,1640935380,2021-12-31T07:23:00
1.43062e-10,1.43062e-10,1.43062e-10,1.43062e-10,1640935320,2021-12-31T07:22:00
1.49796e-10,1.49796e-10,1.4947e-10,1.4947e-10,1640935140,2021-12-31T07:19:00
1.49796e-10,1.49796e-10,1.49796e-10,1.49796e-10,1640935080,2021-12-31T07:18:00
1.49693e-10,1.49693e-10,1.49693e-10,1.49693e-10,1640935020,2021-12-31T07:17:00
1.44346e-10,1.49259e-10,1.44346e-10,1.49259e-10,1640934960,2021-12-31T07:16:00
1.44982e-10,1.44982e-10,1.44982e-10,1.44982e-10,1640934900,2021-12-31T07:15:00
1.44722e-10,1.45863e-10,1.44722e-10,1.45863e-10,1640934780,2021-12-31T07:13:00
1.41949e-10,1.41949e-10,1.41949e-10,1.41949e-10,1640934720,2021-12-31T07:12:00
1.41365e-10,1.41365e-10,1.41365e-10,1.41365e-10,1640934660,2021-12-31T07:11:00
1.42359e-10,1.42359e-10,1.42359e-10,1.42359e-10,1640934600,2021-12-31T07:10:00
1.4133e-10,1.4133e-10,1.4133e-10,1.4133e-10,1640934540,2021-12-31T07:09:00
1.45758e-10,1.45758e-10,1.45758e-10,1.45758e-10,1640934420,2021-12-31T07:07:00
1.44833e-10,1.45994e-10,1.44833e-10,1.45994e-10,1640934120,2021-12-31T07:02:00
1.45093e-10,1.45093e-10,1.45093e-10,1.45093e-10,1640934000,2021-12-31T07:00:00
1.45978e-10,1.45978e-10,1.45978e-10,1.45978e-10,1640933940,2021-12-31T06:59:00
1.45899e-10,1.45899e-10,1.45899e-10,1.45899e-10,1640933880,2021-12-31T06:58:00
1.45933e-10,1.45933e-10,1.45933e-10,1.45933e-10,1640933700,2021-12-31T06:55:00
1.44638e-10,1.44975e-10,1.44638e-10,1.44975e-10,1640933400,2021-12-31T06:50:00
1.44592e-10,1.44592e-10,1.44592e-10,1.44592e-10,1640933340,2021-12-31T06:49:00
1.44473e-10,1.44473e-10,1.44473e-10,1.44473e-10,1640933280,2021-12-31T06:48:00
1.44107e-10,1.44107e-10,1.44107e-10,1.44107e-10,1640932980,2021-12-31T06:43:00
1.43162e-10,1.43162e-10,1.43162e-10,1.43162e-10,1640932920,2021-12-31T06:42:00
1.42456e-10,1.42763e-10,1.42456e-10,1.42763e-10,1640932860,2021-12-31T06:41:00
1.41772e-10,1.41772e-10,1.41772e-10,1.41772e-10,1640932800,2021-12-31T06:40:00
1.42389e-10,1.428e-10,1.42389e-10,1.428e-10,1640932740,2021-12-31T06:39:00
1.41659e-10,1.41659e-10,1.41659e-10,1.41659e-10,1640932680,2021-12-31T06:38:00
1.42473e-10,1.42473e-10,1.42473e-10,1.42473e-10,1640932620,2021-12-31T06:37:00
1.42293e-10,1.42293e-10,1.42293e-10,1.42293e-10,1640932500,2021-12-31T06:35:00
1.41199e-10,1.41199e-10,1.41199e-10,1.41199e-10,1640932200,2021-12-31T06:30:00
1.40541e-10,1.40541e-10,1.39488e-10,1.40033e-10,1640932140,2021-12-31T06:29:00
1.40915e-10,1.40915e-10,1.40915e-10,1.40915e-10,1640931960,2021-12-31T06:26:00
1.42549e-10,1.42549e-10,1.42549e-10,1.42549e-10,1640931840,2021-12-31T06:24:00
1.41818e-10,1.41818e-10,1.41818e-10,1.41818e-10,1640931720,2021-12-31T06:22:00
1.41915e-10,1.41915e-10,1.41915e-10,1.41915e-10,1640931660,2021-12-31T06:21:00
1.42024e-10,1.42024e-10,1.42024e-10,1.42024e-10,1640931600,2021-12-31T06:20:00
1.42638e-10,1.42638e-10,1.42043e-10,1.42043e-10,1640931540,2021-12-31T06:19:00
1.42397e-10,1.42397e-10,1.41732e-10,1.41732e-10,1640931480,2021-12-31T06:18:00
1.41443e-10,1.41443e-10,1.41443e-10,1.41443e-10,1640931300,2021-12-31T06:15:00
1.3941e-10,1.41213e-10,1.3941e-10,1.41213e-10,1640931240,2021-12-31T06:14:00
1.39194e-10,1.39194e-10,1.39194e-10,1.39194e-10,1640931180,2021-12-31T06:13:00
1.37127e-10,1.37271e-10,1.37127e-10,1.37271e-10,1640931060,2021-12-31T06:11:00
1.35616e-10,1.36838e-10,1.35616e-10,1.36838e-10,1640931000,2021-12-31T06:10:00
1.3633e-10,1.36667e-10,1.3633e-10,1.36667e-10,1640930880,2021-12-31T06:08:00
1.36627e-10,1.36627e-10,1.36288e-10,1.36288e-10,1640930820,2021-12-31T06:07:00
1.37478e-10,1.37478e-10,1.37478e-10,1.37478e-10,1640930760,2021-12-31T06:06:00
1.36971e-10,1.37372e-10,1.36971e-10,1.37372e-10,1640930700,2021-12-31T06:05:00
1.4467e-10,1.4467e-10,1.36664e-10,1.3701e-10,1640930640,2021-12-31T06:04:00
1.43875e-10,1.43875e-10,1.43875e-10,1.43875e-10,1640930520,2021-12-31T06:02:00
1.42938e-10,1.42938e-10,1.42938e-10,1.42938e-10,1640930460,2021-12-31T06:01:00
1.43513e-10,1.44481e-10,1.43513e-10,1.44481e-10,1640930400,2021-12-31T06:00:00
1.40449e-10,1.40749e-10,1.40449e-10,1.40749e-10,1640930280,2021-12-31T05:58:00
1.44304e-10,1.44304e-10,1.42691e-10,1.42691e-10,1640930220,2021-12-31T05:57:00
1.42647e-10,1.44969e-10,1.42647e-10,1.44969e-10,1640930160,2021-12-31T05:56:00
1.41033e-10,1.41538e-10,1.41033e-10,1.41538e-10,1640929980,2021-12-31T05:53:00
1.37544e-10,1.37793e-10,1.37544e-10,1.37793e-10,1640929920,2021-12-31T05:52:00
1.41785e-10,1.41785e-10,1.38817e-10,1.38817e-10,1640929860,2021-12-31T05:51:00
1.41782e-10,1.41782e-10,1.41001e-10,1.41001e-10,1640929740,2021-12-31T05:49:00
1.34473e-10,1.40629e-10,1.34473e-10,1.40629e-10,1640929620,2021-12-31T05:47:00
1.34813e-10,1.34813e-10,1.33657e-10,1.33657e-10,1640929560,2021-12-31T05:46:00
1.32944e-10,1.32944e-10,1.32944e-10,1.32944e-10,1640929440,2021-12-31T05:44:00
1.29554e-10,1.33454e-10,1.29554e-10,1.33454e-10,1640929380,2021-12-31T05:43:00
1.26275e-10,1.26275e-10,1.26275e-10,1.26275e-10,1640929260,2021-12-31T05:41:00
1.26093e-10,1.26093e-10,1.26093e-10,1.26093e-10,1640929200,2021-12-31T05:40:00
1.25777e-10,1.25777e-10,1.25777e-10,1.25777e-10,1640929140,2021-12-31T05:39:00
1.25304e-10,1.25456e-10,1.25304e-10,1.25456e-10,1640929080,2021-12-31T05:38:00
1.14887e-10,1.20204e-10,1.14887e-10,1.20204e-10,1640928900,2021-12-31T05:35:00
1.17601e-10,1.17601e-10,1.17601e-10,1.17601e-10,1640928720,2021-12-31T05:32:00
1.17704e-10,1.17704e-10,1.17704e-10,1.17704e-10,1640928660,2021-12-31T05:31:00
1.1472e-10,1.1472e-10,1.1472e-10,1.1472e-10,1640928540,2021-12-31T05:29:00
1.14571e-10,1.14571e-10,1.14571e-10,1.14571e-10,1640928420,2021-12-31T05:27:00
1.14405e-10,1.14405e-10,1.14405e-10,1.14405e-10,1640928300,2021-12-31T05:25:00
1.09609e-10,1.09609e-10,1.09609e-10,1.09609e-10,1640928240,2021-12-31T05:24:00
1.04406e-10,1.04406e-10,1.04016e-10,1.04016e-10,1640928060,2021-12-31T05:21:00
1.05159e-10,1.05311e-10,1.05159e-10,1.05311e-10,1640928000,2021-12-31T05:20:00
1.04945e-10,1.04945e-10,1.04945e-10,1.04945e-10,1640927940,2021-12-31T05:19:00
1.07965e-10,1.07965e-10,1.04484e-10,1.04484e-10,1640927820,2021-12-31T05:17:00
9.70621e-11,9.70621e-11,9.70621e-11,9.70621e-11,1640927580,2021-12-31T05:13:00
1.12532e-10,1.12776e-10,1.12532e-10,1.12776e-10,1640927520,2021-12-31T05:12:00
1.1223e-10,1.1223e-10,1.1223e-10,1.1223e-10,1640927340,2021-12-31T05:09:00
1.11627e-10,1.11627e-10,1.11627e-10,1.11627e-10,1640927160,2021-12-31T05:06:00
1.10784e-10,1.10784e-10,1.10784e-10,1.10784e-10,1640927100,2021-12-31T05:05:00
1.11176e-10,1.11176e-10,1.11176e-10,1.11176e-10,1640926980,2021-12-31T05:03:00
1.12206e-10,1.12722e-10,1.12206e-10,1.12722e-10,1640926920,2021-12-31T05:02:00
1.13744e-10,1.13744e-10,1.13143e-10,1.13143e-10,1640926800,2021-12-31T05:00:00
1.12234e-10,1.1242e-10,1.12234e-10,1.1242e-10,1640926680,2021-12-31T04:58:00
1.12097e-10,1.12097e-10,1.12097e-10,1.12097e-10,1640926620,2021-12-31T04:57:00
1.12017e-10,1.12017e-10,1.11591e-10,1.11591e-10,1640926440,2021-12-31T04:54:00
1.13512e-10,1.13512e-10,1.13512e-10,1.13512e-10,1640926380,2021-12-31T04:53:00
1.15802e-10,1.15802e-10,1.15802e-10,1.15802e-10,1640926260,2021-12-31T04:51:00
1.22095e-10,1.22095e-10,1.17591e-10,1.17591e-10,1640926200,2021-12-31T04:50:00
1.21671e-10,1.22082e-10,1.21671e-10,1.22082e-10,1640926080,2021-12-31T04:48:00
1.21363e-10,1.21739e-10,1.21363e-10,1.21739e-10,1640926020,2021-12-31T04:47:00
1.21548e-10,1.21548e-10,1.20811e-10,1.20811e-10,1640925900,2021-12-31T04:45:00
1.21215e-10,1.21215e-10,1.21215e-10,1.21215e-10,1640925720,2021-12-31T04:42:00
1.22e-10,1.22188e-10,1.22e-10,1.22188e-10,1640925660,2021-12-31T04:41:00
1.2143e-10,1.21563e-10,1.2143e-10,1.21563e-10,1640925600,2021-12-31T04:40:00
1.20495e-10,1.21202e-10,1.20495e-10,1.21202e-10,1640925540,2021-12-31T04:39:00
1.20038e-10,1.20179e-10,1.20038e-10,1.20179e-10,1640925480,2021-12-31T04:38:00
1.19974e-10,1.19974e-10,1.19974e-10,1.19974e-10,1640925420,2021-12-31T04:37:00
1.19708e-10,1.19708e-10,1.19708e-10,1.19708e-10,1640925360,2021-12-31T04:36:00
1.19609e-10,1.19609e-10,1.19609e-10,1.19609e-10,1640925300,2021-12-31T04:35:00
1.17756e-10,1.18864e-10,1.17756e-10,1.18864e-10,1640925240,2021-12-31T04:34:00
1.17596e-10,1.17596e-10,1.17596e-10,1.17596e-10,1640925180,2021-12-31T04:33:00
1.17541e-10,1.17541e-10,1.17541e-10,1.17541e-10,1640925060,2021-12-31T04:31:00
1.17282e-10,1.17282e-10,1.17282e-10,1.17282e-10,1640924880,2021-12-31T04:28:00
1.16633e-10,1.16633e-10,1.16633e-10,1.16633e-10,1640924820,2021-12-31T04:27:00
1.16745e-10,1.16745e-10,1.16745e-10,1.16745e-10,1640924760,2021-12-31T04:26:00
1.17645e-10,1.17779e-10,1.17645e-10,1.17779e-10,1640924700,2021-12-31T04:25:00
1.1722e-10,1.17594e-10,1.1722e-10,1.17535e-10,1640924640,2021-12-31T04:24:00
1.16735e-10,1.16735e-10,1.16195e-10,1.16195e-10,1640924580,2021-12-31T04:23:00
1.18316e-10,1.18316e-10,1.18316e-10,1.18316e-10,1640924460,2021-12-31T04:21:00
1.18071e-10,1.18071e-10,1.18071e-10,1.18071e-10,1640924340,2021-12-31T04:19:00
1.17716e-10,1.18095e-10,1.177e-10,1.18095e-10,1640924280,2021-12-31T04:18:00
1.1784e-10,1.1784e-10,1.1784e-10,1.1784e-10,1640924220,2021-12-31T04:17:00
1.19038e-10,1.19038e-10,1.19038e-10,1.19038e-10,1640924160,2021-12-31T04:16:00
1.16361e-10,1.17761e-10,1.16361e-10,1.17761e-10,1640924100,2021-12-31T04:15:00
1.14303e-10,1.15123e-10,1.14223e-10,1.14769e-10,1640924040,2021-12-31T04:14:00
1.13008e-10,1.13008e-10,1.13008e-10,1.13008e-10,1640923860,2021-12-31T04:11:00
1.13626e-10,1.13626e-10,1.13626e-10,1.13626e-10,1640923800,2021-12-31T04:10:00
1.14648e-10,1.14648e-10,1.14648e-10,1.14648e-10,1640923680,2021-12-31T04:08:00
1.15182e-10,1.15182e-10,1.15182e-10,1.15182e-10,1640923620,2021-12-31T04:07:00
1.16261e-10,1.16261e-10,1.15542e-10,1.15542e-10,1640923560,2021-12-31T04:06:00
1.16817e-10,1.16817e-10,1.16817e-10,1.16817e-10,1640923440,2021-12-31T04:04:00
1.19934e-10,1.19934e-10,1.1845e-10,1.1845e-10,1640923380,2021-12-31T04:03:00
1.20917e-10,1.20917e-10,1.20917e-10,1.20917e-10,1640923080,2021-12-31T03:58:00
1.21576e-10,1.21576e-10,1.21576e-10,1.21576e-10,1640923020,2021-12-31T03:57:00
1.23417e-10,1.23417e-10,1.23413e-10,1.23413e-10,1640922780,2021-12-31T03:53:00
1.22774e-10,1.22774e-10,1.22774e-10,1.22774e-10,1640922720,2021-12-31T03:52:00
1.20655e-10,1.20655e-10,1.20655e-10,1.20655e-10,1640922660,2021-12-31T03:51:00
1.18352e-10,1.18352e-10,1.18352e-10,1.18352e-10,1640922600,2021-12-31T03:50:00
1.18098e-10,1.18098e-10,1.18098e-10,1.18098e-10,1640922540,2021-12-31T03:49:00
1.15987e-10,1.15987e-10,1.15987e-10,1.15987e-10,1640922480,2021-12-31T03:48:00
1.13204e-10,1.13561e-10,1.13204e-10,1.13561e-10,1640922420,2021-12-31T03:47:00
1.13053e-10,1.13053e-10,1.13053e-10,1.13053e-10,1640922360,2021-12-31T03:46:00
1.10359e-10,1.12884e-10,1.10359e-10,1.12884e-10,1640922240,2021-12-31T03:44:00
1.10004e-10,1.10004e-10,1.10004e-10,1.10004e-10,1640922060,2021-12-31T03:41:00
1.09076e-10,1.09607e-10,1.09076e-10,1.09607e-10,1640922000,2021-12-31T03:40:00
1.08247e-10,1.08247e-10,1.08247e-10,1.08247e-10,1640921820,2021-12-31T03:37:00
1.08046e-10,1.08046e-10,1.08046e-10,1.08046e-10,1640921700,2021-12-31T03:35:00
1.07693e-10,1.07693e-10,1.07693e-10,1.07693e-10,1640921640,2021-12-31T03:34:00
1.07267e-10,1.07267e-10,1.07267e-10,1.07267e-10,1640921040,2021-12-31T03:24:00
1.06736e-10,1.06736e-10,1.06736e-10,1.06736e-10,1640920920,2021-12-31T03:22:00
1.0601e-10,1.0601e-10,1.0601e-10,1.0601e-10,1640920740,2021-12-31T03:19:00
1.0511e-10,1.0511e-10,1.0511e-10,1.0511e-10,1640920380,2021-12-31T03:13:00
1.04346e-10,1.04346e-10,1.04346e-10,1.04346e-10,1640920320,2021-12-31T03:12:00
1.04195e-10,1.04195e-10,1.04195e-10,1.04195e-10,1640920200,2021-12-31T03:10:00
1.03515e-10,1.03515e-10,1.03515e-10,1.03515e-10,1640920140,2021-12-31T03:09:00
1.04199e-10,1.04199e-10,1.04199e-10,1.04199e-10,1640919660,2021-12-31T03:01:00
1.04068e-10,1.04068e-10,1.04068e-10,1.04068e-10,1640919600,2021-12-31T03:00:00
1.04004e-10,1.04004e-10,1.04004e-10,1.04004e-10,1640919540,2021-12-31T02:59:00
1.04028e-10,1.04028e-10,1.04028e-10,1.04028e-10,1640919420,2021-12-31T02:57:00
1.03472e-10,1.03968e-10,1.03472e-10,1.03968e-10,1640919300,2021-12-31T02:55:00
1.02571e-10,1.02571e-10,1.02571e-10,1.02571e-10,1640919240,2021-12-31T02:54:00
1.02138e-10,1.02138e-10,1.02138e-10,1.02138e-10,1640919060,2021-12-31T02:51:00
1.01904e-10,1.01904e-10,1.01904e-10,1.01904e-10,1640919000,2021-12-31T02:50:00
1.01178e-10,1.0182e-10,1.01178e-10,1.0182e-10,1640918820,2021-12-31T02:47:00
1.01642e-10,1.01642e-10,1.01642e-10,1.01642e-10,1640918640,2021-12-31T02:44:00
1.01275e-10,1.01275e-10,1.01275e-10,1.01275e-10,1640918460,2021-12-31T02:41:00
1.0066e-10,1.0066e-10,1.0066e-10,1.0066e-10,1640918400,2021-12-31T02:40:00
1.01166e-10,1.01514e-10,1.01166e-10,1.01514e-10,1640918340,2021-12-31T02:39:00
1.00757e-10,1.00757e-10,1.00757e-10,1.00757e-10,1640918280,2021-12-31T02:38:00
1.00696e-10,1.00696e-10,1.00696e-10,1.00696e-10,1640918160,2021-12-31T02:36:00
1.0068e-10,1.0068e-10,1.0068e-10,1.0068e-10,1640918040,2021-12-31T02:34:00
1.00512e-10,1.00512e-10,1.00512e-10,1.00512e-10,1640917680,2021-12-31T02:28:00
1.00559e-10,1.00559e-10,1.00559e-10,1.00559e-10,1640917500,2021-12-31T02:25:00
1.00324e-10,1.00554e-10,1.00324e-10,1.00554e-10,1640917440,2021-12-31T02:24:00
9.95063e-11,9.95063e-11,9.95063e-11,9.95063e-11,1640917320,2021-12-31T02:22:00
9.98151e-11,9.98151e-11,9.98151e-11,9.98151e-11,1640917260,2021-12-31T02:21:00
1.00648e-10,1.00648e-10,1.00648e-10,1.00648e-10,1640917020,2021-12-31T02:17:00
1.01953e-10,1.01953e-10,1.01953e-10,1.01953e-10,1640916960,2021-12-31T02:16:00
1.01069e-10,1.01668e-10,1.01069e-10,1.01668e-10,1640916900,2021-12-31T02:15:00
1.01936e-10,1.01936e-10,1.01936e-10,1.01936e-10,1640916420,2021-12-31T02:07:00
1.04204e-10,1.04371e-10,1.02443e-10,1.02443e-10,1640916360,2021-12-31T02:06:00
1.04036e-10,1.04036e-10,1.04036e-10,1.04036e-10,1640916300,2021-12-31T02:05:00
1.03474e-10,1.03474e-10,1.03474e-10,1.03474e-10,1640916240,2021-12-31T02:04:00
1.03558e-10,1.0417e-10,1.03558e-10,1.0417e-10,1640916120,2021-12-31T02:02:00
1.02257e-10,1.02257e-10,1.02257e-10,1.02257e-10,1640916060,2021-12-31T02:01:00
1.00161e-10,1.00161e-10,1.00161e-10,1.00161e-10,1640916000,2021-12-31T02:00:00
9.98409e-11,9.98409e-11,9.98409e-11,9.98409e-11,1640915820,2021-12-31T01:57:00
9.85697e-11,9.85697e-11,9.85697e-11,9.85697e-11,1640915760,2021-12-31T01:56:00
9.69863e-11,9.71576e-11,9.69863e-11,9.71576e-11,1640915640,2021-12-31T01:54:00
9.68032e-11,9.68833e-11,9.68032e-11,9.68833e-11,1640915580,2021-12-31T01:53:00
9.66501e-11,9.66501e-11,9.66501e-11,9.66501e-11,1640915520,2021-12-31T01:52:00
9.65114e-11,9.6557e-11,9.65114e-11,9.6557e-11,1640915100,2021-12-31T01:45:00
9.64084e-11,9.64084e-11,9.64084e-11,9.64084e-11,1640914860,2021-12-31T01:41:00
9.62489e-11,9.62889e-11,9.62489e-11,9.62889e-11,1640914740,2021-12-31T01:39:00
9.61186e-11,9.61186e-11,9.61186e-11,9.61186e-11,1640914680,2021-12-31T01:38:00
9.58499e-11,9.58772e-11,9.58499e-11,9.58772e-11,1640914620,2021-12-31T01:37:00
9.57935e-11,9.57935e-11,9.57935e-11,9.57935e-11,1640914560,2021-12-31T01:36:00
9.46035e-11,9.55299e-11,9.46035e-11,9.55299e-11,1640914080,2021-12-31T01:28:00
9.35886e-11,9.35886e-11,9.35886e-11,9.35886e-11,1640914020,2021-12-31T01:27:00
9.28267e-11,9.28267e-11,9.28267e-11,9.28267e-11,1640913840,2021-12-31T01:24:00
9.2545e-11,9.2545e-11,9.2545e-11,9.2545e-11,1640913720,2021-12-31T01:22:00
9.23012e-11,9.23012e-11,9.23012e-11,9.23012e-11,1640913660,2021-12-31T01:21:00
9.2308e-11,9.2308e-11,9.17517e-11,9.17517e-11,1640913600,2021-12-31T01:20:00
9.17497e-11,9.17497e-11,9.17497e-11,9.17497e-11,1640913480,2021-12-31T01:18:00
9.23456e-11,9.23456e-11,9.23456e-11,9.23456e-11,1640913420,2021-12-31T01:17:00
9.22036e-11,9.22036e-11,9.22036e-11,9.22036e-11,1640913360,2021-12-31T01:16:00
9.17883e-11,9.17883e-11,9.17883e-11,9.17883e-11,1640913180,2021-12-31T01:13:00
9.17628e-11,9.17628e-11,9.17628e-11,9.17628e-11,1640912760,2021-12-31T01:06:00
9.14607e-11,9.14607e-11,9.14607e-11,9.14607e-11,1640912640,2021-12-31T01:04:00
9.24077e-11,9.24077e-11,9.24077e-11,9.24077e-11,1640912520,2021-12-31T01:02:00
9.20339e-11,9.22362e-11,9.20339e-11,9.22362e-11,1640912280,2021-12-31T00:58:00
9.18605e-11,9.18605e-11,9.18605e-11,9.18605e-11,1640912220,2021-12-31T00:57:00
9.17172e-11,9.17172e-11,9.17172e-11,9.17172e-11,1640912160,2021-12-31T00:56:00
9.09614e-11,9.09614e-11,9.09614e-11,9.09614e-11,1640912040,2021-12-31T00:54:00
8.99693e-11,8.99693e-11,8.99693e-11,8.99693e-11,1640911980,2021-12-31T00:53:00
9.04888e-11,9.04888e-11,8.94881e-11,8.94881e-11,1640911920,2021-12-31T00:52:00
8.87892e-11,8.87892e-11,8.87892e-11,8.87892e-11,1640911860,2021-12-31T00:51:00
8.69294e-11,8.69294e-11,8.69294e-11,8.69294e-11,1640911800,2021-12-31T00:50:00
8.72569e-11,8.72569e-11,8.72569e-11,8.72569e-11,1640911680,2021-12-31T00:48:00
9.01196e-11,9.01196e-11,9.01196e-11,9.01196e-11,1640911500,2021-12-31T00:45:00
9.40431e-11,9.40431e-11,9.40431e-11,9.40431e-11,1640911380,2021-12-31T00:43:00
9.63448e-11,9.63448e-11,9.56075e-11,9.56075e-11,1640911320,2021-12-31T00:42:00
9.6332e-11,9.6332e-11,9.6332e-11,9.6332e-11,1640911200,2021-12-31T00:40:00
9.57667e-11,9.63036e-11,9.57667e-11,9.63036e-11,1640910900,2021-12-31T00:35:00
9.68378e-11,9.68378e-11,9.68378e-11,9.68378e-11,1640910780,2021-12-31T00:33:00
9.9797e-11,9.9797e-11,9.79242e-11,9.79242e-11,1640910720,2021-12-31T00:32:00
9.95519e-11,9.95519e-11,9.90745e-11,9.90745e-11,1640910420,2021-12-31T00:27:00
9.91468e-11,9.94161e-11,9.91468e-11,9.94161e-11,1640910300,2021-12-31T00:25:00
9.86656e-11,9.86656e-11,9.86656e-11,9.86656e-11,1640910240,2021-12-31T00:24:00
9.94381e-11,9.94381e-11,9.94381e-11,9.94381e-11,1640910060,2021-12-31T00:21:00
9.94546e-11,9.94546e-11,9.94546e-11,9.94546e-11,1640910000,2021-12-31T00:20:00
1.00604e-10,1.00604e-10,1.00604e-10,1.00604e-10,1640909940,2021-12-31T00:19:00
9.9894e-11,9.9894e-11,9.9894e-11,9.9894e-11,1640909820,2021-12-31T00:17:00
9.93836e-11,9.93836e-11,9.93836e-11,9.93836e-11,1640909760,2021-12-31T00:16:00
9.90059e-11,9.92263e-11,9.90059e-11,9.92263e-11,1640909700,2021-12-31T00:15:00
9.93304e-11,9.93304e-11,9.8587e-11,9.8587e-11,1640909640,2021-12-31T00:14:00
9.79892e-11,9.86849e-11,9.79892e-11,9.86849e-11,1640909340,2021-12-31T00:09:00
9.78146e-11,9.78146e-11,9.78146e-11,9.78146e-11,1640909160,2021-12-31T00:06:00
9.77084e-11,9.77084e-11,9.77084e-11,9.77084e-11,1640909100,2021-12-31T00:05:00
9.74086e-11,9.74086e-11,9.74086e-11,9.74086e-11,1640908740,2021-12-30T23:59:00
9.73057e-11,9.73057e-11,9.73057e-11,9.73057e-11,1640908620,2021-12-30T23:57:00
9.68172e-11,9.68172e-11,9.68172e-11,9.68172e-11,1640908560,2021-12-30T23:56:00
9.65932e-11,9.65932e-11,9.65932e-11,9.65932e-11,1640908380,2021-12-30T23:53:00
9.6024e-11,9.6024e-11,9.6024e-11,9.6024e-11,1640908320,2021-12-30T23:52:00
9.68424e-11,9.68424e-11,9.68424e-11,9.68424e-11,1640908260,2021-12-30T23:51:00
9.66233e-11,9.66233e-11,9.66233e-11,9.66233e-11,1640908080,2021-12-30T23:48:00
9.61556e-11,9.61556e-11,9.61556e-11,9.61556e-11,1640908020,2021-12-30T23:47:00
9.8656e-11,9.8656e-11,9.8656e-11,9.8656e-11,1640907960,2021-12-30T23:46:00
1.04015e-10,1.04015e-10,1.04015e-10,1.04015e-10,1640907900,2021-12-30T23:45:00
9.48322e-11,9.48322e-11,9.48322e-11,9.48322e-11,1640907840,2021-12-30T23:44:00
9.46985e-11,9.46985e-11,9.46985e-11,9.46985e-11,1640907660,2021-12-30T23:41:00
9.42911e-11,9.42911e-11,9.42911e-11,9.42911e-11,1640907420,2021-12-30T23:37:00
9.38185e-11,9.38185e-11,9.38185e-11,9.38185e-11,1640907300,2021-12-30T23:35:00
9.47958e-11,9.47958e-11,9.47958e-11,9.47958e-11,1640907240,2021-12-30T23:34:00
9.42622e-11,9.42622e-11,9.42622e-11,9.42622e-11,1640907180,2021-12-30T23:33:00
9.48313e-11,9.48313e-11,9.48313e-11,9.48313e-11,1640907060,2021-12-30T23:31:00
9.3862e-11,9.44735e-11,9.3862e-11,9.44735e-11,1640907000,2021-12-30T23:30:00
1.00746e-10,1.00746e-10,1.00746e-10,1.00746e-10,1640906940,2021-12-30T23:29:00
9.91446e-11,1.01217e-10,9.91446e-11,1.01217e-10,1640906880,2021-12-30T23:28:00
9.71604e-11,9.71604e-11,9.71604e-11,9.71604e-11,1640906820,2021-12-30T23:27:00
9.66901e-11,9.66901e-11,9.66901e-11,9.66901e-11,1640906760,2021-12-30T23:26:00
9.59221e-11,9.63165e-11,9.59221e-11,9.63165e-11,1640906700,2021-12-30T23:25:00
9.54321e-11,9.54321e-11,9.54321e-11,9.54321e-11,1640906640,2021-12-30T23:24:00
9.48453e-11,9.50989e-11,9.48453e-11,9.50989e-11,1640906580,2021-12-30T23:23:00
1.01556e-10,1.01556e-10,9.81327e-11,9.81327e-11,1640906520,2021-12-30T23:22:00
1.01233e-10,1.01233e-10,1.01233e-10,1.01233e-10,1640906460,2021-12-30T23:21:00
1.00667e-10,1.00667e-10,1.00667e-10,1.00667e-10,1640906400,2021-12-30T23:20:00
9.92002e-11,1.0007e-10,9.92002e-11,1.0007e-10,1640906340,2021-12-30T23:19:00
9.95682e-11,9.9798e-11,9.95682e-11,9.9798e-11,1640906280,2021-12-30T23:18:00
9.903e-11,9.903e-11,9.903e-11,9.903e-11,1640906160,2021-12-30T23:16:00
9.90395e-11,9.90395e-11,9.85707e-11,9.85707e-11,1640905980,2021-12-30T23:13:00
9.98809e-11,9.98809e-11,9.98809e-11,9.98809e-11,1640905920,2021-12-30T23:12:00
1.02352e-10,1.02352e-10,9.96191e-11,9.96191e-11,1640905860,2021-12-30T23:11:00
1.01731e-10,1.01731e-10,1.01731e-10,1.01731e-10,1640905800,2021-12-30T23:10:00
1.01309e-10,1.01309e-10,1.00117e-10,1.00777e-10,1640905740,2021-12-30T23:09:00
1.00604e-10,1.00604e-10,1.00604e-10,1.00604e-10,1640905680,2021-12-30T23:08:00
1.00024e-10,1.00024e-10,1.00024e-10,1.00024e-10,1640905620,2021-12-30T23:07:00
9.75804e-11,9.75804e-11,9.75804e-11,9.75804e-11,1640905500,2021-12-30T23:05:00
9.60818e-11,9.62642e-11,9.60818e-11,9.62642e-11,1640905380,2021-12-30T23:03:00
9.54764e-11,9.54764e-11,9.54764e-11,9.54764e-11,1640905320,2021-12-30T23:02:00
9.4877e-11,9.4877e-11,9.4877e-11,9.4877e-11,1640905080,2021-12-30T22:58:00
9.55035e-11,9.55035e-11,9.55035e-11,9.55035e-11,1640905020,2021-12-30T22:57:00
9.47329e-11,9.5314e-11,9.47329e-11,9.5314e-11,1640904960,2021-12-30T22:56:00
9.46802e-11,9.46802e-11,9.46802e-11,9.46802e-11,1640904840,2021-12-30T22:54:00
9.37514e-11,9.37514e-11,9.37514e-11,9.37514e-11,1640904780,2021-12-30T22:53:00
9.4592e-11,9.4592e-11,9.4592e-11,9.4592e-11,1640904720,2021-12-30T22:52:00
9.42245e-11,9.42245e-11,9.42245e-11,9.42245e-11,1640904660,2021-12-30T22:51:00
9.40151e-11,9.40151e-11,9.37338e-11,9.37338e-11,1640904600,2021-12-30T22:50:00
9.30667e-11,9.30667e-11,9.30667e-11,9.30667e-11,1640904540,2021-12-30T22:49:00
9.26778e-11,9.26778e-11,9.26778e-11,9.26778e-11,1640904480,2021-12-30T22:48:00
9.06034e-11,9.18834e-11,9.06034e-11,9.18834e-11,1640904420,2021-12-30T22:47:00
9.12236e-11,9.12833e-11,9.12236e-11,9.12833e-11,1640904360,2021-12-30T22:46:00
9.0889e-11,9.11795e-11,9.0889e-11,9.11795e-11,1640904300,2021-12-30T22:45:00
9.02282e-11,9.02282e-11,9.02282e-11,9.02282e-11,1640904240,2021-12-30T22:44:00
9.07468e-11,9.07468e-11,9.07468e-11,9.07468e-11,1640904180,2021-12-30T22:43:00
9.06517e-11,9.06517e-11,9.06517e-11,9.06517e-11,1640904120,2021-12-30T22:42:00
8.99202e-11,8.99202e-11,8.99202e-11,8.99202e-11,1640904060,2021-12-30T22:41:00
8.94182e-11,8.94182e-11,8.94182e-11,8.94182e-11,1640904000,2021-12-30T22:40:00
9.10601e-11,9.10601e-11,9.10601e-11,9.10601e-11,1640903820,2021-12-30T22:37:00
8.88624e-11,9.07429e-11,8.88624e-11,9.07429e-11,1640903760,2021-12-30T22:36:00
8.86214e-11,8.87374e-11,8.80852e-11,8.87374e-11,1640903700,2021-12-30T22:35:00
8.92171e-11,8.93603e-11,8.92171e-11,8.93603e-11,1640903520,2021-12-30T22:32:00
8.8754e-11,8.8754e-11,8.8754e-11,8.8754e-11,1640903460,2021-12-30T22:31:00
8.83955e-11,8.83955e-11,8.83955e-11,8.83955e-11,1640903400,2021-12-30T22:30:00
8.82989e-11,8.82989e-11,8.82989e-11,8.82989e-11,1640903280,2021-12-30T22:28:00
8.86879e-11,8.86879e-11,8.86879e-11,8.86879e-11,1640902980,2021-12-30T22:23:00
8.86641e-11,8.86641e-11,8.86641e-11,8.86641e-11,1640902920,2021-12-30T22:22:00
8.80726e-11,8.80726e-11,8.80726e-11,8.80726e-11,1640902860,2021-12-30T22:21:00
8.77524e-11,8.77524e-11,8.77524e-11,8.77524e-11,1640902740,2021-12-30T22:19:00
8.79127e-11,8.86339e-11,8.79127e-11,8.86339e-11,1640902680,2021-12-30T22:18:00
8.73461e-11,8.88591e-11,8.73461e-11,8.88591e-11,1640902620,2021-12-30T22:17:00
8.66087e-11,8.66087e-11,8.66087e-11,8.66087e-11,1640902440,2021-12-30T22:14:00
8.64311e-11,8.64311e-11,8.64311e-11,8.64311e-11,1640902320,2021-12-30T22:12:00
8.58122e-11,8.58122e-11,8.58122e-11,8.58122e-11,1640902080,2021-12-30T22:08:00
8.5767e-11,8.5767e-11,8.5767e-11,8.5767e-11,1640902020,2021-12-30T22:07:00
8.51599e-11,8.51599e-11,8.51599e-11,8.51599e-11,1640901960,2021-12-30T22:06:00
8.52732e-11,8.5716e-11,8.52732e-11,8.5716e-11,1640901900,2021-12-30T22:05:00
8.56797e-11,8.56797e-11,8.56797e-11,8.56797e-11,1640901720,2021-12-30T22:02:00
8.5679e-11,8.5679e-11,8.5679e-11,8.5679e-11,1640901600,2021-12-30T22:00:00
8.53739e-11,8.53739e-11,8.53739e-11,8.53739e-11,1640901540,2021-12-30T21:59:00
8.4854e-11,8.4854e-11,8.4854e-11,8.4854e-11,1640901420,2021-12-30T21:57:00
8.45471e-11,8.45471e-11,8.45471e-11,8.45471e-11,1640901360,2021-12-30T21:56:00
8.43239e-11,8.43646e-11,8.43239e-11,8.43646e-11,1640901300,2021-12-30T21:55:00
8.36745e-11,8.36745e-11,8.36745e-11,8.36745e-11,1640901180,2021-12-30T21:53:00
8.41595e-11,8.41595e-11,8.41595e-11,8.41595e-11,1640901000,2021-12-30T21:50:00
8.64523e-11,8.64523e-11,8.64523e-11,8.64523e-11,1640900880,2021-12-30T21:48:00
8.63817e-11,8.63817e-11,8.63817e-11,8.63817e-11,1640900820,2021-12-30T21:47:00
8.57419e-11,8.59999e-11,8.57419e-11,8.59999e-11,1640900700,2021-12-30T21:45:00
8.58543e-11,8.58543e-11,8.52369e-11,8.52369e-11,1640900640,2021-12-30T21:44:00
8.24093e-11,8.39054e-11,8.24093e-11,8.39054e-11,1640900400,2021-12-30T21:40:00
8.20589e-11,8.21214e-11,8.20589e-11,8.21214e-11,1640900340,2021-12-30T21:39:00
8.14131e-11,8.14131e-11,8.14131e-11,8.14131e-11,1640900280,2021-12-30T21:38:00
8.09968e-11,8.09968e-11,8.09968e-11,8.09968e-11,1640900220,2021-12-30T21:37:00
8.08553e-11,8.08553e-11,8.08553e-11,8.08553e-11,1640900100,2021-12-30T21:35:00
8.02699e-11,8.09347e-11,8.02699e-11,8.09347e-11,1640900040,2021-12-30T21:34:00
8.43942e-11,8.43942e-11,8.43942e-11,8.43942e-11,1640899920,2021-12-30T21:32:00
8.95883e-11,8.95883e-11,8.95883e-11,8.95883e-11,1640899860,2021-12-30T21:31:00
8.89009e-11,8.89009e-11,8.89009e-11,8.89009e-11,1640899800,2021-12-30T21:30:00
8.93309e-11,8.99917e-11,8.93309e-11,8.99917e-11,1640899680,2021-12-30T21:28:00
8.93242e-11,8.93715e-11,8.93242e-11,8.93715e-11,1640899500,2021-12-30T21:25:00
8.93303e-11,8.93303e-11,8.93303e-11,8.93303e-11,1640899440,2021-12-30T21:24:00
9.05123e-11,9.05123e-11,8.91516e-11,8.91516e-11,1640899320,2021-12-30T21:22:00
9.01815e-11,9.01815e-11,9.01815e-11,9.01815e-11,1640899260,2021-12-30T21:21:00
8.93281e-11,9.00678e-11,8.93281e-11,8.97458e-11,1640899200,2021-12-30T21:20:00
8.86091e-11,8.86091e-11,8.86091e-11,8.86091e-11,1640899020,2021-12-30T21:17:00
8.9231e-11,8.9231e-11,8.9231e-11,8.9231e-11,1640898960,2021-12-30T21:16:00
8.9314e-11,8.98737e-11,8.86931e-11,8.98737e-11,1640898840,2021-12-30T21:14:00
8.90446e-11,8.9068e-11,8.90446e-11,8.9068e-11,1640898780,2021-12-30T21:13:00
8.783e-11,8.783e-11,8.783e-11,8.783e-11,1640898720,2021-12-30T21:12:00
8.86731e-11,8.87779e-11,8.863e-11,8.863e-11,1640898600,2021-12-30T21:10:00
8.85998e-11,8.85998e-11,8.85998e-11,8.85998e-11,1640898360,2021-12-30T21:06:00
8.95685e-11,8.95685e-11,8.95685e-11,8.95685e-11,1640898240,2021-12-30T21:04:00
9.03465e-11,9.03465e-11,9.03465e-11,9.03465e-11,1640898180,2021-12-30T21:03:00
9.02404e-11,9.02404e-11,9.02404e-11,9.02404e-11,1640898060,2021-12-30T21:01:00
8.99625e-11,8.99625e-11,8.99625e-11,8.99625e-11,1640898000,2021-12-30T21:00:00
9.16654e-11,9.18611e-11,9.10457e-11,9.10457e-11,1640897880,2021-12-30T20:58:00
9.19883e-11,9.19883e-11,9.19883e-11,9.19883e-11,1640897820,2021-12-30T20:57:00
9.43866e-11,9.43866e-11,9.34629e-11,9.38406e-11,1640897700,2021-12-30T20:55:00
9.37621e-11,9.37621e-11,9.3521e-11,9.3521e-11,1640897640,2021-12-30T20:54:00
9.43563e-11,9.43563e-11,9.43563e-11,9.43563e-11,1640897580,2021-12-30T20:53:00
9.41877e-11,9.41877e-11,9.41877e-11,9.41877e-11,1640897460,2021-12-30T20:51:00
9.36818e-11,9.36818e-11,9.36818e-11,9.36818e-11,1640897400,2021-12-30T20:50:00
9.4896e-11,9.4896e-11,9.41373e-11,9.41373e-11,1640897340,2021-12-30T20:49:00
9.61638e-11,9.61638e-11,9.48756e-11,9.48756e-11,1640897220,2021-12-30T20:47:00
9.61649e-11,9.61649e-11,9.61649e-11,9.61649e-11,1640897160,2021-12-30T20:46:00
9.53257e-11,9.71096e-11,9.53257e-11,9.71096e-11,1640897040,2021-12-30T20:44:00
9.40376e-11,9.42824e-11,9.39582e-11,9.39582e-11,1640896920,2021-12-30T20:42:00
9.57232e-11,9.57232e-11,9.44795e-11,9.44795e-11,1640896860,2021-12-30T20:41:00
9.54007e-11,9.62671e-11,9.54007e-11,9.62671e-11,1640896800,2021-12-30T20:40:00
9.71359e-11,9.71359e-11,9.58715e-11,9.58715e-11,1640896740,2021-12-30T20:39:00
9.70198e-11,9.70198e-11,9.70198e-11,9.70198e-11,1640896620,2021-12-30T20:37:00
9.68783e-11,9.69872e-11,9.68783e-11,9.69872e-11,1640896560,2021-12-30T20:36:00
9.31564e-11,9.5338e-11,9.25287e-11,9.5338e-11,1640896500,2021-12-30T20:35:00
9.59335e-11,9.59335e-11,9.46372e-11,9.46372e-11,1640896380,2021-12-30T20:33:00
9.56501e-11,9.56501e-11,9.56501e-11,9.56501e-11,1640896320,2021-12-30T20:32:00
9.57122e-11,9.57122e-11,9.57122e-11,9.57122e-11,1640896260,2021-12-30T20:31:00
9.44785e-11,9.73861e-11,9.44785e-11,9.73861e-11,1640896200,2021-12-30T20:30:00
9.52089e-11,9.52089e-11,9.50645e-11,9.50645e-11,1640896140,2021-12-30T20:29:00
9.57288e-11,9.57288e-11,9.57288e-11,9.57288e-11,1640896080,2021-12-30T20:28:00
9.49678e-11,9.49678e-11,9.49678e-11,9.49678e-11,1640896020,2021-12-30T20:27:00
9.56816e-11,9.56816e-11,9.56816e-11,9.56816e-11,1640895960,2021-12-30T20:26:00
9.47864e-11,9.53461e-11,9.47864e-11,9.53461e-11,1640895900,2021-12-30T20:25:00
9.51529e-11,9.55967e-11,9.51529e-11,9.55967e-11,1640895840,2021-12-30T20:24:00
9.58602e-11,9.58602e-11,9.58602e-11,9.58602e-11,1640895780,2021-12-30T20:23:00
9.55288e-11,9.55288e-11,9.55288e-11,9.55288e-11,1640895720,2021-12-30T20:22:00
9.5206e-11,9.5206e-11,9.5206e-11,9.5206e-11,1640895660,2021-12-30T20:21:00
9.44768e-11,9.45131e-11,9.44768e-11,9.45131e-11,1640895480,2021-12-30T20:18:00
9.39761e-11,9.4249e-11,9.39761e-11,9.4249e-11,1640895360,2021-12-30T20:16:00
9.37298e-11,9.37298e-11,9.37298e-11,9.37298e-11,1640895300,2021-12-30T20:15:00
9.13932e-11,9.13932e-11,9.13932e-11,9.13932e-11,1640895240,2021-12-30T20:14:00
8.95477e-11,8.95477e-11,8.95477e-11,8.95477e-11,1640895180,2021-12-30T20:13:00
8.91499e-11,8.98088e-11,8.91499e-11,8.98088e-11,1640895120,2021-12-30T20:12:00
8.92549e-11,8.92549e-11,8.92549e-11,8.92549e-11,1640895060,2021-12-30T20:11:00
8.87708e-11,8.87708e-11,8.80581e-11,8.80581e-11,1640895000,2021-12-30T20:10:00
8.82351e-11,8.83985e-11,8.82351e-11,8.83985e-11,1640894880,2021-12-30T20:08:00
8.81406e-11,8.81406e-11,8.81406e-11,8.81406e-11,1640894820,2021-12-30T20:07:00
8.76858e-11,8.76858e-11,8.76858e-11,8.76858e-11,1640894760,2021-12-30T20:06:00
8.83815e-11,8.85131e-11,8.83815e-11,8.85131e-11,1640894640,2021-12-30T20:04:00
8.93306e-11,8.93306e-11,8.93306e-11,8.93306e-11,1640894580,2021-12-30T20:03:00
9.0408e-11,9.10082e-11,8.98321e-11,8.98321e-11,1640894520,2021-12-30T20:02:00
8.96279e-11,8.99679e-11,8.96279e-11,8.99679e-11,1640894460,2021-12-30T20:01:00
8.94098e-11,8.94098e-11,8.94098e-11,8.94098e-11,1640894400,2021-12-30T20:00:00
8.9496e-11,8.9496e-11,8.89425e-11,8.89425e-11,1640894340,2021-12-30T19:59:00
9.01301e-11,9.01301e-11,9.01301e-11,9.01301e-11,1640894280,2021-12-30T19:58:00
9.033e-11,9.09438e-11,9.033e-11,9.09438e-11,1640894220,2021-12-30T19:57:00
9.13151e-11,9.13151e-11,9.08406e-11,9.08406e-11,1640894100,2021-12-30T19:55:00
9.1099e-11,9.13408e-11,9.1099e-11,9.13408e-11,1640894040,2021-12-30T19:54:00
9.11354e-11,9.11354e-11,9.11354e-11,9.11354e-11,1640893980,2021-12-30T19:53:00
9.08363e-11,9.08363e-11,9.06087e-11,9.06087e-11,1640893920,2021-12-30T19:52:00
9.34717e-11,9.34717e-11,9.17165e-11,9.17165e-11,1640893860,2021-12-30T19:51:00
9.38587e-11,9.38587e-11,9.32594e-11,9.32594e-11,1640893740,2021-12-30T19:49:00
9.36599e-11,9.36599e-11,9.36599e-11,9.36599e-11,1640893680,2021-12-30T19:48:00
9.2734e-11,9.2734e-11,9.18204e-11,9.25245e-11,1640893560,2021-12-30T19:46:00
9.25801e-11,9.25801e-11,9.25801e-11,9.25801e-11,1640893500,2021-12-30T19:45:00
9.19911e-11,9.19911e-11,9.19911e-11,9.19911e-11,1640893440,2021-12-30T19:44:00
9.26869e-11,9.26869e-11,9.26869e-11,9.26869e-11,1640893380,2021-12-30T19:43:00
9.16839e-11,9.25816e-11,9.16839e-11,9.25816e-11,1640893320,2021-12-30T19:42:00
8.86074e-11,8.86074e-11,8.86074e-11,8.86074e-11,1640893200,2021-12-30T19:40:00
8.53783e-11,8.53783e-11,8.53783e-11,8.53783e-11,1640893140,2021-12-30T19:39:00
8.42105e-11,8.42105e-11,8.42105e-11,8.42105e-11,1640892840,2021-12-30T19:34:00
8.5106e-11,8.5106e-11,8.5106e-11,8.5106e-11,1640892660,2021-12-30T19:31:00
8.49466e-11,8.49466e-11,8.49466e-11,8.49466e-11,1640892600,2021-12-30T19:30:00
8.39014e-11,8.4854e-11,8.39014e-11,8.4854e-11,1640892540,2021-12-30T19:29:00
8.24645e-11,8.24645e-11,8.24645e-11,8.24645e-11,1640892420,2021-12-30T19:27:00
8.24235e-11,8.24235e-11,8.24235e-11,8.24235e-11,1640892300,2021-12-30T19:25:00
8.16541e-11,8.16541e-11,8.16541e-11,8.16541e-11,1640892240,2021-12-30T19:24:00
8.14019e-11,8.16234e-11,8.14019e-11,8.16234e-11,1640892180,2021-12-30T19:23:00
8.12036e-11,8.12036e-11,8.12036e-11,8.12036e-11,1640892120,2021-12-30T19:22:00
8.10273e-11,8.10273e-11,8.10273e-11,8.10273e-11,1640891940,2021-12-30T19:19:00
8.09145e-11,8.09145e-11,8.09145e-11,8.09145e-11,1640891700,2021-12-30T19:15:00
7.96244e-11,8.07261e-11,7.96244e-11,8.07261e-11,1640891640,2021-12-30T19:14:00
7.82446e-11,7.82446e-11,7.82446e-11,7.82446e-11,1640891580,2021-12-30T19:13:00
7.63256e-11,7.63256e-11,7.63256e-11,7.63256e-11,1640891520,2021-12-30T19:12:00
7.46866e-11,7.47648e-11,7.42692e-11,7.42692e-11,1640891460,2021-12-30T19:11:00
7.46042e-11,7.46042e-11,7.46042e-11,7.46042e-11,1640891340,2021-12-30T19:09:00
7.19426e-11,7.19426e-11,7.01885e-11,7.03483e-11,1640891280,2021-12-30T19:08:00
7.32445e-11,7.32445e-11,7.32445e-11,7.32445e-11,1640891220,2021-12-30T19:07:00
7.78682e-11,7.78682e-11,7.52534e-11,7.52534e-11,1640891160,2021-12-30T19:06:00
8.1564e-11,8.1564e-11,8.1564e-11,8.1564e-11,1640891100,2021-12-30T19:05:00
8.15424e-11,8.15424e-11,8.15424e-11,8.15424e-11,1640891040,2021-12-30T19:04:00
8.14043e-11,8.14043e-11,8.14043e-11,8.14043e-11,1640890980,2021-12-30T19:03:00
8.14565e-11,8.14565e-11,8.14565e-11,8.14565e-11,1640890860,2021-12-30T19:01:00
8.13063e-11,8.13063e-11,8.13063e-11,8.13063e-11,1640890800,2021-12-30T19:00:00
8.11864e-11,8.11864e-11,8.11864e-11,8.11864e-11,1640890740,2021-12-30T18:59:00
8.09925e-11,8.09925e-11,8.09925e-11,8.09925e-11,1640890680,2021-12-30T18:58:00
8.04273e-11,8.04273e-11,8.04273e-11,8.04273e-11,1640890440,2021-12-30T18:54:00
7.92543e-11,8.1019e-11,7.92543e-11,8.1019e-11,1640890200,2021-12-30T18:50:00
7.74694e-11,7.74694e-11,7.74694e-11,7.74694e-11,1640890140,2021-12-30T18:49:00
7.70805e-11,7.70805e-11,7.70805e-11,7.70805e-11,1640890080,2021-12-30T18:48:00
7.63948e-11,7.63948e-11,7.63948e-11,7.63948e-11,1640890020,2021-12-30T18:47:00
7.72631e-11,7.72631e-11,7.72631e-11,7.72631e-11,1640889900,2021-12-30T18:45:00
7.70193e-11,7.70761e-11,7.70193e-11,7.70761e-11,1640889840,2021-12-30T18:44:00
7.68545e-11,7.68545e-11,7.68545e-11,7.68545e-11,1640889780,2021-12-30T18:43:00
7.57458e-11,7.57458e-11,7.57458e-11,7.57458e-11,1640889660,2021-12-30T18:41:00
7.63812e-11,7.63812e-11,7.63812e-11,7.63812e-11,1640889600,2021-12-30T18:40:00
7.73278e-11,7.73442e-11,7.68608e-11,7.73442e-11,1640889480,2021-12-30T18:38:00
7.72462e-11,7.72462e-11,7.72462e-11,7.72462e-11,1640889420,2021-12-30T18:37:00
7.68997e-11,7.68997e-11,7.68997e-11,7.68997e-11,1640889300,2021-12-30T18:35:00
7.86607e-11,7.9084e-11,7.86607e-11,7.9084e-11,1640889240,2021-12-30T18:34:00
7.93384e-11,7.93384e-11,7.93384e-11,7.93384e-11,1640889180,2021-12-30T18:33:00
7.8694e-11,7.898e-11,7.8694e-11,7.898e-11,1640889120,2021-12-30T18:32:00
7.7307e-11,7.79964e-11,7.7307e-11,7.79964e-11,1640889060,2021-12-30T18:31:00
7.72329e-11,7.72329e-11,7.72329e-11,7.72329e-11,1640889000,2021-12-30T18:30:00
7.72241e-11,7.72241e-11,7.72241e-11,7.72241e-11,1640888940,2021-12-30T18:29:00
7.54092e-11,7.54092e-11,7.54092e-11,7.54092e-11,1640888880,2021-12-30T18:28:00
7.33845e-11,7.35375e-11,7.33845e-11,7.35375e-11,1640888760,2021-12-30T18:26:00
7.3262e-11,7.3262e-11,7.3262e-11,7.3262e-11,1640888640,2021-12-30T18:24:00
7.21725e-11,7.29806e-11,7.21725e-11,7.29806e-11,1640888580,2021-12-30T18:23:00
6.97302e-11,7.09298e-11,6.97302e-11,7.09298e-11,1640888460,2021-12-30T18:21:00
6.69609e-11,6.86165e-11,6.69609e-11,6.86165e-11,1640888400,2021-12-30T18:20:00
6.59723e-11,6.59723e-11,6.59723e-11,6.59723e-11,1640888340,2021-12-30T18:19:00
6.55835e-11,6.55835e-11,6.55835e-11,6.55835e-11,1640888280,2021-12-30T18:18:00
6.527e-11,6.527e-11,6.527e-11,6.527e-11,1640888220,2021-12-30T18:17:00
6.38046e-11,6.38046e-11,6.29305e-11,6.29305e-11,1640888040,2021-12-30T18:14:00
6.45445e-11,6.45445e-11,6.45445e-11,6.45445e-11,1640887800,2021-12-30T18:10:00
6.8677e-11,6.8677e-11,6.63202e-11,6.63202e-11,1640887740,2021-12-30T18:09:00
7.04836e-11,7.04836e-11,7.04836e-11,7.04836e-11,1640887680,2021-12-30T18:08:00
7.17973e-11,7.17973e-11,7.17455e-11,7.17455e-11,1640887620,2021-12-30T18:07:00
7.15134e-11,7.16633e-11,7.15134e-11,7.16633e-11,1640887500,2021-12-30T18:05:00
7.59897e-11,7.59897e-11,7.59897e-11,7.59897e-11,1640887380,2021-12-30T18:03:00
7.61696e-11,7.61696e-11,7.61696e-11,7.61696e-11,1640887320,2021-12-30T18:02:00
7.75145e-11,7.75145e-11,7.71559e-11,7.71559e-11,1640887140,2021-12-30T17:59:00
7.92e-11,7.92e-11,7.75135e-11,7.75135e-11,1640886960,2021-12-30T17:56:00
7.69277e-11,7.91854e-11,7.69277e-11,7.91854e-11,1640886840,2021-12-30T17:54:00
7.63771e-11,7.63771e-11,7.51442e-11,7.51442e-11,1640886780,2021-12-30T17:53:00
7.63856e-11,7.63856e-11,7.63856e-11,7.63856e-11,1640886660,2021-12-30T17:51:00
7.56951e-11,7.56951e-11,7.56951e-11,7.56951e-11,1640886600,2021-12-30T17:50:00
7.92996e-11,7.97779e-11,7.92996e-11,7.97779e-11,1640886540,2021-12-30T17:49:00
8.05178e-11,8.05178e-11,7.94388e-11,7.94388e-11,1640886480,2021-12-30T17:48:00
8.41485e-11,8.41485e-11,8.32026e-11,8.32026e-11,1640886420,2021-12-30T17:47:00
8.41592e-11,8.41592e-11,8.41592e-11,8.41592e-11,1640886360,2021-12-30T17:46:00
8.10403e-11,8.31486e-11,8.10403e-11,8.31486e-11,1640886300,2021-12-30T17:45:00
8.01739e-11,8.0946e-11,8.01739e-11,8.0946e-11,1640886240,2021-12-30T17:44:00
7.89319e-11,7.9385e-11,7.89319e-11,7.9385e-11,1640886180,2021-12-30T17:43:00
7.85722e-11,7.85722e-11,7.85722e-11,7.85722e-11,1640886120,2021-12-30T17:42:00
7.30029e-11,7.57429e-11,7.30029e-11,7.57429e-11,1640886060,2021-12-30T17:41:00
7.24384e-11,7.27061e-11,7.24384e-11,7.27061e-11,1640886000,2021-12-30T17:40:00
7.11539e-11,7.11539e-11,7.11539e-11,7.11539e-11,1640885880,2021-12-30T17:38:00
6.91263e-11,7.0316e-11,6.91263e-11,7.0316e-11,1640885760,2021-12-30T17:36:00
6.78877e-11,6.78877e-11,6.78877e-11,6.78877e-11,1640885700,2021-12-30T17:35:00
6.77832e-11,6.77832e-11,6.77832e-11,6.77832e-11,1640885640,2021-12-30T17:34:00
6.31892e-11,6.31892e-11,6.31892e-11,6.31892e-11,1640885580,2021-12-30T17:33:00
6.19306e-11,6.19306e-11,6.13667e-11,6.13667e-11,1640885520,2021-12-30T17:32:00
6.17187e-11,6.17187e-11,6.17187e-11,6.17187e-11,1640885460,2021-12-30T17:31:00
6.19177e-11,6.19177e-11,6.19177e-11,6.19177e-11,1640885400,2021-12-30T17:30:00
6.07226e-11,6.07226e-11,6.07226e-11,6.07226e-11,1640885340,2021-12-30T17:29:00
5.29098e-11,5.635e-11,5.29098e-11,5.635e-11,1640885220,2021-12-30T17:27:00
5.27335e-11,5.27335e-11,5.27335e-11,5.27335e-11,1640884980,2021-12-30T17:23:00
5.27737e-11,5.27737e-11,5.27737e-11,5.27737e-11,1640884920,2021-12-30T17:22:00
5.26304e-11,5.26304e-11,5.26304e-11,5.26304e-11,1640884800,2021-12-30T17:20:00
5.26083e-11,5.26083e-11,5.26083e-11,5.26083e-11,1640884620,2021-12-30T17:17:00
5.35512e-11,5.35512e-11,5.35512e-11,5.35512e-11,1640884080,2021-12-30T17:08:00
5.28045e-11,5.28045e-11,5.28045e-11,5.28045e-11,1640883960,2021-12-30T17:06:00
5.21071e-11,5.23315e-11,5.21071e-11,5.23315e-11,1640883720,2021-12-30T17:02:00
5.15711e-11,5.15711e-11,5.15711e-11,5.15711e-11,1640883600,2021-12-30T17:00:00
5.09162e-11,5.09162e-11,5.09162e-11,5.09162e-11,1640883060,2021-12-30T16:51:00
4.99332e-11,5.04437e-11,4.99332e-11,5.04437e-11,1640882940,2021-12-30T16:49:00
5.02555e-11,5.02555e-11,5.02555e-11,5.02555e-11,1640882880,2021-12-30T16:48:00
5.01118e-11,5.01118e-11,5.01118e-11,5.01118e-11,1640882760,2021-12-30T16:46:00
5.00913e-11,5.00913e-11,5.00913e-11,5.00913e-11,1640882700,2021-12-30T16:45:00
4.94628e-11,5.00157e-11,4.94628e-11,5.00157e-11,1640882520,2021-12-30T16:42:00
4.89085e-11,4.89085e-11,4.89085e-11,4.89085e-11,1640882460,2021-12-30T16:41:00
4.85433e-11,4.85433e-11,4.85433e-11,4.85433e-11,1640882400,2021-12-30T16:40:00
4.81e-11,4.81e-11,4.80815e-11,4.80815e-11,1640882280,2021-12-30T16:38:00
4.79637e-11,4.79637e-11,4.79637e-11,4.79637e-11,1640882220,2021-12-30T16:37:00
4.80883e-11,4.80883e-11,4.80883e-11,4.80883e-11,1640882100,2021-12-30T16:35:00
4.77474e-11,4.77474e-11,4.77474e-11,4.77474e-11,1640881920,2021-12-30T16:32:00
4.76905e-11,4.76905e-11,4.76905e-11,4.76905e-11,1640881860,2021-12-30T16:31:00
4.84875e-11,4.85979e-11,4.84875e-11,4.85979e-11,1640881680,2021-12-30T16:28:00
4.78837e-11,4.78837e-11,4.78837e-11,4.78837e-11,1640881500,2021-12-30T16:25:00
4.75804e-11,4.75804e-11,4.75804e-11,4.75804e-11,1640881260,2021-12-30T16:21:00
4.78358e-11,4.78358e-11,4.78358e-11,4.78358e-11,1640881140,2021-12-30T16:19:00
4.88696e-11,4.88696e-11,4.88696e-11,4.88696e-11,1640881080,2021-12-30T16:18:00
4.82813e-11,4.87358e-11,4.82813e-11,4.87358e-11,1640881020,2021-12-30T16:17:00
4.81288e-11,4.81288e-11,4.81288e-11,4.81288e-11,1640880900,2021-12-30T16:15:00
4.81251e-11,4.81251e-11,4.81251e-11,4.81251e-11,1640880840,2021-12-30T16:14:00
4.80871e-11,4.80871e-11,4.80871e-11,4.80871e-11,1640880660,2021-12-30T16:11:00
4.78645e-11,4.78645e-11,4.78645e-11,4.78645e-11,1640880600,2021-12-30T16:10:00
4.81703e-11,4.81703e-11,4.81703e-11,4.81703e-11,1640880480,2021-12-30T16:08:00
4.93252e-11,4.93763e-11,4.93252e-11,4.93763e-11,1640880360,2021-12-30T16:06:00
4.9019e-11,4.9019e-11,4.9019e-11,4.9019e-11,1640880240,2021-12-30T16:04:00
4.87838e-11,4.87838e-11,4.87838e-11,4.87838e-11,1640880180,2021-12-30T16:03:00
4.86351e-11,4.86526e-11,4.86351e-11,4.86526e-11,1640880060,2021-12-30T16:01:00
4.81944e-11,4.81944e-11,4.81944e-11,4.81944e-11,1640879940,2021-12-30T15:59:00
4.80392e-11,4.80392e-11,4.80392e-11,4.80392e-11,1640879820,2021-12-30T15:57:00
4.79265e-11,4.79265e-11,4.79265e-11,4.79265e-11,1640879760,2021-12-30T15:56:00
4.82256e-11,4.82256e-11,4.82256e-11,4.82256e-11,1640879700,2021-12-30T15:55:00
4.77022e-11,4.77022e-11,4.77022e-11,4.77022e-11,1640879520,2021-12-30T15:52:00
4.79386e-11,4.79386e-11,4.79386e-11,4.79386e-11,1640879280,2021-12-30T15:48:00
4.80993e-11,4.80993e-11,4.80993e-11,4.80993e-11,1640879160,2021-12-30T15:46:00
4.75637e-11,4.75637e-11,4.75637e-11,4.75637e-11,1640879040,2021-12-30T15:44:00
4.72744e-11,4.72744e-11,4.72744e-11,4.72744e-11,1640878680,2021-12-30T15:38:00
4.74301e-11,4.74301e-11,4.74301e-11,4.74301e-11,1640878440,2021-12-30T15:34:00
4.83649e-11,4.83649e-11,4.83649e-11,4.83649e-11,1640878260,2021-12-30T15:31:00
5.04757e-11,5.04757e-11,5.0031e-11,5.0031e-11,1640878200,2021-12-30T15:30:00
5.07927e-11,5.07927e-11,5.02968e-11,5.02968e-11,1640878080,2021-12-30T15:28:00
5.07123e-11,5.07123e-11,5.07123e-11,5.07123e-11,1640878020,2021-12-30T15:27:00
5.11643e-11,5.11643e-11,5.11643e-11,5.11643e-11,1640877900,2021-12-30T15:25:00
5.14187e-11,5.14187e-11,5.14187e-11,5.14187e-11,1640877660,2021-12-30T15:21:00
5.11555e-11,5.12803e-11,5.11555e-11,5.12803e-11,1640877480,2021-12-30T15:18:00
5.22437e-11,5.22437e-11,5.19984e-11,5.19984e-11,1640877420,2021-12-30T15:17:00
5.30277e-11,5.30277e-11,5.30277e-11,5.30277e-11,1640877180,2021-12-30T15:13:00
5.27329e-11,5.27329e-11,5.26032e-11,5.26032e-11,1640877120,2021-12-30T15:12:00
5.29565e-11,5.29565e-11,5.29565e-11,5.29565e-11,1640877000,2021-12-30T15:10:00
5.3414e-11,5.3414e-11,5.33815e-11,5.33815e-11,1640876880,2021-12-30T15:08:00
5.33079e-11,5.33079e-11,5.33079e-11,5.33079e-11,1640876580,2021-12-30T15:03:00
5.30541e-11,5.30541e-11,5.30541e-11,5.30541e-11,1640876460,2021-12-30T15:01:00
5.26618e-11,5.27192e-11,5.26618e-11,5.27192e-11,1640876340,2021-12-30T14:59:00
5.22483e-11,5.22483e-11,5.22483e-11,5.22483e-11,1640875740,2021-12-30T14:49:00
5.16546e-11,5.16546e-11,5.16546e-11,5.16546e-11,1640875620,2021-12-30T14:47:00
5.05782e-11,5.05782e-11,5.05782e-11,5.05782e-11,1640875500,2021-12-30T14:45:00
4.97749e-11,4.98672e-11,4.97749e-11,4.98672e-11,1640875260,2021-12-30T14:41:00
4.9763e-11,4.9763e-11,4.9763e-11,4.9763e-11,1640875080,2021-12-30T14:38:00
4.90863e-11,4.9388e-11,4.90863e-11,4.9388e-11,1640874960,2021-12-30T14:36:00
4.90411e-11,4.90411e-11,4.90411e-11,4.90411e-11,1640874900,2021-12-30T14:35:00
4.8877e-11,4.8877e-11,4.8877e-11,4.8877e-11,1640874720,2021-12-30T14:32:00
4.88542e-11,4.88542e-11,4.88542e-11,4.88542e-11,1640874540,2021-12-30T14:29:00
4.8971e-11,4.8971e-11,4.8971e-11,4.8971e-11,1640874420,2021-12-30T14:27:00
4.88155e-11,4.88155e-11,4.88155e-11,4.88155e-11,1640874180,2021-12-30T14:23:00
4.8655e-11,4.89068e-11,4.8655e-11,4.89068e-11,1640873220,2021-12-30T14:07:00
4.87968e-11,4.87968e-11,4.87968e-11,4.87968e-11,1640873160,2021-12-30T14:06:00
4.79189e-11,4.79189e-11,4.79189e-11,4.79189e-11,1640872980,2021-12-30T14:03:00
4.67602e-11,4.67602e-11,4.67602e-11,4.67602e-11,1640872860,2021-12-30T14:01:00
4.54017e-11,4.54017e-11,4.54017e-11,4.54017e-11,1640872740,2021-12-30T13:59:00
4.10514e-11,4.2557e-11,4.10514e-11,4.2557e-11,1640872680,2021-12-30T13:58:00
4.19015e-11,4.20205e-11,4.19015e-11,4.20205e-11,1640872380,2021-12-30T13:53:00
4.16356e-11,4.20062e-11,4.16356e-11,4.20062e-11,1640872320,2021-12-30T13:52:00
4.20558e-11,4.20558e-11,4.20558e-11,4.20558e-11,1640872260,2021-12-30T13:51:00
4.1666e-11,4.1666e-11,4.1666e-11,4.1666e-11,1640872080,2021-12-30T13:48:00
4.13376e-11,4.13376e-11,4.13376e-11,4.13376e-11,1640871840,2021-12-30T13:44:00
4.19205e-11,4.19205e-11,4.19205e-11,4.19205e-11,1640871480,2021-12-30T13:38:00
4.19307e-11,4.19307e-11,4.19307e-11,4.19307e-11,1640871360,2021-12-30T13:36:00
4.1894e-11,4.1894e-11,4.1894e-11,4.1894e-11,1640871300,2021-12-30T13:35:00
4.16903e-11,4.16903e-11,4.16903e-11,4.16903e-11,1640871240,2021-12-30T13:34:00
4.159e-11,4.159e-11,4.159e-11,4.159e-11,1640870700,2021-12-30T13:25:00
4.29624e-11,4.29624e-11,4.29624e-11,4.29624e-11,1640870520,2021-12-30T13:22:00
4.41326e-11,4.44094e-11,4.41326e-11,4.44094e-11,1640870460,2021-12-30T13:21:00
4.50157e-11,4.50157e-11,4.42894e-11,4.42894e-11,1640870400,2021-12-30T13:20:00
4.58506e-11,4.58506e-11,4.58506e-11,4.58506e-11,1640870340,2021-12-30T13:19:00
4.62501e-11,4.62501e-11,4.62501e-11,4.62501e-11,1640870280,2021-12-30T13:18:00
4.60062e-11,4.60062e-11,4.60062e-11,4.60062e-11,1640870220,2021-12-30T13:17:00
4.63931e-11,4.63931e-11,4.63931e-11,4.63931e-11,1640870160,2021-12-30T13:16:00
4.64921e-11,4.64921e-11,4.64921e-11,4.64921e-11,1640870100,2021-12-30T13:15:00
4.66437e-11,4.66437e-11,4.66437e-11,4.66437e-11,1640869980,2021-12-30T13:13:00
4.70862e-11,4.70862e-11,4.70862e-11,4.70862e-11,1640869860,2021-12-30T13:11:00
4.71292e-11,4.71292e-11,4.71292e-11,4.71292e-11,1640869680,2021-12-30T13:08:00
4.70227e-11,4.70227e-11,4.70227e-11,4.70227e-11,1640869620,2021-12-30T13:07:00
4.77074e-11,4.77074e-11,4.77074e-11,4.77074e-11,1640869560,2021-12-30T13:06:00
4.79027e-11,4.83743e-11,4.75304e-11,4.75304e-11,1640869500,2021-12-30T13:05:00
4.80491e-11,4.80491e-11,4.80491e-11,4.80491e-11,1640869320,2021-12-30T13:02:00
4.85006e-11,4.85006e-11,4.85006e-11,4.85006e-11,1640869260,2021-12-30T13:01:00
4.86399e-11,4.86399e-11,4.86399e-11,4.86399e-11,1640869140,2021-12-30T12:59:00
4.98606e-11,4.98606e-11,4.98606e-11,4.98606e-11,1640869080,2021-12-30T12:58:00
4.93878e-11,4.93878e-11,4.93878e-11,4.93878e-11,1640869020,2021-12-30T12:57:00
4.93929e-11,4.93929e-11,4.93929e-11,4.93929e-11,1640868960,2021-12-30T12:56:00
4.97384e-11,4.97384e-11,4.97384e-11,4.97384e-11,1640868720,2021-12-30T12:52:00
4.94072e-11,4.94072e-11,4.94072e-11,4.94072e-11,1640868600,2021-12-30T12:50:00
4.96686e-11,4.96686e-11,4.96686e-11,4.96686e-11,1640868540,2021-12-30T12:49:00
5.0123e-11,5.0123e-11,5.0123e-11,5.0123e-11,1640868420,2021-12-30T12:47:00
5.07041e-11,5.07041e-11,5.07041e-11,5.07041e-11,1640868360,2021-12-30T12:46:00
5.14256e-11,5.15317e-11,5.11619e-11,5.15317e-11,1640868120,2021-12-30T12:42:00
5.13801e-11,5.13801e-11,5.13801e-11,5.13801e-11,1640867880,2021-12-30T12:38:00
4.84725e-11,4.84725e-11,4.84725e-11,4.84725e-11,1640867760,2021-12-30T12:36:00
4.56248e-11,4.56248e-11,4.56248e-11,4.56248e-11,1640867700,2021-12-30T12:35:00
4.54823e-11,4.54823e-11,4.54823e-11,4.54823e-11,1640867580,2021-12-30T12:33:00
4.52689e-11,4.52689e-11,4.52689e-11,4.52689e-11,1640867520,2021-12-30T12:32:00
4.49457e-11,4.52207e-11,4.49457e-11,4.52207e-11,1640867460,2021-12-30T12:31:00
4.4802e-11,4.4802e-11,4.4802e-11,4.4802e-11,1640867400,2021-12-30T12:30:00
4.42756e-11,4.42756e-11,4.42756e-11,4.42756e-11,1640867160,2021-12-30T12:26:00
4.40112e-11,4.40112e-11,4.40112e-11,4.40112e-11,1640867040,2021-12-30T12:24:00
4.3749e-11,4.3749e-11,4.3749e-11,4.3749e-11,1640866980,2021-12-30T12:23:00
4.34753e-11,4.34753e-11,4.34753e-11,4.34753e-11,1640866740,2021-12-30T12:19:00
4.34702e-11,4.34702e-11,4.34702e-11,4.34702e-11,1640866500,2021-12-30T12:15:00
4.36363e-11,4.36363e-11,4.36363e-11,4.36363e-11,1640866380,2021-12-30T12:13:00
4.3376e-11,4.3376e-11,4.3376e-11,4.3376e-11,1640866200,2021-12-30T12:10:00
4.34941e-11,4.34941e-11,4.34216e-11,4.34216e-11,1640866140,2021-12-30T12:09:00
4.34484e-11,4.34484e-11,4.34484e-11,4.34484e-11,1640865900,2021-12-30T12:05:00
4.17745e-11,4.23839e-11,4.17745e-11,4.23839e-11,1640865660,2021-12-30T12:01:00
4.17896e-11,4.17896e-11,4.13792e-11,4.13792e-11,1640865000,2021-12-30T11:50:00
4.17527e-11,4.17527e-11,4.17527e-11,4.17527e-11,1640864880,2021-12-30T11:48:00
4.15493e-11,4.15493e-11,4.15493e-11,4.15493e-11,1640864820,2021-12-30T11:47:00
4.15019e-11,4.15019e-11,4.15019e-11,4.15019e-11,1640864580,2021-12-30T11:43:00
4.14005e-11,4.14005e-11,4.14005e-11,4.14005e-11,1640864400,2021-12-30T11:40:00
4.10396e-11,4.10396e-11,4.10396e-11,4.10396e-11,1640864340,2021-12-30T11:39:00
4.1256e-11,4.1256e-11,4.1256e-11,4.1256e-11,1640864040,2021-12-30T11:34:00
4.1339e-11,4.1339e-11,4.1339e-11,4.1339e-11,1640863920,2021-12-30T11:32:00
4.09854e-11,4.09854e-11,4.09854e-11,4.09854e-11,1640863440,2021-12-30T11:24:00
4.09382e-11,4.09382e-11,4.09382e-11,4.09382e-11,1640863140,2021-12-30T11:19:00
4.03621e-11,4.06768e-11,4.03621e-11,4.06768e-11,1640863020,2021-12-30T11:17:00
3.92632e-11,4.01393e-11,3.92632e-11,4.01393e-11,1640862900,2021-12-30T11:15:00
3.8265e-11,3.8265e-11,3.8265e-11,3.8265e-11,1640862420,2021-12-30T11:07:00
3.77439e-11,3.77439e-11,3.77439e-11,3.77439e-11,1640862360,2021-12-30T11:06:00
3.74684e-11,3.74684e-11,3.74684e-11,3.74684e-11,1640862240,2021-12-30T11:04:00
3.74355e-11,3.74355e-11,3.74355e-11,3.74355e-11,1640862180,2021-12-30T11:03:00
3.69624e-11,3.69624e-11,3.69624e-11,3.69624e-11,1640862060,2021-12-30T11:01:00
3.54991e-11,3.54991e-11,3.54991e-11,3.54991e-11,1640861940,2021-12-30T10:59:00
3.44114e-11,3.44114e-11,3.44114e-11,3.44114e-11,1640861880,2021-12-30T10:58:00
3.40816e-11,3.40816e-11,3.40816e-11,3.40816e-11,1640861700,2021-12-30T10:55:00
3.38571e-11,3.38571e-11,3.38571e-11,3.38571e-11,1640861520,2021-12-30T10:52:00
3.36478e-11,3.36478e-11,3.36478e-11,3.36478e-11,1640861340,2021-12-30T10:49:00
3.26051e-11,3.26051e-11,3.26051e-11,3.26051e-11,1640860980,2021-12-30T10:43:00
3.19286e-11,3.19286e-11,3.19286e-11,3.19286e-11,1640860560,2021-12-30T10:36:00
3.17494e-11,3.17494e-11,3.17494e-11,3.17494e-11,1640860140,2021-12-30T10:29:00
3.17174e-11,3.17174e-11,3.17174e-11,3.17174e-11,1640859840,2021-12-30T10:24:00
3.17977e-11,3.17977e-11,3.17977e-11,3.17977e-11,1640859780,2021-12-30T10:23:00
3.15066e-11,3.15066e-11,3.15066e-11,3.15066e-11,1640859060,2021-12-30T10:11:00
3.16592e-11,3.16592e-11,3.16592e-11,3.16592e-11,1640857500,2021-12-30T09:45:00
3.2852e-11,3.2852e-11,3.2852e-11,3.2852e-11,1640857020,2021-12-30T09:37:00
3.45843e-11,3.45843e-11,3.45843e-11,3.45843e-11,1640856300,2021-12-30T09:25:00
3.51384e-11,3.51384e-11,3.51384e-11,3.51384e-11,1640855820,2021-12-30T09:17:00
3.6414e-11,3.6414e-11,3.6414e-11,3.6414e-11,1640855700,2021-12-30T09:15:00
3.66317e-11,3.67879e-11,3.62114e-11,3.62114e-11,1640855160,2021-12-30T09:06:00
3.65116e-11,3.65116e-11,3.65116e-11,3.65116e-11,1640854920,2021-12-30T09:02:00
3.64012e-11,3.64012e-11,3.64012e-11,3.64012e-11,1640854680,2021-12-30T08:58:00
3.67046e-11,3.67046e-11,3.67046e-11,3.67046e-11,1640854620,2021-12-30T08:57:00
3.75261e-11,3.75261e-11,3.75261e-11,3.75261e-11,1640854560,2021-12-30T08:56:00
3.7479e-11,3.7479e-11,3.7479e-11,3.7479e-11,1640854500,2021-12-30T08:55:00
3.74946e-11,3.74946e-11,3.74946e-11,3.74946e-11,1640853900,2021-12-30T08:45:00
3.74884e-11,3.74884e-11,3.74884e-11,3.74884e-11,1640853600,2021-12-30T08:40:00
3.73814e-11,3.75414e-11,3.73814e-11,3.75414e-11,1640853240,2021-12-30T08:34:00
3.79393e-11,3.79393e-11,3.79393e-11,3.79393e-11,1640853000,2021-12-30T08:30:00
3.80711e-11,3.80711e-11,3.80711e-11,3.80711e-11,1640852880,2021-12-30T08:28:00
3.82577e-11,3.82577e-11,3.82577e-11,3.82577e-11,1640852460,2021-12-30T08:21:00
3.88602e-11,3.88602e-11,3.88602e-11,3.88602e-11,1640852100,2021-12-30T08:15:00
3.87975e-11,3.87975e-11,3.87975e-11,3.87975e-11,1640852040,2021-12-30T08:14:00
4.00711e-11,4.00711e-11,4.00711e-11,4.00711e-11,1640851740,2021-12-30T08:09:00
4.01881e-11,4.01881e-11,4.01881e-11,4.01881e-11,1640851680,2021-12-30T08:08:00
4.0905e-11,4.0905e-11,4.0905e-11,4.0905e-11,1640851560,2021-12-30T08:06:00
4.13628e-11,4.13628e-11,4.13628e-11,4.13628e-11,1640851500,2021-12-30T08:05:00
4.18208e-11,4.18208e-11,4.18208e-11,4.18208e-11,1640851200,2021-12-30T08:00:00
4.17229e-11,4.17229e-11,4.17229e-11,4.17229e-11,1640851140,2021-12-30T07:59:00
4.16987e-11,4.16987e-11,4.16987e-11,4.16987e-11,1640850780,2021-12-30T07:53:00
4.16249e-11,4.16249e-11,4.16249e-11,4.16249e-11,1640850720,2021-12-30T07:52:00
4.16995e-11,4.16995e-11,4.16995e-11,4.16995e-11,1640850540,2021-12-30T07:49:00
4.16342e-11,4.16342e-11,4.16342e-11,4.16342e-11,1640850420,2021-12-30T07:47:00
4.13985e-11,4.13985e-11,4.13985e-11,4.13985e-11,1640850180,2021-12-30T07:43:00
4.13321e-11,4.13321e-11,4.13321e-11,4.13321e-11,1640849880,2021-12-30T07:38:00
4.12761e-11,4.12761e-11,4.12761e-11,4.12761e-11,1640849400,2021-12-30T07:30:00
4.1013e-11,4.1013e-11,4.1013e-11,4.1013e-11,1640849160,2021-12-30T07:26:00
4.11889e-11,4.13233e-11,4.11889e-11,4.13233e-11,1640849040,2021-12-30T07:24:00
4.14256e-11,4.14256e-11,4.14256e-11,4.14256e-11,1640848920,2021-12-30T07:22:00
4.20914e-11,4.20914e-11,4.20914e-11,4.20914e-11,1640848860,2021-12-30T07:21:00
4.2022e-11,4.2022e-11,4.2022e-11,4.2022e-11,1640848800,2021-12-30T07:20:00
4.20981e-11,4.20981e-11,4.18116e-11,4.18116e-11,1640848740,2021-12-30T07:19:00
4.20967e-11,4.20967e-11,4.20967e-11,4.20967e-11,1640848500,2021-12-30T07:15:00
4.18667e-11,4.18667e-11,4.18667e-11,4.18667e-11,1640848440,2021-12-30T07:14:00
4.20346e-11,4.20346e-11,4.18189e-11,4.18189e-11,1640848380,2021-12-30T07:13:00
4.27285e-11,4.27285e-11,4.27285e-11,4.27285e-11,1640848260,2021-12-30T07:11:00
4.24471e-11,4.24471e-11,4.24471e-11,4.24471e-11,1640847540,2021-12-30T06:59:00
4.2955e-11,4.2955e-11,4.2955e-11,4.2955e-11,1640847180,2021-12-30T06:53:00
4.25073e-11,4.2712e-11,4.25073e-11,4.2712e-11,1640846940,2021-12-30T06:49:00
4.30105e-11,4.30105e-11,4.30105e-11,4.30105e-11,1640846880,2021-12-30T06:48:00
4.26383e-11,4.26383e-11,4.26383e-11,4.26383e-11,1640846640,2021-12-30T06:44:00
4.2836e-11,4.2836e-11,4.2836e-11,4.2836e-11,1640846520,2021-12-30T06:42:00
4.29003e-11,4.29003e-11,4.29003e-11,4.29003e-11,1640846220,2021-12-30T06:37:00
4.25375e-11,4.25375e-11,4.25375e-11,4.25375e-11,1640845920,2021-12-30T06:32:00
4.2487e-11,4.2487e-11,4.2487e-11,4.2487e-11,1640845800,2021-12-30T06:30:00
4.22593e-11,4.22593e-11,4.22593e-11,4.22593e-11,1640845680,2021-12-30T06:28:00
4.19733e-11,4.19733e-11,4.19733e-11,4.19733e-11,1640845620,2021-12-30T06:27:00
4.10293e-11,4.10293e-11,4.10293e-11,4.10293e-11,1640845500,2021-12-30T06:25:00
4.07055e-11,4.07055e-11,4.07055e-11,4.07055e-11,1640845440,2021-12-30T06:24:00
4.15922e-11,4.15922e-11,4.15922e-11,4.15922e-11,1640845380,2021-12-30T06:23:00
4.11162e-11,4.11162e-11,4.11162e-11,4.11162e-11,1640845320,2021-12-30T06:22:00
4.1387e-11,4.1387e-11,4.1387e-11,4.1387e-11,1640845140,2021-12-30T06:19:00
4.13512e-11,4.13512e-11,4.13512e-11,4.13512e-11,1640844840,2021-12-30T06:14:00
4.10331e-11,4.10331e-11,4.10331e-11,4.10331e-11,1640844660,2021-12-30T06:11:00
4.08244e-11,4.08244e-11,4.08244e-11,4.08244e-11,1640844540,2021-12-30T06:09:00
4.04665e-11,4.04665e-11,4.04665e-11,4.04665e-11,1640844120,2021-12-30T06:02:00
3.99754e-11,3.99754e-11,3.99754e-11,3.99754e-11,1640844060,2021-12-30T06:01:00
4.08183e-11,4.08183e-11,4.08183e-11,4.08183e-11,1640844000,2021-12-30T06:00:00
4.2104e-11,4.2104e-11,4.2104e-11,4.2104e-11,1640843940,2021-12-30T05:59:00
4.23811e-11,4.23811e-11,4.23811e-11,4.23811e-11,1640843760,2021-12-30T05:56:00
4.23142e-11,4.23142e-11,4.23142e-11,4.23142e-11,1640843580,2021-12-30T05:53:00
4.12453e-11,4.12453e-11,4.12453e-11,4.12453e-11,1640843460,2021-12-30T05:51:00
4.02449e-11,4.02449e-11,4.02449e-11,4.02449e-11,1640843280,2021-12-30T05:48:00
4.02764e-11,4.02764e-11,4.02764e-11,4.02764e-11,1640843220,2021-12-30T05:47:00
3.96448e-11,3.96448e-11,3.96448e-11,3.96448e-11,1640843100,2021-12-30T05:45:00
3.84582e-11,3.84582e-11,3.84582e-11,3.84582e-11,1640842980,2021-12-30T05:43:00
3.84172e-11,3.84172e-11,3.84172e-11,3.84172e-11,1640842860,2021-12-30T05:41:00
3.8315e-11,3.8315e-11,3.8315e-11,3.8315e-11,1640842800,2021-12-30T05:40:00
3.81896e-11,3.81896e-11,3.81896e-11,3.81896e-11,1640842740,2021-12-30T05:39:00
3.81414e-11,3.81414e-11,3.81414e-11,3.81414e-11,1640842680,2021-12-30T05:38:00
3.77414e-11,3.77414e-11,3.77414e-11,3.77414e-11,1640842620,2021-12-30T05:37:00
3.73714e-11,3.73714e-11,3.73714e-11,3.73714e-11,1640842500,2021-12-30T05:35:00
3.76616e-11,3.76616e-11,3.76616e-11,3.76616e-11,1640842020,2021-12-30T05:27:00
3.78314e-11,3.78314e-11,3.78314e-11,3.78314e-11,1640841720,2021-12-30T05:22:00
3.75371e-11,3.75371e-11,3.75371e-11,3.75371e-11,1640841660,2021-12-30T05:21:00
3.76596e-11,3.76596e-11,3.76596e-11,3.76596e-11,1640841600,2021-12-30T05:20:00
3.72989e-11,3.72989e-11,3.72989e-11,3.72989e-11,1640841540,2021-12-30T05:19:00
3.71488e-11,3.72074e-11,3.71488e-11,3.71822e-11,1640841420,2021-12-30T05:17:00
3.69986e-11,3.69986e-11,3.69986e-11,3.69986e-11,1640841360,2021-12-30T05:16:00
3.70323e-11,3.70323e-11,3.70323e-11,3.70323e-11,1640841120,2021-12-30T05:12:00
3.62329e-11,3.62329e-11,3.62329e-11,3.62329e-11,1640841060,2021-12-30T05:11:00
3.5475e-11,3.5475e-11,3.5475e-11,3.5475e-11,1640840880,2021-12-30T05:08:00
3.54173e-11,3.54173e-11,3.54173e-11,3.54173e-11,1640840520,2021-12-30T05:02:00
3.56505e-11,3.56505e-11,3.56505e-11,3.56505e-11,1640840100,2021-12-30T04:55:00
3.58918e-11,3.58918e-11,3.58918e-11,3.58918e-11,1640839800,2021-12-30T04:50:00
3.68646e-11,3.68646e-11,3.68646e-11,3.68646e-11,1640839740,2021-12-30T04:49:00
3.66485e-11,3.66485e-11,3.66485e-11,3.66485e-11,1640839560,2021-12-30T04:46:00
3.7006e-11,3.7006e-11,3.7006e-11,3.7006e-11,1640839500,2021-12-30T04:45:00
3.69309e-11,3.69309e-11,3.69309e-11,3.69309e-11,1640838960,2021-12-30T04:36:00
3.67085e-11,3.67085e-11,3.67085e-11,3.67085e-11,1640838900,2021-12-30T04:35:00
3.67354e-11,3.67354e-11,3.67354e-11,3.67354e-11,1640838720,2021-12-30T04:32:00
3.69714e-11,3.71799e-11,3.69714e-11,3.71799e-11,1640838600,2021-12-30T04:30:00
3.7212e-11,3.7212e-11,3.67703e-11,3.67703e-11,1640838180,2021-12-30T04:23:00
3.71319e-11,3.71426e-11,3.71319e-11,3.71426e-11,1640837940,2021-12-30T04:19:00
3.70168e-11,3.70168e-11,3.70168e-11,3.70168e-11,1640837880,2021-12-30T04:18:00
3.68396e-11,3.68396e-11,3.68396e-11,3.68396e-11,1640837220,2021-12-30T04:07:00
3.6781e-11,3.6781e-11,3.6781e-11,3.6781e-11,1640837100,2021-12-30T04:05:00
3.67803e-11,3.67803e-11,3.67803e-11,3.67803e-11,1640836860,2021-12-30T04:01:00
3.67365e-11,3.67365e-11,3.67365e-11,3.67365e-11,1640836740,2021-12-30T03:59:00
3.65573e-11,3.65573e-11,3.65573e-11,3.65573e-11,1640836680,2021-12-30T03:58:00
3.63789e-11,3.63789e-11,3.63789e-11,3.63789e-11,1640836380,2021-12-30T03:53:00
3.66591e-11,3.66591e-11,3.66591e-11,3.66591e-11,1640836320,2021-12-30T03:52:00
3.65814e-11,3.65814e-11,3.64307e-11,3.64307e-11,1640835720,2021-12-30T03:42:00
3.63759e-11,3.69844e-11,3.63759e-11,3.69844e-11,1640835660,2021-12-30T03:41:00
3.57754e-11,3.57754e-11,3.57754e-11,3.57754e-11,1640835540,2021-12-30T03:39:00
3.60565e-11,3.60565e-11,3.60565e-11,3.60565e-11,1640835360,2021-12-30T03:36:00
3.58382e-11,3.58382e-11,3.58382e-11,3.58382e-11,1640835300,2021-12-30T03:35:00
3.59613e-11,3.60503e-11,3.59613e-11,3.60503e-11,1640834340,2021-12-30T03:19:00
3.58986e-11,3.58986e-11,3.58986e-11,3.58986e-11,1640834280,2021-12-30T03:18:00
3.58342e-11,3.58342e-11,3.58342e-11,3.58342e-11,1640834160,2021-12-30T03:16:00
3.60692e-11,3.60692e-11,3.60692e-11,3.60692e-11,1640834040,2021-12-30T03:14:00
3.51067e-11,3.51067e-11,3.51067e-11,3.51067e-11,1640833920,2021-12-30T03:12:00
3.4551e-11,3.4551e-11,3.4551e-11,3.4551e-11,1640833800,2021-12-30T03:10:00
3.45637e-11,3.45637e-11,3.45637e-11,3.45637e-11,1640833560,2021-12-30T03:06:00
3.44641e-11,3.44641e-11,3.42936e-11,3.42936e-11,1640833320,2021-12-30T03:02:00
3.49261e-11,3.49261e-11,3.49261e-11,3.49261e-11,1640833260,2021-12-30T03:01:00
3.47781e-11,3.47781e-11,3.42831e-11,3.42831e-11,1640833200,2021-12-30T03:00:00
3.45425e-11,3.45425e-11,3.45425e-11,3.45425e-11,1640832840,2021-12-30T02:54:00
3.58876e-11,3.58876e-11,3.5368e-11,3.5368e-11,1640832720,2021-12-30T02:52:00
3.55886e-11,3.55886e-11,3.55886e-11,3.55886e-11,1640832660,2021-12-30T02:51:00
3.54423e-11,3.56066e-11,3.54423e-11,3.56066e-11,1640832600,2021-12-30T02:50:00
3.5555e-11,3.5555e-11,3.5555e-11,3.5555e-11,1640832480,2021-12-30T02:48:00
3.5709e-11,3.5709e-11,3.5709e-11,3.5709e-11,1640832420,2021-12-30T02:47:00
3.67354e-11,3.67354e-11,3.67354e-11,3.67354e-11,1640832360,2021-12-30T02:46:00
3.57412e-11,3.62208e-11,3.57412e-11,3.62208e-11,1640832240,2021-12-30T02:44:00
3.59113e-11,3.59113e-11,3.59113e-11,3.59113e-11,1640832120,2021-12-30T02:42:00
3.66816e-11,3.66816e-11,3.66816e-11,3.66816e-11,1640831940,2021-12-30T02:39:00
3.75068e-11,3.75068e-11,3.75068e-11,3.75068e-11,1640831760,2021-12-30T02:36:00
3.77538e-11,3.77538e-11,3.77538e-11,3.77538e-11,1640831520,2021-12-30T02:32:00
3.79978e-11,3.79978e-11,3.79978e-11,3.79978e-11,1640831400,2021-12-30T02:30:00
3.89206e-11,3.89206e-11,3.89206e-11,3.89206e-11,1640831280,2021-12-30T02:28:00
3.89263e-11,3.89263e-11,3.89263e-11,3.89263e-11,1640831220,2021-12-30T02:27:00
3.88583e-11,3.88583e-11,3.88583e-11,3.88583e-11,1640830740,2021-12-30T02:19:00
3.89552e-11,3.89552e-11,3.89552e-11,3.89552e-11,1640830680,2021-12-30T02:18:00
3.85773e-11,3.85773e-11,3.85773e-11,3.85773e-11,1640830620,2021-12-30T02:17:00
3.85804e-11,3.88002e-11,3.85804e-11,3.88002e-11,1640830560,2021-12-30T02:16:00
3.85679e-11,3.85679e-11,3.85679e-11,3.85679e-11,1640830500,2021-12-30T02:15:00
3.83273e-11,3.83273e-11,3.83273e-11,3.83273e-11,1640830440,2021-12-30T02:14:00
3.80003e-11,3.81771e-11,3.80003e-11,3.81771e-11,1640830380,2021-12-30T02:13:00
3.81832e-11,3.81832e-11,3.81832e-11,3.81832e-11,1640830320,2021-12-30T02:12:00
3.8459e-11,3.8459e-11,3.8459e-11,3.8459e-11,1640830260,2021-12-30T02:11:00
3.82932e-11,3.82932e-11,3.82932e-11,3.82932e-11,1640830200,2021-12-30T02:10:00
3.84084e-11,3.84084e-11,3.84084e-11,3.84084e-11,1640830140,2021-12-30T02:09:00
3.9036e-11,3.9036e-11,3.9036e-11,3.9036e-11,1640830020,2021-12-30T02:07:00
3.86722e-11,3.86722e-11,3.86722e-11,3.86722e-11,1640829780,2021-12-30T02:03:00
3.8066e-11,3.8066e-11,3.8066e-11,3.8066e-11,1640829480,2021-12-30T01:58:00
3.73881e-11,3.73881e-11,3.73881e-11,3.73881e-11,1640829420,2021-12-30T01:57:00
3.6579e-11,3.70049e-11,3.6579e-11,3.70049e-11,1640829360,2021-12-30T01:56:00
3.67035e-11,3.67035e-11,3.67035e-11,3.67035e-11,1640829300,2021-12-30T01:55:00
3.57797e-11,3.57797e-11,3.57797e-11,3.57797e-11,1640829240,2021-12-30T01:54:00
3.53938e-11,3.53938e-11,3.53938e-11,3.53938e-11,1640829000,2021-12-30T01:50:00
3.51291e-11,3.51291e-11,3.51291e-11,3.51291e-11,1640828700,2021-12-30T01:45:00
3.5253e-11,3.5253e-11,3.5253e-11,3.5253e-11,1640828520,2021-12-30T01:42:00
3.5081e-11,3.5081e-11,3.5081e-11,3.5081e-11,1640827980,2021-12-30T01:33:00
3.49482e-11,3.49482e-11,3.49482e-11,3.49482e-11,1640827920,2021-12-30T01:32:00
3.53791e-11,3.53791e-11,3.53791e-11,3.53791e-11,1640827680,2021-12-30T01:28:00
3.487e-11,3.487e-11,3.487e-11,3.487e-11,1640827620,2021-12-30T01:27:00
3.4625e-11,3.4625e-11,3.4625e-11,3.4625e-11,1640827560,2021-12-30T01:26:00
3.48083e-11,3.48083e-11,3.44264e-11,3.44264e-11,1640827440,2021-12-30T01:24:00
3.4036e-11,3.4036e-11,3.4036e-11,3.4036e-11,1640827380,2021-12-30T01:23:00
3.33826e-11,3.33826e-11,3.33826e-11,3.33826e-11,1640827320,2021-12-30T01:22:00
3.32049e-11,3.32049e-11,3.32049e-11,3.32049e-11,1640827200,2021-12-30T01:20:00
3.30843e-11,3.30843e-11,3.30843e-11,3.30843e-11,1640827020,2021-12-30T01:17:00
3.31338e-11,3.31338e-11,3.31338e-11,3.31338e-11,1640826960,2021-12-30T01:16:00
3.28509e-11,3.28509e-11,3.27661e-11,3.27661e-11,1640826840,2021-12-30T01:14:00
3.30797e-11,3.30797e-11,3.30797e-11,3.30797e-11,1640826720,2021-12-30T01:12:00
3.29152e-11,3.29152e-11,3.29152e-11,3.29152e-11,1640826540,2021-12-30T01:09:00
3.31277e-11,3.31277e-11,3.31277e-11,3.31277e-11,1640826420,2021-12-30T01:07:00
3.2392e-11,3.26514e-11,3.2392e-11,3.26514e-11,1640826300,2021-12-30T01:05:00
3.2467e-11,3.2467e-11,3.22159e-11,3.22159e-11,1640825940,2021-12-30T00:59:00
3.27883e-11,3.27883e-11,3.27883e-11,3.27883e-11,1640825820,2021-12-30T00:57:00
3.26556e-11,3.26556e-11,3.26556e-11,3.26556e-11,1640825460,2021-12-30T00:51:00
3.07179e-11,3.07179e-11,3.07179e-11,3.07179e-11,1640825400,2021-12-30T00:50:00
3.01077e-11,3.02296e-11,3.01077e-11,3.02296e-11,1640825040,2021-12-30T00:44:00
3.09849e-11,3.09849e-11,3.09849e-11,3.09849e-11,1640824620,2021-12-30T00:37:00
3.07397e-11,3.07397e-11,3.07397e-11,3.07397e-11,1640824260,2021-12-30T00:31:00
3.05023e-11,3.05023e-11,3.05023e-11,3.05023e-11,1640824200,2021-12-30T00:30:00
3.08499e-11,3.08499e-11,3.08499e-11,3.08499e-11,1640822040,2021-12-29T23:54:00
3.08852e-11,3.1156e-11,3.08852e-11,3.1156e-11,1640821860,2021-12-29T23:51:00
3.07449e-11,3.07449e-11,3.07449e-11,3.07449e-11,1640821560,2021-12-29T23:46:00
3.08095e-11,3.08095e-11,3.08095e-11,3.08095e-11,1640821200,2021-12-29T23:40:00
3.06971e-11,3.09972e-11,3.06971e-11,3.09972e-11,1640820840,2021-12-29T23:34:00
3.10271e-11,3.10271e-11,3.10271e-11,3.10271e-11,1640820660,2021-12-29T23:31:00
3.13004e-11,3.13004e-11,3.08882e-11,3.08882e-11,1640820600,2021-12-29T23:30:00
3.24868e-11,3.24868e-11,3.24868e-11,3.24868e-11,1640820360,2021-12-29T23:26:00
3.24786e-11,3.24786e-11,3.24786e-11,3.24786e-11,1640820120,2021-12-29T23:22:00
3.22789e-11,3.23661e-11,3.22789e-11,3.23661e-11,1640820060,2021-12-29T23:21:00
3.15304e-11,3.15304e-11,3.15304e-11,3.15304e-11,1640820000,2021-12-29T23:20:00
3.09739e-11,3.09739e-11,3.09739e-11,3.09739e-11,1640819880,2021-12-29T23:18:00
3.08674e-11,3.08674e-11,3.08674e-11,3.08674e-11,1640819640,2021-12-29T23:14:00
2.96926e-11,2.96926e-11,2.96926e-11,2.96926e-11,1640819460,2021-12-29T23:11:00
2.85507e-11,2.85507e-11,2.85507e-11,2.85507e-11,1640819400,2021-12-29T23:10:00
2.84474e-11,2.84474e-11,2.84474e-11,2.84474e-11,1640818860,2021-12-29T23:01:00
2.83763e-11,2.83941e-11,2.83763e-11,2.83941e-11,1640818680,2021-12-29T22:58:00
2.80883e-11,2.80883e-11,2.80883e-11,2.80883e-11,1640818620,2021-12-29T22:57:00
2.72768e-11,2.72768e-11,2.72768e-11,2.72768e-11,1640818500,2021-12-29T22:55:00
2.66079e-11,2.66079e-11,2.66079e-11,2.66079e-11,1640818260,2021-12-29T22:51:00
2.66512e-11,2.66512e-11,2.66512e-11,2.66512e-11,1640818200,2021-12-29T22:50:00
2.65275e-11,2.65275e-11,2.65275e-11,2.65275e-11,1640818140,2021-12-29T22:49:00
2.66798e-11,2.66798e-11,2.66798e-11,2.66798e-11,1640818020,2021-12-29T22:47:00
2.68522e-11,2.68522e-11,2.68522e-11,2.68522e-11,1640817720,2021-12-29T22:42:00
2.68161e-11,2.68161e-11,2.68161e-11,2.68161e-11,1640817660,2021-12-29T22:41:00
2.67235e-11,2.67235e-11,2.67235e-11,2.67235e-11,1640817420,2021-12-29T22:37:00
2.64969e-11,2.64969e-11,2.64969e-11,2.64969e-11,1640817360,2021-12-29T22:36:00
2.63839e-11,2.64912e-11,2.63839e-11,2.64912e-11,1640817300,2021-12-29T22:35:00
2.62637e-11,2.62637e-11,2.62637e-11,2.62637e-11,1640817120,2021-12-29T22:32:00
2.60108e-11,2.60108e-11,2.60108e-11,2.60108e-11,1640817000,2021-12-29T22:30:00
2.57014e-11,2.57014e-11,2.57014e-11,2.57014e-11,1640816820,2021-12-29T22:27:00
2.55141e-11,2.55141e-11,2.55141e-11,2.55141e-11,1640816760,2021-12-29T22:26:00
2.56894e-11,2.56894e-11,2.56894e-11,2.56894e-11,1640816700,2021-12-29T22:25:00
2.50279e-11,2.50279e-11,2.50279e-11,2.50279e-11,1640816340,2021-12-29T22:19:00
2.43964e-11,2.43964e-11,2.43964e-11,2.43964e-11,1640816040,2021-12-29T22:14:00
2.43152e-11,2.43152e-11,2.43152e-11,2.43152e-11,1640814540,2021-12-29T21:49:00
2.4734e-11,2.4734e-11,2.43862e-11,2.43862e-11,1640814480,2021-12-29T21:48:00
2.48097e-11,2.48097e-11,2.48097e-11,2.48097e-11,1640814420,2021-12-29T21:47:00
2.48729e-11,2.48729e-11,2.48729e-11,2.48729e-11,1640814240,2021-12-29T21:44:00
2.50067e-11,2.50067e-11,2.50067e-11,2.50067e-11,1640814060,2021-12-29T21:41:00
2.4976e-11,2.4976e-11,2.4976e-11,2.4976e-11,1640813700,2021-12-29T21:35:00
2.47051e-11,2.47051e-11,2.47051e-11,2.47051e-11,1640813220,2021-12-29T21:27:00
2.45292e-11,2.45292e-11,2.45292e-11,2.45292e-11,1640813100,2021-12-29T21:25:00
2.45051e-11,2.45051e-11,2.45051e-11,2.45051e-11,1640812980,2021-12-29T21:23:00
2.4319e-11,2.4319e-11,2.4319e-11,2.4319e-11,1640812020,2021-12-29T21:07:00
2.42265e-11,2.42265e-11,2.42265e-11,2.42265e-11,1640811300,2021-12-29T20:55:00
2.42083e-11,2.42129e-11,2.42083e-11,2.42129e-11,1640811180,2021-12-29T20:53:00
2.41314e-11,2.41536e-11,2.41314e-11,2.41536e-11,1640811120,2021-12-29T20:52:00
2.40892e-11,2.40892e-11,2.40892e-11,2.40892e-11,1640810640,2021-12-29T20:44:00
2.40353e-11,2.40353e-11,2.40353e-11,2.40353e-11,1640810400,2021-12-29T20:40:00
2.39053e-11,2.39053e-11,2.39053e-11,2.39053e-11,1640810340,2021-12-29T20:39:00
2.37665e-11,2.37665e-11,2.37665e-11,2.37665e-11,1640810040,2021-12-29T20:34:00
2.3642e-11,2.3642e-11,2.3642e-11,2.3642e-11,1640809800,2021-12-29T20:30:00
2.35447e-11,2.35447e-11,2.35447e-11,2.35447e-11,1640809440,2021-12-29T20:24:00
2.33832e-11,2.33832e-11,2.33832e-11,2.33832e-11,1640809320,2021-12-29T20:22:00
2.32178e-11,2.32178e-11,2.32178e-11,2.32178e-11,1640808960,2021-12-29T20:16:00
2.30411e-11,2.30411e-11,2.30411e-11,2.30411e-11,1640808360,2021-12-29T20:06:00
2.31901e-11,2.31901e-11,2.31901e-11,2.31901e-11,1640808180,2021-12-29T20:03:00
2.34246e-11,2.34246e-11,2.34246e-11,2.34246e-11,1640807580,2021-12-29T19:53:00
2.34565e-11,2.34565e-11,2.34565e-11,2.34565e-11,1640806200,2021-12-29T19:30:00
2.2833e-11,2.2833e-11,2.2833e-11,2.2833e-11,1640806080,2021-12-29T19:28:00
2.22703e-11,2.22703e-11,2.22703e-11,2.22703e-11,1640806020,2021-12-29T19:27:00
2.21841e-11,2.21841e-11,2.21841e-11,2.21841e-11,1640805840,2021-12-29T19:24:00
2.17493e-11,2.17493e-11,2.17493e-11,2.17493e-11,1640805120,2021-12-29T19:12:00
2.17892e-11,2.17892e-11,2.17892e-11,2.17892e-11,1640805000,2021-12-29T19:10:00
2.18542e-11,2.18542e-11,2.18542e-11,2.18542e-11,1640804700,2021-12-29T19:05:00
2.1217e-11,2.1217e-11,2.1217e-11,2.1217e-11,1640804640,2021-12-29T19:04:00
2.16896e-11,2.16896e-11,2.16896e-11,2.16896e-11,1640804520,2021-12-29T19:02:00
2.24179e-11,2.24179e-11,2.24179e-11,2.24179e-11,1640803980,2021-12-29T18:53:00
2.24778e-11,2.24778e-11,2.24778e-11,2.24778e-11,1640803860,2021-12-29T18:51:00
2.25053e-11,2.25053e-11,2.25053e-11,2.25053e-11,1640803680,2021-12-29T18:48:00
2.22906e-11,2.22906e-11,2.22906e-11,2.22906e-11,1640803320,2021-12-29T18:42:00
2.17816e-11,2.17816e-11,2.17816e-11,2.17816e-11,1640803260,2021-12-29T18:41:00
2.12746e-11,2.12746e-11,2.12746e-11,2.12746e-11,1640802780,2021-12-29T18:33:00
2.12989e-11,2.12989e-11,2.12989e-11,2.12989e-11,1640802600,2021-12-29T18:30:00
2.16434e-11,2.16434e-11,2.16434e-11,2.16434e-11,1640801760,2021-12-29T18:16:00
2.18223e-11,2.18223e-11,2.18223e-11,2.18223e-11,1640801460,2021-12-29T18:11:00
2.19017e-11,2.19017e-11,2.19017e-11,2.19017e-11,1640801340,2021-12-29T18:09:00
2.18592e-11,2.18592e-11,2.18592e-11,2.18592e-11,1640800320,2021-12-29T17:52:00
2.2063e-11,2.2063e-11,2.2063e-11,2.2063e-11,1640799360,2021-12-29T17:36:00
2.21977e-11,2.21977e-11,2.21977e-11,2.21977e-11,1640798700,2021-12-29T17:25:00
2.25673e-11,2.25673e-11,2.25673e-11,2.25673e-11,1640798340,2021-12-29T17:19:00
2.30204e-11,2.30204e-11,2.30204e-11,2.30204e-11,1640797680,2021-12-29T17:08:00
2.28884e-11,2.28884e-11,2.28884e-11,2.28884e-11,1640797620,2021-12-29T17:07:00
2.3001e-11,2.30374e-11,2.3001e-11,2.30374e-11,1640797500,2021-12-29T17:05:00
2.29701e-11,2.29701e-11,2.29701e-11,2.29701e-11,1640797380,2021-12-29T17:03:00
2.29013e-11,2.29381e-11,2.29013e-11,2.29381e-11,1640797320,2021-12-29T17:02:00
2.28731e-11,2.28731e-11,2.28731e-11,2.28731e-11,1640797260,2021-12-29T17:01:00
2.28479e-11,2.28479e-11,2.28479e-11,2.28479e-11,1640797200,2021-12-29T17:00:00
2.27394e-11,2.27394e-11,2.27394e-11,2.27394e-11,1640797140,2021-12-29T16:59:00
2.2794e-11,2.2794e-11,2.2794e-11,2.2794e-11,1640797020,2021-12-29T16:57:00
2.28544e-11,2.28544e-11,2.28544e-11,2.28544e-11,1640796420,2021-12-29T16:47:00
2.29753e-11,2.29753e-11,2.29753e-11,2.29753e-11,1640795820,2021-12-29T16:37:00
2.30767e-11,2.30767e-11,2.30767e-11,2.30767e-11,1640795340,2021-12-29T16:29:00
2.32533e-11,2.32533e-11,2.32533e-11,2.32533e-11,1640794980,2021-12-29T16:23:00
2.31763e-11,2.31763e-11,2.31763e-11,2.31763e-11,1640794260,2021-12-29T16:11:00
2.32594e-11,2.32594e-11,2.32594e-11,2.32594e-11,1640793420,2021-12-29T15:57:00
2.33806e-11,2.33806e-11,2.33806e-11,2.33806e-11,1640793120,2021-12-29T15:52:00
2.35376e-11,2.35376e-11,2.35376e-11,2.35376e-11,1640792460,2021-12-29T15:41:00
2.39696e-11,2.39696e-11,2.39696e-11,2.39696e-11,1640791920,2021-12-29T15:32:00
2.38816e-11,2.38816e-11,2.38816e-11,2.38816e-11,1640791620,2021-12-29T15:27:00
2.40833e-11,2.40833e-11,2.40833e-11,2.40833e-11,1640790420,2021-12-29T15:07:00
2.41378e-11,2.41378e-11,2.41378e-11,2.41378e-11,1640790360,2021-12-29T15:06:00
2.43262e-11,2.43262e-11,2.43262e-11,2.43262e-11,1640789220,2021-12-29T14:47:00
2.40386e-11,2.40386e-11,2.40386e-11,2.40386e-11,1640789100,2021-12-29T14:45:00
2.3789e-11,2.3789e-11,2.3789e-11,2.3789e-11,1640788680,2021-12-29T14:38:00
2.39045e-11,2.39045e-11,2.39045e-11,2.39045e-11,1640787900,2021-12-29T14:25:00
2.38608e-11,2.38608e-11,2.38608e-11,2.38608e-11,1640787780,2021-12-29T14:23:00
2.38158e-11,2.38158e-11,2.38158e-11,2.38158e-11,1640787360,2021-12-29T14:16:00
2.37593e-11,2.37593e-11,2.37593e-11,2.37593e-11,1640786820,2021-12-29T14:07:00
2.3666e-11,2.3666e-11,2.3666e-11,2.3666e-11,1640786220,2021-12-29T13:57:00
2.3558e-11,2.3558e-11,2.3558e-11,2.3558e-11,1640785200,2021-12-29T13:40:00
2.36412e-11,2.36412e-11,2.36412e-11,2.36412e-11,1640784960,2021-12-29T13:36:00
2.37013e-11,2.37013e-11,2.37013e-11,2.37013e-11,1640784900,2021-12-29T13:35:00
2.37579e-11,2.37579e-11,2.37579e-11,2.37579e-11,1640784720,2021-12-29T13:32:00
2.39696e-11,2.39696e-11,2.39696e-11,2.39696e-11,1640784480,2021-12-29T13:28:00
2.3981e-11,2.3981e-11,2.3981e-11,2.3981e-11,1640783700,2021-12-29T13:15:00
2.40935e-11,2.40935e-11,2.40935e-11,2.40935e-11,1640782980,2021-12-29T13:03:00
2.40276e-11,2.40276e-11,2.40276e-11,2.40276e-11,1640782800,2021-12-29T13:00:00
2.3976e-11,2.3976e-11,2.3976e-11,2.3976e-11,1640781300,2021-12-29T12:35:00
2.4187e-11,2.4187e-11,2.4187e-11,2.4187e-11,1640779680,2021-12-29T12:08:00
2.4738e-11,2.4738e-11,2.4738e-11,2.4738e-11,1640778000,2021-12-29T11:40:00
2.49855e-11,2.49855e-11,2.49855e-11,2.49855e-11,1640775840,2021-12-29T11:04:00
2.49025e-11,2.49025e-11,2.49025e-11,2.49025e-11,1640775300,2021-12-29T10:55:00
2.47812e-11,2.47812e-11,2.47812e-11,2.47812e-11,1640775000,2021-12-29T10:50:00
2.49486e-11,2.49486e-11,2.49486e-11,2.49486e-11,1640774100,2021-12-29T10:35:00
2.44931e-11,2.44931e-11,2.44931e-11,2.44931e-11,1640773500,2021-12-29T10:25:00
2.40949e-11,2.40949e-11,2.40949e-11,2.40949e-11,1640772660,2021-12-29T10:11:00
2.43868e-11,2.43868e-11,2.43868e-11,2.43868e-11,1640772300,2021-12-29T10:05:00
2.43284e-11,2.43284e-11,2.43284e-11,2.43284e-11,1640772180,2021-12-29T10:03:00
2.44156e-11,2.44156e-11,2.44156e-11,2.44156e-11,1640772000,2021-12-29T10:00:00
2.43715e-11,2.43715e-11,2.43715e-11,2.43715e-11,1640771160,2021-12-29T09:46:00
2.45188e-11,2.45188e-11,2.45188e-11,2.45188e-11,1640770740,2021-12-29T09:39:00
2.44834e-11,2.44834e-11,2.44834e-11,2.44834e-11,1640770560,2021-12-29T09:36:00
2.4485e-11,2.4485e-11,2.4485e-11,2.4485e-11,1640770440,2021-12-29T09:34:00
2.46687e-11,2.46687e-11,2.46687e-11,2.46687e-11,1640770320,2021-12-29T09:32:00
2.45337e-11,2.45337e-11,2.45337e-11,2.45337e-11,1640770200,2021-12-29T09:30:00
2.47841e-11,2.47841e-11,2.47841e-11,2.47841e-11,1640769420,2021-12-29T09:17:00
2.53383e-11,2.53383e-11,2.53383e-11,2.53383e-11,1640769360,2021-12-29T09:16:00
2.55381e-11,2.55381e-11,2.55381e-11,2.55381e-11,1640769180,2021-12-29T09:13:00
2.56439e-11,2.56439e-11,2.56439e-11,2.56439e-11,1640768880,2021-12-29T09:08:00
2.56952e-11,2.56952e-11,2.56952e-11,2.56952e-11,1640766480,2021-12-29T08:28:00
2.60626e-11,2.60626e-11,2.60626e-11,2.60626e-11,1640764980,2021-12-29T08:03:00
2.65512e-11,2.65512e-11,2.65512e-11,2.65512e-11,1640763300,2021-12-29T07:35:00
2.64569e-11,2.64569e-11,2.64569e-11,2.64569e-11,1640762340,2021-12-29T07:19:00
2.6578e-11,2.6578e-11,2.6578e-11,2.6578e-11,1640761920,2021-12-29T07:12:00
2.70598e-11,2.70598e-11,2.66159e-11,2.66159e-11,1640761680,2021-12-29T07:08:00
2.75407e-11,2.75407e-11,2.75407e-11,2.75407e-11,1640760900,2021-12-29T06:55:00
2.76386e-11,2.76386e-11,2.76386e-11,2.76386e-11,1640759640,2021-12-29T06:34:00
2.74048e-11,2.74048e-11,2.74048e-11,2.74048e-11,1640758620,2021-12-29T06:17:00
2.74635e-11,2.74635e-11,2.74635e-11,2.74635e-11,1640758500,2021-12-29T06:15:00
2.75899e-11,2.75899e-11,2.75899e-11,2.75899e-11,1640758320,2021-12-29T06:12:00
2.77578e-11,2.78005e-11,2.77578e-11,2.78005e-11,1640758080,2021-12-29T06:08:00
2.76874e-11,2.76874e-11,2.76874e-11,2.76874e-11,1640757780,2021-12-29T06:03:00
2.78062e-11,2.78062e-11,2.75529e-11,2.75529e-11,1640757480,2021-12-29T05:58:00
2.76227e-11,2.76227e-11,2.76227e-11,2.76227e-11,1640757120,2021-12-29T05:52:00
2.77153e-11,2.77153e-11,2.77153e-11,2.77153e-11,1640757060,2021-12-29T05:51:00
2.7952e-11,2.7952e-11,2.7952e-11,2.7952e-11,1640756940,2021-12-29T05:49:00
2.77978e-11,2.77978e-11,2.77978e-11,2.77978e-11,1640756760,2021-12-29T05:46:00
2.74148e-11,2.75465e-11,2.74148e-11,2.75465e-11,1640756520,2021-12-29T05:42:00
2.73661e-11,2.73661e-11,2.73661e-11,2.73661e-11,1640756400,2021-12-29T05:40:00
2.73372e-11,2.73372e-11,2.73372e-11,2.73372e-11,1640756340,2021-12-29T05:39:00
2.73137e-11,2.73137e-11,2.73137e-11,2.73137e-11,1640756280,2021-12-29T05:38:00
2.72551e-11,2.72551e-11,2.72551e-11,2.72551e-11,1640756220,2021-12-29T05:37:00
2.7253e-11,2.7253e-11,2.7253e-11,2.7253e-11,1640756040,2021-12-29T05:34:00
2.72262e-11,2.72262e-11,2.72262e-11,2.72262e-11,1640755980,2021-12-29T05:33:00
2.71557e-11,2.71557e-11,2.71557e-11,2.71557e-11,1640755620,2021-12-29T05:27:00
2.70696e-11,2.70696e-11,2.70696e-11,2.70696e-11,1640755440,2021-12-29T05:24:00
2.70139e-11,2.70139e-11,2.70139e-11,2.70139e-11,1640755380,2021-12-29T05:23:00
2.66429e-11,2.67901e-11,2.66429e-11,2.67901e-11,1640754840,2021-12-29T05:14:00
2.65805e-11,2.65805e-11,2.65805e-11,2.65805e-11,1640754780,2021-12-29T05:13:00
2.64882e-11,2.64882e-11,2.64882e-11,2.64882e-11,1640754720,2021-12-29T05:12:00
2.65073e-11,2.65073e-11,2.64727e-11,2.64727e-11,1640754360,2021-12-29T05:06:00
2.64087e-11,2.64087e-11,2.64087e-11,2.64087e-11,1640754120,2021-12-29T05:02:00
2.64952e-11,2.64952e-11,2.64952e-11,2.64952e-11,1640753820,2021-12-29T04:57:00
2.64696e-11,2.64696e-11,2.64696e-11,2.64696e-11,1640753700,2021-12-29T04:55:00
2.62706e-11,2.62706e-11,2.62706e-11,2.62706e-11,1640753520,2021-12-29T04:52:00
1.57346e-11,2.62748e-11,1.57346e-11,2.60725e-11,1640753460,2021-12-29T04:51:00
2.62597e-11,2.62597e-11,2.62597e-11,2.62597e-11,1640753160,2021-12-29T04:46:00
2.62223e-11,2.62223e-11,2.62223e-11,2.62223e-11,1640753040,2021-12-29T04:44:00
2.5774e-11,2.61128e-11,2.5774e-11,2.61128e-11,1640752920,2021-12-29T04:42:00
2.54176e-11,2.54176e-11,2.54176e-11,2.54176e-11,1640752800,2021-12-29T04:40:00
2.55377e-11,2.55377e-11,2.55377e-11,2.55377e-11,1640752620,2021-12-29T04:37:00
2.54764e-11,2.54764e-11,2.54764e-11,2.54764e-11,1640752320,2021-12-29T04:32:00
2.52512e-11,2.52512e-11,2.52512e-11,2.52512e-11,1640752260,2021-12-29T04:31:00
2.49549e-11,2.49549e-11,2.49549e-11,2.49549e-11,1640752020,2021-12-29T04:27:00
2.48341e-11,2.48341e-11,2.48341e-11,2.48341e-11,1640751900,2021-12-29T04:25:00
2.47674e-11,2.47674e-11,2.47674e-11,2.47674e-11,1640751780,2021-12-29T04:23:00
2.47508e-11,2.47508e-11,2.47508e-11,2.47508e-11,1640751300,2021-12-29T04:15:00
2.47064e-11,2.47064e-11,2.47064e-11,2.47064e-11,1640751240,2021-12-29T04:14:00
2.42976e-11,2.42976e-11,2.42976e-11,2.42976e-11,1640751180,2021-12-29T04:13:00
2.38468e-11,2.38468e-11,2.38468e-11,2.38468e-11,1640750280,2021-12-29T03:58:00
2.37406e-11,2.37406e-11,2.37406e-11,2.37406e-11,1640750220,2021-12-29T03:57:00
2.32705e-11,2.32705e-11,2.32705e-11,2.32705e-11,1640750100,2021-12-29T03:55:00
2.28574e-11,2.28574e-11,2.28574e-11,2.28574e-11,1640750040,2021-12-29T03:54:00
2.28181e-11,2.28181e-11,2.28181e-11,2.28181e-11,1640749980,2021-12-29T03:53:00
2.28087e-11,2.28087e-11,2.28087e-11,2.28087e-11,1640749740,2021-12-29T03:49:00
2.28577e-11,2.28577e-11,2.27041e-11,2.27041e-11,1640749140,2021-12-29T03:39:00
2.27072e-11,2.27072e-11,2.27072e-11,2.27072e-11,1640748840,2021-12-29T03:34:00
2.27356e-11,2.28554e-11,2.27356e-11,2.28554e-11,1640748180,2021-12-29T03:23:00
2.27335e-11,2.27335e-11,2.26952e-11,2.26952e-11,1640747820,2021-12-29T03:17:00
2.26006e-11,2.26006e-11,2.26006e-11,2.26006e-11,1640747340,2021-12-29T03:09:00
2.28468e-11,2.28468e-11,2.28468e-11,2.28468e-11,1640747040,2021-12-29T03:04:00
2.26959e-11,2.28289e-11,2.26959e-11,2.28289e-11,1640746560,2021-12-29T02:56:00
2.27431e-11,2.27431e-11,2.27431e-11,2.27431e-11,1640746500,2021-12-29T02:55:00
2.28118e-11,2.28118e-11,2.28118e-11,2.28118e-11,1640746140,2021-12-29T02:49:00
2.27852e-11,2.27852e-11,2.27852e-11,2.27852e-11,1640745960,2021-12-29T02:46:00
2.26068e-11,2.26068e-11,2.26068e-11,2.26068e-11,1640745780,2021-12-29T02:43:00
2.25684e-11,2.25684e-11,2.25684e-11,2.25684e-11,1640745660,2021-12-29T02:41:00
2.25223e-11,2.25223e-11,2.25223e-11,2.25223e-11,1640745480,2021-12-29T02:38:00
2.23884e-11,2.23884e-11,2.23884e-11,2.23884e-11,1640745060,2021-12-29T02:31:00
2.25094e-11,2.25094e-11,2.25094e-11,2.25094e-11,1640744880,2021-12-29T02:28:00
2.24263e-11,2.24263e-11,2.24263e-11,2.24263e-11,1640744820,2021-12-29T02:27:00
2.26306e-11,2.26306e-11,2.26306e-11,2.26306e-11,1640744520,2021-12-29T02:22:00
2.26155e-11,2.26155e-11,2.26155e-11,2.26155e-11,1640744460,2021-12-29T02:21:00
2.23912e-11,2.25541e-11,2.23912e-11,2.25541e-11,1640744400,2021-12-29T02:20:00
2.23704e-11,2.23704e-11,2.23704e-11,2.23704e-11,1640744340,2021-12-29T02:19:00
2.23209e-11,2.23209e-11,2.23209e-11,2.23209e-11,1640744280,2021-12-29T02:18:00
2.22371e-11,2.22371e-11,2.22371e-11,2.22371e-11,1640744040,2021-12-29T02:14:00
2.21652e-11,2.21652e-11,2.21652e-11,2.21652e-11,1640743800,2021-12-29T02:10:00
2.19377e-11,2.19377e-11,2.19377e-11,2.19377e-11,1640743320,2021-12-29T02:02:00
2.16734e-11,2.16734e-11,2.16734e-11,2.16734e-11,1640743080,2021-12-29T01:58:00
2.16236e-11,2.16236e-11,2.16236e-11,2.16236e-11,1640742420,2021-12-29T01:47:00
2.1565e-11,2.1565e-11,2.1565e-11,2.1565e-11,1640742360,2021-12-29T01:46:00
2.14706e-11,2.14706e-11,2.14706e-11,2.14706e-11,1640741820,2021-12-29T01:37:00
2.16555e-11,2.16555e-11,2.16555e-11,2.16555e-11,1640741400,2021-12-29T01:30:00
2.15659e-11,2.15659e-11,2.15659e-11,2.15659e-11,1640741280,2021-12-29T01:28:00
2.12074e-11,2.15049e-11,2.12074e-11,2.15049e-11,1640740860,2021-12-29T01:21:00
2.11345e-11,2.11345e-11,2.11345e-11,2.11345e-11,1640740680,2021-12-29T01:18:00
2.11093e-11,2.11093e-11,2.11093e-11,2.11093e-11,1640740440,2021-12-29T01:14:00
2.16016e-11,2.16016e-11,2.16016e-11,2.16016e-11,1640740380,2021-12-29T01:13:00
2.16847e-11,2.16847e-11,2.16847e-11,2.16847e-11,1640740320,2021-12-29T01:12:00
2.12444e-11,2.12444e-11,2.12444e-11,2.12444e-11,1640740080,2021-12-29T01:08:00
2.11109e-11,2.11109e-11,2.11109e-11,2.11109e-11,1640740020,2021-12-29T01:07:00
2.0502e-11,2.0502e-11,2.0502e-11,2.0502e-11,1640739960,2021-12-29T01:06:00
1.9631e-11,1.9631e-11,1.9631e-11,1.9631e-11,1640739600,2021-12-29T01:00:00
1.94869e-11,1.94869e-11,1.94869e-11,1.94869e-11,1640739240,2021-12-29T00:54:00
1.93984e-11,1.93984e-11,1.93984e-11,1.93984e-11,1640739180,2021-12-29T00:53:00
1.94116e-11,1.94116e-11,1.94116e-11,1.94116e-11,1640739060,2021-12-29T00:51:00
1.89416e-11,1.93259e-11,1.89416e-11,1.93259e-11,1640738940,2021-12-29T00:49:00
1.88993e-11,1.88993e-11,1.88993e-11,1.88993e-11,1640738100,2021-12-29T00:35:00
1.88577e-11,1.88577e-11,1.88577e-11,1.88577e-11,1640737740,2021-12-29T00:29:00
1.91472e-11,1.91472e-11,1.91472e-11,1.91472e-11,1640736540,2021-12-29T00:09:00
1.95306e-11,1.95306e-11,1.95306e-11,1.95306e-11,1640735940,2021-12-28T23:59:00
1.90809e-11,1.93203e-11,1.90809e-11,1.93203e-11,1640735880,2021-12-28T23:58:00
1.91911e-11,1.91911e-11,1.91911e-11,1.91911e-11,1640735760,2021-12-28T23:56:00
1.92426e-11,1.92426e-11,1.92426e-11,1.92426e-11,1640735340,2021-12-28T23:49:00
1.93274e-11,1.93274e-11,1.93274e-11,1.93274e-11,1640734860,2021-12-28T23:41:00
1.94341e-11,1.94341e-11,1.92102e-11,1.92102e-11,1640734560,2021-12-28T23:36:00
1.93716e-11,1.93716e-11,1.93716e-11,1.93716e-11,1640734020,2021-12-28T23:27:00
1.9195e-11,1.9195e-11,1.9195e-11,1.9195e-11,1640733960,2021-12-28T23:26:00
1.9022e-11,1.9022e-11,1.9022e-11,1.9022e-11,1640733840,2021-12-28T23:24:00
1.89566e-11,1.89566e-11,1.89566e-11,1.89566e-11,1640733660,2021-12-28T23:21:00
1.88614e-11,1.88614e-11,1.88614e-11,1.88614e-11,1640733480,2021-12-28T23:18:00
1.89065e-11,1.89065e-11,1.89065e-11,1.89065e-11,1640733420,2021-12-28T23:17:00
1.87884e-11,1.87884e-11,1.87884e-11,1.87884e-11,1640732940,2021-12-28T23:09:00
1.86744e-11,1.86744e-11,1.86744e-11,1.86744e-11,1640732520,2021-12-28T23:02:00
1.8735e-11,1.8735e-11,1.8735e-11,1.8735e-11,1640732400,2021-12-28T23:00:00
1.88714e-11,1.88714e-11,1.88714e-11,1.88714e-11,1640732340,2021-12-28T22:59:00
1.87771e-11,1.87771e-11,1.87771e-11,1.87771e-11,1640732100,2021-12-28T22:55:00
1.90048e-11,1.90048e-11,1.90048e-11,1.90048e-11,1640732040,2021-12-28T22:54:00
1.9097e-11,1.92321e-11,1.9097e-11,1.92321e-11,1640731860,2021-12-28T22:51:00
1.92368e-11,1.92368e-11,1.92368e-11,1.92368e-11,1640731680,2021-12-28T22:48:00
1.93883e-11,1.93883e-11,1.93883e-11,1.93883e-11,1640731260,2021-12-28T22:41:00
1.97927e-11,1.97927e-11,1.97927e-11,1.97927e-11,1640731200,2021-12-28T22:40:00
1.96728e-11,1.96728e-11,1.96728e-11,1.96728e-11,1640731080,2021-12-28T22:38:00
1.9756e-11,1.9756e-11,1.9756e-11,1.9756e-11,1640729820,2021-12-28T22:17:00
1.9692e-11,1.9692e-11,1.9692e-11,1.9692e-11,1640729760,2021-12-28T22:16:00
1.96751e-11,1.96751e-11,1.96751e-11,1.96751e-11,1640729700,2021-12-28T22:15:00
1.96006e-11,1.96006e-11,1.96006e-11,1.96006e-11,1640729580,2021-12-28T22:13:00
1.94837e-11,1.94837e-11,1.94837e-11,1.94837e-11,1640729280,2021-12-28T22:08:00
1.93502e-11,1.93502e-11,1.93502e-11,1.93502e-11,1640729100,2021-12-28T22:05:00
1.96882e-11,1.96882e-11,1.96882e-11,1.96882e-11,1640728980,2021-12-28T22:03:00
2.02724e-11,2.02724e-11,2.02724e-11,2.02724e-11,1640728920,2021-12-28T22:02:00
2.02955e-11,2.04086e-11,2.02955e-11,2.04086e-11,1640728860,2021-12-28T22:01:00
2.0422e-11,2.0422e-11,2.0422e-11,2.0422e-11,1640728200,2021-12-28T21:50:00
2.05088e-11,2.05088e-11,2.03496e-11,2.03496e-11,1640728020,2021-12-28T21:47:00
2.06354e-11,2.06354e-11,2.06354e-11,2.06354e-11,1640727900,2021-12-28T21:45:00
2.10466e-11,2.10466e-11,2.10466e-11,2.10466e-11,1640727660,2021-12-28T21:41:00
2.14347e-11,2.14347e-11,2.14347e-11,2.14347e-11,1640727480,2021-12-28T21:38:00
2.2059e-11,2.2059e-11,2.2059e-11,2.2059e-11,1640727060,2021-12-28T21:31:00
2.19424e-11,2.19424e-11,2.19424e-11,2.19424e-11,1640727000,2021-12-28T21:30:00
2.18214e-11,2.18214e-11,2.18214e-11,2.18214e-11,1640726820,2021-12-28T21:27:00
2.16837e-11,2.16837e-11,2.16837e-11,2.16837e-11,1640726700,2021-12-28T21:25:00
2.15727e-11,2.15727e-11,2.15727e-11,2.15727e-11,1640726400,2021-12-28T21:20:00
2.15348e-11,2.15348e-11,2.15348e-11,2.15348e-11,1640726040,2021-12-28T21:14:00
2.17503e-11,2.17503e-11,2.17503e-11,2.17503e-11,1640725740,2021-12-28T21:09:00
2.17845e-11,2.17845e-11,2.17845e-11,2.17845e-11,1640725680,2021-12-28T21:08:00
2.20889e-11,2.20889e-11,2.1934e-11,2.1934e-11,1640725320,2021-12-28T21:02:00
2.22497e-11,2.22497e-11,2.22497e-11,2.22497e-11,1640725260,2021-12-28T21:01:00
2.24909e-11,2.24909e-11,2.24909e-11,2.24909e-11,1640725200,2021-12-28T21:00:00
2.24118e-11,2.24118e-11,2.24118e-11,2.24118e-11,1640725080,2021-12-28T20:58:00
2.21112e-11,2.21112e-11,2.21112e-11,2.21112e-11,1640724720,2021-12-28T20:52:00
2.17337e-11,2.17438e-11,2.17337e-11,2.17438e-11,1640724120,2021-12-28T20:42:00
2.17546e-11,2.17546e-11,2.17546e-11,2.17546e-11,1640723760,2021-12-28T20:36:00
2.20706e-11,2.20706e-11,2.20706e-11,2.20706e-11,1640723580,2021-12-28T20:33:00
2.23203e-11,2.23203e-11,2.23203e-11,2.23203e-11,1640723220,2021-12-28T20:27:00
2.27293e-11,2.27293e-11,2.27293e-11,2.27293e-11,1640722740,2021-12-28T20:19:00
2.26359e-11,2.26359e-11,2.26359e-11,2.26359e-11,1640722680,2021-12-28T20:18:00
2.287e-11,2.287e-11,2.287e-11,2.287e-11,1640722620,2021-12-28T20:17:00
2.34176e-11,2.34176e-11,2.34176e-11,2.34176e-11,1640722500,2021-12-28T20:15:00
2.33792e-11,2.33792e-11,2.33792e-11,2.33792e-11,1640721120,2021-12-28T19:52:00
2.3267e-11,2.3267e-11,2.3267e-11,2.3267e-11,1640720640,2021-12-28T19:44:00
2.31144e-11,2.31144e-11,2.31144e-11,2.31144e-11,1640720160,2021-12-28T19:36:00
2.31819e-11,2.31819e-11,2.31819e-11,2.31819e-11,1640720100,2021-12-28T19:35:00
2.30786e-11,2.30786e-11,2.30786e-11,2.30786e-11,1640719620,2021-12-28T19:27:00
2.30202e-11,2.30202e-11,2.30202e-11,2.30202e-11,1640719560,2021-12-28T19:26:00
2.29745e-11,2.29745e-11,2.29745e-11,2.29745e-11,1640719500,2021-12-28T19:25:00
2.2846e-11,2.28859e-11,2.2846e-11,2.28859e-11,1640719380,2021-12-28T19:23:00
2.28044e-11,2.28044e-11,2.28044e-11,2.28044e-11,1640718720,2021-12-28T19:12:00
2.26747e-11,2.26747e-11,2.26747e-11,2.26747e-11,1640718660,2021-12-28T19:11:00
2.28198e-11,2.28198e-11,2.28198e-11,2.28198e-11,1640718540,2021-12-28T19:09:00
2.3115e-11,2.3115e-11,2.3115e-11,2.3115e-11,1640718300,2021-12-28T19:05:00
2.33908e-11,2.33908e-11,2.33908e-11,2.33908e-11,1640717760,2021-12-28T18:56:00
2.29568e-11,2.29568e-11,2.29568e-11,2.29568e-11,1640717220,2021-12-28T18:47:00
2.23113e-11,2.23113e-11,2.23113e-11,2.23113e-11,1640716920,2021-12-28T18:42:00
2.16999e-11,2.16999e-11,2.16999e-11,2.16999e-11,1640716680,2021-12-28T18:38:00
2.11911e-11,2.11911e-11,2.11911e-11,2.11911e-11,1640716500,2021-12-28T18:35:00
2.01567e-11,2.02531e-11,2.01567e-11,2.02531e-11,1640716260,2021-12-28T18:31:00
1.97752e-11,2.00206e-11,1.97752e-11,2.00206e-11,1640716200,2021-12-28T18:30:00
1.97016e-11,1.97016e-11,1.97016e-11,1.97016e-11,1640716080,2021-12-28T18:28:00
1.92446e-11,1.92446e-11,1.92446e-11,1.92446e-11,1640715960,2021-12-28T18:26:00
1.87705e-11,1.87705e-11,1.87705e-11,1.87705e-11,1640715780,2021-12-28T18:23:00
1.86879e-11,1.86879e-11,1.86879e-11,1.86879e-11,1640715720,2021-12-28T18:22:00
1.85268e-11,1.85268e-11,1.85268e-11,1.85268e-11,1640715660,2021-12-28T18:21:00
1.83692e-11,1.83692e-11,1.83692e-11,1.83692e-11,1640715600,2021-12-28T18:20:00
1.82488e-11,1.82488e-11,1.82488e-11,1.82488e-11,1640715420,2021-12-28T18:17:00
1.83309e-11,1.83309e-11,1.83309e-11,1.83309e-11,1640715000,2021-12-28T18:10:00
1.82174e-11,1.82174e-11,1.82174e-11,1.82174e-11,1640714940,2021-12-28T18:09:00
1.91602e-11,1.91602e-11,1.85706e-11,1.85706e-11,1640714880,2021-12-28T18:08:00
1.93301e-11,1.93301e-11,1.93301e-11,1.93301e-11,1640714700,2021-12-28T18:05:00
1.95428e-11,1.95428e-11,1.95428e-11,1.95428e-11,1640714580,2021-12-28T18:03:00
2.00424e-11,2.00424e-11,2.00424e-11,2.00424e-11,1640714520,2021-12-28T18:02:00
2.24931e-11,2.24931e-11,2.10387e-11,2.10387e-11,1640714400,2021-12-28T18:00:00
2.34847e-11,2.34847e-11,2.34847e-11,2.34847e-11,1640714220,2021-12-28T17:57:00
2.3647e-11,2.3647e-11,2.3647e-11,2.3647e-11,1640713800,2021-12-28T17:50:00
2.38539e-11,2.38539e-11,2.38539e-11,2.38539e-11,1640713740,2021-12-28T17:49:00
2.41968e-11,2.41968e-11,2.41968e-11,2.41968e-11,1640713620,2021-12-28T17:47:00
2.44008e-11,2.44008e-11,2.44008e-11,2.44008e-11,1640713380,2021-12-28T17:43:00
2.47526e-11,2.47526e-11,2.47526e-11,2.47526e-11,1640713140,2021-12-28T17:39:00
2.49596e-11,2.49596e-11,2.49596e-11,2.49596e-11,1640712540,2021-12-28T17:29:00
2.51811e-11,2.51811e-11,2.51811e-11,2.51811e-11,1640711820,2021-12-28T17:17:00
2.54864e-11,2.56256e-11,2.54864e-11,2.56256e-11,1640710680,2021-12-28T16:58:00
2.57296e-11,2.57296e-11,2.57296e-11,2.57296e-11,1640710620,2021-12-28T16:57:00
2.60123e-11,2.60123e-11,2.60123e-11,2.60123e-11,1640710380,2021-12-28T16:53:00
2.64096e-11,2.64096e-11,2.62743e-11,2.62743e-11,1640710200,2021-12-28T16:50:00
2.65036e-11,2.65036e-11,2.65036e-11,2.65036e-11,1640710020,2021-12-28T16:47:00
2.66944e-11,2.66944e-11,2.66944e-11,2.66944e-11,1640709420,2021-12-28T16:37:00
2.70678e-11,2.70678e-11,2.70678e-11,2.70678e-11,1640709360,2021-12-28T16:36:00
2.69208e-11,2.69208e-11,2.69208e-11,2.69208e-11,1640709300,2021-12-28T16:35:00
2.70889e-11,2.70889e-11,2.70889e-11,2.70889e-11,1640709120,2021-12-28T16:32:00
2.71782e-11,2.71782e-11,2.71782e-11,2.71782e-11,1640708160,2021-12-28T16:16:00
2.70631e-11,2.70631e-11,2.70631e-11,2.70631e-11,1640708100,2021-12-28T16:15:00
2.72818e-11,2.72818e-11,2.72818e-11,2.72818e-11,1640707680,2021-12-28T16:08:00
2.75121e-11,2.75121e-11,2.75121e-11,2.75121e-11,1640707020,2021-12-28T15:57:00
2.73347e-11,2.73347e-11,2.73347e-11,2.73347e-11,1640706840,2021-12-28T15:54:00
2.69348e-11,2.69348e-11,2.69348e-11,2.69348e-11,1640706360,2021-12-28T15:46:00
2.67024e-11,2.67024e-11,2.67024e-11,2.67024e-11,1640706300,2021-12-28T15:45:00
2.70367e-11,2.70367e-11,2.70367e-11,2.70367e-11,1640705760,2021-12-28T15:36:00
2.75489e-11,2.75489e-11,2.75489e-11,2.75489e-11,1640705040,2021-12-28T15:24:00
2.78861e-11,2.78861e-11,2.78861e-11,2.78861e-11,1640704800,2021-12-28T15:20:00
2.76605e-11,2.76605e-11,2.76605e-11,2.76605e-11,1640704320,2021-12-28T15:12:00
2.78109e-11,2.78109e-11,2.78109e-11,2.78109e-11,1640704260,2021-12-28T15:11:00
2.79965e-11,2.79965e-11,2.79965e-11,2.79965e-11,1640702820,2021-12-28T14:47:00
2.79167e-11,2.79167e-11,2.79167e-11,2.79167e-11,1640702760,2021-12-28T14:46:00
2.76398e-11,2.76398e-11,2.76398e-11,2.76398e-11,1640702580,2021-12-28T14:43:00
2.74981e-11,2.74981e-11,2.74981e-11,2.74981e-11,1640702460,2021-12-28T14:41:00
2.74324e-11,2.74324e-11,2.74324e-11,2.74324e-11,1640702400,2021-12-28T14:40:00
2.75114e-11,2.75114e-11,2.75114e-11,2.75114e-11,1640702280,2021-12-28T14:38:00
2.74348e-11,2.74348e-11,2.74348e-11,2.74348e-11,1640702220,2021-12-28T14:37:00
2.73188e-11,2.73327e-11,2.73188e-11,2.73327e-11,1640702100,2021-12-28T14:35:00
2.72742e-11,2.72742e-11,2.72742e-11,2.72742e-11,1640701980,2021-12-28T14:33:00
2.72226e-11,2.72226e-11,2.72226e-11,2.72226e-11,1640701920,2021-12-28T14:32:00
2.71519e-11,2.71519e-11,2.71519e-11,2.71519e-11,1640701800,2021-12-28T14:30:00
2.71018e-11,2.71018e-11,2.71018e-11,2.71018e-11,1640701620,2021-12-28T14:27:00
2.68914e-11,2.70238e-11,2.68914e-11,2.70238e-11,1640701560,2021-12-28T14:26:00
2.66467e-11,2.66467e-11,2.66467e-11,2.66467e-11,1640701500,2021-12-28T14:25:00
2.67649e-11,2.67649e-11,2.67649e-11,2.67649e-11,1640701440,2021-12-28T14:24:00
2.6545e-11,2.66838e-11,2.6545e-11,2.66838e-11,1640701320,2021-12-28T14:22:00
2.65379e-11,2.65379e-11,2.65379e-11,2.65379e-11,1640701200,2021-12-28T14:20:00
2.64312e-11,2.64312e-11,2.64312e-11,2.64312e-11,1640701020,2021-12-28T14:17:00
2.63243e-11,2.63243e-11,2.63243e-11,2.63243e-11,1640700780,2021-12-28T14:13:00
2.64458e-11,2.64458e-11,2.62197e-11,2.62197e-11,1640700360,2021-12-28T14:06:00
2.64185e-11,2.64185e-11,2.64185e-11,2.64185e-11,1640700000,2021-12-28T14:00:00
2.62354e-11,2.62354e-11,2.62354e-11,2.62354e-11,1640699880,2021-12-28T13:58:00
2.60559e-11,2.60559e-11,2.60559e-11,2.60559e-11,1640699820,2021-12-28T13:57:00
2.63458e-11,2.63458e-11,2.63458e-11,2.63458e-11,1640699220,2021-12-28T13:47:00
2.62094e-11,2.62094e-11,2.62094e-11,2.62094e-11,1640699160,2021-12-28T13:46:00
2.64255e-11,2.64255e-11,2.64255e-11,2.64255e-11,1640698920,2021-12-28T13:42:00
2.67117e-11,2.67117e-11,2.67117e-11,2.67117e-11,1640698740,2021-12-28T13:39:00
2.6577e-11,2.6577e-11,2.6577e-11,2.6577e-11,1640698020,2021-12-28T13:27:00
2.68428e-11,2.68428e-11,2.68428e-11,2.68428e-11,1640697900,2021-12-28T13:25:00
2.66766e-11,2.66766e-11,2.66766e-11,2.66766e-11,1640697780,2021-12-28T13:23:00
2.68287e-11,2.68287e-11,2.68287e-11,2.68287e-11,1640697600,2021-12-28T13:20:00
2.66335e-11,2.66335e-11,2.66335e-11,2.66335e-11,1640697360,2021-12-28T13:16:00
2.64456e-11,2.64456e-11,2.64456e-11,2.64456e-11,1640697060,2021-12-28T13:11:00
2.62701e-11,2.62701e-11,2.62701e-11,2.62701e-11,1640696940,2021-12-28T13:09:00
2.62923e-11,2.62923e-11,2.62923e-11,2.62923e-11,1640696220,2021-12-28T12:57:00
2.61574e-11,2.61574e-11,2.61574e-11,2.61574e-11,1640695140,2021-12-28T12:39:00
2.56865e-11,2.56865e-11,2.56865e-11,2.56865e-11,1640695020,2021-12-28T12:37:00
2.51894e-11,2.51894e-11,2.51894e-11,2.51894e-11,1640694960,2021-12-28T12:36:00
2.50649e-11,2.50649e-11,2.50649e-11,2.50649e-11,1640694780,2021-12-28T12:33:00
2.5112e-11,2.5112e-11,2.49297e-11,2.49297e-11,1640694420,2021-12-28T12:27:00
2.51598e-11,2.51598e-11,2.51598e-11,2.51598e-11,1640694360,2021-12-28T12:26:00
2.53018e-11,2.53018e-11,2.53018e-11,2.53018e-11,1640694120,2021-12-28T12:22:00
2.5242e-11,2.5242e-11,2.5242e-11,2.5242e-11,1640693640,2021-12-28T12:14:00
2.50914e-11,2.50914e-11,2.50914e-11,2.50914e-11,1640693340,2021-12-28T12:09:00
2.49196e-11,2.49196e-11,2.49196e-11,2.49196e-11,1640693160,2021-12-28T12:06:00
2.49971e-11,2.50195e-11,2.49971e-11,2.50195e-11,1640692980,2021-12-28T12:03:00
2.49276e-11,2.49276e-11,2.49276e-11,2.49276e-11,1640692800,2021-12-28T12:00:00
2.553e-11,2.553e-11,2.48475e-11,2.48475e-11,1640692740,2021-12-28T11:59:00
2.64496e-11,2.64496e-11,2.64496e-11,2.64496e-11,1640692680,2021-12-28T11:58:00
2.68721e-11,2.68721e-11,2.64395e-11,2.64395e-11,1640692620,2021-12-28T11:57:00
2.78004e-11,2.78004e-11,2.78004e-11,2.78004e-11,1640692380,2021-12-28T11:53:00
2.83061e-11,2.83061e-11,2.83061e-11,2.83061e-11,1640692320,2021-12-28T11:52:00
2.8281e-11,2.8281e-11,2.8281e-11,2.8281e-11,1640692260,2021-12-28T11:51:00
2.82677e-11,2.82677e-11,2.82677e-11,2.82677e-11,1640692140,2021-12-28T11:49:00
2.82342e-11,2.82342e-11,2.82342e-11,2.82342e-11,1640691960,2021-12-28T11:46:00
2.80327e-11,2.80327e-11,2.80327e-11,2.80327e-11,1640691900,2021-12-28T11:45:00
2.78324e-11,2.78324e-11,2.78324e-11,2.78324e-11,1640691780,2021-12-28T11:43:00
2.77597e-11,2.77597e-11,2.77597e-11,2.77597e-11,1640691420,2021-12-28T11:37:00
2.77107e-11,2.77107e-11,2.77107e-11,2.77107e-11,1640691180,2021-12-28T11:33:00
2.7659e-11,2.7659e-11,2.7659e-11,2.7659e-11,1640691060,2021-12-28T11:31:00
2.76103e-11,2.76103e-11,2.76103e-11,2.76103e-11,1640690880,2021-12-28T11:28:00
2.74819e-11,2.74819e-11,2.74819e-11,2.74819e-11,1640690640,2021-12-28T11:24:00
2.73711e-11,2.73711e-11,2.73711e-11,2.73711e-11,1640690460,2021-12-28T11:21:00
2.72836e-11,2.72836e-11,2.72836e-11,2.72836e-11,1640690340,2021-12-28T11:19:00
2.70982e-11,2.70982e-11,2.70982e-11,2.70982e-11,1640690280,2021-12-28T11:18:00
2.70201e-11,2.70201e-11,2.70201e-11,2.70201e-11,1640690220,2021-12-28T11:17:00
2.77785e-11,2.77785e-11,2.77785e-11,2.77785e-11,1640689860,2021-12-28T11:11:00
2.99865e-11,2.99865e-11,2.99865e-11,2.99865e-11,1640689800,2021-12-28T11:10:00
3.13862e-11,3.13862e-11,3.13862e-11,3.13862e-11,1640689740,2021-12-28T11:09:00
3.11785e-11,3.11785e-11,3.11785e-11,3.11785e-11,1640689380,2021-12-28T11:03:00
3.10548e-11,3.10548e-11,3.10548e-11,3.10548e-11,1640689140,2021-12-28T10:59:00
3.10553e-11,3.10553e-11,3.10553e-11,3.10553e-11,1640689020,2021-12-28T10:57:00
3.10512e-11,3.10512e-11,3.10512e-11,3.10512e-11,1640687700,2021-12-28T10:35:00
3.09245e-11,3.09245e-11,3.09245e-11,3.09245e-11,1640687340,2021-12-28T10:29:00
3.08327e-11,3.08327e-11,3.08327e-11,3.08327e-11,1640687160,2021-12-28T10:26:00
3.07579e-11,3.07579e-11,3.07475e-11,3.07475e-11,1640687100,2021-12-28T10:25:00
3.06072e-11,3.06072e-11,3.06072e-11,3.06072e-11,1640686860,2021-12-28T10:21:00
3.13435e-11,3.13435e-11,3.05564e-11,3.05564e-11,1640686800,2021-12-28T10:20:00
3.21686e-11,3.21686e-11,3.21686e-11,3.21686e-11,1640686740,2021-12-28T10:19:00
3.17513e-11,3.17686e-11,3.17513e-11,3.17686e-11,1640686680,2021-12-28T10:18:00
3.17028e-11,3.17028e-11,3.17028e-11,3.17028e-11,1640686440,2021-12-28T10:14:00
3.1688e-11,3.1688e-11,3.1688e-11,3.1688e-11,1640686320,2021-12-28T10:12:00
3.16417e-11,3.16417e-11,3.16417e-11,3.16417e-11,1640686260,2021-12-28T10:11:00
3.14785e-11,3.14785e-11,3.14785e-11,3.14785e-11,1640686200,2021-12-28T10:10:00
3.11872e-11,3.11872e-11,3.11872e-11,3.11872e-11,1640685360,2021-12-28T09:56:00
3.11433e-11,3.11433e-11,3.11433e-11,3.11433e-11,1640685300,2021-12-28T09:55:00
3.11425e-11,3.11425e-11,3.11425e-11,3.11425e-11,1640685240,2021-12-28T09:54:00
3.08072e-11,3.08072e-11,3.08072e-11,3.08072e-11,1640685000,2021-12-28T09:50:00
3.05601e-11,3.05601e-11,3.05601e-11,3.05601e-11,1640684760,2021-12-28T09:46:00
3.05944e-11,3.05944e-11,3.05944e-11,3.05944e-11,1640684580,2021-12-28T09:43:00
3.03288e-11,3.03288e-11,3.03288e-11,3.03288e-11,1640684400,2021-12-28T09:40:00
2.94234e-11,2.94234e-11,2.94234e-11,2.94234e-11,1640683980,2021-12-28T09:33:00
2.87135e-11,2.87135e-11,2.87135e-11,2.87135e-11,1640683800,2021-12-28T09:30:00
2.88623e-11,2.88623e-11,2.88623e-11,2.88623e-11,1640683620,2021-12-28T09:27:00
2.87022e-11,2.87022e-11,2.87022e-11,2.87022e-11,1640682720,2021-12-28T09:12:00
2.86787e-11,2.86787e-11,2.86787e-11,2.86787e-11,1640682660,2021-12-28T09:11:00
2.90224e-11,2.90224e-11,2.90224e-11,2.90224e-11,1640682540,2021-12-28T09:09:00
2.94324e-11,2.94324e-11,2.94324e-11,2.94324e-11,1640682480,2021-12-28T09:08:00
2.99889e-11,2.99889e-11,2.99889e-11,2.99889e-11,1640682360,2021-12-28T09:06:00
3.03903e-11,3.03903e-11,3.03903e-11,3.03903e-11,1640681820,2021-12-28T08:57:00
3.03363e-11,3.03363e-11,3.03363e-11,3.03363e-11,1640680980,2021-12-28T08:43:00
3.05298e-11,3.05298e-11,3.05298e-11,3.05298e-11,1640680800,2021-12-28T08:40:00
3.11004e-11,3.11004e-11,3.11004e-11,3.11004e-11,1640680620,2021-12-28T08:37:00
3.10076e-11,3.10531e-11,3.10076e-11,3.10531e-11,1640680440,2021-12-28T08:34:00
3.09641e-11,3.09641e-11,3.09641e-11,3.09641e-11,1640680020,2021-12-28T08:27:00
3.07659e-11,3.09138e-11,3.07659e-11,3.09138e-11,1640679600,2021-12-28T08:20:00
3.09373e-11,3.09373e-11,3.09373e-11,3.09373e-11,1640679420,2021-12-28T08:17:00
3.08806e-11,3.08806e-11,3.08806e-11,3.08806e-11,1640679300,2021-12-28T08:15:00
3.06691e-11,3.06691e-11,3.06691e-11,3.06691e-11,1640679060,2021-12-28T08:11:00
3.05439e-11,3.05439e-11,3.05439e-11,3.05439e-11,1640678760,2021-12-28T08:06:00
3.04599e-11,3.04599e-11,3.04599e-11,3.04599e-11,1640678580,2021-12-28T08:03:00
3.03951e-11,3.03951e-11,3.03951e-11,3.03951e-11,1640678400,2021-12-28T08:00:00
3.03703e-11,3.03703e-11,3.03703e-11,3.03703e-11,1640678340,2021-12-28T07:59:00
3.03042e-11,3.03042e-11,3.03042e-11,3.03042e-11,1640678220,2021-12-28T07:57:00
3.10357e-11,3.10357e-11,3.04905e-11,3.04905e-11,1640678160,2021-12-28T07:56:00
3.12067e-11,3.12067e-11,3.12067e-11,3.12067e-11,1640677680,2021-12-28T07:48:00
3.11601e-11,3.11601e-11,3.11601e-11,3.11601e-11,1640677260,2021-12-28T07:41:00
3.11274e-11,3.11274e-11,3.11274e-11,3.11274e-11,1640677080,2021-12-28T07:38:00
3.09707e-11,3.09707e-11,3.09707e-11,3.09707e-11,1640677020,2021-12-28T07:37:00
3.10688e-11,3.10688e-11,3.10688e-11,3.10688e-11,1640676900,2021-12-28T07:35:00
3.11108e-11,3.11108e-11,3.11108e-11,3.11108e-11,1640676840,2021-12-28T07:34:00
3.12982e-11,3.12982e-11,3.12982e-11,3.12982e-11,1640676360,2021-12-28T07:26:00
3.11375e-11,3.11375e-11,3.11375e-11,3.11375e-11,1640676300,2021-12-28T07:25:00
3.22976e-11,3.22976e-11,3.16436e-11,3.16436e-11,1640676180,2021-12-28T07:23:00
3.21536e-11,3.21536e-11,3.21536e-11,3.21536e-11,1640675820,2021-12-28T07:17:00
3.23749e-11,3.23749e-11,3.23749e-11,3.23749e-11,1640675340,2021-12-28T07:09:00
3.22761e-11,3.22761e-11,3.22761e-11,3.22761e-11,1640675160,2021-12-28T07:06:00
3.21681e-11,3.21681e-11,3.21681e-11,3.21681e-11,1640675040,2021-12-28T07:04:00
3.20131e-11,3.20131e-11,3.20131e-11,3.20131e-11,1640674980,2021-12-28T07:03:00
3.1831e-11,3.1831e-11,3.1831e-11,3.1831e-11,1640674560,2021-12-28T06:56:00
3.16588e-11,3.16588e-11,3.16588e-11,3.16588e-11,1640674500,2021-12-28T06:55:00
3.15355e-11,3.15355e-11,3.15355e-11,3.15355e-11,1640674140,2021-12-28T06:49:00
3.12797e-11,3.1465e-11,3.12797e-11,3.1465e-11,1640673960,2021-12-28T06:46:00
3.13242e-11,3.14818e-11,3.13242e-11,3.14818e-11,1640673900,2021-12-28T06:45:00
3.01345e-11,3.01345e-11,3.01345e-11,3.01345e-11,1640673600,2021-12-28T06:40:00
2.45976e-11,2.45976e-11,2.45976e-11,2.45976e-11,1640673300,2021-12-28T06:35:00
2.86849e-11,2.86849e-11,2.86849e-11,2.86849e-11,1640672820,2021-12-28T06:27:00
2.8607e-11,2.8607e-11,2.8607e-11,2.8607e-11,1640672700,2021-12-28T06:25:00
2.85689e-11,2.85689e-11,2.85689e-11,2.85689e-11,1640672640,2021-12-28T06:24:00
2.8533e-11,2.8533e-11,2.83725e-11,2.83725e-11,1640672580,2021-12-28T06:23:00
2.82706e-11,2.82706e-11,2.82706e-11,2.82706e-11,1640672520,2021-12-28T06:22:00
2.79649e-11,2.79649e-11,2.79649e-11,2.79649e-11,1640672400,2021-12-28T06:20:00
2.69088e-11,2.69088e-11,2.69088e-11,2.69088e-11,1640672220,2021-12-28T06:17:00
2.58305e-11,2.58305e-11,2.58305e-11,2.58305e-11,1640671920,2021-12-28T06:12:00
2.57718e-11,2.57718e-11,2.57718e-11,2.57718e-11,1640671440,2021-12-28T06:04:00
2.5084e-11,2.5084e-11,2.5084e-11,2.5084e-11,1640670960,2021-12-28T05:56:00
2.56663e-11,2.56663e-11,2.56663e-11,2.56663e-11,1640670780,2021-12-28T05:53:00
2.53475e-11,2.54574e-11,2.53475e-11,2.54574e-11,1640670420,2021-12-28T05:47:00
2.53364e-11,2.53364e-11,2.53364e-11,2.53364e-11,1640670120,2021-12-28T05:42:00
2.52244e-11,2.52244e-11,2.52244e-11,2.52244e-11,1640669940,2021-12-28T05:39:00
2.54048e-11,2.54048e-11,2.54048e-11,2.54048e-11,1640669880,2021-12-28T05:38:00
2.53071e-11,2.53374e-11,2.53071e-11,2.53374e-11,1640669700,2021-12-28T05:35:00
2.52804e-11,2.52804e-11,2.52804e-11,2.52804e-11,1640669520,2021-12-28T05:32:00
2.51599e-11,2.51599e-11,2.51599e-11,2.51599e-11,1640669460,2021-12-28T05:31:00
2.49927e-11,2.49927e-11,2.49927e-11,2.49927e-11,1640669400,2021-12-28T05:30:00
2.49072e-11,2.49072e-11,2.49072e-11,2.49072e-11,1640669220,2021-12-28T05:27:00
2.45879e-11,2.45879e-11,2.45879e-11,2.45879e-11,1640668620,2021-12-28T05:17:00
2.40919e-11,2.40919e-11,2.40919e-11,2.40919e-11,1640668260,2021-12-28T05:11:00
2.38435e-11,2.38435e-11,2.38435e-11,2.38435e-11,1640668020,2021-12-28T05:07:00
2.37957e-11,2.37957e-11,2.37957e-11,2.37957e-11,1640667720,2021-12-28T05:02:00
2.37712e-11,2.37712e-11,2.37712e-11,2.37712e-11,1640667480,2021-12-28T04:58:00
2.37748e-11,2.37748e-11,2.37748e-11,2.37748e-11,1640667300,2021-12-28T04:55:00
2.40496e-11,2.40496e-11,2.40496e-11,2.40496e-11,1640667240,2021-12-28T04:54:00
2.39733e-11,2.39733e-11,2.39733e-11,2.39733e-11,1640666820,2021-12-28T04:47:00
2.41692e-11,2.41692e-11,2.41692e-11,2.41692e-11,1640666520,2021-12-28T04:42:00
2.5043e-11,2.5043e-11,2.5043e-11,2.5043e-11,1640666400,2021-12-28T04:40:00
2.61407e-11,2.61407e-11,2.61407e-11,2.61407e-11,1640666220,2021-12-28T04:37:00
2.62569e-11,2.62569e-11,2.62569e-11,2.62569e-11,1640666160,2021-12-28T04:36:00
2.6407e-11,2.6407e-11,2.6407e-11,2.6407e-11,1640665980,2021-12-28T04:33:00
2.66212e-11,2.66212e-11,2.66212e-11,2.66212e-11,1640665860,2021-12-28T04:31:00
2.65561e-11,2.65561e-11,2.65561e-11,2.65561e-11,1640665740,2021-12-28T04:29:00
2.65145e-11,2.65316e-11,2.65145e-11,2.65316e-11,1640665500,2021-12-28T04:25:00
2.62859e-11,2.65063e-11,2.62859e-11,2.65063e-11,1640665380,2021-12-28T04:23:00
2.63897e-11,2.63897e-11,2.63897e-11,2.63897e-11,1640665320,2021-12-28T04:22:00
2.62713e-11,2.62713e-11,2.62713e-11,2.62713e-11,1640665080,2021-12-28T04:18:00
2.65173e-11,2.65173e-11,2.65173e-11,2.65173e-11,1640664780,2021-12-28T04:13:00
2.64896e-11,2.64896e-11,2.64896e-11,2.64896e-11,1640664420,2021-12-28T04:07:00
2.68408e-11,2.68408e-11,2.68408e-11,2.68408e-11,1640664360,2021-12-28T04:06:00
2.75121e-11,2.75121e-11,2.75121e-11,2.75121e-11,1640664180,2021-12-28T04:03:00
2.73835e-11,2.73835e-11,2.73835e-11,2.73835e-11,1640664000,2021-12-28T04:00:00
2.75545e-11,2.75545e-11,2.75545e-11,2.75545e-11,1640663940,2021-12-28T03:59:00
2.73495e-11,2.74657e-11,2.73495e-11,2.74657e-11,1640663700,2021-12-28T03:55:00
2.75477e-11,2.75477e-11,2.75477e-11,2.75477e-11,1640663580,2021-12-28T03:53:00
2.73938e-11,2.73938e-11,2.73938e-11,2.73938e-11,1640663460,2021-12-28T03:51:00
2.71464e-11,2.71464e-11,2.71464e-11,2.71464e-11,1640663400,2021-12-28T03:50:00
2.70301e-11,2.70301e-11,2.70301e-11,2.70301e-11,1640663280,2021-12-28T03:48:00
2.68215e-11,2.68215e-11,2.68215e-11,2.68215e-11,1640663040,2021-12-28T03:44:00
3.01925e-11,3.01925e-11,2.68053e-11,2.68053e-11,1640662860,2021-12-28T03:41:00
3.26762e-11,3.26762e-11,3.26762e-11,3.26762e-11,1640662800,2021-12-28T03:40:00
3.42059e-11,3.42059e-11,3.42059e-11,3.42059e-11,1640662740,2021-12-28T03:39:00
3.44045e-11,3.44045e-11,3.44045e-11,3.44045e-11,1640662680,2021-12-28T03:38:00
3.46867e-11,3.46867e-11,3.46867e-11,3.46867e-11,1640662620,2021-12-28T03:37:00
3.49452e-11,3.49452e-11,3.49452e-11,3.49452e-11,1640662560,2021-12-28T03:36:00
3.52043e-11,3.52043e-11,3.52043e-11,3.52043e-11,1640662500,2021-12-28T03:35:00
3.49168e-11,3.49168e-11,3.49168e-11,3.49168e-11,1640662260,2021-12-28T03:31:00
3.45882e-11,3.45882e-11,3.45882e-11,3.45882e-11,1640661720,2021-12-28T03:22:00
3.42527e-11,3.42527e-11,3.42527e-11,3.42527e-11,1640661660,2021-12-28T03:21:00
3.37872e-11,3.3943e-11,3.37872e-11,3.3943e-11,1640661600,2021-12-28T03:20:00
3.37583e-11,3.37583e-11,3.37583e-11,3.37583e-11,1640661180,2021-12-28T03:13:00
3.45996e-11,3.45996e-11,3.36994e-11,3.36994e-11,1640661120,2021-12-28T03:12:00
3.35565e-11,3.48639e-11,3.35565e-11,3.48639e-11,1640661000,2021-12-28T03:10:00
3.21868e-11,3.21868e-11,3.21868e-11,3.21868e-11,1640660940,2021-12-28T03:09:00
3.20124e-11,3.21742e-11,3.20124e-11,3.21742e-11,1640660880,2021-12-28T03:08:00
3.20806e-11,3.20806e-11,3.20806e-11,3.20806e-11,1640660820,2021-12-28T03:07:00
3.19169e-11,3.19169e-11,3.19169e-11,3.19169e-11,1640660520,2021-12-28T03:02:00
3.20614e-11,3.20614e-11,3.20614e-11,3.20614e-11,1640660460,2021-12-28T03:01:00
3.02339e-11,3.16463e-11,3.02339e-11,3.16463e-11,1640660400,2021-12-28T03:00:00
3.02289e-11,3.02289e-11,3.02289e-11,3.02289e-11,1640660340,2021-12-28T02:59:00
3.02112e-11,3.02932e-11,3.02112e-11,3.02932e-11,1640660100,2021-12-28T02:55:00
3.01297e-11,3.01297e-11,3.01297e-11,3.01297e-11,1640659920,2021-12-28T02:52:00
3.03611e-11,3.03611e-11,3.03611e-11,3.03611e-11,1640659860,2021-12-28T02:51:00
3.03036e-11,3.03036e-11,3.03036e-11,3.03036e-11,1640659800,2021-12-28T02:50:00
3.02079e-11,3.02079e-11,3.02079e-11,3.02079e-11,1640659680,2021-12-28T02:48:00
2.8872e-11,2.8872e-11,2.8872e-11,2.8872e-11,1640659620,2021-12-28T02:47:00
2.75602e-11,2.75602e-11,2.75602e-11,2.75602e-11,1640659500,2021-12-28T02:45:00
2.73568e-11,2.73568e-11,2.73568e-11,2.73568e-11,1640659380,2021-12-28T02:43:00
2.73692e-11,2.73692e-11,2.73692e-11,2.73692e-11,1640659200,2021-12-28T02:40:00
2.6693e-11,2.77732e-11,2.6693e-11,2.77732e-11,1640659140,2021-12-28T02:39:00
2.54689e-11,2.54689e-11,2.54689e-11,2.54689e-11,1640659020,2021-12-28T02:37:00
1.15213e-11,1.15213e-11,1.15213e-11,1.15213e-11,1640658840,2021-12-28T02:34:00
2.52275e-11,2.52275e-11,2.52275e-11,2.52275e-11,1640658720,2021-12-28T02:32:00
2.5234e-11,2.5234e-11,2.5234e-11,2.5234e-11,1640658660,2021-12-28T02:31:00
2.57856e-11,2.57856e-11,2.57856e-11,2.57856e-11,1640658600,2021-12-28T02:30:00
2.61896e-11,2.61896e-11,2.61896e-11,2.61896e-11,1640658540,2021-12-28T02:29:00
2.61024e-11,2.61024e-11,2.60869e-11,2.60869e-11,1640658420,2021-12-28T02:27:00
2.62679e-11,2.62679e-11,2.62679e-11,2.62679e-11,1640658360,2021-12-28T02:26:00
2.61954e-11,2.61954e-11,2.61954e-11,2.61954e-11,1640657580,2021-12-28T02:13:00
2.58904e-11,2.5922e-11,2.58904e-11,2.5922e-11,1640657400,2021-12-28T02:10:00
2.59444e-11,2.59444e-11,2.59444e-11,2.59444e-11,1640657340,2021-12-28T02:09:00
2.61246e-11,2.61246e-11,2.61246e-11,2.61246e-11,1640657100,2021-12-28T02:05:00
2.62751e-11,2.62751e-11,2.62751e-11,2.62751e-11,1640657040,2021-12-28T02:04:00
2.61992e-11,2.61992e-11,2.61992e-11,2.61992e-11,1640656860,2021-12-28T02:01:00
2.59879e-11,2.61453e-11,2.59879e-11,2.61453e-11,1640656680,2021-12-28T01:58:00
2.60892e-11,2.60892e-11,2.60892e-11,2.60892e-11,1640656620,2021-12-28T01:57:00
2.6502e-11,2.6502e-11,2.63536e-11,2.63536e-11,1640656500,2021-12-28T01:55:00
2.67937e-11,2.67937e-11,2.66432e-11,2.66432e-11,1640656440,2021-12-28T01:54:00
2.70753e-11,2.70753e-11,2.70753e-11,2.70753e-11,1640656260,2021-12-28T01:51:00
2.73528e-11,2.73528e-11,2.73528e-11,2.73528e-11,1640656200,2021-12-28T01:50:00
2.73915e-11,2.75245e-11,2.73915e-11,2.75245e-11,1640656020,2021-12-28T01:47:00
2.75662e-11,2.75662e-11,2.75662e-11,2.75662e-11,1640655900,2021-12-28T01:45:00
2.77963e-11,2.77963e-11,2.77963e-11,2.77963e-11,1640655720,2021-12-28T01:42:00
2.83597e-11,2.83597e-11,2.83597e-11,2.83597e-11,1640655660,2021-12-28T01:41:00
2.8348e-11,2.8348e-11,2.8348e-11,2.8348e-11,1640655540,2021-12-28T01:39:00
2.83343e-11,2.83343e-11,2.83343e-11,2.83343e-11,1640655480,2021-12-28T01:38:00
2.85076e-11,2.85076e-11,2.85076e-11,2.85076e-11,1640654820,2021-12-28T01:27:00
2.83932e-11,2.83932e-11,2.83932e-11,2.83932e-11,1640654760,2021-12-28T01:26:00
2.83031e-11,2.83031e-11,2.83031e-11,2.83031e-11,1640654640,2021-12-28T01:24:00
2.78381e-11,2.80117e-11,2.78381e-11,2.80117e-11,1640654580,2021-12-28T01:23:00
2.81416e-11,2.81416e-11,2.81416e-11,2.81416e-11,1640654520,2021-12-28T01:22:00
2.90697e-11,2.90697e-11,2.8763e-11,2.8763e-11,1640654460,2021-12-28T01:21:00
2.89658e-11,2.89658e-11,2.89658e-11,2.89658e-11,1640654400,2021-12-28T01:20:00
2.90976e-11,2.90976e-11,2.90976e-11,2.90976e-11,1640654340,2021-12-28T01:19:00
2.87635e-11,2.91433e-11,2.87635e-11,2.91433e-11,1640654100,2021-12-28T01:15:00
2.9386e-11,2.9386e-11,2.90683e-11,2.90683e-11,1640654040,2021-12-28T01:14:00
2.91401e-11,2.91401e-11,2.91401e-11,2.91401e-11,1640653980,2021-12-28T01:13:00
2.88098e-11,2.88098e-11,2.86405e-11,2.87501e-11,1640653860,2021-12-28T01:11:00
2.89023e-11,2.8962e-11,2.89023e-11,2.8962e-11,1640653740,2021-12-28T01:09:00
2.87856e-11,2.89826e-11,2.87856e-11,2.89826e-11,1640653620,2021-12-28T01:07:00
2.78842e-11,2.87347e-11,2.78842e-11,2.87347e-11,1640653440,2021-12-28T01:04:00
2.80496e-11,2.80496e-11,2.80496e-11,2.80496e-11,1640653380,2021-12-28T01:03:00
2.79286e-11,2.79286e-11,2.79286e-11,2.79286e-11,1640653320,2021-12-28T01:02:00
2.86143e-11,2.86143e-11,2.81748e-11,2.81748e-11,1640653260,2021-12-28T01:01:00
2.86448e-11,2.86448e-11,2.86448e-11,2.86448e-11,1640653080,2021-12-28T00:58:00
2.85765e-11,2.85765e-11,2.85765e-11,2.85765e-11,1640652960,2021-12-28T00:56:00
2.87668e-11,2.87668e-11,2.87668e-11,2.87668e-11,1640652900,2021-12-28T00:55:00
2.86145e-11,2.86145e-11,2.86145e-11,2.86145e-11,1640652840,2021-12-28T00:54:00
2.92807e-11,2.92807e-11,2.92807e-11,2.92807e-11,1640652780,2021-12-28T00:53:00
2.98171e-11,2.98171e-11,2.98171e-11,2.98171e-11,1640652720,2021-12-28T00:52:00
2.99003e-11,2.99003e-11,2.99003e-11,2.99003e-11,1640652600,2021-12-28T00:50:00
2.98251e-11,2.98251e-11,2.98251e-11,2.98251e-11,1640652540,2021-12-28T00:49:00
2.9775e-11,2.9775e-11,2.9775e-11,2.9775e-11,1640652480,2021-12-28T00:48:00
2.98898e-11,2.99375e-11,2.98898e-11,2.99375e-11,1640652420,2021-12-28T00:47:00
2.97279e-11,2.97279e-11,2.97279e-11,2.97279e-11,1640652360,2021-12-28T00:46:00
2.9678e-11,2.9678e-11,2.9678e-11,2.9678e-11,1640652240,2021-12-28T00:44:00
2.98556e-11,2.98556e-11,2.98556e-11,2.98556e-11,1640652180,2021-12-28T00:43:00
2.9606e-11,2.9606e-11,2.9606e-11,2.9606e-11,1640652000,2021-12-28T00:40:00
2.97154e-11,2.97154e-11,2.97154e-11,2.97154e-11,1640651940,2021-12-28T00:39:00
2.97015e-11,2.97015e-11,2.97015e-11,2.97015e-11,1640651880,2021-12-28T00:38:00
2.96249e-11,2.96249e-11,2.96249e-11,2.96249e-11,1640651640,2021-12-28T00:34:00
2.91062e-11,2.93058e-11,2.91062e-11,2.93058e-11,1640651580,2021-12-28T00:33:00
2.88597e-11,2.89396e-11,2.88597e-11,2.89396e-11,1640651520,2021-12-28T00:32:00
2.8684e-11,2.8684e-11,2.8684e-11,2.8684e-11,1640651460,2021-12-28T00:31:00
2.82535e-11,2.83018e-11,2.82535e-11,2.83018e-11,1640651400,2021-12-28T00:30:00
2.75987e-11,2.75987e-11,2.75987e-11,2.75987e-11,1640651340,2021-12-28T00:29:00
2.64118e-11,2.68957e-11,2.64118e-11,2.68957e-11,1640651280,2021-12-28T00:28:00
2.6019e-11,2.6019e-11,2.6019e-11,2.6019e-11,1640651220,2021-12-28T00:27:00
2.54002e-11,2.54002e-11,2.54002e-11,2.54002e-11,1640651160,2021-12-28T00:26:00
2.53349e-11,2.53349e-11,2.52565e-11,2.52565e-11,1640651100,2021-12-28T00:25:00
2.49034e-11,2.49899e-11,2.49034e-11,2.49899e-11,1640651040,2021-12-28T00:24:00
2.4843e-11,2.4843e-11,2.4843e-11,2.4843e-11,1640650920,2021-12-28T00:22:00
2.50369e-11,2.50369e-11,2.48808e-11,2.48808e-11,1640650860,2021-12-28T00:21:00
2.47593e-11,2.47957e-11,2.47593e-11,2.47957e-11,1640650800,2021-12-28T00:20:00
2.41511e-11,2.41511e-11,2.41511e-11,2.41511e-11,1640650740,2021-12-28T00:19:00
2.42765e-11,2.4282e-11,2.42765e-11,2.4282e-11,1640650680,2021-12-28T00:18:00
2.39504e-11,2.39504e-11,2.39504e-11,2.39504e-11,1640650620,2021-12-28T00:17:00
2.42186e-11,2.42186e-11,2.41013e-11,2.41013e-11,1640650560,2021-12-28T00:16:00
2.53745e-11,2.53745e-11,2.44888e-11,2.44888e-11,1640650500,2021-12-28T00:15:00
2.59197e-11,2.59197e-11,2.59197e-11,2.59197e-11,1640650440,2021-12-28T00:14:00
2.68107e-11,2.68107e-11,2.68107e-11,2.68107e-11,1640650380,2021-12-28T00:13:00
2.73146e-11,2.73146e-11,2.73146e-11,2.73146e-11,1640650140,2021-12-28T00:09:00
2.79806e-11,2.79806e-11,2.79806e-11,2.79806e-11,1640649960,2021-12-28T00:06:00
2.82071e-11,2.82071e-11,2.82071e-11,2.82071e-11,1640649840,2021-12-28T00:04:00
2.85255e-11,2.85255e-11,2.85255e-11,2.85255e-11,1640649780,2021-12-28T00:03:00
2.80254e-11,2.80254e-11,2.80254e-11,2.80254e-11,1640649600,2021-12-28T00:00:00
2.82045e-11,2.82045e-11,2.82045e-11,2.82045e-11,1640649540,2021-12-27T23:59:00
2.8065e-11,2.8065e-11,2.8065e-11,2.8065e-11,1640649360,2021-12-27T23:56:00
2.82604e-11,2.82604e-11,2.82604e-11,2.82604e-11,1640649300,2021-12-27T23:55:00
2.84988e-11,2.84988e-11,2.84988e-11,2.84988e-11,1640649180,2021-12-27T23:53:00
2.86411e-11,2.86411e-11,2.86411e-11,2.86411e-11,1640649120,2021-12-27T23:52:00
2.86177e-11,2.86177e-11,2.86177e-11,2.86177e-11,1640649060,2021-12-27T23:51:00
2.87675e-11,2.87675e-11,2.87675e-11,2.87675e-11,1640649000,2021-12-27T23:50:00
2.88546e-11,2.886e-11,2.87289e-11,2.886e-11,1640648940,2021-12-27T23:49:00
2.85705e-11,2.85705e-11,2.85705e-11,2.85705e-11,1640648880,2021-12-27T23:48:00
2.86723e-11,2.86723e-11,2.86723e-11,2.86723e-11,1640648820,2021-12-27T23:47:00
2.87266e-11,2.88428e-11,2.87266e-11,2.88428e-11,1640648760,2021-12-27T23:46:00
2.90975e-11,2.90975e-11,2.90975e-11,2.90975e-11,1640648640,2021-12-27T23:44:00
2.95435e-11,2.95435e-11,2.93584e-11,2.93584e-11,1640648520,2021-12-27T23:42:00
2.96269e-11,2.96269e-11,2.94778e-11,2.94778e-11,1640648400,2021-12-27T23:40:00
3.01121e-11,3.01121e-11,3.01121e-11,3.01121e-11,1640648340,2021-12-27T23:39:00
2.99021e-11,2.99021e-11,2.99021e-11,2.99021e-11,1640648220,2021-12-27T23:37:00
2.97179e-11,2.97179e-11,2.96509e-11,2.96509e-11,1640648160,2021-12-27T23:36:00
2.96437e-11,2.96437e-11,2.96437e-11,2.96437e-11,1640648040,2021-12-27T23:34:00
2.96791e-11,2.96791e-11,2.96791e-11,2.96791e-11,1640647860,2021-12-27T23:31:00
2.95745e-11,2.95745e-11,2.94857e-11,2.94857e-11,1640647680,2021-12-27T23:28:00
2.95439e-11,2.95439e-11,2.95439e-11,2.95439e-11,1640647560,2021-12-27T23:26:00
2.90624e-11,2.93256e-11,2.90624e-11,2.93256e-11,1640647500,2021-12-27T23:25:00
2.89953e-11,2.89953e-11,2.89312e-11,2.89312e-11,1640647440,2021-12-27T23:24:00
2.92427e-11,2.92427e-11,2.88489e-11,2.88489e-11,1640647320,2021-12-27T23:22:00
2.98229e-11,2.98229e-11,2.98229e-11,2.98229e-11,1640647260,2021-12-27T23:21:00
2.99716e-11,2.99716e-11,2.99716e-11,2.99716e-11,1640647140,2021-12-27T23:19:00
3.01089e-11,3.01089e-11,2.99062e-11,2.99062e-11,1640647080,2021-12-27T23:18:00
3.02115e-11,3.02115e-11,3.02115e-11,3.02115e-11,1640647020,2021-12-27T23:17:00
3.07187e-11,3.07187e-11,3.07187e-11,3.07187e-11,1640646960,2021-12-27T23:16:00
3.23583e-11,3.23583e-11,3.16715e-11,3.16715e-11,1640646900,2021-12-27T23:15:00
3.32302e-11,3.32302e-11,3.30464e-11,3.30464e-11,1640646840,2021-12-27T23:14:00
3.31801e-11,3.31801e-11,3.31801e-11,3.31801e-11,1640646780,2021-12-27T23:13:00
3.30422e-11,3.30422e-11,3.30422e-11,3.30422e-11,1640646720,2021-12-27T23:12:00
3.28988e-11,3.28988e-11,3.28988e-11,3.28988e-11,1640646420,2021-12-27T23:07:00
3.32127e-11,3.32127e-11,3.32127e-11,3.32127e-11,1640645880,2021-12-27T22:58:00
3.38871e-11,3.38871e-11,3.36234e-11,3.36234e-11,1640645700,2021-12-27T22:55:00
3.36409e-11,3.36409e-11,3.36409e-11,3.36409e-11,1640645580,2021-12-27T22:53:00
3.32989e-11,3.32989e-11,3.32989e-11,3.32989e-11,1640645400,2021-12-27T22:50:00
3.3409e-11,3.3409e-11,3.3409e-11,3.3409e-11,1640645340,2021-12-27T22:49:00
3.56954e-11,3.56954e-11,3.41637e-11,3.41637e-11,1640645220,2021-12-27T22:47:00
3.57812e-11,3.57812e-11,3.57812e-11,3.57812e-11,1640645100,2021-12-27T22:45:00
3.67687e-11,3.67687e-11,3.55161e-11,3.55161e-11,1640645040,2021-12-27T22:44:00
3.69284e-11,3.70365e-11,3.69284e-11,3.70365e-11,1640644980,2021-12-27T22:43:00
3.68337e-11,3.68337e-11,3.68337e-11,3.68337e-11,1640644740,2021-12-27T22:39:00
3.80677e-11,3.80677e-11,3.73766e-11,3.73766e-11,1640644680,2021-12-27T22:38:00
3.84828e-11,3.84828e-11,3.81259e-11,3.81259e-11,1640644260,2021-12-27T22:31:00
3.87615e-11,3.87615e-11,3.87615e-11,3.87615e-11,1640644200,2021-12-27T22:30:00
3.89215e-11,3.89389e-11,3.89215e-11,3.89389e-11,1640644140,2021-12-27T22:29:00
3.88174e-11,3.88174e-11,3.88174e-11,3.88174e-11,1640644080,2021-12-27T22:28:00
3.84606e-11,3.84606e-11,3.84606e-11,3.84606e-11,1640643960,2021-12-27T22:26:00
3.84496e-11,3.84496e-11,3.84496e-11,3.84496e-11,1640643900,2021-12-27T22:25:00
3.87164e-11,3.8862e-11,3.87164e-11,3.8862e-11,1640643840,2021-12-27T22:24:00
3.83534e-11,3.83534e-11,3.83534e-11,3.83534e-11,1640643780,2021-12-27T22:23:00
3.83881e-11,3.83881e-11,3.83881e-11,3.83881e-11,1640643720,2021-12-27T22:22:00
3.80538e-11,3.81841e-11,3.80538e-11,3.81841e-11,1640643660,2021-12-27T22:21:00
3.79835e-11,3.79835e-11,3.79835e-11,3.79835e-11,1640643540,2021-12-27T22:19:00
3.79651e-11,3.79651e-11,3.77649e-11,3.77649e-11,1640643480,2021-12-27T22:18:00
3.75065e-11,3.81493e-11,3.75065e-11,3.78599e-11,1640643420,2021-12-27T22:17:00
3.66147e-11,3.67799e-11,3.66147e-11,3.67799e-11,1640643360,2021-12-27T22:16:00
3.78794e-11,3.78794e-11,3.77606e-11,3.77606e-11,1640643300,2021-12-27T22:15:00
3.78164e-11,3.78164e-11,3.78164e-11,3.78164e-11,1640643240,2021-12-27T22:14:00
3.76633e-11,3.76633e-11,3.76633e-11,3.76633e-11,1640643180,2021-12-27T22:13:00
3.70029e-11,3.70029e-11,3.69661e-11,3.69661e-11,1640642940,2021-12-27T22:09:00
3.6916e-11,3.6916e-11,3.6916e-11,3.6916e-11,1640642760,2021-12-27T22:06:00
3.7147e-11,3.7147e-11,3.7147e-11,3.7147e-11,1640642700,2021-12-27T22:05:00
3.97178e-11,3.97178e-11,3.95994e-11,3.95994e-11,1640642640,2021-12-27T22:04:00
4.02856e-11,4.02856e-11,4.02856e-11,4.02856e-11,1640642580,2021-12-27T22:03:00
4.11088e-11,4.11088e-11,4.11088e-11,4.11088e-11,1640642520,2021-12-27T22:02:00
4.07533e-11,4.07533e-11,4.07533e-11,4.07533e-11,1640642460,2021-12-27T22:01:00
4.11466e-11,4.11466e-11,4.11466e-11,4.11466e-11,1640642340,2021-12-27T21:59:00
4.12203e-11,4.14258e-11,4.12203e-11,4.14258e-11,1640642280,2021-12-27T21:58:00
4.10599e-11,4.1464e-11,4.10599e-11,4.141e-11,1640642220,2021-12-27T21:57:00
4.0695e-11,4.0695e-11,4.0695e-11,4.0695e-11,1640642160,2021-12-27T21:56:00
3.94877e-11,4.01375e-11,3.94877e-11,4.01375e-11,1640642100,2021-12-27T21:55:00
3.9461e-11,3.9461e-11,3.9461e-11,3.9461e-11,1640642040,2021-12-27T21:54:00
3.91854e-11,3.91854e-11,3.91854e-11,3.91854e-11,1640641980,2021-12-27T21:53:00
3.86975e-11,3.86975e-11,3.86975e-11,3.86975e-11,1640641920,2021-12-27T21:52:00
3.84263e-11,3.84596e-11,3.84263e-11,3.84596e-11,1640641860,2021-12-27T21:51:00
3.84045e-11,3.87101e-11,3.84045e-11,3.85874e-11,1640641800,2021-12-27T21:50:00
3.84964e-11,3.84964e-11,3.84964e-11,3.84964e-11,1640641740,2021-12-27T21:49:00
3.83147e-11,3.83147e-11,3.83147e-11,3.83147e-11,1640641680,2021-12-27T21:48:00
3.81547e-11,3.81547e-11,3.81547e-11,3.81547e-11,1640641560,2021-12-27T21:46:00
3.75481e-11,3.75481e-11,3.75481e-11,3.75481e-11,1640641500,2021-12-27T21:45:00
3.72795e-11,3.72795e-11,3.71754e-11,3.71754e-11,1640641380,2021-12-27T21:43:00
3.75097e-11,3.76102e-11,3.75097e-11,3.76102e-11,1640641320,2021-12-27T21:42:00
3.6968e-11,3.6968e-11,3.6968e-11,3.6968e-11,1640641260,2021-12-27T21:41:00
3.72227e-11,3.72227e-11,3.72227e-11,3.72227e-11,1640641200,2021-12-27T21:40:00
3.71273e-11,3.71273e-11,3.71273e-11,3.71273e-11,1640641140,2021-12-27T21:39:00
3.70806e-11,3.70806e-11,3.70806e-11,3.70806e-11,1640640960,2021-12-27T21:36:00
3.70719e-11,3.7172e-11,3.70719e-11,3.7172e-11,1640640900,2021-12-27T21:35:00
3.69721e-11,3.69721e-11,3.68676e-11,3.68676e-11,1640640840,2021-12-27T21:34:00
3.69613e-11,3.69613e-11,3.69613e-11,3.69613e-11,1640640780,2021-12-27T21:33:00
3.70927e-11,3.70927e-11,3.70927e-11,3.70927e-11,1640640660,2021-12-27T21:31:00
3.64111e-11,3.68731e-11,3.64111e-11,3.68731e-11,1640640600,2021-12-27T21:30:00
3.56449e-11,3.56449e-11,3.56449e-11,3.56449e-11,1640640540,2021-12-27T21:29:00
3.59633e-11,3.59633e-11,3.57026e-11,3.57026e-11,1640640480,2021-12-27T21:28:00
3.60503e-11,3.60503e-11,3.60503e-11,3.60503e-11,1640640360,2021-12-27T21:26:00
3.58997e-11,3.58997e-11,3.58997e-11,3.58997e-11,1640640300,2021-12-27T21:25:00
3.66323e-11,3.66323e-11,3.66323e-11,3.66323e-11,1640640240,2021-12-27T21:24:00
3.60925e-11,3.60925e-11,3.60925e-11,3.60925e-11,1640640180,2021-12-27T21:23:00
3.57803e-11,3.57803e-11,3.55292e-11,3.55292e-11,1640640000,2021-12-27T21:20:00
3.54475e-11,3.56531e-11,3.54475e-11,3.56531e-11,1640639940,2021-12-27T21:19:00
3.55677e-11,3.55677e-11,3.53789e-11,3.55383e-11,1640639880,2021-12-27T21:18:00
3.60427e-11,3.60427e-11,3.59807e-11,3.59807e-11,1640639820,2021-12-27T21:17:00
3.66055e-11,3.66055e-11,3.63693e-11,3.63693e-11,1640639760,2021-12-27T21:16:00
3.45209e-11,3.65309e-11,3.45209e-11,3.65309e-11,1640639700,2021-12-27T21:15:00
3.38291e-11,3.38291e-11,3.38291e-11,3.38291e-11,1640639640,2021-12-27T21:14:00
3.45093e-11,3.45093e-11,3.43084e-11,3.43084e-11,1640639580,2021-12-27T21:13:00
3.57619e-11,3.57619e-11,3.53433e-11,3.53433e-11,1640639520,2021-12-27T21:12:00
3.56433e-11,3.56433e-11,3.56433e-11,3.56433e-11,1640639460,2021-12-27T21:11:00
3.57813e-11,3.57813e-11,3.57813e-11,3.57813e-11,1640639340,2021-12-27T21:09:00
3.55172e-11,3.55172e-11,3.55172e-11,3.55172e-11,1640639280,2021-12-27T21:08:00
3.52217e-11,3.52217e-11,3.50325e-11,3.50325e-11,1640639220,2021-12-27T21:07:00
3.47195e-11,3.54202e-11,3.47195e-11,3.54202e-11,1640639160,2021-12-27T21:06:00
3.44151e-11,3.45872e-11,3.44151e-11,3.45872e-11,1640639100,2021-12-27T21:05:00
3.25375e-11,3.34618e-11,3.25375e-11,3.34618e-11,1640639040,2021-12-27T21:04:00
2.97676e-11,3.15991e-11,2.97676e-11,3.15991e-11,1640638980,2021-12-27T21:03:00
2.91208e-11,2.96467e-11,2.91208e-11,2.96467e-11,1640638920,2021-12-27T21:02:00
2.86998e-11,2.86998e-11,2.86998e-11,2.86998e-11,1640638800,2021-12-27T21:00:00
2.82864e-11,2.86359e-11,2.82864e-11,2.86359e-11,1640638740,2021-12-27T20:59:00
2.85316e-11,2.85316e-11,2.81788e-11,2.81788e-11,1640638680,2021-12-27T20:58:00
2.85714e-11,2.85714e-11,2.85335e-11,2.85335e-11,1640638620,2021-12-27T20:57:00
2.88545e-11,2.88545e-11,2.88545e-11,2.88545e-11,1640638560,2021-12-27T20:56:00
3.24309e-11,3.24309e-11,3.07565e-11,3.07565e-11,1640638500,2021-12-27T20:55:00
3.41249e-11,3.41249e-11,3.29121e-11,3.29121e-11,1640638440,2021-12-27T20:54:00
3.51741e-11,3.51741e-11,3.41347e-11,3.41347e-11,1640638380,2021-12-27T20:53:00
3.59501e-11,3.59501e-11,3.59501e-11,3.59501e-11,1640638320,2021-12-27T20:52:00
3.59813e-11,3.59813e-11,3.59813e-11,3.59813e-11,1640638260,2021-12-27T20:51:00
3.67113e-11,3.67113e-11,3.57202e-11,3.57202e-11,1640638140,2021-12-27T20:49:00
3.5725e-11,3.62853e-11,3.5725e-11,3.62853e-11,1640638080,2021-12-27T20:48:00
3.4717e-11,3.53283e-11,3.4717e-11,3.53283e-11,1640638020,2021-12-27T20:47:00
3.47141e-11,3.47141e-11,3.45858e-11,3.45858e-11,1640637960,2021-12-27T20:46:00
3.4881e-11,3.4881e-11,3.45852e-11,3.45852e-11,1640637900,2021-12-27T20:45:00
3.41655e-11,3.44379e-11,3.41655e-11,3.44379e-11,1640637840,2021-12-27T20:44:00
3.39195e-11,3.41139e-11,3.39195e-11,3.41139e-11,1640637780,2021-12-27T20:43:00
3.28501e-11,3.35214e-11,3.28501e-11,3.35214e-11,1640637720,2021-12-27T20:42:00
3.10358e-11,3.30361e-11,3.10358e-11,3.30361e-11,1640637660,2021-12-27T20:41:00
3.00702e-11,3.12227e-11,3.00702e-11,3.12227e-11,1640637600,2021-12-27T20:40:00
2.71436e-11,2.86202e-11,2.71436e-11,2.86202e-11,1640637540,2021-12-27T20:39:00
2.56562e-11,2.62428e-11,2.56562e-11,2.62428e-11,1640637480,2021-12-27T20:38:00
2.40749e-11,2.52904e-11,2.40749e-11,2.52904e-11,1640637420,2021-12-27T20:37:00
2.41985e-11,2.41985e-11,2.41985e-11,2.41985e-11,1640637360,2021-12-27T20:36:00
2.50635e-11,2.50635e-11,2.43597e-11,2.45701e-11,1640637300,2021-12-27T20:35:00
2.69323e-11,2.69323e-11,2.58039e-11,2.58039e-11,1640637240,2021-12-27T20:34:00
2.89977e-11,2.89977e-11,2.71857e-11,2.71857e-11,1640637180,2021-12-27T20:33:00
3.11858e-11,3.11858e-11,2.89613e-11,2.89613e-11,1640637120,2021-12-27T20:32:00
3.17433e-11,3.17433e-11,3.13381e-11,3.13381e-11,1640637060,2021-12-27T20:31:00
3.5831e-11,3.5831e-11,3.29099e-11,3.29099e-11,1640637000,2021-12-27T20:30:00
3.60002e-11,3.60481e-11,3.60002e-11,3.60481e-11,1640636940,2021-12-27T20:29:00
3.72067e-11,3.72067e-11,3.63579e-11,3.63579e-11,1640636880,2021-12-27T20:28:00
3.74226e-11,3.74226e-11,3.72363e-11,3.72363e-11,1640636820,2021-12-27T20:27:00
3.82563e-11,3.82563e-11,3.82563e-11,3.82563e-11,1640636760,2021-12-27T20:26:00
3.83605e-11,3.83619e-11,3.83605e-11,3.83619e-11,1640636700,2021-12-27T20:25:00
3.83368e-11,3.85279e-11,3.83368e-11,3.85279e-11,1640636640,2021-12-27T20:24:00
3.84148e-11,3.84148e-11,3.84148e-11,3.84148e-11,1640636460,2021-12-27T20:21:00
3.86377e-11,3.93806e-11,3.86377e-11,3.93806e-11,1640636340,2021-12-27T20:19:00
3.95777e-11,3.95777e-11,3.89676e-11,3.89676e-11,1640636280,2021-12-27T20:18:00
4.08103e-11,4.08103e-11,4.08103e-11,4.08103e-11,1640636220,2021-12-27T20:17:00
4.07581e-11,4.07581e-11,4.07581e-11,4.07581e-11,1640636160,2021-12-27T20:16:00
4.0281e-11,4.07507e-11,4.0281e-11,4.07507e-11,1640636100,2021-12-27T20:15:00
4.04929e-11,4.05811e-11,4.04929e-11,4.05811e-11,1640635920,2021-12-27T20:12:00
3.9987e-11,3.9987e-11,3.9987e-11,3.9987e-11,1640635860,2021-12-27T20:11:00
3.90115e-11,3.93715e-11,3.90115e-11,3.90287e-11,1640635740,2021-12-27T20:09:00
3.89935e-11,3.89935e-11,3.89935e-11,3.89935e-11,1640635680,2021-12-27T20:08:00
3.90848e-11,3.92569e-11,3.90848e-11,3.92569e-11,1640635620,2021-12-27T20:07:00
3.89937e-11,3.89937e-11,3.89937e-11,3.89937e-11,1640635560,2021-12-27T20:06:00
3.91386e-11,3.91749e-11,3.86994e-11,3.86994e-11,1640635500,2021-12-27T20:05:00
3.94573e-11,3.94573e-11,3.90532e-11,3.90532e-11,1640635440,2021-12-27T20:04:00
4.01475e-11,4.01475e-11,3.95526e-11,3.95526e-11,1640635380,2021-12-27T20:03:00
3.94549e-11,3.98547e-11,3.94549e-11,3.98547e-11,1640635320,2021-12-27T20:02:00
3.86756e-11,3.92393e-11,3.86756e-11,3.92393e-11,1640635260,2021-12-27T20:01:00
3.82104e-11,3.82104e-11,3.82016e-11,3.82016e-11,1640635200,2021-12-27T20:00:00
3.87542e-11,3.87542e-11,3.84316e-11,3.84316e-11,1640635140,2021-12-27T19:59:00
3.76384e-11,3.81597e-11,3.76384e-11,3.81597e-11,1640635080,2021-12-27T19:58:00
3.74841e-11,3.76257e-11,3.74841e-11,3.76257e-11,1640634960,2021-12-27T19:56:00
3.67581e-11,3.7085e-11,3.67581e-11,3.7085e-11,1640634840,2021-12-27T19:54:00
3.66805e-11,3.66805e-11,3.66805e-11,3.66805e-11,1640634780,2021-12-27T19:53:00
3.66514e-11,3.66514e-11,3.66514e-11,3.66514e-11,1640634720,2021-12-27T19:52:00
3.58441e-11,3.58441e-11,3.58441e-11,3.58441e-11,1640634660,2021-12-27T19:51:00
3.75237e-11,3.75237e-11,3.54835e-11,3.54835e-11,1640634540,2021-12-27T19:49:00
3.77995e-11,3.77995e-11,3.77995e-11,3.77995e-11,1640634480,2021-12-27T19:48:00
3.75606e-11,3.7635e-11,3.75606e-11,3.7635e-11,1640634420,2021-12-27T19:47:00
3.71352e-11,3.7435e-11,3.71352e-11,3.7435e-11,1640634360,2021-12-27T19:46:00
3.69831e-11,3.69831e-11,3.68772e-11,3.68772e-11,1640634300,2021-12-27T19:45:00
3.6682e-11,3.68586e-11,3.6682e-11,3.68586e-11,1640634240,2021-12-27T19:44:00
3.64774e-11,3.65444e-11,3.64774e-11,3.65444e-11,1640634180,2021-12-27T19:43:00
3.61649e-11,3.61649e-11,3.61649e-11,3.61649e-11,1640634120,2021-12-27T19:42:00
3.59907e-11,3.59907e-11,3.59907e-11,3.59907e-11,1640634060,2021-12-27T19:41:00
3.51763e-11,3.51763e-11,3.51763e-11,3.51763e-11,1640634000,2021-12-27T19:40:00
3.50601e-11,3.51724e-11,3.47107e-11,3.47107e-11,1640633940,2021-12-27T19:39:00
3.42276e-11,3.48319e-11,3.42276e-11,3.48319e-11,1640633880,2021-12-27T19:38:00
3.37616e-11,3.37616e-11,3.34363e-11,3.34363e-11,1640633820,2021-12-27T19:37:00
3.41445e-11,3.41445e-11,3.39212e-11,3.40297e-11,1640633760,2021-12-27T19:36:00
3.36474e-11,3.38735e-11,3.36474e-11,3.38735e-11,1640633700,2021-12-27T19:35:00
3.25341e-11,3.25341e-11,3.25341e-11,3.25341e-11,1640633640,2021-12-27T19:34:00
3.33413e-11,3.33413e-11,3.25386e-11,3.25386e-11,1640633580,2021-12-27T19:33:00
3.43473e-11,3.43473e-11,3.43473e-11,3.43473e-11,1640633520,2021-12-27T19:32:00
3.39892e-11,3.4092e-11,3.39892e-11,3.4092e-11,1640633460,2021-12-27T19:31:00
3.34459e-11,3.34459e-11,3.34459e-11,3.34459e-11,1640633400,2021-12-27T19:30:00
3.19216e-11,3.20495e-11,3.18413e-11,3.18413e-11,1640633280,2021-12-27T19:28:00
3.17208e-11,3.17208e-11,3.17208e-11,3.17208e-11,1640633220,2021-12-27T19:27:00
3.1719e-11,3.1719e-11,3.1719e-11,3.1719e-11,1640633160,2021-12-27T19:26:00
3.14857e-11,3.14857e-11,3.14857e-11,3.14857e-11,1640633100,2021-12-27T19:25:00
3.16322e-11,3.16322e-11,3.13402e-11,3.13402e-11,1640633040,2021-12-27T19:24:00
3.16193e-11,3.16193e-11,3.16193e-11,3.16193e-11,1640632920,2021-12-27T19:22:00
3.14569e-11,3.14569e-11,3.14569e-11,3.14569e-11,1640632860,2021-12-27T19:21:00
3.13684e-11,3.13684e-11,3.13684e-11,3.13684e-11,1640632800,2021-12-27T19:20:00
3.11401e-11,3.11401e-11,3.11401e-11,3.11401e-11,1640632740,2021-12-27T19:19:00
3.05864e-11,3.09677e-11,3.05864e-11,3.09677e-11,1640632620,2021-12-27T19:17:00
3.1657e-11,3.1657e-11,3.02852e-11,3.13658e-11,1640632560,2021-12-27T19:16:00
3.28153e-11,3.32712e-11,3.28087e-11,3.29638e-11,1640632500,2021-12-27T19:15:00
3.28995e-11,3.28995e-11,3.28995e-11,3.28995e-11,1640632440,2021-12-27T19:14:00
3.23188e-11,3.2459e-11,3.23165e-11,3.24524e-11,1640632380,2021-12-27T19:13:00
3.2454e-11,3.25831e-11,3.21898e-11,3.21898e-11,1640632320,2021-12-27T19:12:00
3.23768e-11,3.23768e-11,3.23768e-11,3.23768e-11,1640632260,2021-12-27T19:11:00
3.26205e-11,3.26205e-11,3.26205e-11,3.26205e-11,1640632200,2021-12-27T19:10:00
2.97661e-11,2.98706e-11,2.97661e-11,2.98706e-11,1640632080,2021-12-27T19:08:00
2.96273e-11,2.96273e-11,2.96273e-11,2.96273e-11,1640632020,2021-12-27T19:07:00
2.95152e-11,2.95152e-11,2.94395e-11,2.94395e-11,1640631960,2021-12-27T19:06:00
2.90753e-11,2.90753e-11,2.90753e-11,2.90753e-11,1640631900,2021-12-27T19:05:00
2.89287e-11,2.89287e-11,2.89287e-11,2.89287e-11,1640631840,2021-12-27T19:04:00
2.87061e-11,2.87061e-11,2.87061e-11,2.87061e-11,1640631780,2021-12-27T19:03:00
2.82646e-11,2.86379e-11,2.82646e-11,2.86379e-11,1640631720,2021-12-27T19:02:00
2.84431e-11,2.84431e-11,2.84431e-11,2.84431e-11,1640631660,2021-12-27T19:01:00
2.83646e-11,2.8657e-11,2.83646e-11,2.8657e-11,1640631540,2021-12-27T18:59:00
2.8148e-11,2.8148e-11,2.8148e-11,2.8148e-11,1640631480,2021-12-27T18:58:00
2.73459e-11,2.75075e-11,2.73459e-11,2.75075e-11,1640631300,2021-12-27T18:55:00
2.74916e-11,2.74916e-11,2.74916e-11,2.74916e-11,1640631240,2021-12-27T18:54:00
2.68268e-11,2.72914e-11,2.68268e-11,2.72914e-11,1640631180,2021-12-27T18:53:00
2.66106e-11,2.66106e-11,2.66106e-11,2.66106e-11,1640631120,2021-12-27T18:52:00
2.66465e-11,2.67722e-11,2.65759e-11,2.67722e-11,1640631060,2021-12-27T18:51:00
2.64215e-11,2.65544e-11,2.64215e-11,2.65544e-11,1640631000,2021-12-27T18:50:00
2.63761e-11,2.63761e-11,2.60764e-11,2.60764e-11,1640630940,2021-12-27T18:49:00
2.62167e-11,2.62475e-11,2.60287e-11,2.62475e-11,1640630880,2021-12-27T18:48:00
2.59936e-11,2.59936e-11,2.55397e-11,2.55397e-11,1640630820,2021-12-27T18:47:00
2.63181e-11,2.63181e-11,2.56104e-11,2.57754e-11,1640630760,2021-12-27T18:46:00
2.6504e-11,2.6504e-11,2.61882e-11,2.61882e-11,1640630700,2021-12-27T18:45:00
2.66147e-11,2.67627e-11,2.66147e-11,2.67627e-11,1640630640,2021-12-27T18:44:00
2.67389e-11,2.67389e-11,2.67389e-11,2.67389e-11,1640630520,2021-12-27T18:42:00
2.56718e-11,2.64983e-11,2.56718e-11,2.64983e-11,1640630460,2021-12-27T18:41:00
2.65303e-11,2.65303e-11,2.58011e-11,2.58011e-11,1640630400,2021-12-27T18:40:00
2.69572e-11,2.69572e-11,2.67233e-11,2.68996e-11,1640630340,2021-12-27T18:39:00
2.68673e-11,2.68673e-11,2.68673e-11,2.68673e-11,1640630220,2021-12-27T18:37:00
2.69275e-11,2.69275e-11,2.66894e-11,2.66894e-11,1640630160,2021-12-27T18:36:00
2.70538e-11,2.70538e-11,2.6766e-11,2.6766e-11,1640630100,2021-12-27T18:35:00
2.72543e-11,2.76425e-11,2.72543e-11,2.76425e-11,1640630040,2021-12-27T18:34:00
2.74316e-11,2.74316e-11,2.74316e-11,2.74316e-11,1640629980,2021-12-27T18:33:00
2.73011e-11,2.73862e-11,2.73011e-11,2.7328e-11,1640629920,2021-12-27T18:32:00
2.71435e-11,2.71435e-11,2.71435e-11,2.71435e-11,1640629860,2021-12-27T18:31:00
2.70386e-11,2.70706e-11,2.69113e-11,2.69113e-11,1640629800,2021-12-27T18:30:00
2.71239e-11,2.71239e-11,2.71239e-11,2.71239e-11,1640629740,2021-12-27T18:29:00
2.87315e-11,2.87315e-11,2.77317e-11,2.77317e-11,1640629680,2021-12-27T18:28:00
3.01283e-11,3.01283e-11,2.98685e-11,2.98685e-11,1640629620,2021-12-27T18:27:00
3.07836e-11,3.07836e-11,3.07836e-11,3.07836e-11,1640629560,2021-12-27T18:26:00
3.02263e-11,3.04314e-11,3.02263e-11,3.04314e-11,1640629500,2021-12-27T18:25:00
3.00988e-11,3.00988e-11,3.00988e-11,3.00988e-11,1640629440,2021-12-27T18:24:00
2.99083e-11,3.00364e-11,2.99083e-11,3.00364e-11,1640629380,2021-12-27T18:23:00
2.99181e-11,3.04337e-11,2.99181e-11,3.04337e-11,1640629320,2021-12-27T18:22:00
2.95695e-11,2.97518e-11,2.95695e-11,2.96755e-11,1640629260,2021-12-27T18:21:00
2.89492e-11,2.95782e-11,2.89492e-11,2.95782e-11,1640629200,2021-12-27T18:20:00
2.73941e-11,2.85531e-11,2.73941e-11,2.85531e-11,1640629140,2021-12-27T18:19:00
2.73965e-11,2.7666e-11,2.73965e-11,2.7666e-11,1640629080,2021-12-27T18:18:00
2.73254e-11,2.73254e-11,2.73254e-11,2.73254e-11,1640629020,2021-12-27T18:17:00
2.7781e-11,2.7781e-11,2.71214e-11,2.71214e-11,1640628960,2021-12-27T18:16:00
2.79613e-11,2.79613e-11,2.78623e-11,2.78623e-11,1640628900,2021-12-27T18:15:00
2.7369e-11,2.8132e-11,2.7369e-11,2.8132e-11,1640628840,2021-12-27T18:14:00
2.9094e-11,2.9094e-11,2.82001e-11,2.82001e-11,1640628720,2021-12-27T18:12:00
3.25081e-11,3.25081e-11,2.89099e-11,2.89099e-11,1640628660,2021-12-27T18:11:00
3.42031e-11,3.42031e-11,3.41964e-11,3.41964e-11,1640628600,2021-12-27T18:10:00
3.42654e-11,3.44089e-11,3.42654e-11,3.44089e-11,1640628540,2021-12-27T18:09:00
3.39637e-11,3.39637e-11,3.39637e-11,3.39637e-11,1640628480,2021-12-27T18:08:00
3.46129e-11,3.62143e-11,3.46129e-11,3.55578e-11,1640628420,2021-12-27T18:07:00
3.35934e-11,3.41419e-11,3.35934e-11,3.41419e-11,1640628360,2021-12-27T18:06:00
3.27802e-11,3.30644e-11,3.27802e-11,3.30644e-11,1640628300,2021-12-27T18:05:00
3.10498e-11,3.19674e-11,3.10498e-11,3.19674e-11,1640628240,2021-12-27T18:04:00
3.06162e-11,3.06162e-11,3.06162e-11,3.06162e-11,1640628180,2021-12-27T18:03:00
2.87437e-11,2.87437e-11,2.87437e-11,2.87437e-11,1640628120,2021-12-27T18:02:00
2.51346e-11,2.81262e-11,2.51346e-11,2.81262e-11,1640628060,2021-12-27T18:01:00
2.39135e-11,2.4312e-11,2.39135e-11,2.4312e-11,1640628000,2021-12-27T18:00:00
2.63068e-11,2.63068e-11,2.39739e-11,2.39739e-11,1640627940,2021-12-27T17:59:00
3.0003e-11,3.0003e-11,2.7154e-11,2.73408e-11,1640627880,2021-12-27T17:58:00
3.04347e-11,3.04347e-11,2.99273e-11,2.99273e-11,1640627820,2021-12-27T17:57:00
3.0706e-11,3.0706e-11,3.06484e-11,3.06484e-11,1640627760,2021-12-27T17:56:00
3.27719e-11,3.27719e-11,3.27719e-11,3.27719e-11,1640627700,2021-12-27T17:55:00
3.53078e-11,3.53078e-11,3.53078e-11,3.53078e-11,1640627640,2021-12-27T17:54:00
3.54267e-11,3.55783e-11,3.54267e-11,3.55783e-11,1640627580,2021-12-27T17:53:00
3.48584e-11,3.52369e-11,3.48584e-11,3.52369e-11,1640627520,2021-12-27T17:52:00
3.66605e-11,3.6669e-11,3.58591e-11,3.58591e-11,1640627460,2021-12-27T17:51:00
3.83148e-11,3.85786e-11,3.73176e-11,3.73176e-11,1640627400,2021-12-27T17:50:00
3.83317e-11,3.83317e-11,3.81969e-11,3.81969e-11,1640627340,2021-12-27T17:49:00
3.46796e-11,3.72402e-11,3.46796e-11,3.72402e-11,1640627280,2021-12-27T17:48:00
3.46391e-11,3.46962e-11,3.46391e-11,3.46962e-11,1640627220,2021-12-27T17:47:00
3.70754e-11,3.70754e-11,3.32808e-11,3.32808e-11,1640627160,2021-12-27T17:46:00
3.81264e-11,3.86892e-11,3.81264e-11,3.86892e-11,1640627100,2021-12-27T17:45:00
3.56254e-11,3.56254e-11,3.56254e-11,3.56254e-11,1640627040,2021-12-27T17:44:00
3.42601e-11,3.48221e-11,3.42601e-11,3.48221e-11,1640626980,2021-12-27T17:43:00
3.56611e-11,3.56611e-11,3.42694e-11,3.43423e-11,1640626920,2021-12-27T17:42:00
3.83474e-11,3.83474e-11,3.74833e-11,3.74833e-11,1640626860,2021-12-27T17:41:00
3.61688e-11,3.93659e-11,3.61688e-11,3.93659e-11,1640626800,2021-12-27T17:40:00
3.5787e-11,3.5787e-11,3.5276e-11,3.57609e-11,1640626680,2021-12-27T17:38:00
3.38187e-11,3.50588e-11,3.37255e-11,3.50588e-11,1640626620,2021-12-27T17:37:00
3.26676e-11,3.3355e-11,3.26676e-11,3.3355e-11,1640626560,2021-12-27T17:36:00
3.21906e-11,3.41476e-11,3.21906e-11,3.41476e-11,1640626500,2021-12-27T17:35:00
3.37388e-11,3.37388e-11,3.37388e-11,3.37388e-11,1640626440,2021-12-27T17:34:00
3.28414e-11,3.33459e-11,3.22639e-11,3.33459e-11,1640626380,2021-12-27T17:33:00
3.13746e-11,3.28712e-11,3.13746e-11,3.28712e-11,1640626260,2021-12-27T17:31:00
3.08305e-11,3.11642e-11,3.06241e-11,3.11642e-11,1640626200,2021-12-27T17:30:00
3.09127e-11,3.09127e-11,3.09127e-11,3.09127e-11,1640626140,2021-12-27T17:29:00
3.06793e-11,3.06793e-11,2.96276e-11,2.96276e-11,1640626080,2021-12-27T17:28:00
3.01018e-11,3.02668e-11,3.01018e-11,3.02668e-11,1640626020,2021-12-27T17:27:00
2.97752e-11,2.97752e-11,2.97752e-11,2.97752e-11,1640625960,2021-12-27T17:26:00
2.74601e-11,2.7973e-11,2.74601e-11,2.7973e-11,1640625900,2021-12-27T17:25:00
2.72251e-11,2.74218e-11,2.72251e-11,2.74218e-11,1640625840,2021-12-27T17:24:00
2.72663e-11,2.74734e-11,2.72663e-11,2.73057e-11,1640625780,2021-12-27T17:23:00
2.78732e-11,2.81492e-11,2.69146e-11,2.69146e-11,1640625720,2021-12-27T17:22:00
2.88433e-11,2.88433e-11,2.77257e-11,2.77543e-11,1640625660,2021-12-27T17:21:00
3.14237e-11,3.14237e-11,3.13282e-11,3.13282e-11,1640625600,2021-12-27T17:20:00
2.86856e-11,2.96004e-11,2.86856e-11,2.96004e-11,1640625540,2021-12-27T17:19:00
2.62231e-11,2.86734e-11,2.62231e-11,2.86734e-11,1640625480,2021-12-27T17:18:00
2.55474e-11,2.57027e-11,2.55474e-11,2.57027e-11,1640625420,2021-12-27T17:17:00
2.63114e-11,2.63215e-11,2.52553e-11,2.52553e-11,1640625360,2021-12-27T17:16:00
2.57566e-11,2.61837e-11,2.57566e-11,2.61837e-11,1640625300,2021-12-27T17:15:00
2.62255e-11,2.62255e-11,2.56816e-11,2.56816e-11,1640625240,2021-12-27T17:14:00
2.38509e-11,2.54426e-11,2.38509e-11,2.54426e-11,1640625180,2021-12-27T17:13:00
2.37123e-11,2.37123e-11,2.37123e-11,2.37123e-11,1640625120,2021-12-27T17:12:00
2.34956e-11,2.34956e-11,2.34956e-11,2.34956e-11,1640625060,2021-12-27T17:11:00
2.28911e-11,2.32087e-11,2.28911e-11,2.32087e-11,1640625000,2021-12-27T17:10:00
2.28325e-11,2.28325e-11,2.28325e-11,2.28325e-11,1640624880,2021-12-27T17:08:00
2.27575e-11,2.27575e-11,2.27575e-11,2.27575e-11,1640624820,2021-12-27T17:07:00
2.28932e-11,2.28932e-11,2.28932e-11,2.28932e-11,1640624760,2021-12-27T17:06:00
2.28903e-11,2.28903e-11,2.28903e-11,2.28903e-11,1640624700,2021-12-27T17:05:00
2.25713e-11,2.25713e-11,2.25713e-11,2.25713e-11,1640624640,2021-12-27T17:04:00
2.2153e-11,2.24629e-11,2.2153e-11,2.24629e-11,1640624580,2021-12-27T17:03:00
2.1568e-11,2.17043e-11,2.1568e-11,2.17043e-11,1640624520,2021-12-27T17:02:00
2.15177e-11,2.15177e-11,2.13659e-11,2.14229e-11,1640624460,2021-12-27T17:01:00
2.17489e-11,2.17489e-11,2.14193e-11,2.14193e-11,1640624400,2021-12-27T17:00:00
2.08084e-11,2.21924e-11,2.08084e-11,2.21924e-11,1640624340,2021-12-27T16:59:00
2.07411e-11,2.07411e-11,2.02412e-11,2.02412e-11,1640624280,2021-12-27T16:58:00
2.10137e-11,2.10137e-11,2.01306e-11,2.07387e-11,1640624220,2021-12-27T16:57:00
2.09375e-11,2.10639e-11,2.09375e-11,2.10639e-11,1640624160,2021-12-27T16:56:00
2.06531e-11,2.06531e-11,2.06531e-11,2.06531e-11,1640624100,2021-12-27T16:55:00
2.26266e-11,2.26266e-11,2.08343e-11,2.08343e-11,1640624040,2021-12-27T16:54:00
2.29129e-11,2.29176e-11,2.29129e-11,2.29176e-11,1640623980,2021-12-27T16:53:00
2.42363e-11,2.43818e-11,2.42363e-11,2.43818e-11,1640623920,2021-12-27T16:52:00
2.34905e-11,2.40911e-11,2.34905e-11,2.40911e-11,1640623860,2021-12-27T16:51:00
2.27056e-11,2.34258e-11,2.27056e-11,2.34258e-11,1640623800,2021-12-27T16:50:00
2.2612e-11,2.36602e-11,2.25868e-11,2.25868e-11,1640623740,2021-12-27T16:49:00
2.10059e-11,2.2362e-11,2.09662e-11,2.2362e-11,1640623680,2021-12-27T16:48:00
2.03601e-11,2.08622e-11,2.03601e-11,2.08622e-11,1640623620,2021-12-27T16:47:00
1.92521e-11,1.97201e-11,1.92521e-11,1.97201e-11,1640623560,2021-12-27T16:46:00
1.88389e-11,1.92864e-11,1.88389e-11,1.92864e-11,1640623500,2021-12-27T16:45:00
1.87625e-11,1.88578e-11,1.87625e-11,1.88578e-11,1640623440,2021-12-27T16:44:00
1.8104e-11,1.87503e-11,1.78152e-11,1.87503e-11,1640623380,2021-12-27T16:43:00
1.95649e-11,1.95649e-11,1.79969e-11,1.79969e-11,1640623320,2021-12-27T16:42:00
1.81051e-11,1.93428e-11,1.81051e-11,1.93428e-11,1640623200,2021-12-27T16:40:00
1.82682e-11,1.82682e-11,1.79519e-11,1.79519e-11,1640623140,2021-12-27T16:39:00
1.83583e-11,1.90221e-11,1.83583e-11,1.90221e-11,1640623080,2021-12-27T16:38:00
1.74125e-11,1.79487e-11,1.74125e-11,1.79487e-11,1640623020,2021-12-27T16:37:00
1.65034e-11,1.71109e-11,1.65034e-11,1.71109e-11,1640622960,2021-12-27T16:36:00
1.63206e-11,1.66794e-11,1.63206e-11,1.66009e-11,1640622900,2021-12-27T16:35:00
1.64636e-11,1.64636e-11,1.64012e-11,1.64012e-11,1640622840,2021-12-27T16:34:00
1.77661e-11,1.77661e-11,1.66098e-11,1.66098e-11,1640622780,2021-12-27T16:33:00
1.80708e-11,1.80708e-11,1.80708e-11,1.80708e-11,1640622720,2021-12-27T16:32:00
1.82385e-11,1.8735e-11,1.82385e-11,1.8713e-11,1640622660,2021-12-27T16:31:00
1.84319e-11,1.93929e-11,1.83371e-11,1.83371e-11,1640622600,2021-12-27T16:30:00
1.7341e-11,1.80672e-11,1.7341e-11,1.80672e-11,1640622540,2021-12-27T16:29:00
1.65993e-11,1.70594e-11,1.65993e-11,1.70594e-11,1640622480,2021-12-27T16:28:00
1.75068e-11,1.75068e-11,1.75068e-11,1.75068e-11,1640622420,2021-12-27T16:27:00
1.70892e-11,1.73592e-11,1.70892e-11,1.73592e-11,1640622360,2021-12-27T16:26:00
1.64339e-11,1.7354e-11,1.64339e-11,1.6914e-11,1640622300,2021-12-27T16:25:00
1.53287e-11,1.58184e-11,1.53287e-11,1.58184e-11,1640622240,2021-12-27T16:24:00
1.41682e-11,1.51946e-11,1.41682e-11,1.51946e-11,1640622180,2021-12-27T16:23:00
1.40677e-11,1.40677e-11,1.40677e-11,1.40677e-11,1640622120,2021-12-27T16:22:00
1.39578e-11,1.40466e-11,1.39578e-11,1.40466e-11,1640622060,2021-12-27T16:21:00
1.38004e-11,1.40687e-11,1.38004e-11,1.40687e-11,1640622000,2021-12-27T16:20:00
1.35357e-11,1.35594e-11,1.35357e-11,1.35594e-11,1640621940,2021-12-27T16:19:00
1.18597e-11,1.3127e-11,1.18597e-11,1.3127e-11,1640621880,2021-12-27T16:18:00
1.30121e-11,1.30121e-11,1.30121e-11,1.30121e-11,1640621820,2021-12-27T16:17:00
1.22484e-11,1.26566e-11,1.22484e-11,1.26566e-11,1640621760,2021-12-27T16:16:00
1.39266e-11,1.47268e-11,1.24086e-11,1.24086e-11,1640621700,2021-12-27T16:15:00
1.15482e-11,1.3239e-11,1.15482e-11,1.3239e-11,1640621640,2021-12-27T16:14:00
1.10484e-11,1.10484e-11,1.10484e-11,1.10484e-11,1640621580,2021-12-27T16:13:00
1.02975e-11,1.02975e-11,9.92437e-12,1.02304e-11,1640621520,2021-12-27T16:12:00
1.01696e-11,1.01696e-11,9.28061e-12,1.0148e-11,1640621460,2021-12-27T16:11:00
1.17632e-11,1.17632e-11,1.00715e-11,1.00715e-11,1640621400,2021-12-27T16:10:00
1.48731e-11,1.48731e-11,1.16478e-11,1.16478e-11,1640621340,2021-12-27T16:09:00
1.55042e-11,1.55042e-11,1.46048e-11,1.48335e-11,1640621280,2021-12-27T16:08:00
1.4675e-11,1.60665e-11,1.4675e-11,1.60665e-11,1640621220,2021-12-27T16:07:00
1.37615e-11,1.38627e-11,1.37615e-11,1.38627e-11,1640621160,2021-12-27T16:06:00
1.35919e-11,1.36312e-11,1.35919e-11,1.36312e-11,1640621100,2021-12-27T16:05:00
1.58351e-11,1.64239e-11,1.28329e-11,1.28329e-11,1640621040,2021-12-27T16:04:00
1.33702e-11,1.56783e-11,1.33702e-11,1.39201e-11,1640620980,2021-12-27T16:03:00
1.04297e-11,1.4111e-11,1.04297e-11,1.23426e-11,1640620920,2021-12-27T16:02:00
6.22464e-12,1.04043e-11,6.22464e-12,1.04043e-11,1640620860,2021-12-27T16:01:00
3.0005e-12,5.8515e-12,3.0005e-12,5.8515e-12,1640620800,2021-12-27T16:00:00
